Data;Código do Contrato;Pregão;Vencimento;Volume(R$);Volume(U$);Número de contas em Aberto;Preço de Abertura;Preço Mínimo;Preço Máximo;Último Preço;Preço de Ajuste Atual; Preço de Ajuste Anterior;Valor de Ajuste por Contrato;Variação
20170301;AUD;*;H17 ;0000000000000;0000000000000;00000686;00000000;00000000;00000000;00000000;0000023805720;0000023805720;0000000000000;00000000;
20170301;AUD;*;J17 ;0000033107550;0000010688130;00002073;02400000;02395600;02400000;02395600;0000023949810;0000024059280;0000000065682;00109470;
20170301;AUD;*;K17 ;0000000000000;0000000000000;00000011;00000000;00000000;00000000;00000000;0000024083280;0000024195070;0000000067074;00111790;
20170301;AUD;*;M17 ;0000026197560;0000008457373;00000000;02425700;02425700;02425700;02425700;0000024255090;0000024300000;0000000026946;00044910;
20170301;BGI;*;F18 ;0000000000000;0000000000000;00000000;00000000;00000000;00000000;00000000;0000000014468;0000000014449;0000000000000;00000019;
20170301;BGI;*;H17 ;0000000282763;0000000091317;00000913;00014281;00014281;00014281;00014281;0000000014300;0000000014221;0000000026070;00000079;
20170301;BGI;*;J17 ;0000000000000;0000000000000;00000018;00000000;00000000;00000000;00000000;0000000014252;0000000014197;0000000018150;00000055;
20170301;BGI;*;K17 ;0000005970399;0000001928112;00004601;00014118;00014103;00014150;00014150;0000000014141;0000000014086;0000000018150;00000055;
20170301;BGI;*;M17 ;0000000000000;0000000000000;00000004;00000000;00000000;00000000;00000000;0000000014228;0000000014169;0000000019470;00000059;
20170301;BGI;*;N17 ;0000000047058;0000000015197;00000001;00014260;00014260;00014260;00014260;0000000014306;0000000014242;0000000021120;00000064;
20170301;BGI;*;Q17 ;0000000000000;0000000000000;00000000;00000000;00000000;00000000;00000000;0000000014384;0000000014316;0000000000000;00000068;
20170301;BGI;*;U17 ;0000000000000;0000000000000;00000000;00000000;00000000;00000000;00000000;0000000014456;0000000014383;0000000000000;00000073;
20170301;BGI;*;V17 ;0000000000000;0000000000000;00001795;00000000;00000000;00000000;00000000;0000000014528;0000000014450;0000000025740;00000078;
20170301;BGI;*;X17 ;0000000000000;0000000000000;00000077;00000000;00000000;00000000;00000000;0000000014498;0000000014522;0000000007920;00000024;
20170301;BGI;*;Z17 ;0000000000000;0000000000000;00000087;00000000;00000000;00000000;00000000;0000000014553;0000000014457;0000000031680;00000096;
20170301;BRI;*;J17 ;0000000000000;0000000000000;00000712;00000000;00000000;00000000;00000000;0000000011249;0000000011205;0000000044000;00000044;
20170301;BRI;*;M17 ;0000000000000;0000000000000;00000000;00000000;00000000;00000000;00000000;0000000011434;0000000011389;0000000000000;00000045;
20170301;BSE;*;H17 ;0000000000000;0000000000000;00000000;00000000;00000000;00000000;00000000;0000000029192;0000000029143;0000000000000;00000049;
20170301;BSE;*;J17 ;0000000000000;0000000000000;00000000;00000000;00000000;00000000;00000000;0000000029394;0000000029345;0000000000000;00000049;
20170301;CAD;*;H17 ;0000000000000;0000000000000;00000170;00000000;00000000;00000000;00000000;0000023663290;0000023663290;0000000000000;00000000;
20170301;CAD;*;J17 ;0000037322646;0000012048891;00002413;02349500;02339500;02349500;02340800;0000023401060;0000023974130;0000000343842;00573070;
20170301;CAD;*;K17 ;0000000000000;0000000000000;00000000;00000000;00000000;00000000;00000000;0000023552690;0000024130870;0000000000000;00578180;
20170301;CAD;*;M17 ;0000000000000;0000000000000;00000000;00000000;00000000;00000000;00000000;0000023744200;0000024300000;0000000000000;00555800;
20170301;CCM;*;F18 ;0000000591165;0000000190914;00000101;00003110;00003110;00003140;00003140;0000000003063;0000000003002;0000000027450;00000061;
20170301;CCM;*;F19 ;0000000000000;0000000000000;00000000;00000000;00000000;00000000;00000000;0000000002683;0000000002631;0000000000000;00000052;
20170301;CCM;*;H17 ;0000007230897;0000002335184;00006813;00003451;00003445;00003500;00003481;0000000003481;0000000003455;0000000011700;00000026;
20170301;CCM;*;H18 ;0000000083970;0000000027118;00000003;00003110;00003110;00003110;00003110;0000000003107;0000000003045;0000000027900;00000062;
20170301;CCM;*;H19 ;0000000000000;0000000000000;00000000;00000000;00000000;00000000;00000000;0000000002568;0000000002518;0000000000000;00000050;
20170301;CCM;*;K17 ;0000008229969;0000002657829;00007864;00003100;00003100;00003162;00003144;0000000003144;0000000003095;0000000022050;00000049;
20170301;CCM;*;K18 ;0000000000000;0000000000000;00000000;00000000;00000000;00000000;00000000;0000000002792;0000000002736;0000000000000;00000056;
20170301;CCM;*;K19 ;0000000000000;0000000000000;00000000;00000000;00000000;00000000;00000000;0000000002458;0000000002410;0000000000000;00000048;
20170301;CCM;*;N17 ;0000000000000;0000000000000;00000000;00000000;00000000;00000000;00000000;0000000003088;0000000003033;0000000000000;00000055;
20170301;CCM;*;N18 ;0000000000000;0000000000000;00000000;00000000;00000000;00000000;00000000;0000000002668;0000000002614;0000000000000;00000054;
20170301;CCM;*;U17 ;0000007883595;0000002545970;00010715;00002970;00002969;00003030;00003030;0000000003030;0000000002970;0000000027000;00000060;
20170301;CCM;*;U18 ;0000000000000;0000000000000;00000000;00000000;00000000;00000000;00000000;0000000002547;0000000002496;0000000000000;00000051;
20170301;CCM;*;X17 ;0000000013635;0000000004403;00000448;00003030;00003030;00003030;00003030;0000000003047;0000000002987;0000000027000;00000060;
20170301;CCM;*;X18 ;0000000000000;0000000000000;00000000;00000000;00000000;00000000;00000000;0000000002614;0000000002562;0000000000000;00000052;
20170301;CHF;*;H17 ;0000000000000;0000000000000;00000342;00000000;00000000;00000000;00000000;0000030788260;0000030788260;0000000000000;00000000;
20170301;CHF;*;J17 ;0000000000000;0000000000000;00000205;00000000;00000000;00000000;00000000;0000031058880;0000031227830;0000000084475;00168950;
20170301;CHF;*;K17 ;0000000000000;0000000000000;00000000;00000000;00000000;00000000;00000000;0000031301090;0000031482630;0000000000000;00181540;
20170301;CHF;*;M17 ;0000000000000;0000000000000;00000000;00000000;00000000;00000000;00000000;0000031614880;0000031680000;0000000000000;00065120;
20170301;CLP;*;H17 ;0000000000000;0000000000000;00000000;00000000;00000000;00000000;00000000;0000047977520;0000047977520;0000000000000;00000000;
20170301;CLP;*;J17 ;0000015614300;0000005040774;00000062;04804400;04804400;04804400;04804400;0000047980000;0000048409000;0000000107250;00429000;
20170301;CLP;*;K17 ;0000000000000;0000000000000;00000000;00000000;00000000;00000000;00000000;0000048196000;0000048629000;0000000000000;00433000;
20170301;CLP;*;M17 ;0000000000000;0000000000000;00000775;00000000;00000000;00000000;00000000;0000048470000;0000048912000;0000000110500;00442000;
20170301;CNY;*;H17 ;0000000000000;0000000000000;00000000;00000000;00000000;00000000;00000000;0000045098440;0000045098440;0000000000000;00000000;
20170301;CNY;*;J17 ;0000000000000;0000000000000;00000175;00000000;00000000;00000000;00000000;0000045240660;0000045527830;0000000100509;00287170;
20170301;CNY;*;K17 ;0000000000000;0000000000000;00000000;00000000;00000000;00000000;00000000;0000045416110;0000045707620;0000000000000;00291510;
20170301;CNY;*;M17 ;0000000000000;0000000000000;00000000;00000000;00000000;00000000;00000000;0000045596530;0000045890000;0000000000000;00293470;
20170301;CR1;*;H7U7;0000000000000;0000000000000;00000000;00000000;00000000;00000000;00000000;0000000000000;0000000000000;0000000000000;00000000;
20170301;DAP;*;F18 ;0000000000000;0000000000000;00000000;00000000;00000000;00000000;00000000;0000009509197;0000009502773;0000000000000;00006424;
20170301;DAP;*;H17 ;0000000000000;0000000000000;00000485;00000000;00000000;00000000;00000000;0000009977128;0000009975550;0000000001894;00001578;
20170301;DAP;*;J17 ;0000000000000;0000000000000;00000085;00000000;00000000;00000000;00000000;0000009910342;0000009911092;0000000000900;00000750;
20170301;DAP;*;K17 ;0000000000000;0000000000000;00026113;00000000;00000000;00000000;00000000;0000009878037;0000009876755;0000000001539;00001282;
20170301;DAP;*;K19 ;0000031130471;0000010049868;00048465;00000527;00000527;00000528;00000528;0000008939624;0000008928555;0000000013291;00011069;
20170301;DAP;*;K21 ;0000020768855;0000006704821;00010010;00000534;00000534;00000534;00000534;0000008044565;0000008015889;0000000034434;00028676;
20170301;DAP;*;K23 ;0000000000000;0000000000000;00010210;00000000;00000000;00000000;00000000;0000007254123;0000007224460;0000000035619;00029663;
20170301;DAP;*;Q18 ;0000044429718;0000014343272;00028710;00000552;00000552;00000554;00000554;0000009248736;0000009241075;0000000009199;00007661;
20170301;DAP;*;Q20 ;0000000000000;0000000000000;00002860;00000000;00000000;00000000;00000000;0000008362201;0000008345834;0000000019653;00016367;
20170301;DAP;*;Q22 ;0000000000000;0000000000000;00009195;00000000;00000000;00000000;00000000;0000007507059;0000007487740;0000000023198;00019319;
20170301;DAP;*;Q24 ;0000000000000;0000000000000;00005853;00000000;00000000;00000000;00000000;0000006815194;0000006800827;0000000017251;00014367;
20170301;DAP;*;Q26 ;0000000000000;0000000000000;00001532;00000000;00000000;00000000;00000000;0000006150655;0000006128696;0000000026368;00021959;
20170301;DAP;*;Q30 ;0000000000000;0000000000000;00000235;00000000;00000000;00000000;00000000;0000005076038;0000005063169;0000000015453;00012869;
20170301;DCO;*;F18 ;0000000000000;0000000000000;00000000;00000000;00000000;00000000;00000000;0000009798619;0000009850686;0000000000000;00052067;
20170301;DCO;*;F19 ;0000000000000;0000000000000;00000000;00000000;00000000;00000000;00000000;0000009513420;0000009573108;0000000000000;00059688;
20170301;DCO;*;F20 ;0000000000000;0000000000000;00000000;00000000;00000000;00000000;00000000;0000009168109;0000009232568;0000000000000;00064459;
20170301;DCO;*;F21 ;0000000000000;0000000000000;00000000;00000000;00000000;00000000;00000000;0000008750118;0000008822245;0000000000000;00072127;
20170301;DCO;*;F22 ;0000000000000;0000000000000;00000000;00000000;00000000;00000000;00000000;0000008357322;0000008424509;0000000000000;00067187;
20170301;DCO;*;F23 ;0000000000000;0000000000000;00000000;00000000;00000000;00000000;00000000;0000007965795;0000008033935;0000000000000;00068140;
20170301;DCO;*;F24 ;0000000000000;0000000000000;00000000;00000000;00000000;00000000;00000000;0000007552607;0000007621855;0000000000000;00069248;
20170301;DCO;*;F25 ;0000000000000;0000000000000;00000000;00000000;00000000;00000000;00000000;0000007129865;0000007199152;0000000000000;00069287;
20170301;DCO;*;F26 ;0000000000000;0000000000000;00000000;00000000;00000000;00000000;00000000;0000006728824;0000006799293;0000000000000;00070469;
20170301;DCO;*;F27 ;0000000000000;0000000000000;00000000;00000000;00000000;00000000;00000000;0000006303788;0000006371765;0000000000000;00067977;
20170301;DCO;*;F28 ;0000000000000;0000000000000;00000000;00000000;00000000;00000000;00000000;0000005953090;0000006018677;0000000000000;00065587;
20170301;DCO;*;F29 ;0000000000000;0000000000000;00000000;00000000;00000000;00000000;00000000;0000005618920;0000005680909;0000000000000;00061989;
20170301;DCO;*;F30 ;0000000000000;0000000000000;00000000;00000000;00000000;00000000;00000000;0000005309875;0000005367708;0000000000000;00057833;
20170301;DCO;*;G18 ;0000000000000;0000000000000;00000000;00000000;00000000;00000000;00000000;0000009777584;0000009831118;0000000000000;00053534;
20170301;DCO;*;H17 ;0000000000000;0000000000000;00000000;00000000;00000000;00000000;00000000;0000010000000;0000009999999;0000000000000;00000001;
20170301;DCO;*;H18 ;0000000000000;0000000000000;00000000;00000000;00000000;00000000;00000000;0000009760515;0000009820000;0000000000000;00059485;
20170301;DCO;*;J17 ;0000000000000;0000000000000;00000000;00000000;00000000;00000000;00000000;0000009966471;0000010014696;0000000000000;00048225;
20170301;DCO;*;J18 ;0000000000000;0000000000000;00000000;00000000;00000000;00000000;00000000;0000009740065;0000009792635;0000000000000;00052570;
20170301;DCO;*;J19 ;0000000000000;0000000000000;00000000;00000000;00000000;00000000;00000000;0000009435537;0000009495954;0000000000000;00060417;
20170301;DCO;*;J20 ;0000000000000;0000000000000;00000000;00000000;00000000;00000000;00000000;0000009073948;0000009139849;0000000000000;00065901;
20170301;DCO;*;J21 ;0000000000000;0000000000000;00000000;00000000;00000000;00000000;00000000;0000008645583;0000008718887;0000000000000;00073304;
20170301;DCO;*;K17 ;0000000000000;0000000000000;00000000;00000000;00000000;00000000;00000000;0000009949281;0000009998067;0000000000000;00048786;
20170301;DCO;*;M17 ;0000000000000;0000000000000;00000000;00000000;00000000;00000000;00000000;0000009933238;0000009981941;0000000000000;00048703;
20170301;DCO;*;N17 ;0000000000000;0000000000000;00000000;00000000;00000000;00000000;00000000;0000009917672;0000009966743;0000000000000;00049071;
20170301;DCO;*;N18 ;0000000000000;0000000000000;00000000;00000000;00000000;00000000;00000000;0000009670951;0000009726129;0000000000000;00055178;
20170301;DCO;*;N19 ;0000000000000;0000000000000;00000000;00000000;00000000;00000000;00000000;0000009353604;0000009414813;0000000000000;00061209;
20170301;DCO;*;N20 ;0000000000000;0000000000000;00000000;00000000;00000000;00000000;00000000;0000008971064;0000009042136;0000000000000;00071072;
20170301;DCO;*;N21 ;0000000000000;0000000000000;00000000;00000000;00000000;00000000;00000000;0000008548961;0000008619968;0000000000000;00071007;
20170301;DCO;*;Q17 ;0000000000000;0000000000000;00000000;00000000;00000000;00000000;00000000;0000009897364;0000009947148;0000000000000;00049784;
20170301;DCO;*;U17 ;0000000000000;0000000000000;00000000;00000000;00000000;00000000;00000000;0000009881314;0000009931147;0000000000000;00049833;
20170301;DCO;*;V17 ;0000000000000;0000000000000;00000000;00000000;00000000;00000000;00000000;0000009860434;0000009911156;0000000000000;00050722;
20170301;DCO;*;V18 ;0000000000000;0000000000000;00000000;00000000;00000000;00000000;00000000;0000009601582;0000009655018;0000000000000;00053436;
20170301;DCO;*;V19 ;0000000000000;0000000000000;00000000;00000000;00000000;00000000;00000000;0000009261699;0000009322284;0000000000000;00060585;
20170301;DCO;*;V20 ;0000000000000;0000000000000;00000000;00000000;00000000;00000000;00000000;0000008867410;0000008939704;0000000000000;00072294;
20170301;DCO;*;V21 ;0000000000000;0000000000000;00000000;00000000;00000000;00000000;00000000;0000008457454;0000008528766;0000000000000;00071312;
20170301;DCO;*;X17 ;0000000000000;0000000000000;00000000;00000000;00000000;00000000;00000000;0000009839950;0000009891331;0000000000000;00051381;
20170301;DCO;*;Z17 ;0000000000000;0000000000000;00000000;00000000;00000000;00000000;00000000;0000009821441;0000009872297;0000000000000;00050856;
20170301;DDI;*;F18 ;0000000000000;0000000000000;00248799;00000000;00000000;00000000;00000000;0000009800257;0000009852380;0000000080772;00052123;
20170301;DDI;*;F19 ;0000000000000;0000000000000;00102077;00000000;00000000;00000000;00000000;0000009516800;0000009576588;0000000092650;00059788;
20170301;DDI;*;F20 ;0000000000000;0000000000000;00094560;00000000;00000000;00000000;00000000;0000009172954;0000009237553;0000000100105;00064599;
20170301;DDI;*;F21 ;0000000000000;0000000000000;00098231;00000000;00000000;00000000;00000000;0000008756099;0000008828407;0000000112052;00072308;
20170301;DDI;*;F22 ;0000000000000;0000000000000;00037034;00000000;00000000;00000000;00000000;0000008364192;0000008431582;0000000104430;00067390;
20170301;DDI;*;F23 ;0000000000000;0000000000000;00029016;00000000;00000000;00000000;00000000;0000007973321;0000008041688;0000000105944;00068367;
20170301;DDI;*;F24 ;0000000000000;0000000000000;00024735;00000000;00000000;00000000;00000000;0000007560532;0000007625935;0000000101351;00065403;
20170301;DDI;*;F25 ;0000000000000;0000000000000;00017925;00000000;00000000;00000000;00000000;0000007137963;0000007207510;0000000107773;00069547;
20170301;DDI;*;F26 ;0000000000000;0000000000000;00014530;00000000;00000000;00000000;00000000;0000006736956;0000006807697;0000000109623;00070741;
20170301;DDI;*;F27 ;0000000000000;0000000000000;00010100;00000000;00000000;00000000;00000000;0000006315719;0000006384103;0000000105971;00068384;
20170301;DDI;*;F28 ;0000000000000;0000000000000;00000110;00000000;00000000;00000000;00000000;0000005964808;0000006030800;0000000102264;00065992;
20170301;DDI;*;F29 ;0000000000000;0000000000000;00000000;00000000;00000000;00000000;00000000;0000005630322;0000005692704;0000000000000;00062382;
20170301;DDI;*;F30 ;0000000000000;0000000000000;00000500;00000000;00000000;00000000;00000000;0000005320918;0000005379127;0000000090203;00058209;
20170301;DDI;*;G18 ;0000000000000;0000000000000;00011180;00000000;00000000;00000000;00000000;0000009779375;0000009832968;0000000083050;00053593;
20170301;DDI;*;H17 ;0000000000000;0000000000000;00329661;00000000;00000000;00000000;00000000;0000010000000;0000010000005;0000000000007;00000005;
20170301;DDI;*;H18 ;0000000000000;0000000000000;00000000;00000000;00000000;00000000;00000000;0000009762447;0000009825000;0000000000000;00062553;
20170301;DDI;*;J17 ;0000046383841;0000014974122;00747606;00000013;00000013;00000485;00000485;0000009966653;0000010014903;0000000074770;00048250;
20170301;DDI;*;J18 ;0000000000000;0000000000000;00053142;00000000;00000000;00000000;00000000;0000009742158;0000009794794;0000000081567;00052636;
20170301;DDI;*;J19 ;0000000000000;0000000000000;00043019;00000000;00000000;00000000;00000000;0000009439303;0000009499829;0000000093794;00060526;
20170301;DDI;*;J20 ;0000000000000;0000000000000;00020955;00000000;00000000;00000000;00000000;0000009079106;0000009145159;0000000102359;00066053;
20170301;DDI;*;J21 ;0000000000000;0000000000000;00005397;00000000;00000000;00000000;00000000;0000008651783;0000008725278;0000000113891;00073495;
20170301;DDI;*;K17 ;0000000000000;0000000000000;00227940;00000000;00000000;00000000;00000000;0000009949622;0000009998436;0000000075644;00048814;
20170301;DDI;*;M17 ;0000000000000;0000000000000;00092273;00000000;00000000;00000000;00000000;0000009933742;0000009982476;0000000075520;00048734;
20170301;DDI;*;N17 ;0000000000000;0000000000000;00318512;00000000;00000000;00000000;00000000;0000009918350;0000009967456;0000000076097;00049106;
20170301;DDI;*;N18 ;0000000000000;0000000000000;00043729;00000000;00000000;00000000;00000000;0000009673488;0000009728742;0000000085624;00055254;
20170301;DDI;*;N19 ;0000000000000;0000000000000;00052004;00000000;00000000;00000000;00000000;0000009357747;0000009419075;0000000095036;00061328;
20170301;DDI;*;N20 ;0000000000000;0000000000000;00030915;00000000;00000000;00000000;00000000;0000008976513;0000009047751;0000000110393;00071238;
20170301;DDI;*;N21 ;0000000000000;0000000000000;00004357;00000000;00000000;00000000;00000000;0000008555393;0000008626595;0000000110338;00071202;
20170301;DDI;*;Q17 ;0000000000000;0000000000000;00096944;00000000;00000000;00000000;00000000;0000009898197;0000009948019;0000000077206;00049822;
20170301;DDI;*;U17 ;0000000000000;0000000000000;00045110;00000000;00000000;00000000;00000000;0000009882313;0000009932187;0000000077287;00049874;
20170301;DDI;*;V17 ;0000000000000;0000000000000;00122982;00000000;00000000;00000000;00000000;0000009861595;0000009912363;0000000078672;00050768;
20170301;DDI;*;V18 ;0000000000000;0000000000000;00048648;00000000;00000000;00000000;00000000;0000009604549;0000009658070;0000000082938;00053521;
20170301;DDI;*;V19 ;0000000000000;0000000000000;00031584;00000000;00000000;00000000;00000000;0000009266199;0000009326913;0000000094085;00060714;
20170301;DDI;*;V20 ;0000000000000;0000000000000;00021770;00000000;00000000;00000000;00000000;0000008873136;0000008945605;0000000112301;00072469;
20170301;DDI;*;V21 ;0000000000000;0000000000000;00002172;00000000;00000000;00000000;00000000;0000008464116;0000008535630;0000000110821;00071514;
20170301;DDI;*;X17 ;0000000000000;0000000000000;00027849;00000000;00000000;00000000;00000000;0000009841269;0000009892698;0000000079696;00051429;
20170301;DDI;*;Z17 ;0000000000000;0000000000000;00022360;00000000;00000000;00000000;00000000;0000009822915;0000009873822;0000000078888;00050907;
20170301;DDM;*;K17 ;0000000000000;0000000000000;00000000;00000000;00000000;00000000;00000000;0000009872000;0000009874409;0000000000000;00002409;
20170301;DDM;*;K19 ;0000000000000;0000000000000;00000000;00000000;00000000;00000000;00000000;0000008865392;0000008857719;0000000000000;00007673;
20170301;DDM;*;K21 ;0000000000000;0000000000000;00000000;00000000;00000000;00000000;00000000;0000007985545;0000007971140;0000000000000;00014405;
20170301;DDM;*;K25 ;0000000000000;0000000000000;00000000;00000000;00000000;00000000;00000000;0000006505477;0000006491498;0000000000000;00013979;
20170301;DDM;*;Q18 ;0000000000000;0000000000000;00000000;00000000;00000000;00000000;00000000;0000009191163;0000009192409;0000000000000;00001246;
20170301;DDM;*;Q20 ;0000000000000;0000000000000;00000000;00000000;00000000;00000000;00000000;0000008301374;0000008289287;0000000000000;00012087;
20170301;DI1;*;F18 ;0006211313286;0002005201861;02415800;00010300;00010270;00010355;00010275;0000009219464;0000009216934;0000000002530;00002530;
20170301;DI1;*;F19 ;0006130721721;0001979184440;01494464;00009870;00009770;00009880;00009770;0000008434236;0000008426531;0000000007705;00007705;
20170301;DI1;*;F20 ;0003008958514;0000971383818;01099233;00009980;00009880;00010010;00009890;0000007656911;0000007643737;0000000013174;00013174;
20170301;DI1;*;F21 ;0005068288049;0001636198363;01485871;00010130;00010000;00010150;00010010;0000006937730;0000006921391;0000000016339;00016339;
20170301;DI1;*;F22 ;0000117473636;0000037924082;00081640;00010230;00010120;00010250;00010130;0000006276844;0000006259458;0000000017386;00017386;
20170301;DI1;*;F23 ;0000652062677;0000210505771;00681682;00010330;00010200;00010350;00010210;0000005670644;0000005653103;0000000017541;00017541;
20170301;DI1;*;F24 ;0000020790299;0000006711744;00047825;00010340;00010260;00010340;00010260;0000005135147;0000005122826;0000000012321;00012321;
20170301;DI1;*;F25 ;0000835335109;0000269671716;00535883;00010410;00010290;00010420;00010290;0000004640697;0000004624593;0000000016104;00016104;
20170301;DI1;*;F26 ;0000009028904;0000002914806;00063058;00010410;00010310;00010410;00010310;0000004201199;0000004184717;0000000016482;00016482;
20170301;DI1;*;F27 ;0000141283510;0000045610637;00298398;00010470;00010360;00010480;00010370;0000003800334;0000003780364;0000000019970;00019970;
20170301;DI1;*;F28 ;0000000000000;0000000000000;00000010;00000000;00000000;00000000;00000000;0000003442930;0000003422986;0000000019944;00019944;
20170301;DI1;*;F29 ;0000000000000;0000000000000;00003310;00000000;00000000;00000000;00000000;0000003122970;0000003103212;0000000019758;00019758;
20170301;DI1;*;F30 ;0000000000000;0000000000000;00000170;00000000;00000000;00000000;00000000;0000002831636;0000002812204;0000000019432;00019432;
20170301;DI1;*;G18 ;0000000000000;0000000000000;00003350;00000000;00000000;00000000;00000000;0000009148460;0000009145729;0000000002731;00002731;
20170301;DI1;*;H17 ;0000000000000;0000000000000;00547412;00000000;00000000;00000000;00000000;0000010000000;0000010000000;0000000000000;00000000;
20170301;DI1;*;H18 ;0000000000000;0000000000000;00000000;00000000;00000000;00000000;00000000;0000009090778;0000009080000;0000000000000;00010778;
20170301;DI1;*;J17 ;0006174127296;0001993197087;02368025;00012134;00012132;00012134;00012132;0000009896026;0000009896034;0000000000008;00000008;
20170301;DI1;*;J18 ;0000594103313;0000191794716;00644317;00010120;00010050;00010120;00010050;0000009023956;0000009020216;0000000003740;00003740;
20170301;DI1;*;J19 ;0000238193244;0000076896063;00204292;00009900;00009820;00009900;00009820;0000008242409;0000008233787;0000000008622;00008622;
20170301;DI1;*;J20 ;0000001868150;0000000603096;00073494;00009950;00009950;00009950;00009950;0000007469679;0000007456485;0000000013194;00013194;
20170301;DI1;*;J21 ;0000011172810;0000003606925;00025415;00010070;00010070;00010070;00010070;0000006771400;0000006750669;0000000020731;00020731;
20170301;DI1;*;K17 ;0000322531286;0000104122962;00231906;00011930;00011930;00011930;00011930;0000009818304;0000009818373;0000000000069;00000069;
20170301;DI1;*;M17 ;0000229077007;0000073953063;00172900;00011700;00011681;00011710;00011681;0000009727588;0000009727322;0000000000266;00000266;
20170301;DI1;*;N17 ;0008661671239;0002796252337;02251713;00011430;00011370;00011430;00011370;0000009647118;0000009646644;0000000000474;00000474;
20170301;DI1;*;N18 ;0001598337983;0000515992376;00679387;00009950;00009880;00009980;00009880;0000008827231;0000008821551;0000000005680;00005680;
20170301;DI1;*;N19 ;0000365384514;0000117957294;00435259;00009900;00009830;00009940;00009830;0000008051237;0000008041730;0000000009507;00009507;
20170301;DI1;*;N20 ;0000593368757;0000191557579;00859199;00010090;00009970;00010110;00009990;0000007289787;0000007277164;0000000012623;00012623;
20170301;DI1;*;N21 ;0000006272022;0000002024800;00053535;00010150;00010090;00010150;00010090;0000006603080;0000006585479;0000000017601;00017601;
20170301;DI1;*;N22 ;0000000000000;0000000000000;00004140;00000000;00000000;00000000;00000000;0000005969695;0000005952290;0000000017405;00017405;
20170301;DI1;*;N23 ;0000000000000;0000000000000;00003135;00000000;00000000;00000000;00000000;0000005397384;0000005382633;0000000014751;00014751;
20170301;DI1;*;N24 ;0000000000000;0000000000000;00001550;00000000;00000000;00000000;00000000;0000004887601;0000004873069;0000000014532;00014532;
20170301;DI1;*;Q17 ;0000150228770;0000048498441;00111383;00011195;00011160;00011195;00011160;0000009568740;0000009567984;0000000000756;00000756;
20170301;DI1;*;U17 ;0000000000000;0000000000000;00032982;00000000;00000000;00000000;00000000;0000009488456;0000009487297;0000000001159;00001159;
20170301;DI1;*;V17 ;0000654149192;0000211179362;00630899;00010760;00010700;00010760;00010710;0000009419209;0000009417668;0000000001541;00001541;
20170301;DI1;*;V18 ;0000168171907;0000054291034;00600932;00009900;00009820;00009910;00009830;0000008626771;0000008621281;0000000005490;00005490;
20170301;DI1;*;V19 ;0000001961638;0000000633277;00058107;00009890;00009890;00009890;00009890;0000007844718;0000007837077;0000000007641;00007641;
20170301;DI1;*;V20 ;0000001422057;0000000459083;00045193;00010020;00010020;00010020;00010020;0000007108900;0000007090062;0000000018838;00018838;
20170301;DI1;*;V21 ;0000000000000;0000000000000;00015357;00000000;00000000;00000000;00000000;0000006435461;0000006418850;0000000016611;00016611;
20170301;DI1;*;X17 ;0000000000000;0000000000000;00014942;00000000;00000000;00000000;00000000;0000009349945;0000009348078;0000000001867;00001867;
20170301;DI1;*;Z17 ;0000000000000;0000000000000;00012435;00000000;00000000;00000000;00000000;0000009284498;0000009282280;0000000002218;00002218;
20170301;DOL;*;F18 ;0000000000000;0000000000000;00003870;00000000;00000000;00000000;00000000;0000032945450;0000033129760;0000000092155;00184310;
20170301;DOL;*;F19 ;0000000000000;0000000000000;00000000;00000000;00000000;00000000;00000000;0000034971060;0000035222940;0000000000000;00251880;
20170301;DOL;*;F20 ;0000000000000;0000000000000;00000000;00000000;00000000;00000000;00000000;0000037129510;0000037455430;0000000000000;00325920;
20170301;DOL;*;F21 ;0000000000000;0000000000000;00003100;00000000;00000000;00000000;00000000;0000039116220;0000039532350;0000000208065;00416130;
20170301;DOL;*;F25 ;0000000000000;0000000000000;00000000;00000000;00000000;00000000;00000000;0000047671050;0000048303130;0000000000000;00632080;
20170301;DOL;*;G18 ;0000000000000;0000000000000;00000000;00000000;00000000;00000000;00000000;0000033130400;0000033321910;0000000000000;00191510;
20170301;DOL;*;H17 ;0000000000000;0000000000000;00339732;00000000;00000000;00000000;00000000;0000030993000;0000030993000;0000000000000;00000000;
20170301;DOL;*;H18 ;0000000000000;0000000000000;00000000;00000000;00000000;00000000;00000000;0000033282910;0000033520000;0000000000000;00237090;
20170301;DOL;*;J17 ;0028193227875;0009101636065;00534683;03147000;03115000;03148500;03117500;0000031214220;0000031365310;0000000075545;00151090;
20170301;DOL;*;J18 ;0000000000000;0000000000000;00000000;00000000;00000000;00000000;00000000;0000033459680;0000033654410;0000000000000;00194730;
20170301;DOL;*;J19 ;0000000000000;0000000000000;00000050;00000000;00000000;00000000;00000000;0000035493540;0000035758540;0000000132500;00265000;
20170301;DOL;*;K17 ;0000000791000;0000000255359;00001915;03164000;03164000;03164000;03164000;0000031407520;0000031561390;0000000076935;00153870;
20170301;DOL;*;M17 ;0000026197250;0000008457273;00001595;03189000;03175000;03189000;03175000;0000031649830;0000031805970;0000000078070;00156140;
20170301;DOL;*;N17 ;0000000000000;0000000000000;00028895;00000000;00000000;00000000;00000000;0000031864380;0000032023710;0000000079665;00159330;
20170301;DOL;*;N18 ;0000000000000;0000000000000;00000170;00000000;00000000;00000000;00000000;0000033964260;0000034180260;0000000108000;00216000;
20170301;DOL;*;N19 ;0000000000000;0000000000000;00000400;00000000;00000000;00000000;00000000;0000036022370;0000036301320;0000000139475;00278950;
20170301;DOL;*;N21 ;0000000000000;0000000000000;00000000;00000000;00000000;00000000;00000000;0000040156610;0000040599030;0000000000000;00442420;
20170301;DOL;*;Q17 ;0000000000000;0000000000000;00002905;00000000;00000000;00000000;00000000;0000032060100;0000032224020;0000000081960;00163920;
20170301;DOL;*;U17 ;0000000000000;0000000000000;00000840;00000000;00000000;00000000;00000000;0000032279490;0000032446360;0000000083435;00166870;
20170301;DOL;*;V17 ;0000000000000;0000000000000;00001035;00000000;00000000;00000000;00000000;0000032448630;0000032621010;0000000086190;00172380;
20170301;DOL;*;V18 ;0000000000000;0000000000000;00000000;00000000;00000000;00000000;00000000;0000034505810;0000034720200;0000000000000;00214390;
20170301;DOL;*;V19 ;0000000000000;0000000000000;00000000;00000000;00000000;00000000;00000000;0000036609000;0000036884800;0000000000000;00275800;
20170301;DOL;*;X17 ;0000000000000;0000000000000;00000000;00000000;00000000;00000000;00000000;0000032621630;0000032798650;0000000000000;00177020;
20170301;DOL;*;Z17 ;0000000000000;0000000000000;00000000;00000000;00000000;00000000;00000000;0000032790310;0000032968130;0000000000000;00177820;
20170301;ETH;*;H17 ;0000000000000;0000000000000;00000764;00000000;00000000;00000000;00000000;0000000165000;0000000165000;0000000000000;00000000;
20170301;ETH;*;J17 ;0000000000000;0000000000000;00000000;00000000;00000000;00000000;00000000;0000000155100;0000000155100;0000000000000;00000000;
20170301;ETH;*;K17 ;0000000000000;0000000000000;00000110;00000000;00000000;00000000;00000000;0000000159000;0000000159000;0000000000000;00000000;
20170301;ETH;*;M17 ;0000000000000;0000000000000;00000200;00000000;00000000;00000000;00000000;0000000161500;0000000161500;0000000000000;00000000;
20170301;ETH;*;N17 ;0000000000000;0000000000000;00000205;00000000;00000000;00000000;00000000;0000000165000;0000000165000;0000000000000;00000000;
20170301;ETH;*;Q17 ;0000000000000;0000000000000;00000205;00000000;00000000;00000000;00000000;0000000165000;0000000165000;0000000000000;00000000;
20170301;ETH;*;U17 ;0000000000000;0000000000000;00000000;00000000;00000000;00000000;00000000;0000000163000;0000000163000;0000000000000;00000000;
20170301;ETH;*;V17 ;0000000000000;0000000000000;00000000;00000000;00000000;00000000;00000000;0000000163000;0000000163000;0000000000000;00000000;
20170301;ETH;*;X17 ;0000000000000;0000000000000;00000000;00000000;00000000;00000000;00000000;0000000163000;0000000163000;0000000000000;00000000;
20170301;ETH;*;Z17 ;0000000000000;0000000000000;00000000;00000000;00000000;00000000;00000000;0000000165000;0000000165000;0000000000000;00000000;
20170301;EUR;*;H17 ;0000000000000;0000000000000;00001146;00000000;00000000;00000000;00000000;0000032756500;0000032756500;0000000000000;00000000;
20170301;EUR;*;J17 ;0000009086125;0000002933279;00012316;03323000;03292100;03323000;03295000;0000033020040;0000033194750;0000000087355;00174710;
20170301;EUR;*;K17 ;0000000000000;0000000000000;00000050;00000000;00000000;00000000;00000000;0000033258770;0000033440000;0000000090615;00181230;
20170301;EUR;*;M17 ;0000000000000;0000000000000;00000000;00000000;00000000;00000000;00000000;0000033566860;0000033748810;0000000000000;00181950;
20170301;EUR;*;N17 ;0000000000000;0000000000000;00003190;00000000;00000000;00000000;00000000;0000033849350;0000034036090;0000000093370;00186740;
20170301;EUR;*;V17 ;0000000000000;0000000000000;00000000;00000000;00000000;00000000;00000000;0000034640920;0000034842930;0000000000000;00202010;
20170301;FRC;*;F18 ;0000000000000;0000000000000;00000000;00000217;00000217;00000223;00000223;0000000000223;0000000000217;0000000000003;00000006;
20170301;FRC;*;F19 ;0000000000000;0000000000000;00000000;00000266;00000266;00000266;00000266;0000000000266;0000000000258;0000000000004;00000008;
20170301;FRC;*;F20 ;0000000000000;0000000000000;00000000;00000302;00000302;00000310;00000310;0000000000310;0000000000302;0000000000004;00000008;
20170301;FRC;*;F21 ;0000000000000;0000000000000;00000000;00000353;00000353;00000363;00000363;0000000000363;0000000000353;0000000000005;00000010;
20170301;FRC;*;F22 ;0000000000000;0000000000000;00000000;00000389;00000389;00000397;00000397;0000000000397;0000000000389;0000000000004;00000008;
20170301;FRC;*;F23 ;0000000000000;0000000000000;00000000;00000421;00000421;00000421;00000421;0000000000429;0000000000421;0000000000004;00000008;
20170301;FRC;*;F24 ;0000000000000;0000000000000;00000000;00000457;00000457;00000457;00000457;0000000000465;0000000000457;0000000000004;00000008;
20170301;FRC;*;F25 ;0000000000000;0000000000000;00000000;00000504;00000504;00000504;00000504;0000000000504;0000000000495;0000000000004;00000009;
20170301;FRC;*;F26 ;0000000000000;0000000000000;00000000;00000000;00000000;00000000;00000000;0000000000540;0000000000531;0000000000000;00000009;
20170301;FRC;*;F27 ;0000000000000;0000000000000;00000000;00000000;00000000;00000000;00000000;0000000000584;0000000000575;0000000000000;00000009;
20170301;FRC;*;F28 ;0000000000000;0000000000000;00000000;00000000;00000000;00000000;00000000;0000000000615;0000000000606;0000000000000;00000009;
20170301;FRC;*;F29 ;0000000000000;0000000000000;00000000;00000000;00000000;00000000;00000000;0000000000646;0000000000637;0000000000000;00000009;
20170301;FRC;*;F30 ;0000000000000;0000000000000;00000000;00000000;00000000;00000000;00000000;0000000000675;0000000000666;0000000000000;00000009;
20170301;FRC;*;G18 ;0000000000000;0000000000000;00000000;00000227;00000227;00000227;00000227;0000000000227;0000000000219;0000000000004;00000008;
20170301;FRC;*;H18 ;0000000000000;0000000000000;00000000;00000000;00000000;00000000;00000000;0000000000227;0000000000220;0000000000000;00000007;
20170301;FRC;*;J18 ;0000000000000;0000000000000;00000000;00000222;00000222;00000231;00000231;0000000000228;0000000000222;0000000000003;00000006;
20170301;FRC;*;J19 ;0000000000000;0000000000000;00000000;00000268;00000268;00000268;00000268;0000000000276;0000000000268;0000000000004;00000008;
20170301;FRC;*;J20 ;0000000000000;0000000000000;00000000;00000000;00000000;00000000;00000000;0000000000322;0000000000313;0000000000000;00000009;
20170301;FRC;*;J21 ;0000000000000;0000000000000;00000000;00000000;00000000;00000000;00000000;0000000000375;0000000000365;0000000000000;00000010;
20170301;FRC;*;K17 ;0000000000000;0000000000000;00000000;00000204;00000204;00000213;00000213;0000000000213;0000000000204;0000000000004;00000009;
20170301;FRC;*;M17 ;0000000000000;0000000000000;00000000;00000198;00000198;00000202;00000202;0000000000202;0000000000198;0000000000002;00000004;
20170301;FRC;*;N17 ;0000000000000;0000000000000;00000000;00000189;00000189;00000195;00000195;0000000000192;0000000000189;0000000000001;00000003;
20170301;FRC;*;N18 ;0000000000000;0000000000000;00000000;00000240;00000240;00000240;00000240;0000000000240;0000000000233;0000000000003;00000007;
20170301;FRC;*;N19 ;0000000000000;0000000000000;00000000;00000286;00000286;00000287;00000287;0000000000286;0000000000278;0000000000004;00000008;
20170301;FRC;*;N20 ;0000000000000;0000000000000;00000000;00000325;00000325;00000335;00000335;0000000000335;0000000000325;0000000000005;00000010;
20170301;FRC;*;N21 ;0000000000000;0000000000000;00000000;00000000;00000000;00000000;00000000;0000000000383;0000000000374;0000000000000;00000009;
20170301;FRC;*;Q17 ;0000000000000;0000000000000;00000000;00000202;00000202;00000207;00000207;0000000000207;0000000000202;0000000000002;00000005;
20170301;FRC;*;U17 ;0000000000000;0000000000000;00000000;00000204;00000204;00000204;00000204;0000000000204;0000000000198;0000000000003;00000006;
20170301;FRC;*;V17 ;0000000000000;0000000000000;00000000;00000205;00000205;00000211;00000210;0000000000211;0000000000205;0000000000003;00000006;
20170301;FRC;*;V18 ;0000000000000;0000000000000;00000000;00000244;00000244;00000251;00000251;0000000000249;0000000000244;0000000000002;00000005;
20170301;FRC;*;V19 ;0000000000000;0000000000000;00000000;00000299;00000299;00000299;00000299;0000000000299;0000000000291;0000000000004;00000008;
20170301;FRC;*;V20 ;0000000000000;0000000000000;00000000;00000337;00000337;00000337;00000337;0000000000347;0000000000337;0000000000005;00000010;
20170301;FRC;*;V21 ;0000000000000;0000000000000;00000000;00000000;00000000;00000000;00000000;0000000000389;0000000000380;0000000000000;00000009;
20170301;FRC;*;X17 ;0000000000000;0000000000000;00000000;00000210;00000210;00000216;00000216;0000000000216;0000000000210;0000000000003;00000006;
20170301;FRC;*;Z17 ;0000000000000;0000000000000;00000000;00000000;00000000;00000000;00000000;0000000000218;0000000000212;0000000000000;00000006;
20170301;FRO;*;F18 ;0000000000000;0000000000000;00000000;00000000;00000000;00000000;00000000;0000000000225;0000000000219;0000000000000;00000006;
20170301;FRO;*;F19 ;0000000000000;0000000000000;00000000;00000000;00000000;00000000;00000000;0000000000268;0000000000260;0000000000000;00000008;
20170301;FRO;*;F20 ;0000000000000;0000000000000;00000000;00000000;00000000;00000000;00000000;0000000000312;0000000000304;0000000000000;00000008;
20170301;FRO;*;F21 ;0000000000000;0000000000000;00000000;00000000;00000000;00000000;00000000;0000000000365;0000000000355;0000000000000;00000010;
20170301;FRO;*;F22 ;0000000000000;0000000000000;00000000;00000000;00000000;00000000;00000000;0000000000399;0000000000391;0000000000000;00000008;
20170301;FRO;*;F23 ;0000000000000;0000000000000;00000000;00000000;00000000;00000000;00000000;0000000000431;0000000000423;0000000000000;00000008;
20170301;FRO;*;F24 ;0000000000000;0000000000000;00000000;00000000;00000000;00000000;00000000;0000000000467;0000000000459;0000000000000;00000008;
20170301;FRO;*;F25 ;0000000000000;0000000000000;00000000;00000000;00000000;00000000;00000000;0000000000506;0000000000497;0000000000000;00000009;
20170301;FRO;*;F26 ;0000000000000;0000000000000;00000000;00000000;00000000;00000000;00000000;0000000000542;0000000000533;0000000000000;00000009;
20170301;FRO;*;F27 ;0000000000000;0000000000000;00000000;00000000;00000000;00000000;00000000;0000000000587;0000000000578;0000000000000;00000009;
20170301;FRO;*;F28 ;0000000000000;0000000000000;00000000;00000000;00000000;00000000;00000000;0000000000618;0000000000609;0000000000000;00000009;
20170301;FRO;*;F29 ;0000000000000;0000000000000;00000000;00000000;00000000;00000000;00000000;0000000000649;0000000000640;0000000000000;00000009;
20170301;FRO;*;F30 ;0000000000000;0000000000000;00000000;00000000;00000000;00000000;00000000;0000000000678;0000000000669;0000000000000;00000009;
20170301;FRO;*;G18 ;0000000000000;0000000000000;00000000;00000000;00000000;00000000;00000000;0000000000229;0000000000221;0000000000000;00000008;
20170301;FRO;*;H18 ;0000000000000;0000000000000;00000000;00000000;00000000;00000000;00000000;0000000000229;0000000000220;0000000000000;00000009;
20170301;FRO;*;J18 ;0000000000000;0000000000000;00000000;00000000;00000000;00000000;00000000;0000000000230;0000000000224;0000000000000;00000006;
20170301;FRO;*;J19 ;0000000000000;0000000000000;00000000;00000000;00000000;00000000;00000000;0000000000278;0000000000270;0000000000000;00000008;
20170301;FRO;*;J20 ;0000000000000;0000000000000;00000000;00000000;00000000;00000000;00000000;0000000000324;0000000000315;0000000000000;00000009;
20170301;FRO;*;J21 ;0000000000000;0000000000000;00000000;00000000;00000000;00000000;00000000;0000000000377;0000000000367;0000000000000;00000010;
20170301;FRO;*;K17 ;0000000000000;0000000000000;00000000;00000000;00000000;00000000;00000000;0000000000215;0000000000206;0000000000000;00000009;
20170301;FRO;*;M17 ;0000000000000;0000000000000;00000000;00000000;00000000;00000000;00000000;0000000000204;0000000000200;0000000000000;00000004;
20170301;FRO;*;N17 ;0000000000000;0000000000000;00000000;00000000;00000000;00000000;00000000;0000000000194;0000000000191;0000000000000;00000003;
20170301;FRO;*;N18 ;0000000000000;0000000000000;00000000;00000000;00000000;00000000;00000000;0000000000242;0000000000235;0000000000000;00000007;
20170301;FRO;*;N19 ;0000000000000;0000000000000;00000000;00000000;00000000;00000000;00000000;0000000000288;0000000000280;0000000000000;00000008;
20170301;FRO;*;N20 ;0000000000000;0000000000000;00000000;00000000;00000000;00000000;00000000;0000000000337;0000000000327;0000000000000;00000010;
20170301;FRO;*;N21 ;0000000000000;0000000000000;00000000;00000000;00000000;00000000;00000000;0000000000385;0000000000376;0000000000000;00000009;
20170301;FRO;*;Q17 ;0000000000000;0000000000000;00000000;00000000;00000000;00000000;00000000;0000000000209;0000000000204;0000000000000;00000005;
20170301;FRO;*;U17 ;0000000000000;0000000000000;00000000;00000000;00000000;00000000;00000000;0000000000206;0000000000200;0000000000000;00000006;
20170301;FRO;*;V17 ;0000000000000;0000000000000;00000000;00000000;00000000;00000000;00000000;0000000000213;0000000000207;0000000000000;00000006;
20170301;FRO;*;V18 ;0000000000000;0000000000000;00000000;00000000;00000000;00000000;00000000;0000000000251;0000000000246;0000000000000;00000005;
20170301;FRO;*;V19 ;0000000000000;0000000000000;00000000;00000000;00000000;00000000;00000000;0000000000301;0000000000293;0000000000000;00000008;
20170301;FRO;*;V20 ;0000000000000;0000000000000;00000000;00000000;00000000;00000000;00000000;0000000000349;0000000000339;0000000000000;00000010;
20170301;FRO;*;V21 ;0000000000000;0000000000000;00000000;00000000;00000000;00000000;00000000;0000000000391;0000000000382;0000000000000;00000009;
20170301;FRO;*;X17 ;0000000000000;0000000000000;00000000;00000000;00000000;00000000;00000000;0000000000218;0000000000212;0000000000000;00000006;
20170301;FRO;*;Z17 ;0000000000000;0000000000000;00000000;00000000;00000000;00000000;00000000;0000000000220;0000000000214;0000000000000;00000006;
20170301;FRP;*;FRP0;0000000000000;0000000000000;00000000;00002490;00002440;00002490;00002470;0000000000000;0000000000000;0000000000000;00000000;
20170301;GBP;*;H17 ;0000000000000;0000000000000;00000326;00000000;00000000;00000000;00000000;0000038719550;0000038719550;0000000000000;00000000;
20170301;GBP;*;J17 ;0000000000000;0000000000000;00001028;00000000;00000000;00000000;00000000;0000038455820;0000039121370;0000000232942;00665550;
20170301;GBP;*;K17 ;0000000000000;0000000000000;00000000;00000000;00000000;00000000;00000000;0000038711880;0000039386880;0000000000000;00675000;
20170301;GBP;*;M17 ;0000000000000;0000000000000;00000000;00000000;00000000;00000000;00000000;0000039045230;0000039600000;0000000000000;00554770;
20170301;HSI;*;H17 ;0000000000000;0000000000000;00000000;00000000;00000000;00000000;00000000;0000000023793;0000000024008;0000000000000;00000215;
20170301;HSI;*;J17 ;0000000000000;0000000000000;00000000;00000000;00000000;00000000;00000000;0000000023798;0000000023839;0000000000000;00000041;
20170301;IAP;*;H17 ;0000000000000;0000000000000;00000000;00000000;00000000;00000000;00000000;0000000481512;0000000481446;0000000001650;00000066;
20170301;IAP;*;J17 ;0000000000000;0000000000000;00000000;00000000;00000000;00000000;00000000;0000000482939;0000000482974;0000000000000;00000035;
20170301;IAP;*;K17 ;0000000000000;0000000000000;00000000;00000000;00000000;00000000;00000000;0000000485145;0000000485087;0000000000000;00000058;
20170301;IAP;*;K19 ;0000000000000;0000000000000;00000000;00000000;00000000;00000000;00000000;0000000527225;0000000527159;0000000000000;00000066;
20170301;IAP;*;K21 ;0000000000000;0000000000000;00000000;00000000;00000000;00000000;00000000;0000000577167;0000000577441;0000000000000;00000274;
20170301;IAP;*;Q18 ;0000000000000;0000000000000;00000000;00000000;00000000;00000000;00000000;0000000509420;0000000509041;0000000000000;00000379;
20170301;IAP;*;Q20 ;0000000000000;0000000000000;00000000;00000000;00000000;00000000;00000000;0000000558596;0000000558738;0000000000000;00000142;
20170301;IAP;*;Q22 ;0000000000000;0000000000000;00000000;00000000;00000000;00000000;00000000;0000000611012;0000000611233;0000000000000;00000221;
20170301;ICF;*;H17 ;0000002750218;0000000888170;00000590;00016180;00015900;00016180;00016000;0000000016320;0000000017060;0000000229141;00000740;
20170301;ICF;*;H18 ;0000000000000;0000000000000;00000000;00000000;00000000;00000000;00000000;0000000018795;0000000018975;0000000000000;00000180;
20170301;ICF;*;K17 ;0000000000000;0000000000000;00000100;00000000;00000000;00000000;00000000;0000000017360;0000000017550;0000000058833;00000190;
20170301;ICF;*;N17 ;0000000000000;0000000000000;00000100;00000000;00000000;00000000;00000000;0000000017590;0000000017770;0000000055737;00000180;
20170301;ICF;*;U17 ;0000006815025;0000002200880;00004504;00018090;00017450;00018090;00017900;0000000017925;0000000018075;0000000046447;00000150;
20170301;ICF;*;U18 ;0000000000000;0000000000000;00000301;00000000;00000000;00000000;00000000;0000000018415;0000000018585;0000000052640;00000170;
20170301;ICF;*;Z17 ;0000000000000;0000000000000;00000192;00000000;00000000;00000000;00000000;0000000018390;0000000018575;0000000057285;00000185;
20170301;ICF;*;Z18 ;0000000000000;0000000000000;00000029;00000000;00000000;00000000;00000000;0000000018700;0000000018870;0000000052640;00000170;
20170301;IGM;*;K17 ;0000000000000;0000000000000;00000000;00000000;00000000;00000000;00000000;0000000669742;0000000669901;0000000003180;00000159;
20170301;IGM;*;K19 ;0000000000000;0000000000000;00000000;00000000;00000000;00000000;00000000;0000000722158;0000000722321;0000000000000;00000163;
20170301;IGM;*;K21 ;0000000000000;0000000000000;00000000;00000000;00000000;00000000;00000000;0000000791926;0000000792824;0000000000000;00000898;
20170301;IGM;*;Q18 ;0000000000000;0000000000000;00000000;00000000;00000000;00000000;00000000;0000000699059;0000000699600;0000000000000;00000541;
20170301;IGM;*;Q20 ;0000000000000;0000000000000;00000000;00000000;00000000;00000000;00000000;0000000765308;0000000765771;0000000000000;00000463;
20170301;IND;*;G18 ;0000000000000;0000000000000;00000000;00000000;00000000;00000000;00000000;0000000072747;0000000072260;0000000000000;00000487;
20170301;IND;*;J17 ;0002846716450;0000919007118;00259125;00068230;00067680;00068375;00067815;0000000067859;0000000067383;0000000047600;00000476;
20170301;IND;*;J18 ;0000000000000;0000000000000;00000000;00000000;00000000;00000000;00000000;0000000073748;0000000073265;0000000000000;00000483;
20170301;IND;*;M17 ;0000002067000;0000000667291;00023045;00068900;00068900;00068900;00068900;0000000068978;0000000068496;0000000048200;00000482;
20170301;IND;*;M18 ;0000000000000;0000000000000;00001080;00000000;00000000;00000000;00000000;0000000074621;0000000074142;0000000047900;00000479;
20170301;IND;*;Q17 ;0000000000000;0000000000000;00002205;00000000;00000000;00000000;00000000;0000000070019;0000000069535;0000000048400;00000484;
20170301;IND;*;Q18 ;0000000000000;0000000000000;00000000;00000000;00000000;00000000;00000000;0000000075690;0000000075207;0000000000000;00000483;
20170301;IND;*;V17 ;0000000000000;0000000000000;00000950;00000000;00000000;00000000;00000000;0000000070971;0000000070486;0000000048500;00000485;
20170301;IND;*;V18 ;0000000000000;0000000000000;00000000;00000000;00000000;00000000;00000000;0000000076739;0000000076253;0000000000000;00000486;
20170301;IND;*;Z17 ;0000000000000;0000000000000;00011050;00000000;00000000;00000000;00000000;0000000071825;0000000071340;0000000048500;00000485;
20170301;IND;*;Z18 ;0000000000000;0000000000000;00000025;00000000;00000000;00000000;00000000;0000000077689;0000000077210;0000000047900;00000479;
20170301;ISP;*;H17 ;0000190939981;0000061663162;00002779;00238800;00238775;00240000;00239625;0000000239350;0000000236325;0000000468345;00003025;
20170301;ISP;*;M17 ;0000001850041;0000000597462;00000024;00238550;00238550;00239125;00239125;0000000239000;0000000235875;0000000483828;00003125;
20170301;ISP;*;U17 ;0000000000000;0000000000000;00000000;00000000;00000000;00000000;00000000;0000000238675;0000000235525;0000000000000;00003150;
20170301;ISP;*;Z17 ;0000000000000;0000000000000;00000000;00000000;00000000;00000000;00000000;0000000238400;0000000235225;0000000000000;00003175;
20170301;JPY;*;H17 ;0000000000000;0000000000000;00000249;00000000;00000000;00000000;00000000;0000027587340;0000027587340;0000000000000;00000000;
20170301;JPY;*;J17 ;0000008934750;0000002884411;00002236;02753100;02747400;02753100;02747400;0000027515600;0000028001700;0000000243050;00486100;
20170301;JPY;*;K17 ;0000000000000;0000000000000;00000029;00000000;00000000;00000000;00000000;0000027707400;0000028202000;0000000247300;00494600;
20170301;JPY;*;M17 ;0000000000000;0000000000000;00000000;00000000;00000000;00000000;00000000;0000027954900;0000028455300;0000000000000;00500400;
20170301;JPY;*;N17 ;0000000000000;0000000000000;00000000;00000000;00000000;00000000;00000000;0000028185200;0000028650000;0000000000000;00464800;
20170301;JSE;*;H17 ;0000000000000;0000000000000;00000000;00000000;00000000;00000000;00000000;0000000044590;0000000044635;0000000000000;00000045;
20170301;JSE;*;M17 ;0000000000000;0000000000000;00000000;00000000;00000000;00000000;00000000;0000000045075;0000000045125;0000000000000;00000050;
20170301;MIX;*;H17 ;0000000000000;0000000000000;00000000;00000000;00000000;00000000;00000000;0000000002068;0000000002105;0000000000000;00000037;
20170301;MIX;*;M17 ;0000000000000;0000000000000;00000000;00000000;00000000;00000000;00000000;0000000002108;0000000002145;0000000000000;00000037;
20170301;MXN;*;H17 ;0000000000000;0000000000000;00000091;00000000;00000000;00000000;00000000;0000015657970;0000015657970;0000000000000;00000000;
20170301;MXN;*;J17 ;0000008865000;0000002861893;00000525;01576000;01576000;01576000;01576000;0000015730330;0000015693580;0000000027562;00036750;
20170301;MXN;*;K17 ;0000000000000;0000000000000;00000013;00000000;00000000;00000000;00000000;0000015754560;0000015720320;0000000025680;00034240;
20170301;MXN;*;M17 ;0000000000000;0000000000000;00000000;00000000;00000000;00000000;00000000;0000015806250;0000015740000;0000000000000;00066250;
20170301;NZD;*;H17 ;0000000000000;0000000000000;00000002;00000000;00000000;00000000;00000000;0000022321160;0000022321160;0000000000000;00000000;
20170301;NZD;*;J17 ;0000000000000;0000000000000;00000110;00000000;00000000;00000000;00000000;0000022292180;0000022559190;0000000200257;00267010;
20170301;NZD;*;K17 ;0000000000000;0000000000000;00000000;00000000;00000000;00000000;00000000;0000022412400;0000022682080;0000000000000;00269680;
20170301;NZD;*;M17 ;0000000000000;0000000000000;00000000;00000000;00000000;00000000;00000000;0000022564700;0000022830000;0000000000000;00265300;
20170301;OC1;*;F18 ;0000000000000;0000000000000;00000000;00000000;00000000;00000000;00000000;0000009218217;0000009215618;0000000000000;00002599;
20170301;OC1;*;F19 ;0000000000000;0000000000000;00000000;00000000;00000000;00000000;00000000;0000008431858;0000008424017;0000000000000;00007841;
20170301;OC1;*;F20 ;0000000000000;0000000000000;00000000;00000000;00000000;00000000;00000000;0000007653566;0000007640203;0000000000000;00013363;
20170301;OC1;*;F21 ;0000000000000;0000000000000;00000000;00000000;00000000;00000000;00000000;0000006933395;0000006916828;0000000000000;00016567;
20170301;OC1;*;F22 ;0000000000000;0000000000000;00000000;00000000;00000000;00000000;00000000;0000006271905;0000006254263;0000000000000;00017642;
20170301;OC1;*;F23 ;0000000000000;0000000000000;00000000;00000000;00000000;00000000;00000000;0000005665264;0000005647446;0000000000000;00017818;
20170301;OC1;*;F24 ;0000000000000;0000000000000;00000000;00000000;00000000;00000000;00000000;0000005129450;0000005116830;0000000000000;00012620;
20170301;OC1;*;F25 ;0000000000000;0000000000000;00000000;00000000;00000000;00000000;00000000;0000004634788;0000004618382;0000000000000;00016406;
20170301;OC1;*;F26 ;0000000000000;0000000000000;00000000;00000000;00000000;00000000;00000000;0000004195163;0000004178375;0000000000000;00016788;
20170301;OC1;*;F27 ;0000000000000;0000000000000;00000000;00000000;00000000;00000000;00000000;0000003794262;0000003773993;0000000000000;00020269;
20170301;OC1;*;F28 ;0000000000000;0000000000000;00000000;00000000;00000000;00000000;00000000;0000003436871;0000003416631;0000000000000;00020240;
20170301;OC1;*;F29 ;0000000000000;0000000000000;00000000;00000000;00000000;00000000;00000000;0000003116972;0000003096925;0000000000000;00020047;
20170301;OC1;*;F30 ;0000000000000;0000000000000;00000000;00000000;00000000;00000000;00000000;0000002825740;0000002806027;0000000000000;00019713;
20170301;OC1;*;G18 ;0000000000000;0000000000000;00000000;00000000;00000000;00000000;00000000;0000009147090;0000009144285;0000000000000;00002805;
20170301;OC1;*;H17 ;0000000000000;0000000000000;00000000;00000000;00000000;00000000;00000000;0000010000000;0000010000000;0000000000000;00000000;
20170301;OC1;*;H18 ;0000000000000;0000000000000;00000000;00000000;00000000;00000000;00000000;0000009089310;0000009150000;0000000000000;00060690;
20170301;OC1;*;J17 ;0000000000000;0000000000000;00029800;00000000;00000000;00000000;00000000;0000009895865;0000009895864;0000000000001;00000001;
20170301;OC1;*;J18 ;0000000000000;0000000000000;00000000;00000000;00000000;00000000;00000000;0000009022375;0000009018637;0000000000000;00003738;
20170301;OC1;*;J19 ;0000000000000;0000000000000;00000000;00000000;00000000;00000000;00000000;0000008239777;0000008231004;0000000000000;00008773;
20170301;OC1;*;J20 ;0000000000000;0000000000000;00000000;00000000;00000000;00000000;00000000;0000007465925;0000007452740;0000000000000;00013185;
20170301;OC1;*;J21 ;0000000000000;0000000000000;00000000;00000000;00000000;00000000;00000000;0000006766902;0000006745940;0000000000000;00020962;
20170301;OC1;*;K17 ;0000000000000;0000000000000;00000000;00000000;00000000;00000000;00000000;0000009818019;0000009818088;0000000000000;00000069;
20170301;OC1;*;M17 ;0000000000000;0000000000000;00000000;00000000;00000000;00000000;00000000;0000009727153;0000009726887;0000000000000;00000266;
20170301;OC1;*;N17 ;0000000000000;0000000000000;00000000;00000000;00000000;00000000;00000000;0000009646541;0000009646067;0000000000000;00000474;
20170301;OC1;*;N18 ;0000000000000;0000000000000;00000000;00000000;00000000;00000000;00000000;0000008825427;0000008819643;0000000000000;00005784;
20170301;OC1;*;N19 ;0000000000000;0000000000000;00000000;00000000;00000000;00000000;00000000;0000008048360;0000008038689;0000000000000;00009671;
20170301;OC1;*;N20 ;0000000000000;0000000000000;00000000;00000000;00000000;00000000;00000000;0000007285836;0000007273003;0000000000000;00012833;
20170301;OC1;*;N21 ;0000000000000;0000000000000;00000000;00000000;00000000;00000000;00000000;0000006598430;0000006580586;0000000000000;00017844;
20170301;OC1;*;N22 ;0000000000000;0000000000000;00000000;00000000;00000000;00000000;00000000;0000005964520;0000005946847;0000000000000;00017673;
20170301;OC1;*;N23 ;0000000000000;0000000000000;00000000;00000000;00000000;00000000;00000000;0000005391832;0000005376791;0000000000000;00015041;
20170301;OC1;*;N24 ;0000000000000;0000000000000;00000000;00000000;00000000;00000000;00000000;0000004881788;0000004866955;0000000000000;00014833;
20170301;OC1;*;Q17 ;0000000000000;0000000000000;00000000;00000000;00000000;00000000;00000000;0000009568059;0000009567267;0000000000000;00000792;
20170301;OC1;*;U17 ;0000000000000;0000000000000;00000000;00000000;00000000;00000000;00000000;0000009487630;0000009486428;0000000000000;00001202;
20170301;OC1;*;V17 ;0000000000000;0000000000000;00000000;00000000;00000000;00000000;00000000;0000009418260;0000009416721;0000000000000;00001539;
20170301;OC1;*;V18 ;0000000000000;0000000000000;00000000;00000000;00000000;00000000;00000000;0000008624668;0000008619057;0000000000000;00005611;
20170301;OC1;*;V19 ;0000000000000;0000000000000;00000000;00000000;00000000;00000000;00000000;0000007841599;0000007833779;0000000000000;00007820;
20170301;OC1;*;V20 ;0000000000000;0000000000000;00000000;00000000;00000000;00000000;00000000;0000007104748;0000007085694;0000000000000;00019054;
20170301;OC1;*;V21 ;0000000000000;0000000000000;00000000;00000000;00000000;00000000;00000000;0000006430659;0000006413798;0000000000000;00016861;
20170301;OC1;*;X17 ;0000000000000;0000000000000;00000000;00000000;00000000;00000000;00000000;0000009348924;0000009347002;0000000000000;00001922;
20170301;OC1;*;Z17 ;0000000000000;0000000000000;00000000;00000000;00000000;00000000;00000000;0000009283363;0000009281083;0000000000000;00002280;
20170301;OZ1;*;0000;0000000310189;0000000100138;00000000;00124200;00124200;00124200;00124200;0000000124200;0000000124267;0000000000000;00000000;
20170301;OZ1;*;J17 ;0000000000000;0000000000000;00000000;00000000;00000000;00000000;00000000;0000000125448;0000000125505;0000000000000;00000057;
20170301;OZ1;*;K17 ;0000000000000;0000000000000;00000000;00000000;00000000;00000000;00000000;0000000126443;0000000125000;0000000000000;00001443;
20170301;OZ2;*;0000;0000000075990;0000000024532;00000000;00123000;00122000;00123500;00123000;0000000122688;0000000124028;0000000000000;00001200;
20170301;OZ3;*;0000;0000000001340;0000000000433;00000000;00122000;00121500;00122000;00121500;0000000121543;0000000122000;0000000000000;00000500;
20170301;SCS;*;H701;0000000000000;0000000000000;00139075;00000000;00000000;00000000;00000000;0000000000000;0000000000000;0000000000000;00000000;
20170301;SCS;*;J703;0000000000000;0000000000000;00194220;00000000;00000000;00000000;00000000;0000000000000;0000000000000;0000000000000;00000000;
20170301;SCS;*;K702;0000000000000;0000000000000;00127785;00000000;00000000;00000000;00000000;0000000000000;0000000000000;0000000000000;00000000;
20170301;SCS;*;N703;0000000000000;0000000000000;00069470;00000000;00000000;00000000;00000000;0000000000000;0000000000000;0000000000000;00000000;
20170301;SFI;*;K17 ;0000000000000;0000000000000;00000000;00000000;00000000;00000000;00000000;0000000002250;0000000002191;0000000000000;00000059;
20170301;SFI;*;N17 ;0000000000000;0000000000000;00000000;00000000;00000000;00000000;00000000;0000000002265;0000000002208;0000000000000;00000057;
20170301;SFI;*;X17 ;0000000000000;0000000000000;00000000;00000000;00000000;00000000;00000000;0000000002202;0000000002148;0000000000000;00000054;
20170301;SJC;*;F18 ;0000000000000;0000000000000;00000000;00000000;00000000;00000000;00000000;0000000228395;0000000223049;0000000000000;00005346;
20170301;SJC;*;H18 ;0000000000000;0000000000000;00000000;00000000;00000000;00000000;00000000;0000000228616;0000000223214;0000000000000;00005402;
20170301;SJC;*;K17 ;0000002562605;0000000827581;00001000;00002292;00002292;00002322;00002322;0000000231867;0000000225805;0000000084469;00006062;
20170301;SJC;*;K18 ;0000000000000;0000000000000;00000000;00000000;00000000;00000000;00000000;0000000228781;0000000223600;0000000000000;00005181;
20170301;SJC;*;N17 ;0000000161148;0000000052042;00000105;00002313;00002313;00002313;00002313;0000000233686;0000000227789;0000000082170;00005897;
20170301;SJC;*;Q17 ;0000000000000;0000000000000;00000000;00000000;00000000;00000000;00000000;0000000233631;0000000227734;0000000000000;00005897;
20170301;SJC;*;U17 ;0000000000000;0000000000000;00000000;00000000;00000000;00000000;00000000;0000000230159;0000000224647;0000000000000;00005512;
20170301;SJC;*;X17 ;0000001893665;0000000611550;00000401;00002260;00002260;00002270;00002270;0000000227568;0000000222002;0000000077558;00005566;
20170301;TRY;*;H17 ;0000000000000;0000000000000;00000037;00000000;00000000;00000000;00000000;0000008623180;0000008623180;0000000000000;00000000;
20170301;TRY;*;J17 ;0000000000000;0000000000000;00000260;00000000;00000000;00000000;00000000;0000008470830;0000008621560;0000000113047;00150730;
20170301;TRY;*;K17 ;0000000000000;0000000000000;00000000;00000000;00000000;00000000;00000000;0000008461530;0000008608030;0000000000000;00146500;
20170301;TRY;*;M17 ;0000000000000;0000000000000;00000000;00000000;00000000;00000000;00000000;0000008450500;0000008610000;0000000000000;00159500;
20170301;T10;*;H17 ;0000000000000;0000000000000;00000029;00000000;00000000;00000000;00000000;0000001254843;0000001254843;0000000000000;00000000;
20170301;T10;*;M17 ;0000027601481;0000008910602;00002636;00123688;00123687;00123891;00123735;0000001237187;0000001250937;0000000425920;00013750;
20170301;T10;*;U17 ;0000000000000;0000000000000;00000000;00000000;00000000;00000000;00000000;0000001233593;0000001250000;0000000000000;00016407;
20170301;WDO;*;F18 ;0000000000000;0000000000000;00000000;00000000;00000000;00000000;00000000;0000032945450;0000033129760;0000000000000;00184310;
20170301;WDO;*;F19 ;0000000000000;0000000000000;00000000;00000000;00000000;00000000;00000000;0000034971060;0000035222940;0000000000000;00251880;
20170301;WDO;*;F20 ;0000000000000;0000000000000;00000000;00000000;00000000;00000000;00000000;0000037129510;0000037455430;0000000000000;00325920;
20170301;WDO;*;F21 ;0000000000000;0000000000000;00000000;00000000;00000000;00000000;00000000;0000039116220;0000039532350;0000000000000;00416130;
20170301;WDO;*;F25 ;0000000000000;0000000000000;00000000;00000000;00000000;00000000;00000000;0000047671050;0000048303130;0000000000000;00632080;
20170301;WDO;*;G18 ;0000000000000;0000000000000;00000000;00000000;00000000;00000000;00000000;0000033130400;0000033321910;0000000000000;00191510;
20170301;WDO;*;H17 ;0000000000000;0000000000000;00043437;00000000;00000000;00000000;00000000;0000030993000;0000030993000;0000000000000;00000000;
20170301;WDO;*;H18 ;0000000000000;0000000000000;00000000;00000000;00000000;00000000;00000000;0000033282910;0000033520000;0000000000000;00237090;
20170301;WDO;*;J17 ;0006761529875;0002182828601;00022205;03146000;03114500;03149000;03117000;0000031214220;0000031365310;0000000015109;00151090;
20170301;WDO;*;J18 ;0000000000000;0000000000000;00000000;00000000;00000000;00000000;00000000;0000033459680;0000033654410;0000000000000;00194730;
20170301;WDO;*;J19 ;0000000000000;0000000000000;00000000;00000000;00000000;00000000;00000000;0000035493540;0000035758540;0000000000000;00265000;
20170301;WDO;*;K17 ;0000000973980;0000000314431;00000114;03156000;03136000;03156000;03136000;0000031407520;0000031561390;0000000015387;00153870;
20170301;WDO;*;M17 ;0000000000000;0000000000000;00000000;00000000;00000000;00000000;00000000;0000031649830;0000031805970;0000000000000;00156140;
20170301;WDO;*;N17 ;0000000032160;0000000010382;00000001;03216000;03216000;03216000;03216000;0000031864380;0000032023710;0000000015933;00159330;
20170301;WDO;*;N18 ;0000000000000;0000000000000;00000000;00000000;00000000;00000000;00000000;0000033964260;0000034180260;0000000000000;00216000;
20170301;WDO;*;N19 ;0000000000000;0000000000000;00000000;00000000;00000000;00000000;00000000;0000036022370;0000036301320;0000000000000;00278950;
20170301;WDO;*;N21 ;0000000000000;0000000000000;00000000;00000000;00000000;00000000;00000000;0000040156610;0000040599030;0000000000000;00442420;
20170301;WDO;*;Q17 ;0000000000000;0000000000000;00000000;00000000;00000000;00000000;00000000;0000032060100;0000032224020;0000000000000;00163920;
20170301;WDO;*;U17 ;0000000000000;0000000000000;00000000;00000000;00000000;00000000;00000000;0000032279490;0000032446360;0000000000000;00166870;
20170301;WDO;*;V17 ;0000000000000;0000000000000;00000000;00000000;00000000;00000000;00000000;0000032448630;0000032621010;0000000000000;00172380;
20170301;WDO;*;V18 ;0000000000000;0000000000000;00000000;00000000;00000000;00000000;00000000;0000034505810;0000034720200;0000000000000;00214390;
20170301;WDO;*;V19 ;0000000000000;0000000000000;00000000;00000000;00000000;00000000;00000000;0000036609000;0000036884800;0000000000000;00275800;
20170301;WDO;*;X17 ;0000000000000;0000000000000;00000000;00000000;00000000;00000000;00000000;0000032621630;0000032798650;0000000000000;00177020;
20170301;WDO;*;Z17 ;0000000000000;0000000000000;00000000;00000000;00000000;00000000;00000000;0000032790310;0000032968130;0000000000000;00177820;
20170301;WEU;*;H17 ;0000000000000;0000000000000;00000000;00000000;00000000;00000000;00000000;0000032756500;0000032756500;0000000000000;00000000;
20170301;WEU;*;J17 ;0000000000000;0000000000000;00000000;00000000;00000000;00000000;00000000;0000033020040;0000033194750;0000000000000;00174710;
20170301;WEU;*;K17 ;0000000000000;0000000000000;00000000;00000000;00000000;00000000;00000000;0000033258770;0000033440000;0000000000000;00181230;
20170301;WEU;*;M17 ;0000000000000;0000000000000;00000000;00000000;00000000;00000000;00000000;0000033566860;0000033748810;0000000000000;00181950;
20170301;WEU;*;N17 ;0000000000000;0000000000000;00000000;00000000;00000000;00000000;00000000;0000033849350;0000034036090;0000000000000;00186740;
20170301;WEU;*;V17 ;0000000000000;0000000000000;00000000;00000000;00000000;00000000;00000000;0000034640920;0000034842930;0000000000000;00202010;
20170301;WIN;*;G18 ;0000000000000;0000000000000;00000000;00000000;00000000;00000000;00000000;0000000072747;0000000072260;0000000000000;00000487;
20170301;WIN;*;J17 ;0006056789412;0001955316830;00050529;00068215;00067670;00068375;00067800;0000000067859;0000000067383;0000000009520;00000476;
20170301;WIN;*;J18 ;0000000000000;0000000000000;00000000;00000000;00000000;00000000;00000000;0000000073748;0000000073265;0000000000000;00000483;
20170301;WIN;*;M17 ;0000000000000;0000000000000;00000004;00000000;00000000;00000000;00000000;0000000068978;0000000068496;0000000009640;00000482;
20170301;WIN;*;M18 ;0000000000000;0000000000000;00000000;00000000;00000000;00000000;00000000;0000000074621;0000000074142;0000000000000;00000479;
20170301;WIN;*;Q17 ;0000000000000;0000000000000;00000000;00000000;00000000;00000000;00000000;0000000070019;0000000069535;0000000000000;00000484;
20170301;WIN;*;Q18 ;0000000000000;0000000000000;00000000;00000000;00000000;00000000;00000000;0000000075690;0000000075207;0000000000000;00000483;
20170301;WIN;*;V17 ;0000000000000;0000000000000;00000000;00000000;00000000;00000000;00000000;0000000070971;0000000070486;0000000000000;00000485;
20170301;WIN;*;V18 ;0000000000000;0000000000000;00000000;00000000;00000000;00000000;00000000;0000000076739;0000000076253;0000000000000;00000486;
20170301;WIN;*;Z17 ;0000000000000;0000000000000;00000000;00000000;00000000;00000000;00000000;0000000071825;0000000071340;0000000000000;00000485;
20170301;WIN;*;Z18 ;0000000000000;0000000000000;00000000;00000000;00000000;00000000;00000000;0000000077689;0000000077210;0000000000000;00000479;
20170301;WTI;*;J17 ;0000000000000;0000000000000;00000489;00000000;00000000;00000000;00000000;0000000005383;0000000005399;0000000004954;00000016;
20170301;WTI;*;K17 ;0000000016857;0000000005444;00000030;00005444;00005444;00005444;00005444;0000000005428;0000000005432;0000000001238;00000004;
20170301;ZAR;*;H17 ;0000000000000;0000000000000;00000032;00000000;00000000;00000000;00000000;0000023918970;0000023918970;0000000000000;00000000;
20170301;ZAR;*;J17 ;0000000000000;0000000000000;00000136;00000000;00000000;00000000;00000000;0000023913400;0000024057890;0000000050571;00144490;
20170301;ZAR;*;K17 ;0000000000000;0000000000000;00000010;00000000;00000000;00000000;00000000;0000023941750;0000024092990;0000000052934;00151240;
20170301;ZAR;*;M17 ;0000000000000;0000000000000;00000000;00000000;00000000;00000000;00000000;0000023977370;0000024130000;0000000000000;00152630;
