Data;Código do Contrato;Pregão;Vencimento;Volume(R$);Volume(U$);Número de contas em Aberto;Preço de Abertura;Preço Mínimo;Preço Máximo;Último Preço;Preço de Ajuste Atual; Preço de Ajuste Anterior;Valor de Ajuste por Contrato;Variação
20170102;AUD;*;F17 ;0000000000000;0000000000000;00000238;00000000;00000000;00000000;00000000;0000023599140;0000023599140;0000000000000;00000000;
20170102;AUD;*;G17 ;0000000000000;0000000000000;00001348;00000000;00000000;00000000;00000000;0000023749910;0000023621280;0000000077178;00128630;
20170102;AUD;*;H17 ;0000000000000;0000000000000;00000521;00000000;00000000;00000000;00000000;0000023908230;0000023780160;0000000076842;00128070;
20170102;AUD;*;J17 ;0000000000000;0000000000000;00000000;00000000;00000000;00000000;00000000;0000024103820;0000023900000;0000000000000;00203820;
20170102;BGI;*;F17 ;0000005776600;0000001764656;00001203;00014975;00014946;00014986;00014956;0000000014963;0000000014995;0000000010560;00000032;
20170102;BGI;*;F18 ;0000000000000;0000000000000;00000000;00000000;00000000;00000000;00000000;0000000014941;0000000015086;0000000000000;00000145;
20170102;BGI;*;G17 ;0000000000000;0000000000000;00000062;00000000;00000000;00000000;00000000;0000000014772;0000000014803;0000000010230;00000031;
20170102;BGI;*;H17 ;0000000000000;0000000000000;00000052;00000000;00000000;00000000;00000000;0000000014780;0000000014811;0000000010230;00000031;
20170102;BGI;*;J17 ;0000000000000;0000000000000;00000002;00000000;00000000;00000000;00000000;0000000014696;0000000014727;0000000010230;00000031;
20170102;BGI;*;K17 ;0000001351953;0000000412999;00001736;00014650;00014553;00014650;00014624;0000000014619;0000000014650;0000000010230;00000031;
20170102;BGI;*;V17 ;0000000896936;0000000273999;00000503;00015100;00015099;00015100;00015100;0000000015049;0000000015081;0000000010560;00000032;
20170102;BGI;*;X17 ;0000000000000;0000000000000;00000076;00000000;00000000;00000000;00000000;0000000014991;0000000015051;0000000019800;00000060;
20170102;BGI;*;Z17 ;0000000000000;0000000000000;00000087;00000000;00000000;00000000;00000000;0000000014991;0000000015051;0000000019800;00000060;
20170102;BRI;*;G17 ;0000000000000;0000000000000;00001149;00000000;00000000;00000000;00000000;0000000010063;0000000010181;0000000118000;00000118;
20170102;BRI;*;J17 ;0000000000000;0000000000000;00000000;00000000;00000000;00000000;00000000;0000000010252;0000000010371;0000000000000;00000119;
20170102;BSE;*;F17 ;0000000000000;0000000000000;00000000;00000000;00000000;00000000;00000000;0000000026746;0000000026542;0000000000000;00000204;
20170102;BSE;*;G17 ;0000000000000;0000000000000;00000000;00000000;00000000;00000000;00000000;0000000026938;0000000026732;0000000000000;00000206;
20170102;CAD;*;F17 ;0000000000000;0000000000000;00000034;00000000;00000000;00000000;00000000;0000024302600;0000024302600;0000000000000;00000000;
20170102;CAD;*;G17 ;0000000000000;0000000000000;00000393;00000000;00000000;00000000;00000000;0000024636940;0000024288960;0000000208788;00347980;
20170102;CAD;*;H17 ;0000000000000;0000000000000;00000150;00000000;00000000;00000000;00000000;0000024825040;0000024471080;0000000212376;00353960;
20170102;CAD;*;J17 ;0000000000000;0000000000000;00000000;00000000;00000000;00000000;00000000;0000025057610;0000024680000;0000000000000;00377610;
20170102;CCM;*;F17 ;0000004911039;0000001500241;00008369;00003792;00003782;00003839;00003800;0000000003800;0000000003793;0000000003150;00000007;
20170102;CCM;*;F18 ;0000000000000;0000000000000;00000000;00000000;00000000;00000000;00000000;0000000003181;0000000003181;0000000000000;00000000;
20170102;CCM;*;F19 ;0000000000000;0000000000000;00000000;00000000;00000000;00000000;00000000;0000000002805;0000000002804;0000000000000;00000001;
20170102;CCM;*;H17 ;0000001397709;0000000426977;00005837;00003575;00003555;00003595;00003567;0000000003561;0000000003580;0000000008550;00000019;
20170102;CCM;*;H18 ;0000000000000;0000000000000;00000000;00000000;00000000;00000000;00000000;0000000003151;0000000003150;0000000000000;00000001;
20170102;CCM;*;H19 ;0000000000000;0000000000000;00000000;00000000;00000000;00000000;00000000;0000000002689;0000000002688;0000000000000;00000001;
20170102;CCM;*;K17 ;0000003443850;0000001052039;00005193;00003540;00003540;00003550;00003550;0000000003550;0000000003550;0000000000000;00000000;
20170102;CCM;*;K18 ;0000000000000;0000000000000;00000000;00000000;00000000;00000000;00000000;0000000002911;0000000002910;0000000000000;00000001;
20170102;CCM;*;K19 ;0000000000000;0000000000000;00000000;00000000;00000000;00000000;00000000;0000000002577;0000000002576;0000000000000;00000001;
20170102;CCM;*;N17 ;0000000000000;0000000000000;00000000;00000000;00000000;00000000;00000000;0000000003364;0000000003354;0000000000000;00000010;
20170102;CCM;*;N18 ;0000000000000;0000000000000;00000000;00000000;00000000;00000000;00000000;0000000002785;0000000002784;0000000000000;00000001;
20170102;CCM;*;U17 ;0000000875457;0000000267438;00006337;00003204;00003189;00003204;00003189;0000000003189;0000000003170;0000000008550;00000019;
20170102;CCM;*;U18 ;0000000000000;0000000000000;00000000;00000000;00000000;00000000;00000000;0000000002661;0000000002660;0000000000000;00000001;
20170102;CCM;*;X17 ;0000000000000;0000000000000;00000000;00000000;00000000;00000000;00000000;0000000003186;0000000003175;0000000000000;00000011;
20170102;CCM;*;X18 ;0000000000000;0000000000000;00000000;00000000;00000000;00000000;00000000;0000000002731;0000000002730;0000000000000;00000001;
20170102;CHF;*;F17 ;0000000000000;0000000000000;00000064;00000000;00000000;00000000;00000000;0000032066710;0000032066710;0000000000000;00000000;
20170102;CHF;*;G17 ;0000000161800;0000000049436;00000214;03236000;03236000;03236000;03236000;0000032392520;0000032104440;0000000144040;00288080;
20170102;CHF;*;H17 ;0000000000000;0000000000000;00000120;00000000;00000000;00000000;00000000;0000032670490;0000032380930;0000000144780;00289560;
20170102;CHF;*;J17 ;0000000000000;0000000000000;00000000;00000000;00000000;00000000;00000000;0000033034280;0000032580000;0000000000000;00454280;
20170102;CLP;*;F17 ;0000000000000;0000000000000;00000007;00000000;00000000;00000000;00000000;0000048658900;0000048658900;0000000000000;00000000;
20170102;CLP;*;G17 ;0000000000000;0000000000000;00000109;00000000;00000000;00000000;00000000;0000049278000;0000048998000;0000000070000;00280000;
20170102;CLP;*;H17 ;0000000000000;0000000000000;00000865;00000000;00000000;00000000;00000000;0000049553000;0000049267000;0000000071500;00286000;
20170102;CLP;*;J17 ;0000000000000;0000000000000;00000000;00000000;00000000;00000000;00000000;0000049885000;0000049550000;0000000000000;00335000;
20170102;CNY;*;F17 ;0000000000000;0000000000000;00000000;00000000;00000000;00000000;00000000;0000046896900;0000046896900;0000000000000;00000000;
20170102;CNY;*;G17 ;0000000000000;0000000000000;00000000;00000000;00000000;00000000;00000000;0000047018870;0000046609100;0000000000000;00409770;
20170102;CNY;*;H17 ;0000000000000;0000000000000;00000000;00000000;00000000;00000000;00000000;0000047027660;0000046673030;0000000000000;00354630;
20170102;CNY;*;J17 ;0000000000000;0000000000000;00000000;00000000;00000000;00000000;00000000;0000047202430;0000046750000;0000000000000;00452430;
20170102;CR1;*;H7U7;0000000000000;0000000000000;00000000;00000000;00000000;00000000;00000000;0000000000000;0000000000000;0000000000000;00000000;
20170102;DAP;*;F17 ;0000000000000;0000000000000;00000821;00000000;00000000;00000000;00000000;0000009963294;0000009963420;0000000000150;00000126;
20170102;DAP;*;F18 ;0000000000000;0000000000000;00000000;00000000;00000000;00000000;00000000;0000009412701;0000009405102;0000000000000;00007599;
20170102;DAP;*;G17 ;0000000000000;0000000000000;00000000;00000000;00000000;00000000;00000000;0000009893356;0000009894203;0000000000000;00000847;
20170102;DAP;*;H17 ;0000000000000;0000000000000;00000000;00000000;00000000;00000000;00000000;0000009848640;0000009849454;0000000000000;00000814;
20170102;DAP;*;K17 ;0000000000000;0000000000000;00013698;00000000;00000000;00000000;00000000;0000009784166;0000009787246;0000000003672;00003080;
20170102;DAP;*;K19 ;0000000000000;0000000000000;00036720;00000000;00000000;00000000;00000000;0000008763396;0000008752270;0000000013266;00011126;
20170102;DAP;*;K21 ;0000000000000;0000000000000;00009929;00000000;00000000;00000000;00000000;0000007822485;0000007773442;0000000058477;00049043;
20170102;DAP;*;K23 ;0000000000000;0000000000000;00011860;00000000;00000000;00000000;00000000;0000006965360;0000006950635;0000000017557;00014725;
20170102;DAP;*;Q18 ;0000000543134;0000000165949;00022415;00000597;00000597;00000597;00000597;0000009110190;0000009102943;0000000008641;00007247;
20170102;DAP;*;Q20 ;0000000000000;0000000000000;00002790;00000000;00000000;00000000;00000000;0000008161573;0000008130536;0000000037007;00031037;
20170102;DAP;*;Q22 ;0000000000000;0000000000000;00003550;00000000;00000000;00000000;00000000;0000007253885;0000007240557;0000000015891;00013328;
20170102;DAP;*;Q24 ;0000000000000;0000000000000;00005840;00000000;00000000;00000000;00000000;0000006511702;0000006494877;0000000020061;00016825;
20170102;DAP;*;Q26 ;0000000000000;0000000000000;00001155;00000000;00000000;00000000;00000000;0000005803295;0000005757772;0000000054280;00045523;
20170102;DAP;*;Q30 ;0000000000000;0000000000000;00000235;00000000;00000000;00000000;00000000;0000004740057;0000004693011;0000000056096;00047046;
20170102;DCO;*;F17 ;0000000000000;0000000000000;00000000;00000000;00000000;00000000;00000000;0000010000000;0000010000000;0000000000000;00000000;
20170102;DCO;*;F18 ;0000000000000;0000000000000;00000000;00000000;00000000;00000000;00000000;0000009820771;0000009730258;0000000000000;00090513;
20170102;DCO;*;F19 ;0000000000000;0000000000000;00000000;00000000;00000000;00000000;00000000;0000009519352;0000009449818;0000000000000;00069534;
20170102;DCO;*;F20 ;0000000000000;0000000000000;00000000;00000000;00000000;00000000;00000000;0000009156147;0000009084608;0000000000000;00071539;
20170102;DCO;*;F21 ;0000000000000;0000000000000;00000000;00000000;00000000;00000000;00000000;0000008748532;0000008698185;0000000000000;00050347;
20170102;DCO;*;F22 ;0000000000000;0000000000000;00000000;00000000;00000000;00000000;00000000;0000008319571;0000008277174;0000000000000;00042397;
20170102;DCO;*;F23 ;0000000000000;0000000000000;00000000;00000000;00000000;00000000;00000000;0000007880183;0000007850234;0000000000000;00029949;
20170102;DCO;*;F24 ;0000000000000;0000000000000;00000000;00000000;00000000;00000000;00000000;0000007426772;0000007326085;0000000000000;00100687;
20170102;DCO;*;F25 ;0000000000000;0000000000000;00000000;00000000;00000000;00000000;00000000;0000006976274;0000006883124;0000000000000;00093150;
20170102;DCO;*;F26 ;0000000000000;0000000000000;00000000;00000000;00000000;00000000;00000000;0000006580988;0000006489228;0000000000000;00091760;
20170102;DCO;*;F27 ;0000000000000;0000000000000;00000000;00000000;00000000;00000000;00000000;0000006230763;0000006145081;0000000000000;00085682;
20170102;DCO;*;F28 ;0000000000000;0000000000000;00000000;00000000;00000000;00000000;00000000;0000005879179;0000005794036;0000000000000;00085143;
20170102;DCO;*;F29 ;0000000000000;0000000000000;00000000;00000000;00000000;00000000;00000000;0000005548366;0000005468350;0000000000000;00080016;
20170102;DCO;*;F30 ;0000000000000;0000000000000;00000000;00000000;00000000;00000000;00000000;0000005239128;0000005164676;0000000000000;00074452;
20170102;DCO;*;G17 ;0000000000000;0000000000000;00000000;00000000;00000000;00000000;00000000;0000010040917;0000009949657;0000000000000;00091260;
20170102;DCO;*;H17 ;0000000000000;0000000000000;00000000;00000000;00000000;00000000;00000000;0000010025844;0000009934453;0000000000000;00091391;
20170102;DCO;*;J17 ;0000000000000;0000000000000;00000000;00000000;00000000;00000000;00000000;0000010007589;0000009916679;0000000000000;00090910;
20170102;DCO;*;J18 ;0000000000000;0000000000000;00000000;00000000;00000000;00000000;00000000;0000009758266;0000009670574;0000000000000;00087692;
20170102;DCO;*;J19 ;0000000000000;0000000000000;00000000;00000000;00000000;00000000;00000000;0000009449652;0000009382154;0000000000000;00067498;
20170102;DCO;*;J20 ;0000000000000;0000000000000;00000000;00000000;00000000;00000000;00000000;0000009065943;0000008999319;0000000000000;00066624;
20170102;DCO;*;J21 ;0000000000000;0000000000000;00000000;00000000;00000000;00000000;00000000;0000008645118;0000008599996;0000000000000;00045122;
20170102;DCO;*;K17 ;0000000000000;0000000000000;00000000;00000000;00000000;00000000;00000000;0000009990343;0000009899289;0000000000000;00091054;
20170102;DCO;*;M17 ;0000000000000;0000000000000;00000000;00000000;00000000;00000000;00000000;0000009971747;0000009881224;0000000000000;00090523;
20170102;DCO;*;N17 ;0000000000000;0000000000000;00000000;00000000;00000000;00000000;00000000;0000009953704;0000009865037;0000000000000;00088667;
20170102;DCO;*;N18 ;0000000000000;0000000000000;00000000;00000000;00000000;00000000;00000000;0000009685637;0000009604166;0000000000000;00081471;
20170102;DCO;*;N19 ;0000000000000;0000000000000;00000000;00000000;00000000;00000000;00000000;0000009352253;0000009283822;0000000000000;00068431;
20170102;DCO;*;N20 ;0000000000000;0000000000000;00000000;00000000;00000000;00000000;00000000;0000008952819;0000008890455;0000000000000;00062364;
20170102;DCO;*;N21 ;0000000000000;0000000000000;00000000;00000000;00000000;00000000;00000000;0000008550151;0000008504213;0000000000000;00045938;
20170102;DCO;*;Q17 ;0000000000000;0000000000000;00000000;00000000;00000000;00000000;00000000;0000009933627;0000009844710;0000000000000;00088917;
20170102;DCO;*;U17 ;0000000000000;0000000000000;00000000;00000000;00000000;00000000;00000000;0000009914029;0000009825334;0000000000000;00088695;
20170102;DCO;*;V17 ;0000000000000;0000000000000;00000000;00000000;00000000;00000000;00000000;0000009894949;0000009804586;0000000000000;00090363;
20170102;DCO;*;V18 ;0000000000000;0000000000000;00000000;00000000;00000000;00000000;00000000;0000009610577;0000009533361;0000000000000;00077216;
20170102;DCO;*;V19 ;0000000000000;0000000000000;00000000;00000000;00000000;00000000;00000000;0000009257888;0000009190589;0000000000000;00067299;
20170102;DCO;*;V20 ;0000000000000;0000000000000;00000000;00000000;00000000;00000000;00000000;0000008885730;0000008828218;0000000000000;00057512;
20170102;DCO;*;V21 ;0000000000000;0000000000000;00000000;00000000;00000000;00000000;00000000;0000008446727;0000008403871;0000000000000;00042856;
20170102;DCO;*;X17 ;0000000000000;0000000000000;00000000;00000000;00000000;00000000;00000000;0000009872862;0000009782721;0000000000000;00090141;
20170102;DCO;*;Z17 ;0000000000000;0000000000000;00000000;00000000;00000000;00000000;00000000;0000009852362;0000009762945;0000000000000;00089417;
20170102;DDI;*;F17 ;0000000000000;0000000000000;00352842;00000000;00000000;00000000;00000000;0000010000000;0000009999997;0000000000004;00000003;
20170102;DDI;*;F18 ;0000000000000;0000000000000;00198475;00000000;00000000;00000000;00000000;0000009821749;0000009732173;0000000145968;00089576;
20170102;DDI;*;F19 ;0000000000000;0000000000000;00095789;00000000;00000000;00000000;00000000;0000009521190;0000009451614;0000000113377;00069576;
20170102;DDI;*;F20 ;0000000000000;0000000000000;00089109;00000000;00000000;00000000;00000000;0000009161249;0000009089604;0000000116749;00071645;
20170102;DDI;*;F21 ;0000000000000;0000000000000;00091317;00000000;00000000;00000000;00000000;0000008754757;0000008704303;0000000082217;00050454;
20170102;DDI;*;F22 ;0000000000000;0000000000000;00035904;00000000;00000000;00000000;00000000;0000008326603;0000008284091;0000000069275;00042512;
20170102;DDI;*;F23 ;0000000000000;0000000000000;00027006;00000000;00000000;00000000;00000000;0000007887749;0000007857696;0000000048972;00030053;
20170102;DDI;*;F24 ;0000000000000;0000000000000;00025955;00000000;00000000;00000000;00000000;0000007434613;0000007333666;0000000164498;00100947;
20170102;DDI;*;F25 ;0000000000000;0000000000000;00017930;00000000;00000000;00000000;00000000;0000006984183;0000006890773;0000000152216;00093410;
20170102;DDI;*;F26 ;0000000000000;0000000000000;00013420;00000000;00000000;00000000;00000000;0000006588907;0000006496876;0000000149969;00092031;
20170102;DDI;*;F27 ;0000000000000;0000000000000;00008850;00000000;00000000;00000000;00000000;0000006238653;0000006152705;0000000140056;00085948;
20170102;DDI;*;F28 ;0000000000000;0000000000000;00000110;00000000;00000000;00000000;00000000;0000005890775;0000005805228;0000000139403;00085547;
20170102;DDI;*;F29 ;0000000000000;0000000000000;00000000;00000000;00000000;00000000;00000000;0000005559633;0000005479224;0000000000000;00080409;
20170102;DDI;*;F30 ;0000000000000;0000000000000;00000500;00000000;00000000;00000000;00000000;0000005250011;0000005175183;0000000121935;00074828;
20170102;DDI;*;G17 ;0000000000000;0000000000000;00719557;00000000;00000000;00000000;00000000;0000010041001;0000009949735;0000000148722;00091266;
20170102;DDI;*;H17 ;0000000000000;0000000000000;00239611;00000000;00000000;00000000;00000000;0000010026168;0000009934608;0000000149201;00091560;
20170102;DDI;*;J17 ;0000000000000;0000000000000;00270752;00000000;00000000;00000000;00000000;0000010008095;0000009916923;0000000148569;00091172;
20170102;DDI;*;J18 ;0000000000000;0000000000000;00056164;00000000;00000000;00000000;00000000;0000009759470;0000009672930;0000000141021;00086540;
20170102;DDI;*;J19 ;0000000000000;0000000000000;00041789;00000000;00000000;00000000;00000000;0000009451684;0000009384140;0000000110066;00067544;
20170102;DDI;*;J20 ;0000000000000;0000000000000;00019875;00000000;00000000;00000000;00000000;0000009071358;0000009004625;0000000108744;00066733;
20170102;DDI;*;J21 ;0000000000000;0000000000000;00005007;00000000;00000000;00000000;00000000;0000008651558;0000008606331;0000000073699;00045227;
20170102;DDI;*;K17 ;0000000000000;0000000000000;00070234;00000000;00000000;00000000;00000000;0000009991008;0000009899610;0000000148937;00091398;
20170102;DDI;*;M17 ;0000000000000;0000000000000;00077213;00000000;00000000;00000000;00000000;0000009972575;0000009882041;0000000147529;00090534;
20170102;DDI;*;N17 ;0000000000000;0000000000000;00221772;00000000;00000000;00000000;00000000;0000009954706;0000009866023;0000000144513;00088683;
20170102;DDI;*;N18 ;0000000000000;0000000000000;00044153;00000000;00000000;00000000;00000000;0000009687060;0000009605553;0000000132819;00081507;
20170102;DDI;*;N19 ;0000000000000;0000000000000;00050974;00000000;00000000;00000000;00000000;0000009354464;0000009288160;0000000108045;00066304;
20170102;DDI;*;N20 ;0000000000000;0000000000000;00029665;00000000;00000000;00000000;00000000;0000008958504;0000008896030;0000000101804;00062474;
20170102;DDI;*;N21 ;0000000000000;0000000000000;00004457;00000000;00000000;00000000;00000000;0000008556821;0000008510773;0000000075037;00046048;
20170102;DDI;*;Q17 ;0000000000000;0000000000000;00051444;00000000;00000000;00000000;00000000;0000009934784;0000009845847;0000000144927;00088937;
20170102;DDI;*;U17 ;0000000000000;0000000000000;00027705;00000000;00000000;00000000;00000000;0000009915350;0000009826631;0000000144572;00088719;
20170102;DDI;*;V17 ;0000000000000;0000000000000;00085662;00000000;00000000;00000000;00000000;0000009895691;0000009806042;0000000146087;00089649;
20170102;DDI;*;V18 ;0000000000000;0000000000000;00045148;00000000;00000000;00000000;00000000;0000009612211;0000009534955;0000000125892;00077256;
20170102;DDI;*;V19 ;0000000000000;0000000000000;00030564;00000000;00000000;00000000;00000000;0000009262661;0000009195269;0000000109818;00067392;
20170102;DDI;*;V20 ;0000000000000;0000000000000;00020494;00000000;00000000;00000000;00000000;0000008891734;0000008834112;0000000093897;00057622;
20170102;DDI;*;V21 ;0000000000000;0000000000000;00001942;00000000;00000000;00000000;00000000;0000008453601;0000008410634;0000000070016;00042967;
20170102;DDI;*;X17 ;0000000000000;0000000000000;00019489;00000000;00000000;00000000;00000000;0000009873683;0000009784330;0000000145605;00089353;
20170102;DDI;*;Z17 ;0000000000000;0000000000000;00010260;00000000;00000000;00000000;00000000;0000009853260;0000009764704;0000000144306;00088556;
20170102;DDM;*;K17 ;0000000000000;0000000000000;00000000;00000000;00000000;00000000;00000000;0000009810584;0000009779932;0000000000000;00030652;
20170102;DDM;*;K19 ;0000000000000;0000000000000;00000000;00000000;00000000;00000000;00000000;0000008708775;0000008716788;0000000000000;00008013;
20170102;DDM;*;K21 ;0000000000000;0000000000000;00000000;00000000;00000000;00000000;00000000;0000007770336;0000007755019;0000000000000;00015317;
20170102;DDM;*;Q18 ;0000000000000;0000000000000;00000000;00000000;00000000;00000000;00000000;0000009080088;0000009093875;0000000000000;00013787;
20170102;DDM;*;Q20 ;0000000000000;0000000000000;00000000;00000000;00000000;00000000;00000000;0000008103174;0000008100896;0000000000000;00002278;
20170102;DI1;*;F17 ;0000000000000;0000000000000;04506209;00000000;00000000;00000000;00000000;0000010000000;0000009999998;0000000000002;00000002;
20170102;DI1;*;F18 ;0014009385982;0004280419806;02646447;00011510;00011435;00011510;00011440;0000008984221;0000008978379;0000000005842;00005842;
20170102;DI1;*;F19 ;0005385080810;0001645354520;01513752;00011000;00010930;00011030;00010950;0000008137402;0000008127278;0000000010124;00010124;
20170102;DI1;*;F20 ;0001567861351;0000479043463;00966817;00011170;00011040;00011170;00011050;0000007312235;0000007286046;0000000026189;00026189;
20170102;DI1;*;F21 ;0007007306459;0002141008420;01322361;00011300;00011180;00011330;00011190;0000006551492;0000006522151;0000000029341;00029341;
20170102;DI1;*;F22 ;0000064632722;0000019747845;00065240;00011440;00011300;00011440;00011320;0000005862040;0000005821173;0000000040867;00040867;
20170102;DI1;*;F23 ;0001173299504;0000358489262;00618008;00011500;00011390;00011530;00011390;0000005245156;0000005190010;0000000055146;00055146;
20170102;DI1;*;F24 ;0000004694959;0000001434495;00047140;00011510;00011410;00011540;00011420;0000004707267;0000004663489;0000000043778;00043778;
20170102;DI1;*;F25 ;0000591357496;0000180683032;00483258;00011590;00011440;00011590;00011440;0000004215548;0000004150396;0000000065152;00065152;
20170102;DI1;*;F26 ;0000013943759;0000004260368;00066288;00011560;00011440;00011570;00011440;0000003783875;0000003718023;0000000065852;00065852;
20170102;DI1;*;F27 ;0000417754086;0000127640345;00276022;00011620;00011460;00011620;00011470;0000003386227;0000003332687;0000000053540;00053540;
20170102;DI1;*;F28 ;0000000000000;0000000000000;00000010;00000000;00000000;00000000;00000000;0000003038830;0000002985981;0000000052849;00052849;
20170102;DI1;*;F29 ;0000000000000;0000000000000;00003500;00000000;00000000;00000000;00000000;0000002729425;0000002677686;0000000051739;00051739;
20170102;DI1;*;F30 ;0000000000000;0000000000000;00000020;00000000;00000000;00000000;00000000;0000002446204;0000002396000;0000000050204;00050204;
20170102;DI1;*;G17 ;0011830088532;0003614558505;01054094;00013280;00013270;00013280;00013271;0000009891808;0000009891806;0000000000002;00000002;
20170102;DI1;*;H17 ;0001691491500;0000516817349;00337267;00013150;00013150;00013156;00013155;0000009805740;0000009805848;0000000000108;00000108;
20170102;DI1;*;J17 ;0005089194661;0001554949635;01685201;00012900;00012885;00012925;00012910;0000009701009;0000009701386;0000000000377;00000377;
20170102;DI1;*;J18 ;0000569125794;0000173890371;00776419;00011250;00011210;00011250;00011220;0000008773800;0000008764557;0000000009243;00009243;
20170102;DI1;*;J19 ;0000135996630;0000041552333;00094937;00011010;00010970;00011010;00010980;0000007930166;0000007918904;0000000011262;00011262;
20170102;DI1;*;J20 ;0000010323069;0000003154105;00072673;00011090;00011090;00011100;00011100;0000007119715;0000007086851;0000000032864;00032864;
20170102;DI1;*;J21 ;0000002552846;0000000779995;00025299;00011270;00011200;00011270;00011210;0000006376905;0000006342208;0000000034697;00034697;
20170102;DI1;*;K17 ;0000127489718;0000038953136;00079049;00012745;00012735;00012745;00012740;0000009621895;0000009622072;0000000000177;00000177;
20170102;DI1;*;M17 ;0000200569851;0000061281998;00063679;00012550;00012550;00012550;00012550;0000009528259;0000009528274;0000000000015;00000015;
20170102;DI1;*;N17 ;0007982767682;0002439050286;01107668;00012380;00012340;00012400;00012340;0000009443312;0000009441012;0000000002300;00002300;
20170102;DI1;*;N18 ;0000772878394;0000236144824;00610805;00011120;00011060;00011130;00011080;0000008560705;0000008549648;0000000011057;00011057;
20170102;DI1;*;N19 ;0000349313399;0000106729017;00436031;00011020;00010980;00011040;00010990;0000007727425;0000007713361;0000000014064;00014064;
20170102;DI1;*;N20 ;0001597271612;0000488029458;00638212;00011270;00011130;00011270;00011140;0000006927749;0000006894361;0000000033388;00033388;
20170102;DI1;*;N21 ;0000010847036;0000003314197;00016241;00011360;00011250;00011360;00011250;0000006204171;0000006164181;0000000039990;00039990;
20170102;DI1;*;N22 ;0000001667735;0000000509559;00003745;00011340;00011330;00011340;00011330;0000005548755;0000005500236;0000000048519;00048519;
20170102;DI1;*;N23 ;0000000000000;0000000000000;00003135;00000000;00000000;00000000;00000000;0000004970114;0000004920652;0000000049462;00049462;
20170102;DI1;*;N24 ;0000000000000;0000000000000;00001550;00000000;00000000;00000000;00000000;0000004460399;0000004405635;0000000054764;00054764;
20170102;DI1;*;Q17 ;0000020594132;0000006292319;00021406;00012185;00012160;00012185;00012160;0000009362657;0000009360530;0000000002127;00002127;
20170102;DI1;*;U17 ;0000000463795;0000000141708;00025782;00011935;00011935;00011935;00011935;0000009275127;0000009272256;0000000002871;00002871;
20170102;DI1;*;V17 ;0005534650585;0001691053984;00580083;00011850;00011810;00011850;00011825;0000009199706;0000009198390;0000000001316;00001316;
20170102;DI1;*;V18 ;0001504583295;0000459709522;00611572;00011050;00011000;00011050;00011010;0000008344575;0000008330429;0000000014146;00014146;
20170102;DI1;*;V19 ;0000004510230;0000001378053;00054980;00011020;00011020;00011020;00011020;0000007513724;0000007494383;0000000019341;00019341;
20170102;DI1;*;V20 ;0000011111678;0000003395056;00041369;00011240;00011170;00011240;00011170;0000006733944;0000006701924;0000000032020;00032020;
20170102;DI1;*;V21 ;0000001505879;0000000460105;00015140;00011360;00011290;00011380;00011290;0000006027855;0000005987475;0000000040380;00040380;
20170102;DI1;*;X17 ;0000000912657;0000000278853;00006817;00011650;00011650;00011650;00011650;0000009124944;0000009121209;0000000003735;00003735;
20170102;DI1;*;Z17 ;0000117717678;0000035967392;00001075;00011540;00011540;00011540;00011540;0000009054321;0000009048360;0000000005961;00005961;
20170102;DOL;*;F17 ;0000000000000;0000000000000;00352424;00000000;00000000;00000000;00000000;0000032591000;0000032591000;0000000000000;00000000;
20170102;DOL;*;F18 ;0000000000000;0000000000000;00003275;00000000;00000000;00000000;00000000;0000035629200;0000035327230;0000000150985;00301970;
20170102;DOL;*;F19 ;0000000000000;0000000000000;00000000;00000000;00000000;00000000;00000000;0000038133190;0000037901690;0000000000000;00231500;
20170102;DOL;*;F20 ;0000000000000;0000000000000;00000000;00000000;00000000;00000000;00000000;0000040832150;0000043000000;0000000000000;02167850;
20170102;DOL;*;F21 ;0000000000000;0000000000000;00003100;00000000;00000000;00000000;00000000;0000043551350;0000043495150;0000000028100;00056200;
20170102;DOL;*;F25 ;0000000000000;0000000000000;00000000;00000000;00000000;00000000;00000000;0000053995710;0000054109820;0000000000000;00114110;
20170102;DOL;*;G17 ;0021481745875;0006563520387;00542335;03285000;03284000;03316000;03314500;0000033082670;0000032781960;0000000150355;00300710;
20170102;DOL;*;H17 ;0000000000000;0000000000000;00030325;00000000;00000000;00000000;00000000;0000033323630;0000033018950;0000000152340;00304680;
20170102;DOL;*;J17 ;0000050160000;0000015325858;00005928;03344000;03344000;03344000;03344000;0000033622670;0000033315080;0000000153795;00307590;
20170102;DOL;*;J18 ;0000000000000;0000000000000;00000000;00000000;00000000;00000000;00000000;0000036252350;0000035968780;0000000000000;00283570;
20170102;DOL;*;J19 ;0000000000000;0000000000000;00000000;00000000;00000000;00000000;00000000;0000038844060;0000038621320;0000000000000;00222740;
20170102;DOL;*;K17 ;0000000000000;0000000000000;00000265;00000000;00000000;00000000;00000000;0000033841250;0000033531050;0000000155100;00310200;
20170102;DOL;*;M17 ;0000000000000;0000000000000;00000270;00000000;00000000;00000000;00000000;0000034110770;0000033801040;0000000154865;00309730;
20170102;DOL;*;N17 ;0000000000000;0000000000000;00016430;00000000;00000000;00000000;00000000;0000034355940;0000034058160;0000000148890;00297780;
20170102;DOL;*;N18 ;0000000000000;0000000000000;00000170;00000000;00000000;00000000;00000000;0000036879080;0000036616070;0000000131505;00263010;
20170102;DOL;*;N19 ;0000000000000;0000000000000;00000400;00000000;00000000;00000000;00000000;0000039453160;0000039244940;0000000104110;00208220;
20170102;DOL;*;N21 ;0000000000000;0000000000000;00000000;00000000;00000000;00000000;00000000;0000044949660;0000044997790;0000000000000;00048130;
20170102;DOL;*;Q17 ;0000000000000;0000000000000;00000160;00000000;00000000;00000000;00000000;0000034582550;0000034280750;0000000150900;00301800;
20170102;DOL;*;U17 ;0000000000000;0000000000000;00000790;00000000;00000000;00000000;00000000;0000034840620;0000034539570;0000000150525;00301050;
20170102;DOL;*;V17 ;0000000000000;0000000000000;00001035;00000000;00000000;00000000;00000000;0000035056610;0000034743990;0000000156310;00312620;
20170102;DOL;*;V18 ;0000000000000;0000000000000;00000000;00000000;00000000;00000000;00000000;0000037541950;0000037303450;0000000000000;00238500;
20170102;DOL;*;V19 ;0000000000000;0000000000000;00000000;00000000;00000000;00000000;00000000;0000040177070;0000039987680;0000000000000;00189390;
20170102;DOL;*;X17 ;0000000000000;0000000000000;00000000;00000000;00000000;00000000;00000000;0000035265220;0000034960400;0000000000000;00304820;
20170102;DOL;*;Z17 ;0000000000000;0000000000000;00000000;00000000;00000000;00000000;00000000;0000035466780;0000035171180;0000000000000;00295600;
20170102;DR1;*;G7H7;0000000000000;0000000000000;00000000;00000000;00000000;00000000;00000000;0000000000000;0000000000000;0000000000000;00000000;
20170102;ETH;*;F17 ;0000000000000;0000000000000;00001629;00000000;00000000;00000000;00000000;0000000192500;0000000192500;0000000000000;00000000;
20170102;ETH;*;G17 ;0000000000000;0000000000000;00000804;00000000;00000000;00000000;00000000;0000000194500;0000000194500;0000000000000;00000000;
20170102;ETH;*;H17 ;0000000583500;0000000178250;00000519;00194500;00194500;00194500;00194500;0000000194000;0000000194000;0000000000000;00000000;
20170102;ETH;*;J17 ;0000000000000;0000000000000;00000000;00000000;00000000;00000000;00000000;0000000155100;0000000155100;0000000000000;00000000;
20170102;ETH;*;K17 ;0000000000000;0000000000000;00000030;00000000;00000000;00000000;00000000;0000000159000;0000000159000;0000000000000;00000000;
20170102;ETH;*;M17 ;0000000000000;0000000000000;00000180;00000000;00000000;00000000;00000000;0000000160000;0000000160000;0000000000000;00000000;
20170102;ETH;*;N17 ;0000000000000;0000000000000;00000205;00000000;00000000;00000000;00000000;0000000165000;0000000165000;0000000000000;00000000;
20170102;ETH;*;Q17 ;0000000000000;0000000000000;00000205;00000000;00000000;00000000;00000000;0000000165000;0000000165000;0000000000000;00000000;
20170102;ETH;*;U17 ;0000000000000;0000000000000;00000000;00000000;00000000;00000000;00000000;0000000160000;0000000160000;0000000000000;00000000;
20170102;ETH;*;V17 ;0000000000000;0000000000000;00000000;00000000;00000000;00000000;00000000;0000000161000;0000000161000;0000000000000;00000000;
20170102;ETH;*;X17 ;0000000000000;0000000000000;00000000;00000000;00000000;00000000;00000000;0000000163000;0000000163000;0000000000000;00000000;
20170102;ETH;*;Z17 ;0000000000000;0000000000000;00000000;00000000;00000000;00000000;00000000;0000000165000;0000000165000;0000000000000;00000000;
20170102;EUR;*;F17 ;0000000000000;0000000000000;00001877;00000000;00000000;00000000;00000000;0000034375360;0000034375360;0000000000000;00000000;
20170102;EUR;*;G17 ;0000012108275;0000003699555;00016085;03454800;03454800;03460000;03459900;0000034687140;0000034366470;0000000160335;00320670;
20170102;EUR;*;H17 ;0000000000000;0000000000000;00000295;00000000;00000000;00000000;00000000;0000034972710;0000034647130;0000000162790;00325580;
20170102;EUR;*;J17 ;0000000000000;0000000000000;00000275;00000000;00000000;00000000;00000000;0000035338160;0000035012420;0000000162870;00325740;
20170102;EUR;*;K17 ;0000000000000;0000000000000;00000000;00000000;00000000;00000000;00000000;0000035619880;0000035290550;0000000000000;00329330;
20170102;EUR;*;N17 ;0000000000000;0000000000000;00000000;00000000;00000000;00000000;00000000;0000036272930;0000035955630;0000000000000;00317300;
20170102;EUR;*;V17 ;0000000000000;0000000000000;00000000;00000000;00000000;00000000;00000000;0000037200010;0000036869480;0000000000000;00330530;
20170102;FRC;*;F18 ;0000000000000;0000000000000;00000000;00000240;00000240;00000240;00000240;0000000000240;0000000000240;0000000000000;00000000;
20170102;FRC;*;F19 ;0000000000000;0000000000000;00000000;00000271;00000271;00000281;00000281;0000000000281;0000000000271;0000000000005;00000010;
20170102;FRC;*;F20 ;0000000000000;0000000000000;00000000;00000320;00000320;00000325;00000325;0000000000325;0000000000320;0000000000002;00000005;
20170102;FRC;*;F21 ;0000000000000;0000000000000;00000000;00000359;00000359;00000369;00000369;0000000000369;0000000000359;0000000000005;00000010;
20170102;FRC;*;F22 ;0000000000000;0000000000000;00000000;00000403;00000403;00000412;00000412;0000000000412;0000000000403;0000000000004;00000009;
20170102;FRC;*;F23 ;0000000000000;0000000000000;00000000;00000444;00000444;00000455;00000455;0000000000455;0000000000444;0000000000005;00000011;
20170102;FRC;*;F24 ;0000000000000;0000000000000;00000000;00000508;00000496;00000508;00000496;0000000000500;0000000000508;0000000000004;00000008;
20170102;FRC;*;F25 ;0000000000000;0000000000000;00000000;00000553;00000548;00000553;00000548;0000000000545;0000000000553;0000000000004;00000008;
20170102;FRC;*;F26 ;0000000000000;0000000000000;00000000;00000000;00000000;00000000;00000000;0000000000579;0000000000587;0000000000000;00000008;
20170102;FRC;*;F27 ;0000000000000;0000000000000;00000000;00000000;00000000;00000000;00000000;0000000000605;0000000000613;0000000000000;00000008;
20170102;FRC;*;F28 ;0000000000000;0000000000000;00000000;00000000;00000000;00000000;00000000;0000000000636;0000000000644;0000000000000;00000008;
20170102;FRC;*;F29 ;0000000000000;0000000000000;00000000;00000000;00000000;00000000;00000000;0000000000667;0000000000675;0000000000000;00000008;
20170102;FRC;*;F30 ;0000000000000;0000000000000;00000000;00000000;00000000;00000000;00000000;0000000000696;0000000000704;0000000000000;00000008;
20170102;FRC;*;H17 ;0000000000000;0000000000000;00000000;00000195;00000191;00000195;00000191;0000000000191;0000000000195;0000000000002;00000004;
20170102;FRC;*;J17 ;0000000000000;0000000000000;00000000;00000195;00000187;00000195;00000187;0000000000194;0000000000195;0000000000000;00000001;
20170102;FRC;*;J18 ;0000000000000;0000000000000;00000000;00000242;00000242;00000242;00000242;0000000000244;0000000000242;0000000000001;00000002;
20170102;FRC;*;J19 ;0000000000000;0000000000000;00000000;00000000;00000000;00000000;00000000;0000000000285;0000000000275;0000000000000;00000010;
20170102;FRC;*;J20 ;0000000000000;0000000000000;00000000;00000327;00000327;00000327;00000327;0000000000333;0000000000327;0000000000003;00000006;
20170102;FRC;*;J21 ;0000000000000;0000000000000;00000000;00000000;00000000;00000000;00000000;0000000000380;0000000000370;0000000000000;00000010;
20170102;FRC;*;K17 ;0000000000000;0000000000000;00000000;00000202;00000200;00000202;00000200;0000000000200;0000000000202;0000000000001;00000002;
20170102;FRC;*;M17 ;0000000000000;0000000000000;00000000;00000206;00000206;00000206;00000206;0000000000206;0000000000206;0000000000000;00000000;
20170102;FRC;*;N17 ;0000000000000;0000000000000;00000000;00000201;00000199;00000205;00000205;0000000000205;0000000000201;0000000000002;00000004;
20170102;FRC;*;N18 ;0000000000000;0000000000000;00000000;00000250;00000250;00000250;00000250;0000000000255;0000000000250;0000000000002;00000005;
20170102;FRC;*;N19 ;0000000000000;0000000000000;00000000;00000300;00000300;00000300;00000300;0000000000300;0000000000291;0000000000004;00000009;
20170102;FRC;*;N20 ;0000000000000;0000000000000;00000000;00000342;00000342;00000342;00000342;0000000000349;0000000000342;0000000000003;00000007;
20170102;FRC;*;N21 ;0000000000000;0000000000000;00000000;00000000;00000000;00000000;00000000;0000000000388;0000000000378;0000000000000;00000010;
20170102;FRC;*;Q17 ;0000000000000;0000000000000;00000000;00000210;00000210;00000210;00000210;0000000000213;0000000000210;0000000000001;00000003;
20170102;FRC;*;U17 ;0000000000000;0000000000000;00000000;00000217;00000217;00000217;00000217;0000000000215;0000000000213;0000000000001;00000002;
20170102;FRC;*;V17 ;0000000000000;0000000000000;00000000;00000217;00000217;00000217;00000217;0000000000218;0000000000217;0000000000000;00000001;
20170102;FRC;*;V18 ;0000000000000;0000000000000;00000000;00000258;00000258;00000258;00000258;0000000000265;0000000000258;0000000000003;00000007;
20170102;FRC;*;V19 ;0000000000000;0000000000000;00000000;00000000;00000000;00000000;00000000;0000000000311;0000000000304;0000000000000;00000007;
20170102;FRC;*;V20 ;0000000000000;0000000000000;00000000;00000340;00000340;00000340;00000340;0000000000348;0000000000340;0000000000004;00000008;
20170102;FRC;*;V21 ;0000000000000;0000000000000;00000000;00000000;00000000;00000000;00000000;0000000000397;0000000000387;0000000000000;00000010;
20170102;FRC;*;X17 ;0000000000000;0000000000000;00000000;00000223;00000223;00000223;00000223;0000000000224;0000000000223;0000000000000;00000001;
20170102;FRC;*;Z17 ;0000000000000;0000000000000;00000000;00000000;00000000;00000000;00000000;0000000000226;0000000000225;0000000000000;00000001;
20170102;FRO;*;F18 ;0000000000000;0000000000000;00000000;00000000;00000000;00000000;00000000;0000000000241;0000000000242;0000000000000;00000001;
20170102;FRO;*;F19 ;0000000000000;0000000000000;00000000;00000000;00000000;00000000;00000000;0000000000282;0000000000272;0000000000000;00000010;
20170102;FRO;*;F20 ;0000000000000;0000000000000;00000000;00000000;00000000;00000000;00000000;0000000000327;0000000000322;0000000000000;00000005;
20170102;FRO;*;F21 ;0000000000000;0000000000000;00000000;00000000;00000000;00000000;00000000;0000000000371;0000000000361;0000000000000;00000010;
20170102;FRO;*;F22 ;0000000000000;0000000000000;00000000;00000000;00000000;00000000;00000000;0000000000414;0000000000405;0000000000000;00000009;
20170102;FRO;*;F23 ;0000000000000;0000000000000;00000000;00000000;00000000;00000000;00000000;0000000000457;0000000000446;0000000000000;00000011;
20170102;FRO;*;F24 ;0000000000000;0000000000000;00000000;00000000;00000000;00000000;00000000;0000000000502;0000000000510;0000000000000;00000008;
20170102;FRO;*;F25 ;0000000000000;0000000000000;00000000;00000000;00000000;00000000;00000000;0000000000547;0000000000555;0000000000000;00000008;
20170102;FRO;*;F26 ;0000000000000;0000000000000;00000000;00000000;00000000;00000000;00000000;0000000000581;0000000000589;0000000000000;00000008;
20170102;FRO;*;F27 ;0000000000000;0000000000000;00000000;00000000;00000000;00000000;00000000;0000000000607;0000000000615;0000000000000;00000008;
20170102;FRO;*;F28 ;0000000000000;0000000000000;00000000;00000000;00000000;00000000;00000000;0000000000639;0000000000647;0000000000000;00000008;
20170102;FRO;*;F29 ;0000000000000;0000000000000;00000000;00000000;00000000;00000000;00000000;0000000000670;0000000000678;0000000000000;00000008;
20170102;FRO;*;F30 ;0000000000000;0000000000000;00000000;00000000;00000000;00000000;00000000;0000000000699;0000000000707;0000000000000;00000008;
20170102;FRO;*;H17 ;0000000000000;0000000000000;00000000;00000000;00000000;00000000;00000000;0000000000193;0000000000197;0000000000000;00000004;
20170102;FRO;*;J17 ;0000000000000;0000000000000;00000000;00000000;00000000;00000000;00000000;0000000000196;0000000000197;0000000000000;00000001;
20170102;FRO;*;J18 ;0000000000000;0000000000000;00000000;00000000;00000000;00000000;00000000;0000000000245;0000000000244;0000000000000;00000001;
20170102;FRO;*;J19 ;0000000000000;0000000000000;00000000;00000000;00000000;00000000;00000000;0000000000286;0000000000276;0000000000000;00000010;
20170102;FRO;*;J20 ;0000000000000;0000000000000;00000000;00000000;00000000;00000000;00000000;0000000000335;0000000000329;0000000000000;00000006;
20170102;FRO;*;J21 ;0000000000000;0000000000000;00000000;00000000;00000000;00000000;00000000;0000000000382;0000000000372;0000000000000;00000010;
20170102;FRO;*;K17 ;0000000000000;0000000000000;00000000;00000000;00000000;00000000;00000000;0000000000202;0000000000204;0000000000000;00000002;
20170102;FRO;*;M17 ;0000000000000;0000000000000;00000000;00000000;00000000;00000000;00000000;0000000000208;0000000000208;0000000000000;00000000;
20170102;FRO;*;N17 ;0000000000000;0000000000000;00000000;00000000;00000000;00000000;00000000;0000000000207;0000000000203;0000000000000;00000004;
20170102;FRO;*;N18 ;0000000000000;0000000000000;00000000;00000000;00000000;00000000;00000000;0000000000256;0000000000251;0000000000000;00000005;
20170102;FRO;*;N19 ;0000000000000;0000000000000;00000000;00000000;00000000;00000000;00000000;0000000000301;0000000000293;0000000000000;00000008;
20170102;FRO;*;N20 ;0000000000000;0000000000000;00000000;00000000;00000000;00000000;00000000;0000000000351;0000000000344;0000000000000;00000007;
20170102;FRO;*;N21 ;0000000000000;0000000000000;00000000;00000000;00000000;00000000;00000000;0000000000390;0000000000380;0000000000000;00000010;
20170102;FRO;*;Q17 ;0000000000000;0000000000000;00000000;00000000;00000000;00000000;00000000;0000000000215;0000000000212;0000000000000;00000003;
20170102;FRO;*;U17 ;0000000000000;0000000000000;00000000;00000000;00000000;00000000;00000000;0000000000217;0000000000215;0000000000000;00000002;
20170102;FRO;*;V17 ;0000000000000;0000000000000;00000000;00000000;00000000;00000000;00000000;0000000000219;0000000000219;0000000000000;00000000;
20170102;FRO;*;V18 ;0000000000000;0000000000000;00000000;00000000;00000000;00000000;00000000;0000000000266;0000000000259;0000000000000;00000007;
20170102;FRO;*;V19 ;0000000000000;0000000000000;00000000;00000000;00000000;00000000;00000000;0000000000313;0000000000306;0000000000000;00000007;
20170102;FRO;*;V20 ;0000000000000;0000000000000;00000000;00000000;00000000;00000000;00000000;0000000000350;0000000000342;0000000000000;00000008;
20170102;FRO;*;V21 ;0000000000000;0000000000000;00000000;00000000;00000000;00000000;00000000;0000000000399;0000000000389;0000000000000;00000010;
20170102;FRO;*;X17 ;0000000000000;0000000000000;00000000;00000000;00000000;00000000;00000000;0000000000225;0000000000225;0000000000000;00000000;
20170102;FRO;*;Z17 ;0000000000000;0000000000000;00000000;00000000;00000000;00000000;00000000;0000000000227;0000000000227;0000000000000;00000000;
20170102;FRP;*;FRP0;0000000000000;0000000000000;00000000;00002770;00002760;00002820;00002780;0000000000000;0000000000000;0000000000000;00000000;
20170102;GBP;*;F17 ;0000000000000;0000000000000;00000010;00000000;00000000;00000000;00000000;0000040271070;0000040271070;0000000000000;00000000;
20170102;GBP;*;G17 ;0000000141960;0000000043374;00000394;04056000;04056000;04056000;04056000;0000040662750;0000040098390;0000000197526;00564360;
20170102;GBP;*;H17 ;0000019333282;0000005907080;00000305;04091700;04091700;04091700;04091700;0000040974750;0000040403620;0000000199895;00571130;
20170102;GBP;*;J17 ;0000000000000;0000000000000;00000000;00000000;00000000;00000000;00000000;0000041374240;0000040800000;0000000000000;00574240;
20170102;HSI;*;F17 ;0000000000000;0000000000000;00000000;00000000;00000000;00000000;00000000;0000000021789;0000000021789;0000000000000;00000000;
20170102;HSI;*;G17 ;0000000000000;0000000000000;00000000;00000000;00000000;00000000;00000000;0000000021768;0000000021768;0000000000000;00000000;
20170102;IAP;*;F17 ;0000000000000;0000000000000;00000000;00000000;00000000;00000000;00000000;0000000477566;0000000477570;0000000000100;00000004;
20170102;IAP;*;G17 ;0000000000000;0000000000000;00000000;00000000;00000000;00000000;00000000;0000000479377;0000000479417;0000000000000;00000040;
20170102;IAP;*;H17 ;0000000000000;0000000000000;00000000;00000000;00000000;00000000;00000000;0000000481329;0000000481359;0000000000000;00000030;
20170102;IAP;*;K17 ;0000000000000;0000000000000;00000000;00000000;00000000;00000000;00000000;0000000487033;0000000487183;0000000000000;00000150;
20170102;IAP;*;K19 ;0000000000000;0000000000000;00000000;00000000;00000000;00000000;00000000;0000000533824;0000000534007;0000000000000;00000183;
20170102;IAP;*;K21 ;0000000000000;0000000000000;00000000;00000000;00000000;00000000;00000000;0000000592396;0000000593908;0000000000000;00001512;
20170102;IAP;*;Q18 ;0000000000000;0000000000000;00000000;00000000;00000000;00000000;00000000;0000000515105;0000000515631;0000000000000;00000526;
20170102;IAP;*;Q20 ;0000000000000;0000000000000;00000000;00000000;00000000;00000000;00000000;0000000570037;0000000571200;0000000000000;00001163;
20170102;IAP;*;Q22 ;0000000000000;0000000000000;00000000;00000000;00000000;00000000;00000000;0000000634153;0000000636471;0000000000000;00002318;
20170102;ICF;*;H17 ;0000000158487;0000000048415;00003790;00016015;00016015;00016200;00016200;0000000015985;0000000015985;0000000000000;00000000;
20170102;ICF;*;U17 ;0000005614053;0000001715000;00002236;00017150;00017150;00017150;00017150;0000000016925;0000000016925;0000000000000;00000000;
20170102;ICF;*;U18 ;0000000000000;0000000000000;00000294;00000000;00000000;00000000;00000000;0000000017425;0000000017425;0000000000000;00000000;
20170102;ICF;*;Z17 ;0000000000000;0000000000000;00000192;00000000;00000000;00000000;00000000;0000000017405;0000000017405;0000000000000;00000000;
20170102;ICF;*;Z18 ;0000000000000;0000000000000;00000029;00000000;00000000;00000000;00000000;0000000017760;0000000017760;0000000000000;00000000;
20170102;IGM;*;K17 ;0000000000000;0000000000000;00000000;00000000;00000000;00000000;00000000;0000000674272;0000000672153;0000000042380;00002119;
20170102;IGM;*;K19 ;0000000000000;0000000000000;00000000;00000000;00000000;00000000;00000000;0000000732637;0000000734444;0000000000000;00001807;
20170102;IGM;*;K21 ;0000000000000;0000000000000;00000000;00000000;00000000;00000000;00000000;0000000812965;0000000816077;0000000000000;00003112;
20170102;IGM;*;Q18 ;0000000000000;0000000000000;00000000;00000000;00000000;00000000;00000000;0000000707615;0000000709706;0000000000000;00002091;
20170102;IGM;*;Q20 ;0000000000000;0000000000000;00000000;00000000;00000000;00000000;00000000;0000000781306;0000000784847;0000000000000;00003541;
20170102;IND;*;G17 ;0001565312750;0000478264765;00275911;00060895;00060215;00060895;00060290;0000000060366;0000000061083;0000000071700;00000717;
20170102;IND;*;G18 ;0000000000000;0000000000000;00000000;00000000;00000000;00000000;00000000;0000000066264;0000000067108;0000000000000;00000844;
20170102;IND;*;J17 ;0000013524000;0000004132115;00011190;00061500;00061350;00061500;00061350;0000000061351;0000000062069;0000000071800;00000718;
20170102;IND;*;J18 ;0000000000000;0000000000000;00000000;00000000;00000000;00000000;00000000;0000000067294;0000000068169;0000000000000;00000875;
20170102;IND;*;M17 ;0000000000000;0000000000000;00018890;00000000;00000000;00000000;00000000;0000000062396;0000000063132;0000000073600;00000736;
20170102;IND;*;M18 ;0000000000000;0000000000000;00001080;00000000;00000000;00000000;00000000;0000000068200;0000000069097;0000000089700;00000897;
20170102;IND;*;Q17 ;0000000000000;0000000000000;00002345;00000000;00000000;00000000;00000000;0000000063418;0000000064189;0000000077100;00000771;
20170102;IND;*;Q18 ;0000000000000;0000000000000;00000000;00000000;00000000;00000000;00000000;0000000069310;0000000070238;0000000000000;00000928;
20170102;IND;*;V17 ;0000000000000;0000000000000;00000000;00000000;00000000;00000000;00000000;0000000064376;0000000065159;0000000000000;00000783;
20170102;IND;*;V18 ;0000000000000;0000000000000;00000000;00000000;00000000;00000000;00000000;0000000070399;0000000071351;0000000000000;00000952;
20170102;IND;*;Z17 ;0000000000000;0000000000000;00008010;00000000;00000000;00000000;00000000;0000000065320;0000000066139;0000000081900;00000819;
20170102;IND;*;Z18 ;0000000000000;0000000000000;00000000;00000000;00000000;00000000;00000000;0000000071389;0000000072334;0000000000000;00000945;
20170102;IR1;*;G7J7;0000000000000;0000000000000;00000000;00000000;00000000;00000000;00000000;0000000000000;0000000000000;0000000000000;00000000;
20170102;IR1;*;G7M7;0000000000000;0000000000000;00000000;00000000;00000000;00000000;00000000;0000000000000;0000000000000;0000000000000;00000000;
20170102;IR1;*;G7Q7;0000000000000;0000000000000;00000000;00000000;00000000;00000000;00000000;0000000000000;0000000000000;0000000000000;00000000;
20170102;IR1;*;G7V7;0000000000000;0000000000000;00000000;00000000;00000000;00000000;00000000;0000000000000;0000000000000;0000000000000;00000000;
20170102;IR1;*;G7Z7;0000000000000;0000000000000;00000000;00000000;00000000;00000000;00000000;0000000000000;0000000000000;0000000000000;00000000;
20170102;ISP;*;H17 ;0000001097850;0000000335375;00002204;00223500;00223500;00223625;00223625;0000000223625;0000000224425;0000000130940;00000800;
20170102;ISP;*;M17 ;0000000000000;0000000000000;00000005;00000000;00000000;00000000;00000000;0000000223050;0000000223875;0000000135031;00000825;
20170102;ISP;*;U17 ;0000000000000;0000000000000;00000000;00000000;00000000;00000000;00000000;0000000222600;0000000223450;0000000000000;00000850;
20170102;JPY;*;F17 ;0000000000000;0000000000000;00000206;00000000;00000000;00000000;00000000;0000027942730;0000027942730;0000000000000;00000000;
20170102;JPY;*;G17 ;0000000000000;0000000000000;00000986;00000000;00000000;00000000;00000000;0000028204100;0000028160400;0000000021850;00043700;
20170102;JPY;*;H17 ;0000000000000;0000000000000;00000150;00000000;00000000;00000000;00000000;0000028429600;0000028383400;0000000023100;00046200;
20170102;JPY;*;J17 ;0000050213645;0000015342248;00000246;02861100;02861100;02861200;02861200;0000028720200;0000028676200;0000000022000;00044000;
20170102;JPY;*;K17 ;0000000000000;0000000000000;00000000;00000000;00000000;00000000;00000000;0000028943600;0000028900000;0000000000000;00043600;
20170102;JSE;*;H17 ;0000000000000;0000000000000;00000000;00000000;00000000;00000000;00000000;0000000044562;0000000044562;0000000000000;00000000;
20170102;JSE;*;M17 ;0000000000000;0000000000000;00000000;00000000;00000000;00000000;00000000;0000000044992;0000000044992;0000000000000;00000000;
20170102;MIX;*;H17 ;0000000000000;0000000000000;00000000;00000000;00000000;00000000;00000000;0000000002245;0000000002245;0000000000000;00000000;
20170102;MIX;*;M17 ;0000000000000;0000000000000;00000000;00000000;00000000;00000000;00000000;0000000002267;0000000002267;0000000000000;00000000;
20170102;MXN;*;F17 ;0000000000000;0000000000000;00000015;00000000;00000000;00000000;00000000;0000015819720;0000015819720;0000000000000;00000000;
20170102;MXN;*;G17 ;0000000000000;0000000000000;00000250;00000000;00000000;00000000;00000000;0000015885440;0000015782410;0000000077272;00103030;
20170102;MXN;*;H17 ;0000000000000;0000000000000;00000012;00000000;00000000;00000000;00000000;0000015934710;0000015830810;0000000077925;00103900;
20170102;MXN;*;J17 ;0000000000000;0000000000000;00000000;00000000;00000000;00000000;00000000;0000016003310;0000015890000;0000000000000;00113310;
20170102;NZD;*;F17 ;0000000000000;0000000000000;00000001;00000000;00000000;00000000;00000000;0000022725700;0000022725700;0000000000000;00000000;
20170102;NZD;*;G17 ;0000000000000;0000000000000;00000076;00000000;00000000;00000000;00000000;0000022939390;0000022771250;0000000126105;00168140;
20170102;NZD;*;H17 ;0000000000000;0000000000000;00000000;00000000;00000000;00000000;00000000;0000023091790;0000022915070;0000000000000;00176720;
20170102;NZD;*;J17 ;0000000000000;0000000000000;00000000;00000000;00000000;00000000;00000000;0000023276710;0000023100000;0000000000000;00176710;
20170102;OC1;*;F17 ;0000000000000;0000000000000;00293593;00000000;00000000;00000000;00000000;0000010000000;0000009999998;0000000000002;00000002;
20170102;OC1;*;F18 ;0000000000000;0000000000000;00000000;00000000;00000000;00000000;00000000;0000008982867;0000008977029;0000000000000;00005838;
20170102;OC1;*;F19 ;0000000000000;0000000000000;00000000;00000000;00000000;00000000;00000000;0000008135079;0000008124961;0000000000000;00010118;
20170102;OC1;*;F20 ;0000000000000;0000000000000;00000000;00000000;00000000;00000000;00000000;0000007309092;0000007282920;0000000000000;00026172;
20170102;OC1;*;F21 ;0000000000000;0000000000000;00000000;00000000;00000000;00000000;00000000;0000006547741;0000006518190;0000000000000;00029551;
20170102;OC1;*;F22 ;0000000000000;0000000000000;00000000;00000000;00000000;00000000;00000000;0000005857588;0000005816760;0000000000000;00040828;
20170102;OC1;*;F23 ;0000000000000;0000000000000;00000000;00000000;00000000;00000000;00000000;0000005240379;0000005185292;0000000000000;00055087;
20170102;OC1;*;F24 ;0000000000000;0000000000000;00000000;00000000;00000000;00000000;00000000;0000004702272;0000004658548;0000000000000;00043724;
20170102;OC1;*;F25 ;0000000000000;0000000000000;00000000;00000000;00000000;00000000;00000000;0000004210428;0000004145366;0000000000000;00065062;
20170102;OC1;*;F26 ;0000000000000;0000000000000;00000000;00000000;00000000;00000000;00000000;0000003778700;0000003712949;0000000000000;00065751;
20170102;OC1;*;F27 ;0000000000000;0000000000000;00000000;00000000;00000000;00000000;00000000;0000003381085;0000003327637;0000000000000;00053448;
20170102;OC1;*;F28 ;0000000000000;0000000000000;00000000;00000000;00000000;00000000;00000000;0000003033755;0000002981003;0000000000000;00052752;
20170102;OC1;*;F29 ;0000000000000;0000000000000;00000000;00000000;00000000;00000000;00000000;0000002724457;0000002672820;0000000000000;00051637;
20170102;OC1;*;F30 ;0000000000000;0000000000000;00000000;00000000;00000000;00000000;00000000;0000002441383;0000002391286;0000000000000;00050097;
20170102;OC1;*;G17 ;0000000000000;0000000000000;00010000;00000000;00000000;00000000;00000000;0000009891663;0000009891653;0000000000010;00000010;
20170102;OC1;*;H17 ;0000000000000;0000000000000;00000000;00000000;00000000;00000000;00000000;0000009805478;0000009805587;0000000000000;00000109;
20170102;OC1;*;J17 ;0000000000000;0000000000000;00029800;00000000;00000000;00000000;00000000;0000009700601;0000009700979;0000000000378;00000378;
20170102;OC1;*;J18 ;0000000000000;0000000000000;00000000;00000000;00000000;00000000;00000000;0000008772247;0000008762913;0000000000000;00009334;
20170102;OC1;*;J19 ;0000000000000;0000000000000;00000000;00000000;00000000;00000000;00000000;0000007927626;0000007916373;0000000000000;00011253;
20170102;OC1;*;J20 ;0000000000000;0000000000000;00000000;00000000;00000000;00000000;00000000;0000007116404;0000007083355;0000000000000;00033049;
20170102;OC1;*;J21 ;0000000000000;0000000000000;00000000;00000000;00000000;00000000;00000000;0000006372792;0000006338124;0000000000000;00034668;
20170102;OC1;*;K17 ;0000000000000;0000000000000;00000000;00000000;00000000;00000000;00000000;0000009621374;0000009621552;0000000000000;00000178;
20170102;OC1;*;M17 ;0000000000000;0000000000000;00000000;00000000;00000000;00000000;00000000;0000009527636;0000009527653;0000000000000;00000017;
20170102;OC1;*;N17 ;0000000000000;0000000000000;00000000;00000000;00000000;00000000;00000000;0000009442568;0000009440269;0000000000000;00002299;
20170102;OC1;*;N18 ;0000000000000;0000000000000;00000000;00000000;00000000;00000000;00000000;0000008558880;0000008547831;0000000000000;00011049;
20170102;OC1;*;N19 ;0000000000000;0000000000000;00000000;00000000;00000000;00000000;00000000;0000007724677;0000007710621;0000000000000;00014056;
20170102;OC1;*;N20 ;0000000000000;0000000000000;00000000;00000000;00000000;00000000;00000000;0000006924287;0000006890707;0000000000000;00033580;
20170102;OC1;*;N21 ;0000000000000;0000000000000;00000000;00000000;00000000;00000000;00000000;0000006199937;0000006159982;0000000000000;00039955;
20170102;OC1;*;N22 ;0000000000000;0000000000000;00000000;00000000;00000000;00000000;00000000;0000005544126;0000005495656;0000000000000;00048470;
20170102;OC1;*;N23 ;0000000000000;0000000000000;00000000;00000000;00000000;00000000;00000000;0000004965215;0000004915810;0000000000000;00049405;
20170102;OC1;*;N24 ;0000000000000;0000000000000;00000000;00000000;00000000;00000000;00000000;0000004455331;0000004400639;0000000000000;00054692;
20170102;OC1;*;Q17 ;0000000000000;0000000000000;00000000;00000000;00000000;00000000;00000000;0000009361793;0000009359667;0000000000000;00002126;
20170102;OC1;*;U17 ;0000000000000;0000000000000;00000000;00000000;00000000;00000000;00000000;0000009274133;0000009271264;0000000000000;00002869;
20170102;OC1;*;V17 ;0000000000000;0000000000000;00000000;00000000;00000000;00000000;00000000;0000009198663;0000009197349;0000000000000;00001314;
20170102;OC1;*;V18 ;0000000000000;0000000000000;00000000;00000000;00000000;00000000;00000000;0000008342489;0000008328352;0000000000000;00014137;
20170102;OC1;*;V19 ;0000000000000;0000000000000;00000000;00000000;00000000;00000000;00000000;0000007510769;0000007491440;0000000000000;00019329;
20170102;OC1;*;V20 ;0000000000000;0000000000000;00000000;00000000;00000000;00000000;00000000;0000006730331;0000006698108;0000000000000;00032223;
20170102;OC1;*;V21 ;0000000000000;0000000000000;00000000;00000000;00000000;00000000;00000000;0000006023506;0000005983162;0000000000000;00040344;
20170102;OC1;*;X17 ;0000000000000;0000000000000;00000000;00000000;00000000;00000000;00000000;0000009123792;0000009120059;0000000000000;00003733;
20170102;OC1;*;Z17 ;0000000000000;0000000000000;00000000;00000000;00000000;00000000;00000000;0000009053067;0000009047109;0000000000000;00005958;
20170102;OZ1;*;0000;0000000973775;0000000297527;00000000;00122000;00120000;00122000;00120000;0000000121844;0000000119930;0000000000000;00001200;
20170102;OZ1;*;G17 ;0000000000000;0000000000000;00000000;00000000;00000000;00000000;00000000;0000000121253;0000000120162;0000000000000;00001091;
20170102;OZ1;*;H17 ;0000000000000;0000000000000;00000000;00000000;00000000;00000000;00000000;0000000122318;0000000120000;0000000000000;00002318;
20170102;OZ2;*;0000;0000000025198;0000000007699;00000000;00120500;00118000;00121000;00120500;0000000120114;0000000120242;0000000000000;00000000;
20170102;OZ3;*;0000;0000000001539;0000000000470;00000000;00118000;00118000;00118000;00118000;0000000118000;0000000119000;0000000000000;00001000;
20170102;SCS;*;F702;0000000000000;0000000000000;00151720;00000000;00000000;00000000;00000000;0000000000000;0000000000000;0000000000000;00000000;
20170102;SCS;*;G701;0000000000000;0000000000000;00128620;00000000;00000000;00000000;00000000;0000000000000;0000000000000;0000000000000;00000000;
20170102;SCS;*;H701;0000000000000;0000000000000;00108335;00000000;00000000;00000000;00000000;0000000000000;0000000000000;0000000000000;00000000;
20170102;SCS;*;J703;0000000000000;0000000000000;00194220;00000000;00000000;00000000;00000000;0000000000000;0000000000000;0000000000000;00000000;
20170102;SFI;*;K17 ;0000000000000;0000000000000;00000000;00000000;00000000;00000000;00000000;0000000002185;0000000002185;0000000000000;00000000;
20170102;SFI;*;N17 ;0000000000000;0000000000000;00000000;00000000;00000000;00000000;00000000;0000000002195;0000000002195;0000000000000;00000000;
20170102;SFI;*;X17 ;0000000000000;0000000000000;00000000;00000000;00000000;00000000;00000000;0000000002119;0000000002119;0000000000000;00000000;
20170102;SJC;*;F18 ;0000000000000;0000000000000;00000000;00000000;00000000;00000000;00000000;0000000219852;0000000219852;0000000000000;00000000;
20170102;SJC;*;H17 ;0000000000000;0000000000000;00000499;00000000;00000000;00000000;00000000;0000000223269;0000000223269;0000000000000;00000000;
20170102;SJC;*;K17 ;0000000000000;0000000000000;00001110;00000000;00000000;00000000;00000000;0000000225143;0000000225143;0000000000000;00000000;
20170102;SJC;*;K18 ;0000000000000;0000000000000;00000000;00000000;00000000;00000000;00000000;0000000219081;0000000219081;0000000000000;00000000;
20170102;SJC;*;N17 ;0000000000000;0000000000000;00000155;00000000;00000000;00000000;00000000;0000000226576;0000000226576;0000000000000;00000000;
20170102;SJC;*;Q17 ;0000000000000;0000000000000;00000000;00000000;00000000;00000000;00000000;0000000226135;0000000226135;0000000000000;00000000;
20170102;SJC;*;U17 ;0000000000000;0000000000000;00000000;00000000;00000000;00000000;00000000;0000000222332;0000000222332;0000000000000;00000000;
20170102;SJC;*;X17 ;0000000000000;0000000000000;00000000;00000000;00000000;00000000;00000000;0000000219026;0000000219026;0000000000000;00000000;
20170102;TRY;*;F17 ;0000000000000;0000000000000;00000001;00000000;00000000;00000000;00000000;0000009265120;0000009265120;0000000000000;00000000;
20170102;TRY;*;G17 ;0000001735687;0000000530321;00000136;00925700;00925700;00925700;00925700;0000009276160;0000009245520;0000000022980;00030640;
20170102;TRY;*;H17 ;0000000000000;0000000000000;00001000;00000000;00000000;00000000;00000000;0000009292000;0000009260130;0000000023902;00031870;
20170102;TRY;*;J17 ;0000000000000;0000000000000;00000000;00000000;00000000;00000000;00000000;0000009304120;0000009300000;0000000000000;00004120;
20170102;T10;*;H17 ;0000000000000;0000000000000;00001768;00000000;00000000;00000000;00000000;0000001239375;0000001239375;0000000000000;00000000;
20170102;T10;*;M17 ;0000000000000;0000000000000;00000000;00000000;00000000;00000000;00000000;0000001232968;0000001232968;0000000000000;00000000;
20170102;WDO;*;F17 ;0000000000000;0000000000000;00013583;00000000;00000000;00000000;00000000;0000032591000;0000032591000;0000000000000;00000000;
20170102;WDO;*;F18 ;0000000000000;0000000000000;00000000;00000000;00000000;00000000;00000000;0000035629200;0000035327230;0000000000000;00301970;
20170102;WDO;*;F19 ;0000000000000;0000000000000;00000000;00000000;00000000;00000000;00000000;0000038133190;0000037901690;0000000000000;00231500;
20170102;WDO;*;F20 ;0000000000000;0000000000000;00000000;00000000;00000000;00000000;00000000;0000040832150;0000043000000;0000000000000;02167850;
20170102;WDO;*;F21 ;0000000000000;0000000000000;00000000;00000000;00000000;00000000;00000000;0000043551350;0000043495150;0000000000000;00056200;
20170102;WDO;*;F25 ;0000000000000;0000000000000;00000000;00000000;00000000;00000000;00000000;0000053995710;0000054109820;0000000000000;00114110;
20170102;WDO;*;G17 ;0005359660345;0001637587566;00017823;03285500;03282000;03316500;03315000;0000033082670;0000032781960;0000000030071;00300710;
20170102;WDO;*;H17 ;0000000200350;0000000061215;00000019;03335000;03335000;03345000;03339000;0000033323630;0000033018950;0000000030468;00304680;
20170102;WDO;*;J17 ;0000000000000;0000000000000;00000012;00000000;00000000;00000000;00000000;0000033622670;0000033315080;0000000030759;00307590;
20170102;WDO;*;J18 ;0000000000000;0000000000000;00000000;00000000;00000000;00000000;00000000;0000036252350;0000035968780;0000000000000;00283570;
20170102;WDO;*;J19 ;0000000000000;0000000000000;00000000;00000000;00000000;00000000;00000000;0000038844060;0000038621320;0000000000000;00222740;
20170102;WDO;*;K17 ;0000000000000;0000000000000;00000017;00000000;00000000;00000000;00000000;0000033841250;0000033531050;0000000031020;00310200;
20170102;WDO;*;M17 ;0000000000000;0000000000000;00000000;00000000;00000000;00000000;00000000;0000034110770;0000033801040;0000000000000;00309730;
20170102;WDO;*;N17 ;0000000000000;0000000000000;00000008;00000000;00000000;00000000;00000000;0000034355940;0000034058160;0000000029778;00297780;
20170102;WDO;*;N18 ;0000000000000;0000000000000;00000000;00000000;00000000;00000000;00000000;0000036879080;0000036616070;0000000000000;00263010;
20170102;WDO;*;N19 ;0000000000000;0000000000000;00000000;00000000;00000000;00000000;00000000;0000039453160;0000039244940;0000000000000;00208220;
20170102;WDO;*;N21 ;0000000000000;0000000000000;00000000;00000000;00000000;00000000;00000000;0000044949660;0000044997790;0000000000000;00048130;
20170102;WDO;*;Q17 ;0000000000000;0000000000000;00000000;00000000;00000000;00000000;00000000;0000034582550;0000034280750;0000000000000;00301800;
20170102;WDO;*;U17 ;0000000000000;0000000000000;00000000;00000000;00000000;00000000;00000000;0000034840620;0000034539570;0000000000000;00301050;
20170102;WDO;*;V17 ;0000000000000;0000000000000;00000000;00000000;00000000;00000000;00000000;0000035056610;0000034743990;0000000000000;00312620;
20170102;WDO;*;V18 ;0000000000000;0000000000000;00000000;00000000;00000000;00000000;00000000;0000037541950;0000037303450;0000000000000;00238500;
20170102;WDO;*;V19 ;0000000000000;0000000000000;00000000;00000000;00000000;00000000;00000000;0000040177070;0000039987680;0000000000000;00189390;
20170102;WDO;*;X17 ;0000000000000;0000000000000;00000000;00000000;00000000;00000000;00000000;0000035265220;0000034960400;0000000000000;00304820;
20170102;WDO;*;Z17 ;0000000000000;0000000000000;00000000;00000000;00000000;00000000;00000000;0000035466780;0000035171180;0000000000000;00295600;
20170102;WEU;*;F17 ;0000000000000;0000000000000;00000000;00000000;00000000;00000000;00000000;0000034375360;0000034375360;0000000000000;00000000;
20170102;WEU;*;G17 ;0000000000000;0000000000000;00000000;00000000;00000000;00000000;00000000;0000034687140;0000034366470;0000000000000;00320670;
20170102;WEU;*;H17 ;0000000000000;0000000000000;00000000;00000000;00000000;00000000;00000000;0000034972710;0000034647130;0000000000000;00325580;
20170102;WEU;*;J17 ;0000000000000;0000000000000;00000000;00000000;00000000;00000000;00000000;0000035338160;0000035012420;0000000000000;00325740;
20170102;WEU;*;K17 ;0000000000000;0000000000000;00000000;00000000;00000000;00000000;00000000;0000035619880;0000035290550;0000000000000;00329330;
20170102;WEU;*;N17 ;0000000000000;0000000000000;00000000;00000000;00000000;00000000;00000000;0000036272930;0000035955630;0000000000000;00317300;
20170102;WEU;*;V17 ;0000000000000;0000000000000;00000000;00000000;00000000;00000000;00000000;0000037200010;0000036869480;0000000000000;00330530;
20170102;WIN;*;G17 ;0004951808591;0001512972774;00080262;00060890;00060205;00060890;00060280;0000000060366;0000000061083;0000000014340;00000717;
20170102;WIN;*;G18 ;0000000000000;0000000000000;00000000;00000000;00000000;00000000;00000000;0000000066264;0000000067108;0000000000000;00000844;
20170102;WIN;*;J17 ;0000000000000;0000000000000;00000000;00000000;00000000;00000000;00000000;0000000061351;0000000062069;0000000000000;00000718;
20170102;WIN;*;J18 ;0000000000000;0000000000000;00000000;00000000;00000000;00000000;00000000;0000000067294;0000000068169;0000000000000;00000875;
20170102;WIN;*;M17 ;0000000000000;0000000000000;00000000;00000000;00000000;00000000;00000000;0000000062396;0000000063132;0000000000000;00000736;
20170102;WIN;*;M18 ;0000000000000;0000000000000;00000000;00000000;00000000;00000000;00000000;0000000068200;0000000069097;0000000000000;00000897;
20170102;WIN;*;Q17 ;0000000000000;0000000000000;00000000;00000000;00000000;00000000;00000000;0000000063418;0000000064189;0000000000000;00000771;
20170102;WIN;*;Q18 ;0000000000000;0000000000000;00000000;00000000;00000000;00000000;00000000;0000000069310;0000000070238;0000000000000;00000928;
20170102;WIN;*;V17 ;0000000000000;0000000000000;00000000;00000000;00000000;00000000;00000000;0000000064376;0000000065159;0000000000000;00000783;
20170102;WIN;*;V18 ;0000000000000;0000000000000;00000000;00000000;00000000;00000000;00000000;0000000070399;0000000071351;0000000000000;00000952;
20170102;WIN;*;Z17 ;0000000000000;0000000000000;00000000;00000000;00000000;00000000;00000000;0000000065320;0000000066139;0000000000000;00000819;
20170102;WIN;*;Z18 ;0000000000000;0000000000000;00000000;00000000;00000000;00000000;00000000;0000000071389;0000000072334;0000000000000;00000945;
20170102;WTI;*;G17 ;0000000000000;0000000000000;00000356;00000000;00000000;00000000;00000000;0000000005377;0000000005377;0000000000000;00000000;
20170102;WTI;*;H17 ;0000000000000;0000000000000;00000100;00000000;00000000;00000000;00000000;0000000005472;0000000005472;0000000000000;00000000;
20170102;ZAR;*;F17 ;0000000000000;0000000000000;00000000;00000000;00000000;00000000;00000000;0000023832540;0000023832540;0000000000000;00000000;
20170102;ZAR;*;G17 ;0000000000000;0000000000000;00000015;00000000;00000000;00000000;00000000;0000024012480;0000023943210;0000000024244;00069270;
20170102;ZAR;*;H17 ;0000000000000;0000000000000;00000010;00000000;00000000;00000000;00000000;0000024072390;0000024001130;0000000024941;00071260;
20170102;ZAR;*;J17 ;0000000000000;0000000000000;00000000;00000000;00000000;00000000;00000000;0000024147350;0000024060000;0000000000000;00087350;
