Data;Código do Contrato;Pregão;Vencimento;Volume(R$);Volume(U$);Número de contas em Aberto;Preço de Abertura;Preço Mínimo;Preço Máximo;Último Preço;Preço de Ajuste Atual; Preço de Ajuste Anterior;Valor de Ajuste por Contrato;Variação
20170802;AUD;*;U17 ;0000021474054;0000006867741;00000832;02507500;02498300;02507500;02498300;0000024972280;0000024989250;0000000010182;00016970;
20170802;AUD;*;V17 ;0000000751740;0000000240418;00000801;02505800;02505800;02505800;02505800;0000025075200;0000025092370;0000000010302;00017170;
20170802;AUD;*;X17 ;0000000000000;0000000000000;00000000;00000000;00000000;00000000;00000000;0000025183670;0000025200560;0000000000000;00016890;
20170802;BGI;*;F18 ;0000000000000;0000000000000;00000000;00000000;00000000;00000000;00000000;0000000013435;0000000013346;0000000000000;00000089;
20170802;BGI;*;K18 ;0000000586377;0000000188255;00000115;00013690;00013650;00013690;00013670;0000000013732;0000000013651;0000000026730;00000081;
20170802;BGI;*;Q17 ;0000005118880;0000001643406;00001194;00013123;00013106;00013170;00013150;0000000013148;0000000013123;0000000008250;00000025;
20170802;BGI;*;U17 ;0000002349837;0000000754410;00000116;00013360;00013360;00013500;00013500;0000000013459;0000000013360;0000000032670;00000099;
20170802;BGI;*;V17 ;0000068700878;0000022056273;00005458;00013562;00013550;00013689;00013656;0000000013663;0000000013562;0000000033330;00000101;
20170802;BGI;*;V18 ;0000000000000;0000000000000;00000106;00000000;00000000;00000000;00000000;0000000014034;0000000014130;0000000031680;00000096;
20170802;BGI;*;X17 ;0000001171417;0000000376081;00000168;00013600;00013596;00013680;00013680;0000000013662;0000000013562;0000000033000;00000100;
20170802;BGI;*;Z17 ;0000000090024;0000000028902;00000003;00013640;00013640;00013640;00013640;0000000013680;0000000013580;0000000033000;00000100;
20170802;BRI;*;V17 ;0000000113730;0000000036373;00000859;00011373;00011373;00011373;00011373;0000000011377;0000000011284;0000000093000;00000093;
20170802;BRI;*;Z17 ;0000001718420;0000000549578;00000420;00011458;00011456;00011458;00011456;0000000011509;0000000011415;0000000094000;00000094;
20170802;BSE;*;Q17 ;0000000000000;0000000000000;00000000;00000000;00000000;00000000;00000000;0000000032709;0000000032817;0000000000000;00000108;
20170802;BSE;*;U17 ;0000000000000;0000000000000;00000000;00000000;00000000;00000000;00000000;0000000032936;0000000033044;0000000000000;00000108;
20170802;CAD;*;U17 ;0000014676624;0000004693816;00000303;02496900;02495800;02496900;02495900;0000024978950;0000025062660;0000000050226;00083710;
20170802;CAD;*;V17 ;0000004524426;0000001446983;00000850;02519000;02512500;02519000;02512500;0000025099350;0000025182780;0000000050058;00083430;
20170802;CAD;*;X17 ;0000000000000;0000000000000;00000000;00000000;00000000;00000000;00000000;0000025226040;0000025308510;0000000000000;00082470;
20170802;CCM;*;F18 ;0000000498379;0000000160004;00002680;00002910;00002910;00002919;00002915;0000000002909;0000000002895;0000000006300;00000014;
20170802;CCM;*;H18 ;0000001285578;0000000412732;00000338;00003030;00003030;00003064;00003064;0000000003057;0000000003035;0000000009900;00000022;
20170802;CCM;*;K18 ;0000000451849;0000000145065;00000052;00002931;00002930;00002960;00002960;0000000002960;0000000002939;0000000009450;00000021;
20170802;CCM;*;N18 ;0000000000000;0000000000000;00000000;00000000;00000000;00000000;00000000;0000000002955;0000000002933;0000000000000;00000022;
20170802;CCM;*;U17 ;0000016983418;0000005452491;00017612;00002598;00002592;00002606;00002604;0000000002601;0000000002588;0000000005850;00000013;
20170802;CCM;*;U18 ;0000000000000;0000000000000;00000091;00000000;00000000;00000000;00000000;0000000002952;0000000002929;0000000010350;00000023;
20170802;CCM;*;X17 ;0000000493110;0000000158312;00002120;00002805;00002805;00002815;00002810;0000000002809;0000000002795;0000000006300;00000014;
20170802;CCM;*;X18 ;0000000000000;0000000000000;00000000;00000000;00000000;00000000;00000000;0000000003018;0000000002996;0000000000000;00000022;
20170802;CHF;*;U17 ;0000035723110;0000011424815;00000730;03239500;03232200;03239500;03232200;0000032394950;0000032545340;0000000075195;00150390;
20170802;CHF;*;V17 ;0000000000000;0000000000000;00000000;00000000;00000000;00000000;00000000;0000032604720;0000032749120;0000000000000;00144400;
20170802;CHF;*;X17 ;0000000000000;0000000000000;00000000;00000000;00000000;00000000;00000000;0000032830110;0000032975930;0000000000000;00145820;
20170802;CLP;*;U17 ;0000000120230;0000000038451;00000516;04809200;04809200;04809200;04809200;0000048103000;0000047959000;0000000036000;00144000;
20170802;CLP;*;V17 ;0000000000000;0000000000000;00000000;00000000;00000000;00000000;00000000;0000048284000;0000048143000;0000000000000;00141000;
20170802;CLP;*;X17 ;0000000000000;0000000000000;00000000;00000000;00000000;00000000;00000000;0000048479000;0000048333000;0000000000000;00146000;
20170802;CNY;*;U17 ;0000000000000;0000000000000;00000000;00000000;00000000;00000000;00000000;0000046570680;0000046582830;0000000000000;00012150;
20170802;CNY;*;V17 ;0000000000000;0000000000000;00000000;00000000;00000000;00000000;00000000;0000046692130;0000046717180;0000000000000;00025050;
20170802;CNY;*;X17 ;0000000000000;0000000000000;00000000;00000000;00000000;00000000;00000000;0000046828460;0000046839740;0000000000000;00011280;
20170802;CR1;*;U7Z7;0000000000000;0000000000000;00000000;00000520;00000520;00000525;00000525;0000000000000;0000000000000;0000000000000;00000000;
20170802;DAP;*;F18 ;0000000596851;0000000190882;00043680;00000286;00000286;00000286;00000286;0000009875455;0000009875585;0000000000157;00000130;
20170802;DAP;*;F19 ;0000000000000;0000000000000;00000200;00000000;00000000;00000000;00000000;0000009515191;0000009508795;0000000007731;00006396;
20170802;DAP;*;K19 ;0000112674701;0000036035148;00058310;00000347;00000347;00000351;00000347;0000009415088;0000009416629;0000000001862;00001541;
20170802;DAP;*;K21 ;0000025094334;0000008025564;00029695;00000452;00000449;00000452;00000449;0000008470909;0000008468911;0000000002415;00001998;
20170802;DAP;*;K23 ;0000000000000;0000000000000;00012950;00000000;00000000;00000000;00000000;0000007591068;0000007591898;0000000001003;00000830;
20170802;DAP;*;Q17 ;0000000000000;0000000000000;00001580;00000000;00000000;00000000;00000000;0000009978607;0000009979370;0000000000922;00000763;
20170802;DAP;*;Q18 ;0000153089877;0000048960559;00087860;00000331;00000331;00000334;00000334;0000009667968;0000009670568;0000000003142;00002600;
20170802;DAP;*;Q20 ;0000017067838;0000005458564;00016590;00000422;00000422;00000422;00000422;0000008825095;0000008823727;0000000001653;00001368;
20170802;DAP;*;Q22 ;0000025361281;0000008110938;00021710;00000476;00000476;00000478;00000476;0000007917250;0000007921949;0000000005679;00004699;
20170802;DAP;*;Q24 ;0000000000000;0000000000000;00009270;00000000;00000000;00000000;00000000;0000007124425;0000007115683;0000000010566;00008742;
20170802;DAP;*;Q26 ;0000000387106;0000000123803;00004036;00000507;00000507;00000507;00000507;0000006421524;0000006405688;0000000019141;00015836;
20170802;DAP;*;Q30 ;0000000000000;0000000000000;00000235;00000000;00000000;00000000;00000000;0000005115360;0000005096956;0000000022245;00018404;
20170802;DAP;*;U17 ;0000000000000;0000000000000;00001500;00000000;00000000;00000000;00000000;0000009958007;0000009959393;0000000001675;00001386;
20170802;DAP;*;V17 ;0000000000000;0000000000000;00000200;00000000;00000000;00000000;00000000;0000009931591;0000009933228;0000000001978;00001637;
20170802;DCO;*;F18 ;0000000000000;0000000000000;00000000;00000000;00000000;00000000;00000000;0000009910287;0000009916716;0000000000000;00006429;
20170802;DCO;*;F19 ;0000000000000;0000000000000;00000000;00000000;00000000;00000000;00000000;0000009660819;0000009665744;0000000000000;00004925;
20170802;DCO;*;F20 ;0000000000000;0000000000000;00000000;00000000;00000000;00000000;00000000;0000009355210;0000009356486;0000000000000;00001276;
20170802;DCO;*;F21 ;0000000000000;0000000000000;00000000;00000000;00000000;00000000;00000000;0000008999280;0000009001606;0000000000000;00002326;
20170802;DCO;*;F22 ;0000000000000;0000000000000;00000000;00000000;00000000;00000000;00000000;0000008616212;0000008625489;0000000000000;00009277;
20170802;DCO;*;F23 ;0000000000000;0000000000000;00000000;00000000;00000000;00000000;00000000;0000008223408;0000008226860;0000000000000;00003452;
20170802;DCO;*;F24 ;0000000000000;0000000000000;00000000;00000000;00000000;00000000;00000000;0000007832557;0000007827336;0000000000000;00005221;
20170802;DCO;*;F25 ;0000000000000;0000000000000;00000000;00000000;00000000;00000000;00000000;0000007415448;0000007414807;0000000000000;00000641;
20170802;DCO;*;F26 ;0000000000000;0000000000000;00000000;00000000;00000000;00000000;00000000;0000007024116;0000007025068;0000000000000;00000952;
20170802;DCO;*;F27 ;0000000000000;0000000000000;00000000;00000000;00000000;00000000;00000000;0000006620047;0000006623369;0000000000000;00003322;
20170802;DCO;*;F28 ;0000000000000;0000000000000;00000000;00000000;00000000;00000000;00000000;0000006264591;0000006270589;0000000000000;00005998;
20170802;DCO;*;F29 ;0000000000000;0000000000000;00000000;00000000;00000000;00000000;00000000;0000005923416;0000005928240;0000000000000;00004824;
20170802;DCO;*;F30 ;0000000000000;0000000000000;00000000;00000000;00000000;00000000;00000000;0000005602304;0000005606214;0000000000000;00003910;
20170802;DCO;*;G18 ;0000000000000;0000000000000;00000000;00000000;00000000;00000000;00000000;0000009893880;0000009900060;0000000000000;00006180;
20170802;DCO;*;H18 ;0000000000000;0000000000000;00000000;00000000;00000000;00000000;00000000;0000009876698;0000009882731;0000000000000;00006033;
20170802;DCO;*;J18 ;0000000000000;0000000000000;00000000;00000000;00000000;00000000;00000000;0000009856295;0000009861850;0000000000000;00005555;
20170802;DCO;*;J19 ;0000000000000;0000000000000;00000000;00000000;00000000;00000000;00000000;0000009593970;0000009596534;0000000000000;00002564;
20170802;DCO;*;J20 ;0000000000000;0000000000000;00000000;00000000;00000000;00000000;00000000;0000009273164;0000009274942;0000000000000;00001778;
20170802;DCO;*;J21 ;0000000000000;0000000000000;00000000;00000000;00000000;00000000;00000000;0000008916351;0000008922050;0000000000000;00005699;
20170802;DCO;*;J22 ;0000000000000;0000000000000;00000000;00000000;00000000;00000000;00000000;0000008531024;0000008542191;0000000000000;00011167;
20170802;DCO;*;K18 ;0000000000000;0000000000000;00000000;00000000;00000000;00000000;00000000;0000009835904;0000009842095;0000000000000;00006191;
20170802;DCO;*;M18 ;0000000000000;0000000000000;00000000;00000000;00000000;00000000;00000000;0000009814145;0000009822248;0000000000000;00008103;
20170802;DCO;*;N18 ;0000000000000;0000000000000;00000000;00000000;00000000;00000000;00000000;0000009796409;0000009802237;0000000000000;00005828;
20170802;DCO;*;N19 ;0000000000000;0000000000000;00000000;00000000;00000000;00000000;00000000;0000009520082;0000009521593;0000000000000;00001511;
20170802;DCO;*;N20 ;0000000000000;0000000000000;00000000;00000000;00000000;00000000;00000000;0000009185548;0000009181190;0000000000000;00004358;
20170802;DCO;*;N21 ;0000000000000;0000000000000;00000000;00000000;00000000;00000000;00000000;0000008820129;0000008826694;0000000000000;00006565;
20170802;DCO;*;N22 ;0000000000000;0000000000000;00000000;00000000;00000000;00000000;00000000;0000008436113;0000008442336;0000000000000;00006223;
20170802;DCO;*;Q18 ;0000000000000;0000000000000;00000000;00000000;00000000;00000000;00000000;0000009775628;0000009780615;0000000000000;00004987;
20170802;DCO;*;U17 ;0000000000000;0000000000000;00000000;00000000;00000000;00000000;00000000;0000009983610;0000009990553;0000000000000;00006943;
20170802;DCO;*;V17 ;0000000000000;0000000000000;00000000;00000000;00000000;00000000;00000000;0000009964206;0000009971007;0000000000000;00006801;
20170802;DCO;*;V18 ;0000000000000;0000000000000;00000000;00000000;00000000;00000000;00000000;0000009732294;0000009735828;0000000000000;00003534;
20170802;DCO;*;V19 ;0000000000000;0000000000000;00000000;00000000;00000000;00000000;00000000;0000009444555;0000009446352;0000000000000;00001797;
20170802;DCO;*;V20 ;0000000000000;0000000000000;00000000;00000000;00000000;00000000;00000000;0000009099991;0000009097204;0000000000000;00002787;
20170802;DCO;*;V21 ;0000000000000;0000000000000;00000000;00000000;00000000;00000000;00000000;0000008740705;0000008748423;0000000000000;00007718;
20170802;DCO;*;X17 ;0000000000000;0000000000000;00000000;00000000;00000000;00000000;00000000;0000009945947;0000009952674;0000000000000;00006727;
20170802;DCO;*;Z17 ;0000000000000;0000000000000;00000000;00000000;00000000;00000000;00000000;0000009928917;0000009935860;0000000000000;00006943;
20170802;DDI;*;F18 ;0000000000000;0000000000000;00439697;00000000;00000000;00000000;00000000;0000009910705;0000009917131;0000000010012;00006426;
20170802;DDI;*;F19 ;0000000000000;0000000000000;00122561;00000000;00000000;00000000;00000000;0000009662162;0000009667080;0000000007662;00004918;
20170802;DDI;*;F20 ;0000000000000;0000000000000;00100804;00000000;00000000;00000000;00000000;0000009357357;0000009358623;0000000001972;00001266;
20170802;DDI;*;F21 ;0000000000000;0000000000000;00091977;00000000;00000000;00000000;00000000;0000009002095;0000009004408;0000000003603;00002313;
20170802;DDI;*;F22 ;0000000000000;0000000000000;00035424;00000000;00000000;00000000;00000000;0000008619544;0000008628811;0000000014438;00009267;
20170802;DDI;*;F23 ;0000000000000;0000000000000;00030196;00000000;00000000;00000000;00000000;0000008227127;0000008230562;0000000005351;00003435;
20170802;DDI;*;F24 ;0000000000000;0000000000000;00035135;00000000;00000000;00000000;00000000;0000007836554;0000007831306;0000000008176;00005248;
20170802;DDI;*;F25 ;0000000000000;0000000000000;00021315;00000000;00000000;00000000;00000000;0000007419590;0000007418927;0000000001032;00000663;
20170802;DDI;*;F26 ;0000000000000;0000000000000;00013960;00000000;00000000;00000000;00000000;0000007028333;0000007029264;0000000001450;00000931;
20170802;DDI;*;F27 ;0000000000000;0000000000000;00011400;00000000;00000000;00000000;00000000;0000006624240;0000006627545;0000000005149;00003305;
20170802;DDI;*;F28 ;0000000000000;0000000000000;00000110;00000000;00000000;00000000;00000000;0000006272900;0000006278873;0000000009306;00005973;
20170802;DDI;*;F29 ;0000000000000;0000000000000;00000000;00000000;00000000;00000000;00000000;0000005931558;0000005936354;0000000000000;00004796;
20170802;DDI;*;F30 ;0000000000000;0000000000000;00000500;00000000;00000000;00000000;00000000;0000005610224;0000005614106;0000000006048;00003882;
20170802;DDI;*;G18 ;0000000000000;0000000000000;00055760;00000000;00000000;00000000;00000000;0000009894378;0000009900556;0000000009625;00006178;
20170802;DDI;*;H18 ;0000000000000;0000000000000;00028179;00000000;00000000;00000000;00000000;0000009877269;0000009883301;0000000009398;00006032;
20170802;DDI;*;J18 ;0000000000000;0000000000000;00126649;00000000;00000000;00000000;00000000;0000009856951;0000009862503;0000000008650;00005552;
20170802;DDI;*;J19 ;0000000000000;0000000000000;00049500;00000000;00000000;00000000;00000000;0000009595522;0000009598079;0000000003983;00002557;
20170802;DDI;*;J20 ;0000000000000;0000000000000;00028292;00000000;00000000;00000000;00000000;0000009275489;0000009277256;0000000002753;00001767;
20170802;DDI;*;J21 ;0000000000000;0000000000000;00006237;00000000;00000000;00000000;00000000;0000008919307;0000008924994;0000000008860;00005687;
20170802;DDI;*;J22 ;0000000000000;0000000000000;00000640;00000000;00000000;00000000;00000000;0000008534468;0000008545626;0000000017384;00011158;
20170802;DDI;*;K18 ;0000000000000;0000000000000;00024270;00000000;00000000;00000000;00000000;0000009836638;0000009842826;0000000009641;00006188;
20170802;DDI;*;M18 ;0000000000000;0000000000000;00019360;00000000;00000000;00000000;00000000;0000009814955;0000009823057;0000000012623;00008102;
20170802;DDI;*;N18 ;0000000000000;0000000000000;00128517;00000000;00000000;00000000;00000000;0000009797299;0000009803125;0000000009077;00005826;
20170802;DDI;*;N19 ;0000000000000;0000000000000;00055684;00000000;00000000;00000000;00000000;0000009521840;0000009523342;0000000002340;00001502;
20170802;DDI;*;N20 ;0000000000000;0000000000000;00049055;00000000;00000000;00000000;00000000;0000009188042;0000009183669;0000000006813;00004373;
20170802;DDI;*;N21 ;0000000000000;0000000000000;00006420;00000000;00000000;00000000;00000000;0000008823218;0000008829771;0000000010209;00006553;
20170802;DDI;*;N22 ;0000000000000;0000000000000;00001490;00000000;00000000;00000000;00000000;0000008439661;0000008445871;0000000009675;00006210;
20170802;DDI;*;Q18 ;0000000000000;0000000000000;00000400;00000000;00000000;00000000;00000000;0000009776594;0000009781578;0000000007765;00004984;
20170802;DDI;*;U17 ;0000000000000;0000000000000;00484287;00000000;00000000;00000000;00000000;0000009983693;0000009990635;0000000010815;00006942;
20170802;DDI;*;V17 ;0000000000000;0000000000000;00386363;00000000;00000000;00000000;00000000;0000009964375;0000009971174;0000000010593;00006799;
20170802;DDI;*;V18 ;0000000000000;0000000000000;00065908;00000000;00000000;00000000;00000000;0000009733413;0000009736940;0000000005495;00003527;
20170802;DDI;*;V19 ;0000000000000;0000000000000;00039424;00000000;00000000;00000000;00000000;0000009446513;0000009448300;0000000002784;00001787;
20170802;DDI;*;V20 ;0000000000000;0000000000000;00022810;00000000;00000000;00000000;00000000;0000009102651;0000009099848;0000000004367;00002803;
20170802;DDI;*;V21 ;0000000000000;0000000000000;00002102;00000000;00000000;00000000;00000000;0000008743934;0000008751640;0000000012006;00007706;
20170802;DDI;*;X17 ;0000000000000;0000000000000;00153180;00000000;00000000;00000000;00000000;0000009946197;0000009952923;0000000010479;00006726;
20170802;DDI;*;Z17 ;0000000000000;0000000000000;00120650;00000000;00000000;00000000;00000000;0000009929249;0000009936189;0000000010812;00006940;
20170802;DDM;*;K25 ;0000000000000;0000000000000;00000000;00000000;00000000;00000000;00000000;0000006854662;0000006850376;0000000000000;00004286;
20170802;DI1;*;F18 ;0017549647866;0005612654428;03582382;00008190;00008190;00008240;00008205;0000009682642;0000009682233;0000000000409;00000409;
20170802;DI1;*;F19 ;0023610910476;0007551141895;02497116;00008070;00008010;00008100;00008020;0000008975684;0000008972550;0000000003134;00003134;
20170802;DI1;*;F20 ;0013093055762;0004187365921;01661559;00008740;00008620;00008760;00008630;0000008193193;0000008184267;0000000008926;00008926;
20170802;DI1;*;F21 ;0021077292127;0006740850751;01298872;00009320;00009200;00009370;00009200;0000007406397;0000007394841;0000000011556;00011556;
20170802;DI1;*;F22 ;0000473952035;0000151577343;00105406;00009710;00009570;00009750;00009570;0000006682823;0000006666635;0000000016188;00016188;
20170802;DI1;*;F23 ;0004096036922;0001309977268;00706628;00009920;00009780;00009970;00009780;0000006037040;0000006016167;0000000020873;00020873;
20170802;DI1;*;F24 ;0000012736401;0000004073302;00056740;00010080;00009970;00010090;00010000;0000005460862;0000005435401;0000000025461;00025461;
20170802;DI1;*;F25 ;0003690988269;0001180436315;00541261;00010180;00010040;00010220;00010040;0000004924977;0000004895143;0000000029834;00029834;
20170802;DI1;*;F26 ;0000006400193;0000002046883;00061643;00010240;00010160;00010260;00010170;0000004450998;0000004427155;0000000023843;00023843;
20170802;DI1;*;F27 ;0001331930021;0000425972247;00400650;00010310;00010170;00010340;00010170;0000004019103;0000003995058;0000000024045;00024045;
20170802;DI1;*;F28 ;0000000000000;0000000000000;00000010;00000000;00000000;00000000;00000000;0000003636154;0000003612119;0000000024035;00024035;
20170802;DI1;*;F29 ;0000000000000;0000000000000;00004387;00000000;00000000;00000000;00000000;0000003296903;0000003273058;0000000023845;00023845;
20170802;DI1;*;F30 ;0000000000000;0000000000000;00000720;00000000;00000000;00000000;00000000;0000002979930;0000002956520;0000000023410;00023410;
20170802;DI1;*;G18 ;0000160660106;0000051381638;00045030;00008120;00008110;00008120;00008115;0000009620364;0000009620723;0000000000359;00000359;
20170802;DI1;*;H18 ;0000000478558;0000000153050;00028790;00008030;00008030;00008030;00008030;0000009570765;0000009569885;0000000000880;00000880;
20170802;DI1;*;J18 ;0001561744426;0000499470521;00931352;00008000;00007970;00008015;00007970;0000009512625;0000009511874;0000000000751;00000751;
20170802;DI1;*;J19 ;0000339153818;0000108466745;00576723;00008230;00008150;00008230;00008150;0000008790899;0000008787200;0000000003699;00003699;
20170802;DI1;*;J20 ;0000068743737;0000021985332;00073804;00008880;00008800;00008920;00008800;0000007996581;0000007984985;0000000011596;00011596;
20170802;DI1;*;J21 ;0000002167821;0000000693303;00032890;00009330;00009320;00009330;00009320;0000007223262;0000007211177;0000000012085;00012085;
20170802;DI1;*;J22 ;0000023402448;0000007484472;00001510;00009720;00009720;00009720;00009720;0000006516934;0000006503848;0000000013086;00013086;
20170802;DI1;*;K18 ;0000000000000;0000000000000;00022330;00000000;00000000;00000000;00000000;0000009454529;0000009453004;0000000001525;00001525;
20170802;DI1;*;M18 ;0000000469654;0000000150203;00020120;00007960;00007960;00007960;00007960;0000009396301;0000009394934;0000000001367;00001367;
20170802;DI1;*;N18 ;0005494218348;0001757137760;00957888;00007930;00007890;00007950;00007890;0000009338013;0000009336871;0000000001142;00001142;
20170802;DI1;*;N19 ;0000726860387;0000232461426;00461054;00008390;00008310;00008430;00008320;0000008595829;0000008593077;0000000002752;00002752;
20170802;DI1;*;N20 ;0004072879230;0001302571073;01243921;00009050;00008940;00009100;00008940;0000007801743;0000007791431;0000000010312;00010312;
20170802;DI1;*;N21 ;0001413287559;0000451991672;00152600;00009550;00009430;00009600;00009430;0000007038729;0000007026146;0000000012583;00012583;
20170802;DI1;*;N22 ;0000022179640;0000007093399;00013605;00009780;00009780;00009780;00009780;0000006354000;0000006344241;0000000009759;00009759;
20170802;DI1;*;N23 ;0000000285502;0000000091308;00003535;00009990;00009990;00009990;00009990;0000005745923;0000005722728;0000000023195;00023195;
20170802;DI1;*;N24 ;0000000000000;0000000000000;00003445;00000000;00000000;00000000;00000000;0000005195039;0000005167355;0000000027684;00027684;
20170802;DI1;*;Q18 ;0000000000000;0000000000000;00000000;00000000;00000000;00000000;00000000;0000009275129;0000009273585;0000000000000;00001544;
20170802;DI1;*;U17 ;0000576578603;0000184398939;00475885;00009141;00009141;00009145;00009145;0000009923928;0000009923894;0000000000034;00000034;
20170802;DI1;*;V17 ;0004586066498;0001466696462;02391077;00008807;00008796;00008807;00008796;0000009860400;0000009860413;0000000000013;00000013;
20170802;DI1;*;V18 ;0002021573518;0000646531124;00584272;00007970;00007920;00007990;00007930;0000009156483;0000009153939;0000000002544;00002544;
20170802;DI1;*;V19 ;0000669787632;0000214208658;00177983;00008590;00008500;00008620;00008510;0000008389032;0000008382565;0000000006467;00006467;
20170802;DI1;*;V20 ;0000034499290;0000011033418;00049680;00009240;00009110;00009240;00009110;0000007595759;0000007584795;0000000010964;00010964;
20170802;DI1;*;V21 ;0000005118754;0000001637058;00016792;00009650;00009530;00009680;00009530;0000006856139;0000006841771;0000000014368;00014368;
20170802;DI1;*;X17 ;0000345316733;0000110437742;00177145;00008585;00008583;00008585;00008583;0000009796243;0000009796052;0000000000191;00000191;
20170802;DI1;*;Z17 ;0000232267388;0000074282777;00188970;00008380;00008370;00008380;00008375;0000009738727;0000009738700;0000000000027;00000027;
20170802;DOL;*;F18 ;0000000799000;0000000255533;00009085;03196000;03196000;03196000;03196000;0000031894960;0000031916990;0000000011015;00022030;
20170802;DOL;*;F19 ;0000000000000;0000000000000;00000000;00000000;00000000;00000000;00000000;0000033544260;0000033573050;0000000000000;00028790;
20170802;DOL;*;F20 ;0000000000000;0000000000000;00000000;00000000;00000000;00000000;00000000;0000035588640;0000035632280;0000000000000;00043640;
20170802;DOL;*;F21 ;0000000000000;0000000000000;00003100;00000000;00000000;00000000;00000000;0000037874590;0000037943530;0000000034470;00068940;
20170802;DOL;*;F25 ;0000000000000;0000000000000;00000000;00000000;00000000;00000000;00000000;0000046944760;0000047226660;0000000000000;00281900;
20170802;DOL;*;G18 ;0000000000000;0000000000000;00000000;00000000;00000000;00000000;00000000;0000032048550;0000032067360;0000000000000;00018810;
20170802;DOL;*;H18 ;0000000000000;0000000000000;00000000;00000000;00000000;00000000;00000000;0000032158930;0000032181530;0000000000000;00022600;
20170802;DOL;*;J18 ;0000000000000;0000000000000;00000180;00000000;00000000;00000000;00000000;0000032288930;0000032309670;0000000010370;00020740;
20170802;DOL;*;J19 ;0000000000000;0000000000000;00000050;00000000;00000000;00000000;00000000;0000034013140;0000034036530;0000000011695;00023390;
20170802;DOL;*;J20 ;0000000000000;0000000000000;00000000;00000000;00000000;00000000;00000000;0000036144630;0000036204030;0000000000000;00059400;
20170802;DOL;*;J22 ;0000000000000;0000000000000;00000000;00000000;00000000;00000000;00000000;0000040807920;0000040943500;0000000000000;00135580;
20170802;DOL;*;K18 ;0000000000000;0000000000000;00000500;00000000;00000000;00000000;00000000;0000032420390;0000032446010;0000000012810;00025620;
20170802;DOL;*;M18 ;0000000000000;0000000000000;00000000;00000000;00000000;00000000;00000000;0000032549380;0000032580990;0000000000000;00031610;
20170802;DOL;*;N18 ;0000000000000;0000000000000;00000665;00000000;00000000;00000000;00000000;0000032693640;0000032717080;0000000011720;00023440;
20170802;DOL;*;N19 ;0000000000000;0000000000000;00000400;00000000;00000000;00000000;00000000;0000034517910;0000034534420;0000000008255;00016510;
20170802;DOL;*;N20 ;0000000000000;0000000000000;00000000;00000000;00000000;00000000;00000000;0000036698030;0000036729110;0000000000000;00031080;
20170802;DOL;*;N21 ;0000000000000;0000000000000;00000000;00000000;00000000;00000000;00000000;0000039061070;0000039160090;0000000000000;00099020;
20170802;DOL;*;N22 ;0000000000000;0000000000000;00000000;00000000;00000000;00000000;00000000;0000041389410;0000041483570;0000000000000;00094160;
20170802;DOL;*;Q18 ;0000000000000;0000000000000;00000000;00000000;00000000;00000000;00000000;0000032845740;0000032867960;0000000000000;00022220;
20170802;DOL;*;U17 ;0041091277375;0013141639176;00451942;03150500;03131000;03156000;03131500;0000031348630;0000031370520;0000000010945;00021890;
20170802;DOL;*;V17 ;0000014974000;0000004788922;00026367;03163000;03149000;03163000;03150000;0000031489580;0000031511030;0000000010725;00021450;
20170802;DOL;*;V18 ;0000000000000;0000000000000;00000040;00000000;00000000;00000000;00000000;0000033124390;0000033145600;0000000010605;00021210;
20170802;DOL;*;V19 ;0000000000000;0000000000000;00000000;00000000;00000000;00000000;00000000;0000035089010;0000035122720;0000000000000;00033710;
20170802;DOL;*;X17 ;0000000000000;0000000000000;00001295;00000000;00000000;00000000;00000000;0000031637990;0000031660010;0000000011010;00022020;
20170802;DOL;*;Z17 ;0000000000000;0000000000000;00000020;00000000;00000000;00000000;00000000;0000031770610;0000031792910;0000000011150;00022300;
20170802;DR1;*;U7V7;0000000000000;0000000000000;00000000;00014160;00014150;00014160;00014150;0000000000000;0000000000000;0000000000000;00000000;
20170802;ETH;*;F18 ;0000002208165;0000000708927;00000175;00160550;00160000;00160550;00160000;0000000155000;0000000155000;0000000000000;00000000;
20170802;ETH;*;G18 ;0000000000000;0000000000000;00000125;00000000;00000000;00000000;00000000;0000000155000;0000000155000;0000000000000;00000000;
20170802;ETH;*;H18 ;0000000000000;0000000000000;00000030;00000000;00000000;00000000;00000000;0000000155000;0000000155000;0000000000000;00000000;
20170802;ETH;*;J18 ;0000000000000;0000000000000;00000000;00000000;00000000;00000000;00000000;0000000157350;0000000157350;0000000000000;00000000;
20170802;ETH;*;K18 ;0000000000000;0000000000000;00000000;00000000;00000000;00000000;00000000;0000000150050;0000000150050;0000000000000;00000000;
20170802;ETH;*;Q17 ;0000001336500;0000000429081;00000780;00148500;00148500;00148500;00148500;0000000150500;0000000150500;0000000000000;00000000;
20170802;ETH;*;U17 ;0000000000000;0000000000000;00000220;00000000;00000000;00000000;00000000;0000000151000;0000000151000;0000000000000;00000000;
20170802;ETH;*;V17 ;0000000000000;0000000000000;00000525;00000000;00000000;00000000;00000000;0000000152000;0000000152000;0000000000000;00000000;
20170802;ETH;*;X17 ;0000002165625;0000000695269;00000299;00156000;00156000;00156950;00156950;0000000156000;0000000156000;0000000000000;00000000;
20170802;ETH;*;Z17 ;0000000000000;0000000000000;00000726;00000000;00000000;00000000;00000000;0000000157000;0000000157000;0000000000000;00000000;
20170802;EUR;*;U17 ;0000009324250;0000002982042;00011461;03730300;03726400;03735100;03726400;0000037230000;0000037081730;0000000074135;00148270;
20170802;EUR;*;V17 ;0000001875225;0000000599727;00004870;03752000;03748900;03752000;03748900;0000037450780;0000037301180;0000000074800;00149600;
20170802;EUR;*;X17 ;0000000000000;0000000000000;00000000;00000000;00000000;00000000;00000000;0000037684100;0000037533800;0000000000000;00150300;
20170802;EUR;*;Z17 ;0000000000000;0000000000000;00000000;00000000;00000000;00000000;00000000;0000037898610;0000037748160;0000000000000;00150450;
20170802;FRC;*;F18 ;0000000000000;0000000000000;00000000;00000217;00000216;00000217;00000216;0000000000216;0000000000217;0000000000000;00000001;
20170802;FRC;*;F19 ;0000000000000;0000000000000;00000000;00000245;00000245;00000245;00000245;0000000000245;0000000000247;0000000000001;00000002;
20170802;FRC;*;F20 ;0000000000000;0000000000000;00000000;00000282;00000282;00000282;00000282;0000000000282;0000000000285;0000000000001;00000003;
20170802;FRC;*;F21 ;0000000000000;0000000000000;00000000;00000321;00000321;00000321;00000321;0000000000321;0000000000323;0000000000001;00000002;
20170802;FRC;*;F22 ;0000000000000;0000000000000;00000000;00000000;00000000;00000000;00000000;0000000000359;0000000000358;0000000000000;00000001;
20170802;FRC;*;F23 ;0000000000000;0000000000000;00000000;00000000;00000000;00000000;00000000;0000000000394;0000000000395;0000000000000;00000001;
20170802;FRC;*;F24 ;0000000000000;0000000000000;00000000;00000426;00000426;00000426;00000426;0000000000426;0000000000429;0000000000001;00000003;
20170802;FRC;*;F25 ;0000000000000;0000000000000;00000000;00000000;00000000;00000000;00000000;0000000000464;0000000000466;0000000000000;00000002;
20170802;FRC;*;F26 ;0000000000000;0000000000000;00000000;00000000;00000000;00000000;00000000;0000000000497;0000000000498;0000000000000;00000001;
20170802;FRC;*;F27 ;0000000000000;0000000000000;00000000;00000000;00000000;00000000;00000000;0000000000535;0000000000535;0000000000000;00000000;
20170802;FRC;*;F28 ;0000000000000;0000000000000;00000000;00000000;00000000;00000000;00000000;0000000000564;0000000000564;0000000000000;00000000;
20170802;FRC;*;F29 ;0000000000000;0000000000000;00000000;00000000;00000000;00000000;00000000;0000000000594;0000000000594;0000000000000;00000000;
20170802;FRC;*;F30 ;0000000000000;0000000000000;00000000;00000000;00000000;00000000;00000000;0000000000623;0000000000623;0000000000000;00000000;
20170802;FRC;*;G18 ;0000000000000;0000000000000;00000000;00000212;00000212;00000212;00000212;0000000000212;0000000000214;0000000000001;00000002;
20170802;FRC;*;H18 ;0000000000000;0000000000000;00000000;00000000;00000000;00000000;00000000;0000000000214;0000000000216;0000000000000;00000002;
20170802;FRC;*;J18 ;0000000000000;0000000000000;00000000;00000220;00000217;00000220;00000217;0000000000217;0000000000220;0000000000001;00000003;
20170802;FRC;*;J19 ;0000000000000;0000000000000;00000000;00000252;00000252;00000252;00000252;0000000000252;0000000000255;0000000000001;00000003;
20170802;FRC;*;J20 ;0000000000000;0000000000000;00000000;00000291;00000291;00000291;00000291;0000000000291;0000000000294;0000000000001;00000003;
20170802;FRC;*;J21 ;0000000000000;0000000000000;00000000;00000000;00000000;00000000;00000000;0000000000328;0000000000329;0000000000000;00000001;
20170802;FRC;*;J22 ;0000000000000;0000000000000;00000000;00000000;00000000;00000000;00000000;0000000000365;0000000000364;0000000000000;00000001;
20170802;FRC;*;K18 ;0000000000000;0000000000000;00000000;00000000;00000000;00000000;00000000;0000000000222;0000000000223;0000000000000;00000001;
20170802;FRC;*;M18 ;0000000000000;0000000000000;00000000;00000227;00000227;00000228;00000228;0000000000227;0000000000225;0000000000001;00000002;
20170802;FRC;*;N18 ;0000000000000;0000000000000;00000000;00000225;00000225;00000225;00000225;0000000000225;0000000000227;0000000000001;00000002;
20170802;FRC;*;N19 ;0000000000000;0000000000000;00000000;00000000;00000000;00000000;00000000;0000000000261;0000000000264;0000000000000;00000003;
20170802;FRC;*;N20 ;0000000000000;0000000000000;00000000;00000301;00000301;00000301;00000301;0000000000301;0000000000306;0000000000002;00000005;
20170802;FRC;*;N21 ;0000000000000;0000000000000;00000000;00000000;00000000;00000000;00000000;0000000000338;0000000000338;0000000000000;00000000;
20170802;FRC;*;N22 ;0000000000000;0000000000000;00000000;00000000;00000000;00000000;00000000;0000000000373;0000000000373;0000000000000;00000000;
20170802;FRC;*;Q18 ;0000000000000;0000000000000;00000000;00000000;00000000;00000000;00000000;0000000000228;0000000000230;0000000000000;00000002;
20170802;FRC;*;V17 ;0000000000000;0000000000000;00000000;00000226;00000225;00000226;00000225;0000000000225;0000000000227;0000000000001;00000002;
20170802;FRC;*;V18 ;0000000000000;0000000000000;00000000;00000234;00000234;00000234;00000234;0000000000234;0000000000237;0000000000001;00000003;
20170802;FRC;*;V19 ;0000000000000;0000000000000;00000000;00000268;00000268;00000268;00000268;0000000000269;0000000000272;0000000000001;00000003;
20170802;FRC;*;V20 ;0000000000000;0000000000000;00000000;00000000;00000000;00000000;00000000;0000000000309;0000000000313;0000000000000;00000004;
20170802;FRC;*;V21 ;0000000000000;0000000000000;00000000;00000000;00000000;00000000;00000000;0000000000342;0000000000342;0000000000000;00000000;
20170802;FRC;*;X17 ;0000000000000;0000000000000;00000000;00000220;00000220;00000224;00000223;0000000000223;0000000000224;0000000000000;00000001;
20170802;FRC;*;Z17 ;0000000000000;0000000000000;00000000;00000217;00000217;00000217;00000217;0000000000217;0000000000217;0000000000000;00000000;
20170802;FRO;*;F18 ;0000000000000;0000000000000;00000000;00000000;00000000;00000000;00000000;0000000000217;0000000000218;0000000000000;00000001;
20170802;FRO;*;F19 ;0000000000000;0000000000000;00000000;00000000;00000000;00000000;00000000;0000000000246;0000000000248;0000000000000;00000002;
20170802;FRO;*;F20 ;0000000000000;0000000000000;00000000;00000000;00000000;00000000;00000000;0000000000283;0000000000286;0000000000000;00000003;
20170802;FRO;*;F21 ;0000000000000;0000000000000;00000000;00000000;00000000;00000000;00000000;0000000000322;0000000000324;0000000000000;00000002;
20170802;FRO;*;F22 ;0000000000000;0000000000000;00000000;00000000;00000000;00000000;00000000;0000000000360;0000000000359;0000000000000;00000001;
20170802;FRO;*;F23 ;0000000000000;0000000000000;00000000;00000000;00000000;00000000;00000000;0000000000395;0000000000396;0000000000000;00000001;
20170802;FRO;*;F24 ;0000000000000;0000000000000;00000000;00000000;00000000;00000000;00000000;0000000000427;0000000000430;0000000000000;00000003;
20170802;FRO;*;F25 ;0000000000000;0000000000000;00000000;00000000;00000000;00000000;00000000;0000000000465;0000000000467;0000000000000;00000002;
20170802;FRO;*;F26 ;0000000000000;0000000000000;00000000;00000000;00000000;00000000;00000000;0000000000498;0000000000499;0000000000000;00000001;
20170802;FRO;*;F27 ;0000000000000;0000000000000;00000000;00000000;00000000;00000000;00000000;0000000000536;0000000000536;0000000000000;00000000;
20170802;FRO;*;F28 ;0000000000000;0000000000000;00000000;00000000;00000000;00000000;00000000;0000000000566;0000000000566;0000000000000;00000000;
20170802;FRO;*;F29 ;0000000000000;0000000000000;00000000;00000000;00000000;00000000;00000000;0000000000596;0000000000596;0000000000000;00000000;
20170802;FRO;*;F30 ;0000000000000;0000000000000;00000000;00000000;00000000;00000000;00000000;0000000000625;0000000000625;0000000000000;00000000;
20170802;FRO;*;G18 ;0000000000000;0000000000000;00000000;00000000;00000000;00000000;00000000;0000000000213;0000000000215;0000000000000;00000002;
20170802;FRO;*;H18 ;0000000000000;0000000000000;00000000;00000000;00000000;00000000;00000000;0000000000215;0000000000217;0000000000000;00000002;
20170802;FRO;*;J18 ;0000000000000;0000000000000;00000000;00000000;00000000;00000000;00000000;0000000000218;0000000000221;0000000000000;00000003;
20170802;FRO;*;J19 ;0000000000000;0000000000000;00000000;00000000;00000000;00000000;00000000;0000000000253;0000000000256;0000000000000;00000003;
20170802;FRO;*;J20 ;0000000000000;0000000000000;00000000;00000000;00000000;00000000;00000000;0000000000292;0000000000295;0000000000000;00000003;
20170802;FRO;*;J21 ;0000000000000;0000000000000;00000000;00000000;00000000;00000000;00000000;0000000000329;0000000000330;0000000000000;00000001;
20170802;FRO;*;J22 ;0000000000000;0000000000000;00000000;00000000;00000000;00000000;00000000;0000000000366;0000000000365;0000000000000;00000001;
20170802;FRO;*;K18 ;0000000000000;0000000000000;00000000;00000000;00000000;00000000;00000000;0000000000223;0000000000224;0000000000000;00000001;
20170802;FRO;*;M18 ;0000000000000;0000000000000;00000000;00000000;00000000;00000000;00000000;0000000000228;0000000000226;0000000000000;00000002;
20170802;FRO;*;N18 ;0000000000000;0000000000000;00000000;00000000;00000000;00000000;00000000;0000000000226;0000000000228;0000000000000;00000002;
20170802;FRO;*;N19 ;0000000000000;0000000000000;00000000;00000000;00000000;00000000;00000000;0000000000262;0000000000265;0000000000000;00000003;
20170802;FRO;*;N20 ;0000000000000;0000000000000;00000000;00000000;00000000;00000000;00000000;0000000000302;0000000000307;0000000000000;00000005;
20170802;FRO;*;N21 ;0000000000000;0000000000000;00000000;00000000;00000000;00000000;00000000;0000000000339;0000000000339;0000000000000;00000000;
20170802;FRO;*;N22 ;0000000000000;0000000000000;00000000;00000000;00000000;00000000;00000000;0000000000374;0000000000374;0000000000000;00000000;
20170802;FRO;*;Q18 ;0000000000000;0000000000000;00000000;00000000;00000000;00000000;00000000;0000000000229;0000000000231;0000000000000;00000002;
20170802;FRO;*;V17 ;0000000000000;0000000000000;00000000;00000000;00000000;00000000;00000000;0000000000226;0000000000228;0000000000000;00000002;
20170802;FRO;*;V18 ;0000000000000;0000000000000;00000000;00000000;00000000;00000000;00000000;0000000000235;0000000000238;0000000000000;00000003;
20170802;FRO;*;V19 ;0000000000000;0000000000000;00000000;00000000;00000000;00000000;00000000;0000000000270;0000000000273;0000000000000;00000003;
20170802;FRO;*;V20 ;0000000000000;0000000000000;00000000;00000000;00000000;00000000;00000000;0000000000310;0000000000314;0000000000000;00000004;
20170802;FRO;*;V21 ;0000000000000;0000000000000;00000000;00000000;00000000;00000000;00000000;0000000000343;0000000000343;0000000000000;00000000;
20170802;FRO;*;X17 ;0000000000000;0000000000000;00000000;00000000;00000000;00000000;00000000;0000000000224;0000000000225;0000000000000;00000001;
20170802;FRO;*;Z17 ;0000000000000;0000000000000;00000000;00000000;00000000;00000000;00000000;0000000000218;0000000000218;0000000000000;00000000;
20170802;FRP;*;FRP0;0000000000000;0000000000000;00000000;00001760;00001630;00001770;00001630;0000000000000;0000000000000;0000000000000;00000000;
20170802;FRP;*;FRP1;0000000000000;0000000000000;00000000;00001720;00001720;00001720;00001720;0000000000000;0000000000000;0000000000000;00000000;
20170802;GBP;*;U17 ;0000097071950;0000031045142;00000442;04146500;04146500;04152000;04151400;0000041501810;0000041481640;0000000007059;00020170;
20170802;GBP;*;V17 ;0000001461180;0000000467308;00000022;04174800;04174800;04174800;04174800;0000041724490;0000041703710;0000000007273;00020780;
20170802;GBP;*;X17 ;0000000000000;0000000000000;00000000;00000000;00000000;00000000;00000000;0000041960500;0000041938770;0000000000000;00021730;
20170802;HSI;*;Q17 ;0000000000000;0000000000000;00000000;00000000;00000000;00000000;00000000;0000000027552;0000000027515;0000000000000;00000037;
20170802;HSI;*;U17 ;0000000000000;0000000000000;00000000;00000000;00000000;00000000;00000000;0000000027475;0000000027437;0000000000000;00000038;
20170802;ICF;*;H18 ;0000000000000;0000000000000;00000000;00000000;00000000;00000000;00000000;0000000017715;0000000017385;0000000000000;00000330;
20170802;ICF;*;U17 ;0000011337078;0000003639745;00002916;00016505;00016505;00016850;00016770;0000000016850;0000000016495;0000000110575;00000355;
20170802;ICF;*;U18 ;0000000056066;0000000018000;00001883;00018000;00018000;00018000;00018000;0000000017955;0000000017625;0000000102788;00000330;
20170802;ICF;*;U19 ;0000000000000;0000000000000;00000461;00000000;00000000;00000000;00000000;0000000018915;0000000018585;0000000102788;00000330;
20170802;ICF;*;Z17 ;0000015923543;0000005112220;00004053;00017110;00017060;00017400;00017305;0000000017350;0000000016995;0000000110575;00000355;
20170802;ICF;*;Z18 ;0000000000000;0000000000000;00000402;00000000;00000000;00000000;00000000;0000000018460;0000000018130;0000000102788;00000330;
20170802;IND;*;G18 ;0000000000000;0000000000000;00000000;00000000;00000000;00000000;00000000;0000000069635;0000000068985;0000000000000;00000650;
20170802;IND;*;G19 ;0000000000000;0000000000000;00000000;00000000;00000000;00000000;00000000;0000000074568;0000000073901;0000000000000;00000667;
20170802;IND;*;J18 ;0000000000000;0000000000000;00000000;00000000;00000000;00000000;00000000;0000000070415;0000000069766;0000000000000;00000649;
20170802;IND;*;J19 ;0000000000000;0000000000000;00000000;00000000;00000000;00000000;00000000;0000000075571;0000000074895;0000000000000;00000676;
20170802;IND;*;M18 ;0000000000000;0000000000000;00001815;00000000;00000000;00000000;00000000;0000000071108;0000000070454;0000000065400;00000654;
20170802;IND;*;M19 ;0000000000000;0000000000000;00000000;00000000;00000000;00000000;00000000;0000000076511;0000000075823;0000000000000;00000688;
20170802;IND;*;Q17 ;0006197179825;0001981955937;00257272;00066650;00066500;00067545;00067400;0000000067387;0000000066758;0000000062900;00000629;
20170802;IND;*;Q18 ;0000000000000;0000000000000;00000000;00000000;00000000;00000000;00000000;0000000071969;0000000071311;0000000000000;00000658;
20170802;IND;*;V17 ;0000014270000;0000004563771;00014920;00067900;00067900;00068000;00068000;0000000068252;0000000067623;0000000062900;00000629;
20170802;IND;*;V18 ;0000000000000;0000000000000;00000000;00000000;00000000;00000000;00000000;0000000072822;0000000072164;0000000000000;00000658;
20170802;IND;*;Z17 ;0000001715000;0000000548484;00024975;00068600;00068600;00068600;00068600;0000000068951;0000000068309;0000000064200;00000642;
20170802;IND;*;Z18 ;0000000000000;0000000000000;00000150;00000000;00000000;00000000;00000000;0000000073616;0000000072953;0000000066300;00000663;
20170802;IR1;*;Q7V7;0000000000000;0000000000000;00000000;00000865;00000865;00000865;00000865;0000000000000;0000000000000;0000000000000;00000000;
20170802;ISP;*;H18 ;0000000000000;0000000000000;00000000;00000000;00000000;00000000;00000000;0000000247000;0000000246975;0000000000000;00000025;
20170802;ISP;*;M18 ;0000000000000;0000000000000;00000000;00000000;00000000;00000000;00000000;0000000246900;0000000246900;0000000000000;00000000;
20170802;ISP;*;U17 ;0000274343912;0000088077537;00004623;00247300;00246400;00247550;00247450;0000000247350;0000000247325;0000000003893;00000025;
20170802;ISP;*;Z17 ;0000000000000;0000000000000;00000011;00000000;00000000;00000000;00000000;0000000247150;0000000247125;0000000003893;00000025;
20170802;JPY;*;U17 ;0000011058400;0000003536651;00000535;02835500;02835400;02835500;02835400;0000028373900;0000028474700;0000000050400;00100800;
20170802;JPY;*;V17 ;0000002854600;0000000912946;00002169;02854600;02854600;02854600;02854600;0000028533500;0000028634800;0000000050650;00101300;
20170802;JPY;*;X17 ;0000000000000;0000000000000;00000000;00000000;00000000;00000000;00000000;0000028701900;0000028804900;0000000000000;00103000;
20170802;JPY;*;Z17 ;0000000000000;0000000000000;00000000;00000000;00000000;00000000;00000000;0000028859200;0000028962900;0000000000000;00103700;
20170802;JSE;*;U17 ;0000000000000;0000000000000;00000000;00000000;00000000;00000000;00000000;0000000048851;0000000049107;0000000000000;00000256;
20170802;JSE;*;Z17 ;0000000000000;0000000000000;00000000;00000000;00000000;00000000;00000000;0000000049667;0000000049917;0000000000000;00000250;
20170802;MIX;*;U17 ;0000000000000;0000000000000;00000000;00000000;00000000;00000000;00000000;0000000001990;0000000001958;0000000000000;00000032;
20170802;MIX;*;Z17 ;0000000000000;0000000000000;00000000;00000000;00000000;00000000;00000000;0000000002011;0000000001994;0000000000000;00000017;
20170802;MXN;*;U17 ;0000032778345;0000010483032;00000884;01747200;01747000;01750400;01747100;0000017486360;0000017476670;0000000007267;00009690;
20170802;MXN;*;V17 ;0000000000000;0000000000000;00000174;00000000;00000000;00000000;00000000;0000017473410;0000017463540;0000000007402;00009870;
20170802;MXN;*;X17 ;0000000000000;0000000000000;00000000;00000000;00000000;00000000;00000000;0000017469810;0000017460490;0000000000000;00009320;
20170802;NZD;*;U17 ;0000011007990;0000003520529;00000604;02329800;02329700;02329800;02329700;0000023301410;0000023436120;0000000101032;00134710;
20170802;NZD;*;V17 ;0000000878100;0000000280830;00000015;02341600;02341600;02341600;02341600;0000023393650;0000023526270;0000000099465;00132620;
20170802;NZD;*;X17 ;0000000000000;0000000000000;00000000;00000000;00000000;00000000;00000000;0000023490860;0000023626420;0000000000000;00135560;
20170802;OC1;*;F18 ;0000000000000;0000000000000;00020000;00000000;00000000;00000000;00000000;0000009682313;0000009681903;0000000000410;00000410;
20170802;OC1;*;F19 ;0000000000000;0000000000000;00000000;00000000;00000000;00000000;00000000;0000008974637;0000008971504;0000000000000;00003133;
20170802;OC1;*;F20 ;0000000000000;0000000000000;00000000;00000000;00000000;00000000;00000000;0000008191380;0000008182456;0000000000000;00008924;
20170802;OC1;*;F21 ;0000000000000;0000000000000;00000000;00000000;00000000;00000000;00000000;0000007404092;0000007392540;0000000000000;00011552;
20170802;OC1;*;F22 ;0000000000000;0000000000000;00000000;00000000;00000000;00000000;00000000;0000006679875;0000006663695;0000000000000;00016180;
20170802;OC1;*;F23 ;0000000000000;0000000000000;00000000;00000000;00000000;00000000;00000000;0000006033780;0000006012920;0000000000000;00020860;
20170802;OC1;*;F24 ;0000000000000;0000000000000;00000000;00000000;00000000;00000000;00000000;0000005457377;0000005431934;0000000000000;00025443;
20170802;OC1;*;F25 ;0000000000000;0000000000000;00000000;00000000;00000000;00000000;00000000;0000004921341;0000004891531;0000000000000;00029810;
20170802;OC1;*;F26 ;0000000000000;0000000000000;00000000;00000000;00000000;00000000;00000000;0000004447269;0000004423447;0000000000000;00023822;
20170802;OC1;*;F27 ;0000000000000;0000000000000;00000000;00000000;00000000;00000000;00000000;0000004015339;0000003991320;0000000000000;00024019;
20170802;OC1;*;F28 ;0000000000000;0000000000000;00000000;00000000;00000000;00000000;00000000;0000003632390;0000003608382;0000000000000;00024008;
20170802;OC1;*;F29 ;0000000000000;0000000000000;00000000;00000000;00000000;00000000;00000000;0000003293165;0000003269349;0000000000000;00023816;
20170802;OC1;*;F30 ;0000000000000;0000000000000;00000000;00000000;00000000;00000000;00000000;0000002976259;0000002952879;0000000000000;00023380;
20170802;OC1;*;G18 ;0000000000000;0000000000000;00000000;00000000;00000000;00000000;00000000;0000009619966;0000009620326;0000000000000;00000360;
20170802;OC1;*;H18 ;0000000000000;0000000000000;00000000;00000000;00000000;00000000;00000000;0000009570313;0000009569432;0000000000000;00000881;
20170802;OC1;*;J18 ;0000000000000;0000000000000;00000000;00000000;00000000;00000000;00000000;0000009512109;0000009511358;0000000000000;00000751;
20170802;OC1;*;J19 ;0000000000000;0000000000000;00000000;00000000;00000000;00000000;00000000;0000008789698;0000008785999;0000000000000;00003699;
20170802;OC1;*;J20 ;0000000000000;0000000000000;00000000;00000000;00000000;00000000;00000000;0000007994633;0000007983040;0000000000000;00011593;
20170802;OC1;*;J21 ;0000000000000;0000000000000;00000000;00000000;00000000;00000000;00000000;0000007220856;0000007208775;0000000000000;00012081;
20170802;OC1;*;J22 ;0000000000000;0000000000000;00000000;00000000;00000000;00000000;00000000;0000006513900;0000006500821;0000000000000;00013079;
20170802;OC1;*;K18 ;0000000000000;0000000000000;00000000;00000000;00000000;00000000;00000000;0000009453950;0000009452426;0000000000000;00001524;
20170802;OC1;*;M18 ;0000000000000;0000000000000;00000000;00000000;00000000;00000000;00000000;0000009395661;0000009394293;0000000000000;00001368;
20170802;OC1;*;N18 ;0000000000000;0000000000000;00000000;00000000;00000000;00000000;00000000;0000009337312;0000009336169;0000000000000;00001143;
20170802;OC1;*;N19 ;0000000000000;0000000000000;00000000;00000000;00000000;00000000;00000000;0000008594480;0000008591729;0000000000000;00002751;
20170802;OC1;*;N20 ;0000000000000;0000000000000;00000000;00000000;00000000;00000000;00000000;0000007799672;0000007789364;0000000000000;00010308;
20170802;OC1;*;N21 ;0000000000000;0000000000000;00000000;00000000;00000000;00000000;00000000;0000007036229;0000007023401;0000000000000;00012828;
20170802;OC1;*;N22 ;0000000000000;0000000000000;00000000;00000000;00000000;00000000;00000000;0000006350887;0000006341133;0000000000000;00009754;
20170802;OC1;*;N23 ;0000000000000;0000000000000;00000000;00000000;00000000;00000000;00000000;0000005742539;0000005719359;0000000000000;00023180;
20170802;OC1;*;N24 ;0000000000000;0000000000000;00000000;00000000;00000000;00000000;00000000;0000005191470;0000005163807;0000000000000;00027663;
20170802;OC1;*;Q18 ;0000000000000;0000000000000;00000000;00000000;00000000;00000000;00000000;0000009274365;0000009272820;0000000000000;00001545;
20170802;OC1;*;U17 ;0000000000000;0000000000000;00000000;00000000;00000000;00000000;00000000;0000009923848;0000009923814;0000000000000;00000034;
20170802;OC1;*;V17 ;0000000000000;0000000000000;00000000;00000000;00000000;00000000;00000000;0000009860249;0000009860261;0000000000000;00000012;
20170802;OC1;*;V18 ;0000000000000;0000000000000;00000000;00000000;00000000;00000000;00000000;0000009155601;0000009153058;0000000000000;00002543;
20170802;OC1;*;V19 ;0000000000000;0000000000000;00000000;00000000;00000000;00000000;00000000;0000008387536;0000008381070;0000000000000;00006466;
20170802;OC1;*;V20 ;0000000000000;0000000000000;00000000;00000000;00000000;00000000;00000000;0000007593566;0000007582606;0000000000000;00010960;
20170802;OC1;*;V21 ;0000000000000;0000000000000;00000000;00000000;00000000;00000000;00000000;0000006853285;0000006838923;0000000000000;00014362;
20170802;OC1;*;X17 ;0000000000000;0000000000000;00000000;00000000;00000000;00000000;00000000;0000009796040;0000009795826;0000000000000;00000214;
20170802;OC1;*;Z17 ;0000000000000;0000000000000;00000000;00000000;00000000;00000000;00000000;0000009738460;0000009738434;0000000000000;00000026;
20170802;OZ1;*;0000;0000000377507;0000000120733;00000000;00126000;00125500;00126500;00125510;0000000125962;0000000126475;0000000000000;00001490;
20170802;OZ1;*;U17 ;0000000000000;0000000000000;00000000;00000000;00000000;00000000;00000000;0000000126428;0000000127974;0000000000000;00001546;
20170802;OZ1;*;V17 ;0000000000000;0000000000000;00000000;00000000;00000000;00000000;00000000;0000000127246;0000000128801;0000000000000;00001555;
20170802;OZ2;*;0000;0000000063147;0000000020195;00000000;00127500;00126000;00127990;00126000;0000000126422;0000000126940;0000000000000;00000000;
20170802;OZ3;*;0000;0000000004052;0000000001296;00000000;00127000;00125500;00127000;00126000;0000000125948;0000000126363;0000000000000;00000000;
20170802;SCS;*;F802;0000000000000;0000000000000;00182740;00000000;00000000;00000000;00000000;0000000000000;0000000000000;0000000000000;00000000;
20170802;SCS;*;J802;0000000000000;0000000000000;00173130;00000000;00000000;00000000;00000000;0000000000000;0000000000000;0000000000000;00000000;
20170802;SCS;*;V702;0000000000000;0000000000000;00199495;00000000;00000000;00000000;00000000;0000000000000;0000000000000;0000000000000;00000000;
20170802;SFI;*;K18 ;0000000000000;0000000000000;00000000;00000000;00000000;00000000;00000000;0000000002125;0000000002111;0000000000000;00000014;
20170802;SFI;*;N18 ;0000000000000;0000000000000;00000000;00000000;00000000;00000000;00000000;0000000002140;0000000002126;0000000000000;00000014;
20170802;SFI;*;X17 ;0000000000000;0000000000000;00000000;00000000;00000000;00000000;00000000;0000000002084;0000000002072;0000000000000;00000012;
20170802;SJC;*;F18 ;0000000000000;0000000000000;00000000;00000000;00000000;00000000;00000000;0000000217482;0000000216215;0000000000000;00001267;
20170802;SJC;*;H18 ;0000000030653;0000000009841;00000000;00002187;00002187;00002187;00002187;0000000219026;0000000217593;0000000020085;00001433;
20170802;SJC;*;K18 ;0000006232509;0000002000934;00000517;00002202;00002200;00002203;00002200;0000000220183;0000000218750;0000000020085;00001433;
20170802;SJC;*;N18 ;0000000000000;0000000000000;00000000;00000000;00000000;00000000;00000000;0000000221506;0000000220018;0000000000000;00001488;
20170802;SJC;*;Q18 ;0000000000000;0000000000000;00000000;00000000;00000000;00000000;00000000;0000000221230;0000000219632;0000000000000;00001598;
20170802;SJC;*;U17 ;0000000449933;0000000144450;00000397;00002140;00002140;00002140;00002140;0000000214010;0000000212577;0000000020085;00001433;
20170802;SJC;*;X17 ;0000002022035;0000000649170;00002105;00002137;00002137;00002158;00002150;0000000215498;0000000214231;0000000017759;00001267;
20170802;SJC;*;X18 ;0000000000000;0000000000000;00000000;00000000;00000000;00000000;00000000;0000000216545;0000000214727;0000000000000;00001818;
20170802;TRY;*;U17 ;0000000000000;0000000000000;00000792;00000000;00000000;00000000;00000000;0000008798120;0000008804010;0000000004417;00005890;
20170802;TRY;*;V17 ;0000000790747;0000000252893;00000012;00878700;00878600;00878700;00878600;0000008767340;0000008777740;0000000007800;00010400;
20170802;TRY;*;X17 ;0000000000000;0000000000000;00000000;00000000;00000000;00000000;00000000;0000008727110;0000008733120;0000000000000;00006010;
20170802;T10;*;U17 ;0000004334880;0000001386363;00001618;00126203;00126016;00126203;00126016;0000001261093;0000001262343;0000000039085;00001250;
20170802;T10;*;Z17 ;0000000000000;0000000000000;00000000;00000000;00000000;00000000;00000000;0000001257812;0000001259062;0000000000000;00001250;
20170802;WDO;*;F18 ;0000000000000;0000000000000;00000000;00000000;00000000;00000000;00000000;0000031894960;0000031916990;0000000000000;00022030;
20170802;WDO;*;F19 ;0000000000000;0000000000000;00000000;00000000;00000000;00000000;00000000;0000033544260;0000033573050;0000000000000;00028790;
20170802;WDO;*;F20 ;0000000000000;0000000000000;00000000;00000000;00000000;00000000;00000000;0000035588640;0000035632280;0000000000000;00043640;
20170802;WDO;*;F21 ;0000000000000;0000000000000;00000000;00000000;00000000;00000000;00000000;0000037874590;0000037943530;0000000000000;00068940;
20170802;WDO;*;F25 ;0000000000000;0000000000000;00000000;00000000;00000000;00000000;00000000;0000046944760;0000047226660;0000000000000;00281900;
20170802;WDO;*;G18 ;0000000000000;0000000000000;00000000;00000000;00000000;00000000;00000000;0000032048550;0000032067360;0000000000000;00018810;
20170802;WDO;*;H18 ;0000000000000;0000000000000;00000000;00000000;00000000;00000000;00000000;0000032158930;0000032181530;0000000000000;00022600;
20170802;WDO;*;J18 ;0000000000000;0000000000000;00000000;00000000;00000000;00000000;00000000;0000032288930;0000032309670;0000000000000;00020740;
20170802;WDO;*;J19 ;0000000000000;0000000000000;00000000;00000000;00000000;00000000;00000000;0000034013140;0000034036530;0000000000000;00023390;
20170802;WDO;*;J20 ;0000000000000;0000000000000;00000000;00000000;00000000;00000000;00000000;0000036144630;0000036204030;0000000000000;00059400;
20170802;WDO;*;J22 ;0000000000000;0000000000000;00000000;00000000;00000000;00000000;00000000;0000040807920;0000040943500;0000000000000;00135580;
20170802;WDO;*;K18 ;0000000000000;0000000000000;00000000;00000000;00000000;00000000;00000000;0000032420390;0000032446010;0000000000000;00025620;
20170802;WDO;*;M18 ;0000000000000;0000000000000;00000000;00000000;00000000;00000000;00000000;0000032549380;0000032580990;0000000000000;00031610;
20170802;WDO;*;N18 ;0000000000000;0000000000000;00000000;00000000;00000000;00000000;00000000;0000032693640;0000032717080;0000000000000;00023440;
20170802;WDO;*;N19 ;0000000000000;0000000000000;00000000;00000000;00000000;00000000;00000000;0000034517910;0000034534420;0000000000000;00016510;
20170802;WDO;*;N20 ;0000000000000;0000000000000;00000000;00000000;00000000;00000000;00000000;0000036698030;0000036729110;0000000000000;00031080;
20170802;WDO;*;N21 ;0000000000000;0000000000000;00000000;00000000;00000000;00000000;00000000;0000039061070;0000039160090;0000000000000;00099020;
20170802;WDO;*;N22 ;0000000000000;0000000000000;00000000;00000000;00000000;00000000;00000000;0000041389410;0000041483570;0000000000000;00094160;
20170802;WDO;*;U17 ;0022246142230;0007114667465;00027216;03150000;03131000;03156000;03131000;0000031348630;0000031370520;0000000002189;00021890;
20170802;WDO;*;V17 ;0000006530825;0000002088661;00000054;03150000;03147500;03167500;03148500;0000031489580;0000031511030;0000000002145;00021450;
20170802;WDO;*;V18 ;0000000000000;0000000000000;00000000;00000000;00000000;00000000;00000000;0000033124390;0000033145600;0000000000000;00021210;
20170802;WDO;*;V19 ;0000000000000;0000000000000;00000000;00000000;00000000;00000000;00000000;0000035089010;0000035122720;0000000000000;00033710;
20170802;WDO;*;X17 ;0000000000000;0000000000000;00000075;00000000;00000000;00000000;00000000;0000031637990;0000031660010;0000000002202;00022020;
20170802;WDO;*;Z17 ;0000000000000;0000000000000;00000000;00000000;00000000;00000000;00000000;0000031770610;0000031792910;0000000000000;00022300;
20170802;WEU;*;U17 ;0000000000000;0000000000000;00000003;00000000;00000000;00000000;00000000;0000037230000;0000037081730;0000000014827;00148270;
20170802;WEU;*;V17 ;0000000000000;0000000000000;00000000;00000000;00000000;00000000;00000000;0000037450780;0000037301180;0000000000000;00149600;
20170802;WEU;*;X17 ;0000000000000;0000000000000;00000000;00000000;00000000;00000000;00000000;0000037684100;0000037533800;0000000000000;00150300;
20170802;WIN;*;G18 ;0000000000000;0000000000000;00000000;00000000;00000000;00000000;00000000;0000000069635;0000000068985;0000000000000;00000650;
20170802;WIN;*;G19 ;0000000000000;0000000000000;00000000;00000000;00000000;00000000;00000000;0000000074568;0000000073901;0000000000000;00000667;
20170802;WIN;*;J18 ;0000000000000;0000000000000;00000000;00000000;00000000;00000000;00000000;0000000070415;0000000069766;0000000000000;00000649;
20170802;WIN;*;J19 ;0000000000000;0000000000000;00000000;00000000;00000000;00000000;00000000;0000000075571;0000000074895;0000000000000;00000676;
20170802;WIN;*;M18 ;0000000000000;0000000000000;00000000;00000000;00000000;00000000;00000000;0000000071108;0000000070454;0000000000000;00000654;
20170802;WIN;*;M19 ;0000000000000;0000000000000;00000000;00000000;00000000;00000000;00000000;0000000076511;0000000075823;0000000000000;00000688;
20170802;WIN;*;Q17 ;0015493258663;0004954988699;00079622;00066630;00066495;00067545;00067425;0000000067387;0000000066758;0000000012580;00000629;
20170802;WIN;*;Q18 ;0000000000000;0000000000000;00000000;00000000;00000000;00000000;00000000;0000000071969;0000000071311;0000000000000;00000658;
20170802;WIN;*;V17 ;0000000149767;0000000047898;00000006;00067685;00067685;00068300;00068300;0000000068252;0000000067623;0000000012580;00000629;
20170802;WIN;*;V18 ;0000000000000;0000000000000;00000000;00000000;00000000;00000000;00000000;0000000072822;0000000072164;0000000000000;00000658;
20170802;WIN;*;Z17 ;0000000000000;0000000000000;00000000;00000000;00000000;00000000;00000000;0000000068951;0000000068309;0000000000000;00000642;
20170802;WIN;*;Z18 ;0000000000000;0000000000000;00000000;00000000;00000000;00000000;00000000;0000000073616;0000000072953;0000000000000;00000663;
20170802;WTI;*;U17 ;0000000598889;0000000192272;00002703;00004913;00004880;00004967;00004967;0000000004959;0000000004916;0000000013393;00000043;
20170802;WTI;*;V17 ;0000000030930;0000000009930;00000000;00004965;00004965;00004965;00004965;0000000004973;0000000004929;0000000013705;00000044;
20170802;ZAR;*;U17 ;0000000000000;0000000000000;00000703;00000000;00000000;00000000;00000000;0000023597860;0000023525070;0000000025476;00072790;
20170802;ZAR;*;V17 ;0000000000000;0000000000000;00000011;00000000;00000000;00000000;00000000;0000023593400;0000023529340;0000000022421;00064060;
20170802;ZAR;*;X17 ;0000000000000;0000000000000;00000000;00000000;00000000;00000000;00000000;0000023577290;0000023514000;0000000000000;00063290;
