Data;Código do Contrato;Pregão;Vencimento;Volume(R$);Volume(U$);Número de contas em Aberto;Preço de Abertura;Preço Mínimo;Preço Máximo;Último Preço;Preço de Ajuste Atual; Preço de Ajuste Anterior;Valor de Ajuste por Contrato;Variação
20170803;AUD;*;U17 ;0000000000000;0000000000000;00000829;00000000;00000000;00000000;00000000;0000024901640;0000024972280;0000000042384;00070640;
20170803;AUD;*;V17 ;0000007497000;0000002403347;00000806;02499000;02499000;02499000;02499000;0000025002260;0000025075200;0000000043764;00072940;
20170803;AUD;*;X17 ;0000000000000;0000000000000;00000000;00000000;00000000;00000000;00000000;0000025110770;0000025183670;0000000000000;00072900;
20170803;BGI;*;F18 ;0000000000000;0000000000000;00000000;00000000;00000000;00000000;00000000;0000000013476;0000000013435;0000000000000;00000041;
20170803;BGI;*;K18 ;0000000000000;0000000000000;00000127;00000000;00000000;00000000;00000000;0000000013753;0000000013732;0000000006930;00000021;
20170803;BGI;*;Q17 ;0000000520571;0000000166978;00001095;00013100;00013100;00013150;00013150;0000000013115;0000000013148;0000000010890;00000033;
20170803;BGI;*;U17 ;0000000311685;0000000099976;00000087;00013450;00013450;00013510;00013510;0000000013519;0000000013459;0000000019800;00000060;
20170803;BGI;*;V17 ;0000133198609;0000042724727;00005667;00013670;00013581;00013760;00013730;0000000013724;0000000013663;0000000020130;00000061;
20170803;BGI;*;V18 ;0000000000000;0000000000000;00000106;00000000;00000000;00000000;00000000;0000000014055;0000000014034;0000000006930;00000021;
20170803;BGI;*;X17 ;0000001584495;0000000508242;00000160;00013700;00013700;00013750;00013750;0000000013724;0000000013662;0000000020460;00000062;
20170803;BGI;*;Z17 ;0000000000000;0000000000000;00000005;00000000;00000000;00000000;00000000;0000000013742;0000000013680;0000000020460;00000062;
20170803;BRI;*;V17 ;0000001129900;0000000362217;00000858;00011299;00011299;00011299;00011299;0000000011309;0000000011377;0000000068000;00000068;
20170803;BRI;*;Z17 ;0000002300000;0000000737321;00000435;00011500;00011500;00011500;00011500;0000000011439;0000000011509;0000000070000;00000070;
20170803;BSE;*;Q17 ;0000000000000;0000000000000;00000000;00000000;00000000;00000000;00000000;0000000032461;0000000032709;0000000000000;00000248;
20170803;BSE;*;U17 ;0000000000000;0000000000000;00000000;00000000;00000000;00000000;00000000;0000000032686;0000000032936;0000000000000;00000250;
20170803;CAD;*;U17 ;0000000000000;0000000000000;00000241;00000000;00000000;00000000;00000000;0000024940800;0000024978950;0000000022890;00038150;
20170803;CAD;*;V17 ;0000024796620;0000007949163;00000860;02507000;02504300;02507000;02504300;0000025062710;0000025099350;0000000021984;00036640;
20170803;CAD;*;X17 ;0000000000000;0000000000000;00000000;00000000;00000000;00000000;00000000;0000025189010;0000025226040;0000000000000;00037030;
20170803;CCM;*;F18 ;0000001193337;0000000382774;00002699;00002910;00002897;00002950;00002950;0000000002933;0000000002909;0000000010800;00000024;
20170803;CCM;*;H18 ;0000000536562;0000000172107;00000430;00003059;00003055;00003060;00003055;0000000003044;0000000003057;0000000005850;00000013;
20170803;CCM;*;K18 ;0000000013387;0000000004294;00000081;00002975;00002975;00002975;00002975;0000000002947;0000000002960;0000000005850;00000013;
20170803;CCM;*;N18 ;0000000000000;0000000000000;00000000;00000000;00000000;00000000;00000000;0000000002945;0000000002955;0000000000000;00000010;
20170803;CCM;*;U17 ;0000034345215;0000011016556;00018104;00002600;00002561;00002620;00002604;0000000002598;0000000002601;0000000001350;00000003;
20170803;CCM;*;U18 ;0000000000000;0000000000000;00000091;00000000;00000000;00000000;00000000;0000000002945;0000000002952;0000000003150;00000007;
20170803;CCM;*;X17 ;0000005736555;0000001840055;00002130;00002800;00002780;00002864;00002811;0000000002832;0000000002809;0000000010350;00000023;
20170803;CCM;*;X18 ;0000000000000;0000000000000;00000000;00000000;00000000;00000000;00000000;0000000003011;0000000003018;0000000000000;00000007;
20170803;CHF;*;U17 ;0000021688850;0000006952892;00000549;03236100;03236100;03238200;03238200;0000032402880;0000032394950;0000000003965;00007930;
20170803;CHF;*;V17 ;0000000000000;0000000000000;00000000;00000000;00000000;00000000;00000000;0000032621220;0000032604720;0000000000000;00016500;
20170803;CHF;*;X17 ;0000000000000;0000000000000;00000000;00000000;00000000;00000000;00000000;0000032832970;0000032830110;0000000000000;00002860;
20170803;CLP;*;U17 ;0000010979377;0000003519708;00000516;04826100;04826100;04826100;04826100;0000048348000;0000048103000;0000000061250;00245000;
20170803;CLP;*;V17 ;0000000000000;0000000000000;00000000;00000000;00000000;00000000;00000000;0000048531000;0000048284000;0000000000000;00247000;
20170803;CLP;*;X17 ;0000000000000;0000000000000;00000000;00000000;00000000;00000000;00000000;0000048732000;0000048479000;0000000000000;00253000;
20170803;CNY;*;U17 ;0000000000000;0000000000000;00000000;00000000;00000000;00000000;00000000;0000046577700;0000046570680;0000000000000;00007020;
20170803;CNY;*;V17 ;0000000000000;0000000000000;00000000;00000000;00000000;00000000;00000000;0000046679070;0000046692130;0000000000000;00013060;
20170803;CNY;*;X17 ;0000000000000;0000000000000;00000000;00000000;00000000;00000000;00000000;0000046809230;0000046828460;0000000000000;00019230;
20170803;CR1;*;U7Z7;0000000000000;0000000000000;00000000;00000510;00000500;00000510;00000500;0000000000000;0000000000000;0000000000000;00000000;
20170803;DAP;*;F18 ;0000000000000;0000000000000;00043680;00000000;00000000;00000000;00000000;0000009876983;0000009878413;0000000001728;00001430;
20170803;DAP;*;F19 ;0000000000000;0000000000000;00000200;00000000;00000000;00000000;00000000;0000009520450;0000009518041;0000000002912;00002409;
20170803;DAP;*;K19 ;0000411528941;0000131925672;00058315;00000350;00000345;00000350;00000346;0000009421167;0000009417908;0000000003939;00003259;
20170803;DAP;*;K21 ;0000089184516;0000028590279;00029789;00000451;00000440;00000451;00000444;0000008505987;0000008473446;0000000039336;00032541;
20170803;DAP;*;K23 ;0000000000000;0000000000000;00012950;00000000;00000000;00000000;00000000;0000007613338;0000007593342;0000000024171;00019996;
20170803;DAP;*;Q17 ;0000000000000;0000000000000;00001580;00000000;00000000;00000000;00000000;0000009985127;0000009981596;0000000004268;00003531;
20170803;DAP;*;Q18 ;0000302766829;0000097059316;00088865;00000332;00000332;00000333;00000333;0000009670186;0000009670864;0000000000819;00000678;
20170803;DAP;*;Q20 ;0000083779389;0000026857533;00016750;00000422;00000418;00000422;00000418;0000008839343;0000008827738;0000000014028;00011605;
20170803;DAP;*;Q22 ;0000423490682;0000135760301;00021649;00000472;00000470;00000474;00000473;0000007937667;0000007919621;0000000021814;00018046;
20170803;DAP;*;Q24 ;0000000865986;0000000277613;00009270;00000488;00000488;00000488;00000488;0000007144832;0000007126559;0000000022088;00018273;
20170803;DAP;*;Q26 ;0000037360253;0000011976743;00004034;00000501;00000501;00000502;00000502;0000006444841;0000006423447;0000000025861;00021394;
20170803;DAP;*;Q30 ;0000006292491;0000002017212;00000235;00000516;00000516;00000516;00000516;0000005205504;0000005116892;0000000107115;00088612;
20170803;DAP;*;U17 ;0000000000000;0000000000000;00001500;00000000;00000000;00000000;00000000;0000009959932;0000009960989;0000000001277;00001057;
20170803;DAP;*;V17 ;0000000000000;0000000000000;00000200;00000000;00000000;00000000;00000000;0000009939609;0000009934566;0000000006096;00005043;
20170803;DCO;*;F18 ;0000000000000;0000000000000;00000000;00000000;00000000;00000000;00000000;0000009885634;0000009879805;0000000000000;00005829;
20170803;DCO;*;F19 ;0000000000000;0000000000000;00000000;00000000;00000000;00000000;00000000;0000009640051;0000009631104;0000000000000;00008947;
20170803;DCO;*;F20 ;0000000000000;0000000000000;00000000;00000000;00000000;00000000;00000000;0000009336632;0000009326435;0000000000000;00010197;
20170803;DCO;*;F21 ;0000000000000;0000000000000;00000000;00000000;00000000;00000000;00000000;0000008983157;0000008971600;0000000000000;00011557;
20170803;DCO;*;F22 ;0000000000000;0000000000000;00000000;00000000;00000000;00000000;00000000;0000008606975;0000008589710;0000000000000;00017265;
20170803;DCO;*;F23 ;0000000000000;0000000000000;00000000;00000000;00000000;00000000;00000000;0000008216721;0000008198114;0000000000000;00018607;
20170803;DCO;*;F24 ;0000000000000;0000000000000;00000000;00000000;00000000;00000000;00000000;0000007825303;0000007808466;0000000000000;00016837;
20170803;DCO;*;F25 ;0000000000000;0000000000000;00000000;00000000;00000000;00000000;00000000;0000007412019;0000007392640;0000000000000;00019379;
20170803;DCO;*;F26 ;0000000000000;0000000000000;00000000;00000000;00000000;00000000;00000000;0000007020585;0000007002511;0000000000000;00018074;
20170803;DCO;*;F27 ;0000000000000;0000000000000;00000000;00000000;00000000;00000000;00000000;0000006616510;0000006599685;0000000000000;00016825;
20170803;DCO;*;F28 ;0000000000000;0000000000000;00000000;00000000;00000000;00000000;00000000;0000006261060;0000006245322;0000000000000;00015738;
20170803;DCO;*;F29 ;0000000000000;0000000000000;00000000;00000000;00000000;00000000;00000000;0000005919933;0000005905197;0000000000000;00014736;
20170803;DCO;*;F30 ;0000000000000;0000000000000;00000000;00000000;00000000;00000000;00000000;0000005598895;0000005585072;0000000000000;00013823;
20170803;DCO;*;G18 ;0000000000000;0000000000000;00000000;00000000;00000000;00000000;00000000;0000009869276;0000009863448;0000000000000;00005828;
20170803;DCO;*;H18 ;0000000000000;0000000000000;00000000;00000000;00000000;00000000;00000000;0000009852298;0000009846319;0000000000000;00005979;
20170803;DCO;*;J18 ;0000000000000;0000000000000;00000000;00000000;00000000;00000000;00000000;0000009832772;0000009825979;0000000000000;00006793;
20170803;DCO;*;J19 ;0000000000000;0000000000000;00000000;00000000;00000000;00000000;00000000;0000009574509;0000009564461;0000000000000;00010048;
20170803;DCO;*;J20 ;0000000000000;0000000000000;00000000;00000000;00000000;00000000;00000000;0000009255317;0000009244642;0000000000000;00010675;
20170803;DCO;*;J21 ;0000000000000;0000000000000;00000000;00000000;00000000;00000000;00000000;0000008902333;0000008888926;0000000000000;00013407;
20170803;DCO;*;J22 ;0000000000000;0000000000000;00000000;00000000;00000000;00000000;00000000;0000008518017;0000008504784;0000000000000;00013233;
20170803;DCO;*;K18 ;0000000000000;0000000000000;00000000;00000000;00000000;00000000;00000000;0000009810975;0000009805651;0000000000000;00005324;
20170803;DCO;*;M18 ;0000000000000;0000000000000;00000000;00000000;00000000;00000000;00000000;0000009789759;0000009783959;0000000000000;00005800;
20170803;DCO;*;N18 ;0000000000000;0000000000000;00000000;00000000;00000000;00000000;00000000;0000009771327;0000009766277;0000000000000;00005050;
20170803;DCO;*;N19 ;0000000000000;0000000000000;00000000;00000000;00000000;00000000;00000000;0000009501471;0000009490800;0000000000000;00010671;
20170803;DCO;*;N20 ;0000000000000;0000000000000;00000000;00000000;00000000;00000000;00000000;0000009173809;0000009157295;0000000000000;00016514;
20170803;DCO;*;N21 ;0000000000000;0000000000000;00000000;00000000;00000000;00000000;00000000;0000008805452;0000008793000;0000000000000;00012452;
20170803;DCO;*;N22 ;0000000000000;0000000000000;00000000;00000000;00000000;00000000;00000000;0000008429764;0000008410165;0000000000000;00019599;
20170803;DCO;*;Q18 ;0000000000000;0000000000000;00000000;00000000;00000000;00000000;00000000;0000009753156;0000009745560;0000000000000;00007596;
20170803;DCO;*;U17 ;0000000000000;0000000000000;00000000;00000000;00000000;00000000;00000000;0000009959404;0000009952902;0000000000000;00006502;
20170803;DCO;*;V17 ;0000000000000;0000000000000;00000000;00000000;00000000;00000000;00000000;0000009939699;0000009933558;0000000000000;00006141;
20170803;DCO;*;V18 ;0000000000000;0000000000000;00000000;00000000;00000000;00000000;00000000;0000009707314;0000009702359;0000000000000;00004955;
20170803;DCO;*;V19 ;0000000000000;0000000000000;00000000;00000000;00000000;00000000;00000000;0000009425707;0000009415505;0000000000000;00010202;
20170803;DCO;*;V20 ;0000000000000;0000000000000;00000000;00000000;00000000;00000000;00000000;0000009087432;0000009072001;0000000000000;00015431;
20170803;DCO;*;V21 ;0000000000000;0000000000000;00000000;00000000;00000000;00000000;00000000;0000008728542;0000008713820;0000000000000;00014722;
20170803;DCO;*;X17 ;0000000000000;0000000000000;00000000;00000000;00000000;00000000;00000000;0000009921373;0000009915355;0000000000000;00006018;
20170803;DCO;*;Z17 ;0000000000000;0000000000000;00000000;00000000;00000000;00000000;00000000;0000009904259;0000009898378;0000000000000;00005881;
20170803;DDI;*;F18 ;0000000000000;0000000000000;00443287;00000000;00000000;00000000;00000000;0000009886047;0000009880219;0000000009111;00005828;
20170803;DDI;*;F19 ;0000000000000;0000000000000;00122761;00000000;00000000;00000000;00000000;0000009641386;0000009632440;0000000013986;00008946;
20170803;DDI;*;F20 ;0000000000000;0000000000000;00100864;00000000;00000000;00000000;00000000;0000009340906;0000009328573;0000000019281;00012333;
20170803;DDI;*;F21 ;0000000000000;0000000000000;00092477;00000000;00000000;00000000;00000000;0000008985959;0000008974404;0000000018065;00011555;
20170803;DDI;*;F22 ;0000000000000;0000000000000;00035424;00000000;00000000;00000000;00000000;0000008610298;0000008593029;0000000026998;00017269;
20170803;DDI;*;F23 ;0000000000000;0000000000000;00030196;00000000;00000000;00000000;00000000;0000008220432;0000008201820;0000000029098;00018612;
20170803;DDI;*;F24 ;0000000000000;0000000000000;00035435;00000000;00000000;00000000;00000000;0000007829290;0000007812448;0000000026330;00016842;
20170803;DDI;*;F25 ;0000000000000;0000000000000;00021315;00000000;00000000;00000000;00000000;0000007416156;0000007396767;0000000030312;00019389;
20170803;DDI;*;F26 ;0000000000000;0000000000000;00013960;00000000;00000000;00000000;00000000;0000007024796;0000007006713;0000000028270;00018083;
20170803;DDI;*;F27 ;0000000000000;0000000000000;00011400;00000000;00000000;00000000;00000000;0000006620697;0000006603863;0000000026318;00016834;
20170803;DDI;*;F28 ;0000000000000;0000000000000;00000110;00000000;00000000;00000000;00000000;0000006269358;0000006253604;0000000024629;00015754;
20170803;DDI;*;F29 ;0000000000000;0000000000000;00000000;00000000;00000000;00000000;00000000;0000005928063;0000005913312;0000000000000;00014751;
20170803;DDI;*;F30 ;0000000000000;0000000000000;00000500;00000000;00000000;00000000;00000000;0000005606804;0000005592966;0000000021634;00013838;
20170803;DDI;*;G18 ;0000000000000;0000000000000;00057410;00000000;00000000;00000000;00000000;0000009869768;0000009863942;0000000009108;00005826;
20170803;DDI;*;H18 ;0000000000000;0000000000000;00028179;00000000;00000000;00000000;00000000;0000009852864;0000009846886;0000000009346;00005978;
20170803;DDI;*;J18 ;0000000000000;0000000000000;00127449;00000000;00000000;00000000;00000000;0000009833422;0000009826630;0000000010618;00006792;
20170803;DDI;*;J19 ;0000000000000;0000000000000;00049600;00000000;00000000;00000000;00000000;0000009576052;0000009566005;0000000015707;00010047;
20170803;DDI;*;J20 ;0000000000000;0000000000000;00028392;00000000;00000000;00000000;00000000;0000009257631;0000009246957;0000000016687;00010674;
20170803;DDI;*;J21 ;0000000000000;0000000000000;00006237;00000000;00000000;00000000;00000000;0000008905277;0000008891870;0000000020960;00013407;
20170803;DDI;*;J22 ;0000000000000;0000000000000;00000640;00000000;00000000;00000000;00000000;0000008521448;0000008508215;0000000020688;00013233;
20170803;DDI;*;K18 ;0000000000000;0000000000000;00024270;00000000;00000000;00000000;00000000;0000009811703;0000009806380;0000000008321;00005323;
20170803;DDI;*;M18 ;0000000000000;0000000000000;00019360;00000000;00000000;00000000;00000000;0000009790564;0000009784763;0000000009069;00005801;
20170803;DDI;*;N18 ;0000000000000;0000000000000;00128517;00000000;00000000;00000000;00000000;0000009772210;0000009767162;0000000007892;00005048;
20170803;DDI;*;N19 ;0000000000000;0000000000000;00055684;00000000;00000000;00000000;00000000;0000009503219;0000009492550;0000000016679;00010669;
20170803;DDI;*;N20 ;0000000000000;0000000000000;00049375;00000000;00000000;00000000;00000000;0000009176295;0000009159779;0000000025821;00016516;
20170803;DDI;*;N21 ;0000000000000;0000000000000;00006420;00000000;00000000;00000000;00000000;0000008808529;0000008796077;0000000019467;00012452;
20170803;DDI;*;N22 ;0000000000000;0000000000000;00001490;00000000;00000000;00000000;00000000;0000008433305;0000008413700;0000000030650;00019605;
20170803;DDI;*;Q18 ;0000000000000;0000000000000;00000400;00000000;00000000;00000000;00000000;0000009754115;0000009746520;0000000011874;00007595;
20170803;DDI;*;U17 ;0000000000000;0000000000000;00482306;00000000;00000000;00000000;00000000;0000009959484;0000009952982;0000000010165;00006502;
20170803;DDI;*;V17 ;0000000000000;0000000000000;00392777;00000000;00000000;00000000;00000000;0000009939864;0000009933724;0000000009599;00006140;
20170803;DDI;*;V18 ;0000000000000;0000000000000;00065348;00000000;00000000;00000000;00000000;0000009708424;0000009703472;0000000007741;00004952;
20170803;DDI;*;V19 ;0000000000000;0000000000000;00039424;00000000;00000000;00000000;00000000;0000009427655;0000009417455;0000000015946;00010200;
20170803;DDI;*;V20 ;0000000000000;0000000000000;00022810;00000000;00000000;00000000;00000000;0000009090083;0000009074650;0000000024127;00015433;
20170803;DDI;*;V21 ;0000000000000;0000000000000;00002102;00000000;00000000;00000000;00000000;0000008731760;0000008717037;0000000023017;00014723;
20170803;DDI;*;X17 ;0000000000000;0000000000000;00156080;00000000;00000000;00000000;00000000;0000009921619;0000009915602;0000000009406;00006017;
20170803;DDI;*;Z17 ;0000000000000;0000000000000;00122620;00000000;00000000;00000000;00000000;0000009904586;0000009898706;0000000009192;00005880;
20170803;DDM;*;K25 ;0000000000000;0000000000000;00000000;00000000;00000000;00000000;00000000;0000006866064;0000006856743;0000000000000;00009321;
20170803;DI1;*;F18 ;0025542092231;0008188142666;03540497;00008210;00008175;00008210;00008185;0000009686580;0000009686003;0000000000577;00000577;
20170803;DI1;*;F19 ;0038271488762;0012268862205;02500004;00008010;00007960;00008030;00007980;0000008985403;0000008978799;0000000006604;00006604;
20170803;DI1;*;F20 ;0014431665608;0004626423546;01703086;00008640;00008560;00008650;00008590;0000008206765;0000008196037;0000000010728;00010728;
20170803;DI1;*;F21 ;0022732875058;0007287579361;01279757;00009220;00009130;00009250;00009150;0000007427454;0000007408968;0000000018486;00018486;
20170803;DI1;*;F22 ;0000399939309;0000128210332;00105896;00009610;00009500;00009620;00009520;0000006704043;0000006685143;0000000018900;00018900;
20170803;DI1;*;F23 ;0003678073164;0001179096353;00717468;00009810;00009700;00009830;00009720;0000006066027;0000006039135;0000000026892;00026892;
20170803;DI1;*;F24 ;0000005766814;0000001848693;00056945;00009860;00009850;00009870;00009850;0000005489927;0000005462757;0000000027170;00027170;
20170803;DI1;*;F25 ;0003162291256;0001013749842;00539760;00010040;00009960;00010090;00009980;0000004953378;0000004926686;0000000026692;00026692;
20170803;DI1;*;F26 ;0000021105429;0000006765862;00061643;00010020;00010010;00010030;00010030;0000004483347;0000004452543;0000000030804;00030804;
20170803;DI1;*;F27 ;0000795553775;0000255034229;00396278;00010220;00010100;00010220;00010110;0000004055040;0000004020498;0000000034542;00034542;
20170803;DI1;*;F28 ;0000000000000;0000000000000;00000010;00000000;00000000;00000000;00000000;0000003671980;0000003637416;0000000034564;00034564;
20170803;DI1;*;F29 ;0000000000000;0000000000000;00004387;00000000;00000000;00000000;00000000;0000003332370;0000003298047;0000000034323;00034323;
20170803;DI1;*;F30 ;0000000000000;0000000000000;00000720;00000000;00000000;00000000;00000000;0000003014693;0000002980964;0000000033729;00033729;
20170803;DI1;*;G18 ;0000000962443;0000000308535;00045105;00008090;00008090;00008090;00008090;0000009624569;0000009623703;0000000000866;00000866;
20170803;DI1;*;H18 ;0000001436265;0000000460430;00028795;00008010;00008010;00008010;00008010;0000009575250;0000009574087;0000000001163;00001163;
20170803;DI1;*;J18 ;0000604142711;0000193672729;00938668;00007980;00007940;00007980;00007940;0000009517519;0000009515927;0000000001592;00001592;
20170803;DI1;*;J19 ;0000703085143;0000225391147;00573748;00008160;00008100;00008160;00008110;0000008801637;0000008793950;0000000007687;00007687;
20170803;DI1;*;J20 ;0000069275381;0000022207919;00073479;00008810;00008740;00008810;00008740;0000008011921;0000007999357;0000000012564;00012564;
20170803;DI1;*;J21 ;0000002899002;0000000929346;00032910;00009250;00009250;00009250;00009250;0000007245093;0000007225769;0000000019324;00019324;
20170803;DI1;*;J22 ;0000000000000;0000000000000;00001690;00000000;00000000;00000000;00000000;0000006540043;0000006519196;0000000020847;00020847;
20170803;DI1;*;K18 ;0000007094967;0000002274465;00022330;00007900;00007900;00007900;00007900;0000009459636;0000009457811;0000000001825;00001825;
20170803;DI1;*;M18 ;0000000000000;0000000000000;00020120;00000000;00000000;00000000;00000000;0000009401622;0000009399562;0000000002060;00002060;
20170803;DI1;*;N18 ;0004933376131;0001581514436;00971313;00007900;00007855;00007905;00007880;0000009343549;0000009341254;0000000002295;00002295;
20170803;DI1;*;N19 ;0000930380763;0000298256319;00461949;00008340;00008250;00008340;00008270;0000008609043;0000008598813;0000000010230;00010230;
20170803;DI1;*;N20 ;0004290488683;0001375421133;01263703;00008970;00008880;00008980;00008900;0000007818902;0000007804451;0000000014451;00014451;
20170803;DI1;*;N21 ;0003351429372;0001074382693;00156753;00009460;00009340;00009460;00009370;0000007061282;0000007041172;0000000020110;00020110;
20170803;DI1;*;N22 ;0000000319235;0000000102339;00013255;00009620;00009620;00009620;00009620;0000006379028;0000006356205;0000000022823;00022823;
20170803;DI1;*;N23 ;0000000288374;0000000092445;00003535;00009810;00009810;00009810;00009810;0000005775220;0000005747917;0000000027303;00027303;
20170803;DI1;*;N24 ;0000000000000;0000000000000;00003445;00000000;00000000;00000000;00000000;0000005224021;0000005196842;0000000027179;00027179;
20170803;DI1;*;Q18 ;0000000000000;0000000000000;00000000;00000000;00000000;00000000;00000000;0000009280726;0000009278348;0000000000000;00002378;
20170803;DI1;*;U17 ;0003179728648;0001019339824;00474324;00009141;00009141;00009145;00009145;0000009927343;0000009927373;0000000000030;00000030;
20170803;DI1;*;V17 ;0007694303005;0002466597104;02399541;00008800;00008787;00008800;00008790;0000009863878;0000009863823;0000000000055;00000055;
20170803;DI1;*;V18 ;0000884130468;0000283429656;00580362;00007930;00007890;00007930;00007910;0000009162187;0000009159661;0000000002526;00002526;
20170803;DI1;*;V19 ;0000265467646;0000085102150;00181797;00008500;00008440;00008500;00008450;0000008400059;0000008391944;0000000008115;00008115;
20170803;DI1;*;V20 ;0000014842970;0000004758277;00049885;00009110;00009040;00009110;00009050;0000007613750;0000007598395;0000000015355;00015355;
20170803;DI1;*;V21 ;0000000343957;0000000110264;00016802;00009450;00009450;00009450;00009450;0000006878107;0000006858519;0000000019588;00019588;
20170803;DI1;*;X17 ;0000391981722;0000125659333;00176055;00008588;00008572;00008588;00008573;0000009799644;0000009799643;0000000000001;00000001;
20170803;DI1;*;Z17 ;0000001461318;0000000468461;00188355;00008360;00008360;00008360;00008360;0000009742331;0000009742107;0000000000224;00000224;
20170803;DOL;*;F18 ;0000000000000;0000000000000;00009090;00000000;00000000;00000000;00000000;0000031911870;0000031894960;0000000008455;00016910;
20170803;DOL;*;F19 ;0000000000000;0000000000000;00000000;00000000;00000000;00000000;00000000;0000033550730;0000033544260;0000000000000;00006470;
20170803;DOL;*;F20 ;0000000000000;0000000000000;00000000;00000000;00000000;00000000;00000000;0000035589110;0000035588640;0000000000000;00000470;
20170803;DOL;*;F21 ;0000000000000;0000000000000;00003100;00000000;00000000;00000000;00000000;0000037828970;0000037874590;0000000022810;00045620;
20170803;DOL;*;F25 ;0000000000000;0000000000000;00000000;00000000;00000000;00000000;00000000;0000046814180;0000046944760;0000000000000;00130580;
20170803;DOL;*;G18 ;0000000000000;0000000000000;00000000;00000000;00000000;00000000;00000000;0000032064590;0000032048550;0000000000000;00016040;
20170803;DOL;*;H18 ;0000000000000;0000000000000;00000000;00000000;00000000;00000000;00000000;0000032174550;0000032158930;0000000000000;00015620;
20170803;DOL;*;J18 ;0000000000000;0000000000000;00000180;00000000;00000000;00000000;00000000;0000032305840;0000032288930;0000000008455;00016910;
20170803;DOL;*;J19 ;0000000000000;0000000000000;00000050;00000000;00000000;00000000;00000000;0000034019130;0000034013140;0000000002995;00005990;
20170803;DOL;*;J20 ;0000000000000;0000000000000;00000000;00000000;00000000;00000000;00000000;0000036129610;0000036144630;0000000000000;00015020;
20170803;DOL;*;J22 ;0000000000000;0000000000000;00000000;00000000;00000000;00000000;00000000;0000040741110;0000040807920;0000000000000;00066810;
20170803;DOL;*;K18 ;0000000000000;0000000000000;00000500;00000000;00000000;00000000;00000000;0000032431730;0000032420390;0000000005670;00011340;
20170803;DOL;*;M18 ;0000000000000;0000000000000;00000000;00000000;00000000;00000000;00000000;0000032561540;0000032549380;0000000000000;00012160;
20170803;DOL;*;N18 ;0000000000000;0000000000000;00000665;00000000;00000000;00000000;00000000;0000032702500;0000032693640;0000000004430;00008860;
20170803;DOL;*;N19 ;0000000000000;0000000000000;00000400;00000000;00000000;00000000;00000000;0000034515640;0000034517910;0000000001135;00002270;
20170803;DOL;*;N20 ;0000000000000;0000000000000;00000000;00000000;00000000;00000000;00000000;0000036696250;0000036698030;0000000000000;00001780;
20170803;DOL;*;N21 ;0000000000000;0000000000000;00000000;00000000;00000000;00000000;00000000;0000039004970;0000039061070;0000000000000;00056100;
20170803;DOL;*;N22 ;0000000000000;0000000000000;00000000;00000000;00000000;00000000;00000000;0000041337430;0000041389410;0000000000000;00051980;
20170803;DOL;*;Q18 ;0000000000000;0000000000000;00000000;00000000;00000000;00000000;00000000;0000032862910;0000032845740;0000000000000;00017170;
20170803;DOL;*;U17 ;0036743903000;0011779157210;00456645;03134500;03128000;03144000;03130000;0000031369220;0000031348630;0000000010295;00020590;
20170803;DOL;*;V17 ;0000061369750;0000019673575;00026097;03153500;03145500;03153500;03145500;0000031508870;0000031489580;0000000009645;00019290;
20170803;DOL;*;V18 ;0000000000000;0000000000000;00000040;00000000;00000000;00000000;00000000;0000033132160;0000033124390;0000000003885;00007770;
20170803;DOL;*;V19 ;0000000000000;0000000000000;00000000;00000000;00000000;00000000;00000000;0000035093080;0000035089010;0000000000000;00004070;
20170803;DOL;*;X17 ;0000000000000;0000000000000;00001295;00000000;00000000;00000000;00000000;0000031657190;0000031637990;0000000009600;00019200;
20170803;DOL;*;Z17 ;0000000000000;0000000000000;00000020;00000000;00000000;00000000;00000000;0000031788760;0000031770610;0000000009075;00018150;
20170803;DR1;*;U7V7;0000000000000;0000000000000;00000000;00014100;00014000;00014100;00014000;0000000000000;0000000000000;0000000000000;00000000;
20170803;ETH;*;F18 ;0000007155000;0000002295035;00000221;00159000;00159000;00159000;00159000;0000000159000;0000000155000;0000000120000;00004000;
20170803;ETH;*;G18 ;0000002400000;0000000769823;00000125;00160000;00160000;00160000;00160000;0000000160000;0000000155000;0000000150000;00005000;
20170803;ETH;*;H18 ;0000000000000;0000000000000;00000030;00000000;00000000;00000000;00000000;0000000155000;0000000155000;0000000000000;00000000;
20170803;ETH;*;J18 ;0000000000000;0000000000000;00000000;00000000;00000000;00000000;00000000;0000000157350;0000000157350;0000000000000;00000000;
20170803;ETH;*;K18 ;0000000000000;0000000000000;00000000;00000000;00000000;00000000;00000000;0000000150050;0000000150050;0000000000000;00000000;
20170803;ETH;*;Q17 ;0000000000000;0000000000000;00000780;00000000;00000000;00000000;00000000;0000000148250;0000000150500;0000000067500;00002250;
20170803;ETH;*;U17 ;0000000000000;0000000000000;00000220;00000000;00000000;00000000;00000000;0000000151000;0000000151000;0000000000000;00000000;
20170803;ETH;*;V17 ;0000002272500;0000000728926;00000525;00151500;00151500;00151500;00151500;0000000152000;0000000152000;0000000000000;00000000;
20170803;ETH;*;X17 ;0000000000000;0000000000000;00000344;00000000;00000000;00000000;00000000;0000000156000;0000000156000;0000000000000;00000000;
20170803;ETH;*;Z17 ;0000005688000;0000001824480;00000726;00158000;00158000;00158000;00158000;0000000158500;0000000157000;0000000045000;00001500;
20170803;EUR;*;U17 ;0002086556400;0000668896711;00011461;03730700;03714500;03732400;03721000;0000037277950;0000037230000;0000000023975;00047950;
20170803;EUR;*;V17 ;0000005612250;0000001799144;00004860;03741500;03741500;03741500;03741500;0000037497180;0000037450780;0000000023200;00046400;
20170803;EUR;*;X17 ;0000000000000;0000000000000;00000000;00000000;00000000;00000000;00000000;0000037730590;0000037684100;0000000000000;00046490;
20170803;EUR;*;Z17 ;0000000000000;0000000000000;00000000;00000000;00000000;00000000;00000000;0000037944720;0000037898610;0000000000000;00046110;
20170803;FRC;*;F18 ;0000000000000;0000000000000;00000000;00000214;00000214;00000217;00000217;0000000000217;0000000000216;0000000000000;00000001;
20170803;FRC;*;F19 ;0000000000000;0000000000000;00000000;00000245;00000243;00000245;00000243;0000000000243;0000000000245;0000000000001;00000002;
20170803;FRC;*;F20 ;0000000000000;0000000000000;00000000;00000280;00000280;00000280;00000280;0000000000280;0000000000282;0000000000001;00000002;
20170803;FRC;*;F21 ;0000000000000;0000000000000;00000000;00000319;00000319;00000320;00000319;0000000000319;0000000000321;0000000000001;00000002;
20170803;FRC;*;F22 ;0000000000000;0000000000000;00000000;00000358;00000355;00000358;00000355;0000000000356;0000000000359;0000000000001;00000003;
20170803;FRC;*;F23 ;0000000000000;0000000000000;00000000;00000392;00000391;00000392;00000391;0000000000391;0000000000394;0000000000001;00000003;
20170803;FRC;*;F24 ;0000000000000;0000000000000;00000000;00000423;00000423;00000423;00000423;0000000000423;0000000000426;0000000000001;00000003;
20170803;FRC;*;F25 ;0000000000000;0000000000000;00000000;00000462;00000462;00000462;00000462;0000000000461;0000000000464;0000000000001;00000003;
20170803;FRC;*;F26 ;0000000000000;0000000000000;00000000;00000000;00000000;00000000;00000000;0000000000494;0000000000497;0000000000000;00000003;
20170803;FRC;*;F27 ;0000000000000;0000000000000;00000000;00000000;00000000;00000000;00000000;0000000000532;0000000000535;0000000000000;00000003;
20170803;FRC;*;F28 ;0000000000000;0000000000000;00000000;00000000;00000000;00000000;00000000;0000000000561;0000000000564;0000000000000;00000003;
20170803;FRC;*;F29 ;0000000000000;0000000000000;00000000;00000000;00000000;00000000;00000000;0000000000591;0000000000594;0000000000000;00000003;
20170803;FRC;*;F30 ;0000000000000;0000000000000;00000000;00000000;00000000;00000000;00000000;0000000000620;0000000000623;0000000000000;00000003;
20170803;FRC;*;G18 ;0000000000000;0000000000000;00000000;00000214;00000214;00000214;00000214;0000000000214;0000000000212;0000000000001;00000002;
20170803;FRC;*;H18 ;0000000000000;0000000000000;00000000;00000000;00000000;00000000;00000000;0000000000215;0000000000214;0000000000000;00000001;
20170803;FRC;*;J18 ;0000000000000;0000000000000;00000000;00000217;00000217;00000217;00000217;0000000000217;0000000000217;0000000000000;00000000;
20170803;FRC;*;J19 ;0000000000000;0000000000000;00000000;00000253;00000253;00000253;00000253;0000000000250;0000000000252;0000000000001;00000002;
20170803;FRC;*;J20 ;0000000000000;0000000000000;00000000;00000000;00000000;00000000;00000000;0000000000289;0000000000291;0000000000000;00000002;
20170803;FRC;*;J21 ;0000000000000;0000000000000;00000000;00000328;00000328;00000328;00000328;0000000000326;0000000000328;0000000000001;00000002;
20170803;FRC;*;J22 ;0000000000000;0000000000000;00000000;00000000;00000000;00000000;00000000;0000000000363;0000000000365;0000000000000;00000002;
20170803;FRC;*;K18 ;0000000000000;0000000000000;00000000;00000000;00000000;00000000;00000000;0000000000223;0000000000222;0000000000000;00000001;
20170803;FRC;*;M18 ;0000000000000;0000000000000;00000000;00000228;00000228;00000228;00000228;0000000000228;0000000000227;0000000000000;00000001;
20170803;FRC;*;N18 ;0000000000000;0000000000000;00000000;00000225;00000225;00000227;00000227;0000000000227;0000000000225;0000000000001;00000002;
20170803;FRC;*;N19 ;0000000000000;0000000000000;00000000;00000261;00000259;00000261;00000259;0000000000259;0000000000261;0000000000001;00000002;
20170803;FRC;*;N20 ;0000000000000;0000000000000;00000000;00000000;00000000;00000000;00000000;0000000000297;0000000000301;0000000000000;00000004;
20170803;FRC;*;N21 ;0000000000000;0000000000000;00000000;00000339;00000339;00000339;00000339;0000000000336;0000000000338;0000000000001;00000002;
20170803;FRC;*;N22 ;0000000000000;0000000000000;00000000;00000372;00000372;00000372;00000372;0000000000369;0000000000373;0000000000002;00000004;
20170803;FRC;*;Q18 ;0000000000000;0000000000000;00000000;00000228;00000227;00000228;00000227;0000000000227;0000000000228;0000000000000;00000001;
20170803;FRC;*;V17 ;0000000000000;0000000000000;00000000;00000225;00000225;00000230;00000230;0000000000230;0000000000225;0000000000002;00000005;
20170803;FRC;*;V18 ;0000000000000;0000000000000;00000000;00000234;00000234;00000234;00000234;0000000000236;0000000000234;0000000000001;00000002;
20170803;FRC;*;V19 ;0000000000000;0000000000000;00000000;00000000;00000000;00000000;00000000;0000000000267;0000000000269;0000000000000;00000002;
20170803;FRC;*;V20 ;0000000000000;0000000000000;00000000;00000000;00000000;00000000;00000000;0000000000306;0000000000309;0000000000000;00000003;
20170803;FRC;*;V21 ;0000000000000;0000000000000;00000000;00000000;00000000;00000000;00000000;0000000000339;0000000000342;0000000000000;00000003;
20170803;FRC;*;X17 ;0000000000000;0000000000000;00000000;00000225;00000225;00000225;00000225;0000000000225;0000000000223;0000000000001;00000002;
20170803;FRC;*;Z17 ;0000000000000;0000000000000;00000000;00000218;00000218;00000218;00000218;0000000000219;0000000000217;0000000000001;00000002;
20170803;FRO;*;F18 ;0000000000000;0000000000000;00000000;00000000;00000000;00000000;00000000;0000000000218;0000000000217;0000000000000;00000001;
20170803;FRO;*;F19 ;0000000000000;0000000000000;00000000;00000000;00000000;00000000;00000000;0000000000244;0000000000246;0000000000000;00000002;
20170803;FRO;*;F20 ;0000000000000;0000000000000;00000000;00000000;00000000;00000000;00000000;0000000000281;0000000000283;0000000000000;00000002;
20170803;FRO;*;F21 ;0000000000000;0000000000000;00000000;00000000;00000000;00000000;00000000;0000000000320;0000000000322;0000000000000;00000002;
20170803;FRO;*;F22 ;0000000000000;0000000000000;00000000;00000000;00000000;00000000;00000000;0000000000357;0000000000360;0000000000000;00000003;
20170803;FRO;*;F23 ;0000000000000;0000000000000;00000000;00000000;00000000;00000000;00000000;0000000000392;0000000000395;0000000000000;00000003;
20170803;FRO;*;F24 ;0000000000000;0000000000000;00000000;00000000;00000000;00000000;00000000;0000000000424;0000000000427;0000000000000;00000003;
20170803;FRO;*;F25 ;0000000000000;0000000000000;00000000;00000000;00000000;00000000;00000000;0000000000462;0000000000465;0000000000000;00000003;
20170803;FRO;*;F26 ;0000000000000;0000000000000;00000000;00000000;00000000;00000000;00000000;0000000000495;0000000000498;0000000000000;00000003;
20170803;FRO;*;F27 ;0000000000000;0000000000000;00000000;00000000;00000000;00000000;00000000;0000000000533;0000000000536;0000000000000;00000003;
20170803;FRO;*;F28 ;0000000000000;0000000000000;00000000;00000000;00000000;00000000;00000000;0000000000563;0000000000566;0000000000000;00000003;
20170803;FRO;*;F29 ;0000000000000;0000000000000;00000000;00000000;00000000;00000000;00000000;0000000000593;0000000000596;0000000000000;00000003;
20170803;FRO;*;F30 ;0000000000000;0000000000000;00000000;00000000;00000000;00000000;00000000;0000000000622;0000000000625;0000000000000;00000003;
20170803;FRO;*;G18 ;0000000000000;0000000000000;00000000;00000000;00000000;00000000;00000000;0000000000215;0000000000213;0000000000000;00000002;
20170803;FRO;*;H18 ;0000000000000;0000000000000;00000000;00000000;00000000;00000000;00000000;0000000000216;0000000000215;0000000000000;00000001;
20170803;FRO;*;J18 ;0000000000000;0000000000000;00000000;00000000;00000000;00000000;00000000;0000000000218;0000000000218;0000000000000;00000000;
20170803;FRO;*;J19 ;0000000000000;0000000000000;00000000;00000000;00000000;00000000;00000000;0000000000251;0000000000253;0000000000000;00000002;
20170803;FRO;*;J20 ;0000000000000;0000000000000;00000000;00000000;00000000;00000000;00000000;0000000000290;0000000000292;0000000000000;00000002;
20170803;FRO;*;J21 ;0000000000000;0000000000000;00000000;00000000;00000000;00000000;00000000;0000000000327;0000000000329;0000000000000;00000002;
20170803;FRO;*;J22 ;0000000000000;0000000000000;00000000;00000000;00000000;00000000;00000000;0000000000364;0000000000366;0000000000000;00000002;
20170803;FRO;*;K18 ;0000000000000;0000000000000;00000000;00000000;00000000;00000000;00000000;0000000000224;0000000000223;0000000000000;00000001;
20170803;FRO;*;M18 ;0000000000000;0000000000000;00000000;00000000;00000000;00000000;00000000;0000000000229;0000000000228;0000000000000;00000001;
20170803;FRO;*;N18 ;0000000000000;0000000000000;00000000;00000000;00000000;00000000;00000000;0000000000228;0000000000226;0000000000000;00000002;
20170803;FRO;*;N19 ;0000000000000;0000000000000;00000000;00000000;00000000;00000000;00000000;0000000000260;0000000000262;0000000000000;00000002;
20170803;FRO;*;N20 ;0000000000000;0000000000000;00000000;00000000;00000000;00000000;00000000;0000000000298;0000000000302;0000000000000;00000004;
20170803;FRO;*;N21 ;0000000000000;0000000000000;00000000;00000000;00000000;00000000;00000000;0000000000337;0000000000339;0000000000000;00000002;
20170803;FRO;*;N22 ;0000000000000;0000000000000;00000000;00000000;00000000;00000000;00000000;0000000000370;0000000000374;0000000000000;00000004;
20170803;FRO;*;Q18 ;0000000000000;0000000000000;00000000;00000000;00000000;00000000;00000000;0000000000228;0000000000229;0000000000000;00000001;
20170803;FRO;*;V17 ;0000000000000;0000000000000;00000000;00000000;00000000;00000000;00000000;0000000000231;0000000000226;0000000000000;00000005;
20170803;FRO;*;V18 ;0000000000000;0000000000000;00000000;00000000;00000000;00000000;00000000;0000000000237;0000000000235;0000000000000;00000002;
20170803;FRO;*;V19 ;0000000000000;0000000000000;00000000;00000000;00000000;00000000;00000000;0000000000268;0000000000270;0000000000000;00000002;
20170803;FRO;*;V20 ;0000000000000;0000000000000;00000000;00000000;00000000;00000000;00000000;0000000000307;0000000000310;0000000000000;00000003;
20170803;FRO;*;V21 ;0000000000000;0000000000000;00000000;00000000;00000000;00000000;00000000;0000000000340;0000000000343;0000000000000;00000003;
20170803;FRO;*;X17 ;0000000000000;0000000000000;00000000;00000000;00000000;00000000;00000000;0000000000226;0000000000224;0000000000000;00000002;
20170803;FRO;*;Z17 ;0000000000000;0000000000000;00000000;00000000;00000000;00000000;00000000;0000000000220;0000000000218;0000000000000;00000002;
20170803;FRP;*;FRP0;0000000000000;0000000000000;00000000;00001700;00001680;00001710;00001710;0000000000000;0000000000000;0000000000000;00000000;
20170803;FRP;*;FRP1;0000000000000;0000000000000;00000000;00001670;00001670;00001670;00001670;0000000000000;0000000000000;0000000000000;00000000;
20170803;GBP;*;U17 ;0000000000000;0000000000000;00000955;00000000;00000000;00000000;00000000;0000041236040;0000041501810;0000000093019;00265770;
20170803;GBP;*;V17 ;0000004343220;0000001392325;00000032;04136400;04136400;04136400;04136400;0000041455260;0000041724490;0000000094230;00269230;
20170803;GBP;*;X17 ;0000000000000;0000000000000;00000000;00000000;00000000;00000000;00000000;0000041688490;0000041960500;0000000000000;00272010;
20170803;HSI;*;Q17 ;0000000000000;0000000000000;00000000;00000000;00000000;00000000;00000000;0000000027498;0000000027552;0000000000000;00000054;
20170803;HSI;*;U17 ;0000000000000;0000000000000;00000000;00000000;00000000;00000000;00000000;0000000027419;0000000027475;0000000000000;00000056;
20170803;ICF;*;H18 ;0000000000000;0000000000000;00000000;00000000;00000000;00000000;00000000;0000000017705;0000000017715;0000000000000;00000010;
20170803;ICF;*;U17 ;0000008163280;0000002618450;00002887;00016740;00016610;00016900;00016705;0000000016830;0000000016850;0000000006235;00000020;
20170803;ICF;*;U18 ;0000000223937;0000000071830;00001884;00017980;00017950;00017980;00017950;0000000017945;0000000017955;0000000003117;00000010;
20170803;ICF;*;U19 ;0000000000000;0000000000000;00000461;00000000;00000000;00000000;00000000;0000000018915;0000000018915;0000000000000;00000000;
20170803;ICF;*;Z17 ;0000006572057;0000002108050;00004066;00017210;00017160;00017440;00017270;0000000017330;0000000017350;0000000006235;00000020;
20170803;ICF;*;Z18 ;0000000576756;0000000185000;00000402;00018500;00018500;00018500;00018500;0000000018460;0000000018460;0000000000000;00000000;
20170803;IND;*;G18 ;0000000000000;0000000000000;00000000;00000000;00000000;00000000;00000000;0000000069171;0000000069635;0000000000000;00000464;
20170803;IND;*;G19 ;0000000000000;0000000000000;00000000;00000000;00000000;00000000;00000000;0000000074020;0000000074568;0000000000000;00000548;
20170803;IND;*;J18 ;0000000000000;0000000000000;00000000;00000000;00000000;00000000;00000000;0000000069940;0000000070415;0000000000000;00000475;
20170803;IND;*;J19 ;0000000000000;0000000000000;00000000;00000000;00000000;00000000;00000000;0000000075005;0000000075571;0000000000000;00000566;
20170803;IND;*;M18 ;0000000000000;0000000000000;00001815;00000000;00000000;00000000;00000000;0000000070625;0000000071108;0000000048300;00000483;
20170803;IND;*;M19 ;0000000000000;0000000000000;00000000;00000000;00000000;00000000;00000000;0000000075924;0000000076511;0000000000000;00000587;
20170803;IND;*;Q17 ;0005508220000;0001765794704;00263461;00067300;00066815;00067425;00066815;0000000066945;0000000067387;0000000044200;00000442;
20170803;IND;*;Q18 ;0000000000000;0000000000000;00000000;00000000;00000000;00000000;00000000;0000000071478;0000000071969;0000000000000;00000491;
20170803;IND;*;V17 ;0000071539500;0000022933737;00014970;00067800;00067800;00068000;00067800;0000000067804;0000000068252;0000000044800;00000448;
20170803;IND;*;V18 ;0000000000000;0000000000000;00000000;00000000;00000000;00000000;00000000;0000000072319;0000000072822;0000000000000;00000503;
20170803;IND;*;Z17 ;0000006857500;0000002198339;00024950;00068600;00068500;00068600;00068500;0000000068496;0000000068951;0000000045500;00000455;
20170803;IND;*;Z18 ;0000000000000;0000000000000;00000150;00000000;00000000;00000000;00000000;0000000073087;0000000073616;0000000052900;00000529;
20170803;IR1;*;Q7V7;0000000000000;0000000000000;00000000;00000865;00000865;00000865;00000865;0000000000000;0000000000000;0000000000000;00000000;
20170803;ISP;*;H18 ;0000000000000;0000000000000;00000000;00000000;00000000;00000000;00000000;0000000246775;0000000247000;0000000000000;00000225;
20170803;ISP;*;M18 ;0000000000000;0000000000000;00000000;00000000;00000000;00000000;00000000;0000000246700;0000000246900;0000000000000;00000200;
20170803;ISP;*;U17 ;0000515219798;0000165261675;00004633;00247225;00246775;00247500;00247000;0000000247150;0000000247350;0000000031176;00000200;
20170803;ISP;*;Z17 ;0000003463847;0000001111062;00000011;00246900;00246800;00247025;00246800;0000000246950;0000000247150;0000000031176;00000200;
20170803;JPY;*;U17 ;0000000000000;0000000000000;00000457;00000000;00000000;00000000;00000000;0000028533500;0000028373900;0000000079800;00159600;
20170803;JPY;*;V17 ;0000014326725;0000004592782;00002184;02872300;02862700;02872300;02867400;0000028693000;0000028533500;0000000079750;00159500;
20170803;JPY;*;X17 ;0000000000000;0000000000000;00000000;00000000;00000000;00000000;00000000;0000028862500;0000028701900;0000000000000;00160600;
20170803;JPY;*;Z17 ;0000000000000;0000000000000;00000000;00000000;00000000;00000000;00000000;0000029020400;0000028859200;0000000000000;00161200;
20170803;JSE;*;U17 ;0000000000000;0000000000000;00000000;00000000;00000000;00000000;00000000;0000000049231;0000000048851;0000000000000;00000380;
20170803;JSE;*;Z17 ;0000000000000;0000000000000;00000000;00000000;00000000;00000000;00000000;0000000050051;0000000049667;0000000000000;00000384;
20170803;MIX;*;U17 ;0000000000000;0000000000000;00000000;00000000;00000000;00000000;00000000;0000000001983;0000000001990;0000000000000;00000007;
20170803;MIX;*;Z17 ;0000000000000;0000000000000;00000000;00000000;00000000;00000000;00000000;0000000002011;0000000002011;0000000000000;00000000;
20170803;MXN;*;U17 ;0000011785837;0000003778238;00000968;01746000;01746000;01746100;01746100;0000017457670;0000017486360;0000000021517;00028690;
20170803;MXN;*;V17 ;0000000000000;0000000000000;00000174;00000000;00000000;00000000;00000000;0000017443870;0000017473410;0000000022155;00029540;
20170803;MXN;*;X17 ;0000000000000;0000000000000;00000000;00000000;00000000;00000000;00000000;0000017439740;0000017469810;0000000000000;00030070;
20170803;NZD;*;U17 ;0000022009545;0000007055698;00000541;02329000;02329000;02329100;02329100;0000023314660;0000023301410;0000000009937;00013250;
20170803;NZD;*;V17 ;0000001751625;0000000561526;00000010;02335500;02335500;02335500;02335500;0000023404760;0000023393650;0000000008332;00011110;
20170803;NZD;*;X17 ;0000000000000;0000000000000;00000000;00000000;00000000;00000000;00000000;0000023502560;0000023490860;0000000000000;00011700;
20170803;OC1;*;F18 ;0000000000000;0000000000000;00020000;00000000;00000000;00000000;00000000;0000009686254;0000009685677;0000000000577;00000577;
20170803;OC1;*;F19 ;0000000000000;0000000000000;00000000;00000000;00000000;00000000;00000000;0000008984357;0000008977755;0000000000000;00006602;
20170803;OC1;*;F20 ;0000000000000;0000000000000;00000000;00000000;00000000;00000000;00000000;0000008205132;0000008194226;0000000000000;00010906;
20170803;OC1;*;F21 ;0000000000000;0000000000000;00000000;00000000;00000000;00000000;00000000;0000007425143;0000007406664;0000000000000;00018479;
20170803;OC1;*;F22 ;0000000000000;0000000000000;00000000;00000000;00000000;00000000;00000000;0000006701355;0000006682196;0000000000000;00019159;
20170803;OC1;*;F23 ;0000000000000;0000000000000;00000000;00000000;00000000;00000000;00000000;0000006062750;0000006035876;0000000000000;00026874;
20170803;OC1;*;F24 ;0000000000000;0000000000000;00000000;00000000;00000000;00000000;00000000;0000005486423;0000005459273;0000000000000;00027150;
20170803;OC1;*;F25 ;0000000000000;0000000000000;00000000;00000000;00000000;00000000;00000000;0000004949721;0000004923051;0000000000000;00026670;
20170803;OC1;*;F26 ;0000000000000;0000000000000;00000000;00000000;00000000;00000000;00000000;0000004479589;0000004448814;0000000000000;00030775;
20170803;OC1;*;F27 ;0000000000000;0000000000000;00000000;00000000;00000000;00000000;00000000;0000004051241;0000004016734;0000000000000;00034507;
20170803;OC1;*;F28 ;0000000000000;0000000000000;00000000;00000000;00000000;00000000;00000000;0000003668177;0000003633652;0000000000000;00034525;
20170803;OC1;*;F29 ;0000000000000;0000000000000;00000000;00000000;00000000;00000000;00000000;0000003328590;0000003294309;0000000000000;00034281;
20170803;OC1;*;F30 ;0000000000000;0000000000000;00000000;00000000;00000000;00000000;00000000;0000003010976;0000002977293;0000000000000;00033683;
20170803;OC1;*;G18 ;0000000000000;0000000000000;00000000;00000000;00000000;00000000;00000000;0000009624175;0000009623308;0000000000000;00000867;
20170803;OC1;*;H18 ;0000000000000;0000000000000;00000000;00000000;00000000;00000000;00000000;0000009574800;0000009573638;0000000000000;00001162;
20170803;OC1;*;J18 ;0000000000000;0000000000000;00000000;00000000;00000000;00000000;00000000;0000009517006;0000009515414;0000000000000;00001592;
20170803;OC1;*;J19 ;0000000000000;0000000000000;00000000;00000000;00000000;00000000;00000000;0000008800436;0000008792752;0000000000000;00007684;
20170803;OC1;*;J20 ;0000000000000;0000000000000;00000000;00000000;00000000;00000000;00000000;0000008009971;0000007997410;0000000000000;00012561;
20170803;OC1;*;J21 ;0000000000000;0000000000000;00000000;00000000;00000000;00000000;00000000;0000007242681;0000007223365;0000000000000;00019316;
20170803;OC1;*;J22 ;0000000000000;0000000000000;00000000;00000000;00000000;00000000;00000000;0000006536999;0000006516163;0000000000000;00020836;
20170803;OC1;*;K18 ;0000000000000;0000000000000;00000000;00000000;00000000;00000000;00000000;0000009459060;0000009457234;0000000000000;00001826;
20170803;OC1;*;M18 ;0000000000000;0000000000000;00000000;00000000;00000000;00000000;00000000;0000009400984;0000009398925;0000000000000;00002059;
20170803;OC1;*;N18 ;0000000000000;0000000000000;00000000;00000000;00000000;00000000;00000000;0000009342850;0000009340556;0000000000000;00002294;
20170803;OC1;*;N19 ;0000000000000;0000000000000;00000000;00000000;00000000;00000000;00000000;0000008607695;0000008597466;0000000000000;00010229;
20170803;OC1;*;N20 ;0000000000000;0000000000000;00000000;00000000;00000000;00000000;00000000;0000007816828;0000007802382;0000000000000;00014446;
20170803;OC1;*;N21 ;0000000000000;0000000000000;00000000;00000000;00000000;00000000;00000000;0000007058774;0000007038673;0000000000000;00020101;
20170803;OC1;*;N22 ;0000000000000;0000000000000;00000000;00000000;00000000;00000000;00000000;0000006375902;0000006353093;0000000000000;00022809;
20170803;OC1;*;N23 ;0000000000000;0000000000000;00000000;00000000;00000000;00000000;00000000;0000005771818;0000005744534;0000000000000;00027284;
20170803;OC1;*;N24 ;0000000000000;0000000000000;00000000;00000000;00000000;00000000;00000000;0000005220431;0000005193274;0000000000000;00027157;
20170803;OC1;*;Q18 ;0000000000000;0000000000000;00000000;00000000;00000000;00000000;00000000;0000009279964;0000009277587;0000000000000;00002377;
20170803;OC1;*;U17 ;0000000000000;0000000000000;00000000;00000000;00000000;00000000;00000000;0000009927267;0000009927296;0000000000000;00000029;
20170803;OC1;*;V17 ;0000000000000;0000000000000;00000000;00000000;00000000;00000000;00000000;0000009863730;0000009863674;0000000000000;00000056;
20170803;OC1;*;V18 ;0000000000000;0000000000000;00000000;00000000;00000000;00000000;00000000;0000009161307;0000009158782;0000000000000;00002525;
20170803;OC1;*;V19 ;0000000000000;0000000000000;00000000;00000000;00000000;00000000;00000000;0000008398563;0000008390450;0000000000000;00008113;
20170803;OC1;*;V20 ;0000000000000;0000000000000;00000000;00000000;00000000;00000000;00000000;0000007611553;0000007596204;0000000000000;00015349;
20170803;OC1;*;V21 ;0000000000000;0000000000000;00000000;00000000;00000000;00000000;00000000;0000006875504;0000006855666;0000000000000;00019838;
20170803;OC1;*;X17 ;0000000000000;0000000000000;00000000;00000000;00000000;00000000;00000000;0000009799444;0000009799443;0000000000000;00000001;
20170803;OC1;*;Z17 ;0000000000000;0000000000000;00000000;00000000;00000000;00000000;00000000;0000009742067;0000009741843;0000000000000;00000224;
20170803;OZ1;*;0000;0000000723355;0000000231889;00000000;00126500;00125530;00127000;00127000;0000000125927;0000000125962;0000000000000;00001490;
20170803;OZ1;*;U17 ;0000000000000;0000000000000;00000000;00000000;00000000;00000000;00000000;0000000127885;0000000126428;0000000000000;00001457;
20170803;OZ1;*;V17 ;0000000000000;0000000000000;00000000;00000000;00000000;00000000;00000000;0000000128711;0000000127246;0000000000000;00001465;
20170803;OZ2;*;0000;0000000113728;0000000036458;00000000;00127000;00126350;00127000;00126500;0000000126491;0000000126422;0000000000000;00000500;
20170803;OZ3;*;0000;0000000003624;0000000001162;00000000;00125900;00125840;00125900;00125840;0000000125859;0000000125948;0000000000000;00000160;
20170803;SCS;*;F802;0000000000000;0000000000000;00182740;00000000;00000000;00000000;00000000;0000000000000;0000000000000;0000000000000;00000000;
20170803;SCS;*;J802;0000000000000;0000000000000;00173130;00000000;00000000;00000000;00000000;0000000000000;0000000000000;0000000000000;00000000;
20170803;SCS;*;V702;0000000000000;0000000000000;00199495;00000000;00000000;00000000;00000000;0000000000000;0000000000000;0000000000000;00000000;
20170803;SFI;*;K18 ;0000000000000;0000000000000;00000000;00000000;00000000;00000000;00000000;0000000002094;0000000002125;0000000000000;00000031;
20170803;SFI;*;N18 ;0000000000000;0000000000000;00000000;00000000;00000000;00000000;00000000;0000000002109;0000000002140;0000000000000;00000031;
20170803;SFI;*;X17 ;0000000000000;0000000000000;00000000;00000000;00000000;00000000;00000000;0000000002048;0000000002084;0000000000000;00000036;
20170803;SJC;*;F18 ;0000000000000;0000000000000;00000000;00000000;00000000;00000000;00000000;0000000213790;0000000217482;0000000000000;00003692;
20170803;SJC;*;H18 ;0000003053524;0000000979447;00000000;00002155;00002150;00002160;00002150;0000000215553;0000000219026;0000000048723;00003473;
20170803;SJC;*;K18 ;0000003374288;0000001082335;00000532;00002175;00002156;00002175;00002165;0000000216986;0000000220183;0000000044851;00003197;
20170803;SJC;*;N18 ;0000000000000;0000000000000;00000000;00000000;00000000;00000000;00000000;0000000218309;0000000221506;0000000000000;00003197;
20170803;SJC;*;Q18 ;0000000000000;0000000000000;00000000;00000000;00000000;00000000;00000000;0000000218089;0000000221230;0000000000000;00003141;
20170803;SJC;*;U17 ;0000000295062;0000000094644;00000397;00002104;00002092;00002112;00002103;0000000210317;0000000214010;0000000051809;00003693;
20170803;SJC;*;X17 ;0000004014917;0000001287823;00002114;00002119;00002106;00002133;00002121;0000000211750;0000000215498;0000000052581;00003748;
20170803;SJC;*;X18 ;0000000000000;0000000000000;00000000;00000000;00000000;00000000;00000000;0000000214506;0000000216545;0000000000000;00002039;
20170803;TRY;*;U17 ;0000000000000;0000000000000;00000792;00000000;00000000;00000000;00000000;0000008795280;0000008798120;0000000002130;00002840;
20170803;TRY;*;V17 ;0000000000000;0000000000000;00000000;00000000;00000000;00000000;00000000;0000008757810;0000008767340;0000000000000;00009530;
20170803;TRY;*;X17 ;0000000000000;0000000000000;00000000;00000000;00000000;00000000;00000000;0000008716530;0000008727110;0000000000000;00010580;
20170803;T10;*;U17 ;0000061892237;0000019841071;00001628;00126297;00126101;00126437;00126437;0000001263593;0000001261093;0000000077985;00002500;
20170803;T10;*;Z17 ;0000000000000;0000000000000;00000000;00000000;00000000;00000000;00000000;0000001260312;0000001257812;0000000000000;00002500;
20170803;WDO;*;F18 ;0000000000000;0000000000000;00000000;00000000;00000000;00000000;00000000;0000031911870;0000031894960;0000000000000;00016910;
20170803;WDO;*;F19 ;0000000000000;0000000000000;00000000;00000000;00000000;00000000;00000000;0000033550730;0000033544260;0000000000000;00006470;
20170803;WDO;*;F20 ;0000000000000;0000000000000;00000000;00000000;00000000;00000000;00000000;0000035589110;0000035588640;0000000000000;00000470;
20170803;WDO;*;F21 ;0000000000000;0000000000000;00000000;00000000;00000000;00000000;00000000;0000037828970;0000037874590;0000000000000;00045620;
20170803;WDO;*;F25 ;0000000000000;0000000000000;00000000;00000000;00000000;00000000;00000000;0000046814180;0000046944760;0000000000000;00130580;
20170803;WDO;*;G18 ;0000000000000;0000000000000;00000000;00000000;00000000;00000000;00000000;0000032064590;0000032048550;0000000000000;00016040;
20170803;WDO;*;H18 ;0000000000000;0000000000000;00000000;00000000;00000000;00000000;00000000;0000032174550;0000032158930;0000000000000;00015620;
20170803;WDO;*;J18 ;0000000000000;0000000000000;00000000;00000000;00000000;00000000;00000000;0000032305840;0000032288930;0000000000000;00016910;
20170803;WDO;*;J19 ;0000000000000;0000000000000;00000000;00000000;00000000;00000000;00000000;0000034019130;0000034013140;0000000000000;00005990;
20170803;WDO;*;J20 ;0000000000000;0000000000000;00000000;00000000;00000000;00000000;00000000;0000036129610;0000036144630;0000000000000;00015020;
20170803;WDO;*;J22 ;0000000000000;0000000000000;00000000;00000000;00000000;00000000;00000000;0000040741110;0000040807920;0000000000000;00066810;
20170803;WDO;*;K18 ;0000000000000;0000000000000;00000000;00000000;00000000;00000000;00000000;0000032431730;0000032420390;0000000000000;00011340;
20170803;WDO;*;M18 ;0000000000000;0000000000000;00000000;00000000;00000000;00000000;00000000;0000032561540;0000032549380;0000000000000;00012160;
20170803;WDO;*;N18 ;0000000000000;0000000000000;00000000;00000000;00000000;00000000;00000000;0000032702500;0000032693640;0000000000000;00008860;
20170803;WDO;*;N19 ;0000000000000;0000000000000;00000000;00000000;00000000;00000000;00000000;0000034515640;0000034517910;0000000000000;00002270;
20170803;WDO;*;N20 ;0000000000000;0000000000000;00000000;00000000;00000000;00000000;00000000;0000036696250;0000036698030;0000000000000;00001780;
20170803;WDO;*;N21 ;0000000000000;0000000000000;00000000;00000000;00000000;00000000;00000000;0000039004970;0000039061070;0000000000000;00056100;
20170803;WDO;*;N22 ;0000000000000;0000000000000;00000000;00000000;00000000;00000000;00000000;0000041337430;0000041389410;0000000000000;00051980;
20170803;WDO;*;U17 ;0018898819265;0006058478959;00032663;03135000;03128000;03144500;03130000;0000031369220;0000031348630;0000000002059;00020590;
20170803;WDO;*;V17 ;0000000252070;0000000080807;00000102;03149000;03149000;03155000;03151000;0000031508870;0000031489580;0000000001929;00019290;
20170803;WDO;*;V18 ;0000000000000;0000000000000;00000000;00000000;00000000;00000000;00000000;0000033132160;0000033124390;0000000000000;00007770;
20170803;WDO;*;V19 ;0000000000000;0000000000000;00000000;00000000;00000000;00000000;00000000;0000035093080;0000035089010;0000000000000;00004070;
20170803;WDO;*;X17 ;0000000000000;0000000000000;00000075;00000000;00000000;00000000;00000000;0000031657190;0000031637990;0000000001920;00019200;
20170803;WDO;*;Z17 ;0000000000000;0000000000000;00000000;00000000;00000000;00000000;00000000;0000031788760;0000031770610;0000000000000;00018150;
20170803;WEU;*;U17 ;0000000000000;0000000000000;00000003;00000000;00000000;00000000;00000000;0000037277950;0000037230000;0000000004795;00047950;
20170803;WEU;*;V17 ;0000000000000;0000000000000;00000000;00000000;00000000;00000000;00000000;0000037497180;0000037450780;0000000000000;00046400;
20170803;WEU;*;X17 ;0000000000000;0000000000000;00000000;00000000;00000000;00000000;00000000;0000037730590;0000037684100;0000000000000;00046490;
20170803;WIN;*;G18 ;0000000000000;0000000000000;00000000;00000000;00000000;00000000;00000000;0000000069171;0000000069635;0000000000000;00000464;
20170803;WIN;*;G19 ;0000000000000;0000000000000;00000000;00000000;00000000;00000000;00000000;0000000074020;0000000074568;0000000000000;00000548;
20170803;WIN;*;J18 ;0000000000000;0000000000000;00000000;00000000;00000000;00000000;00000000;0000000069940;0000000070415;0000000000000;00000475;
20170803;WIN;*;J19 ;0000000000000;0000000000000;00000000;00000000;00000000;00000000;00000000;0000000075005;0000000075571;0000000000000;00000566;
20170803;WIN;*;M18 ;0000000000000;0000000000000;00000000;00000000;00000000;00000000;00000000;0000000070625;0000000071108;0000000000000;00000483;
20170803;WIN;*;M19 ;0000000000000;0000000000000;00000000;00000000;00000000;00000000;00000000;0000000075924;0000000076511;0000000000000;00000587;
20170803;WIN;*;Q17 ;0012731579578;0004081419368;00084986;00067410;00066810;00067430;00066810;0000000066945;0000000067387;0000000008840;00000442;
20170803;WIN;*;Q18 ;0000000000000;0000000000000;00000000;00000000;00000000;00000000;00000000;0000000071478;0000000071969;0000000000000;00000491;
20170803;WIN;*;V17 ;0000000094990;0000000030451;00000015;00068100;00067600;00068100;00067600;0000000067804;0000000068252;0000000008960;00000448;
20170803;WIN;*;V18 ;0000000000000;0000000000000;00000000;00000000;00000000;00000000;00000000;0000000072319;0000000072822;0000000000000;00000503;
20170803;WIN;*;Z17 ;0000000000000;0000000000000;00000000;00000000;00000000;00000000;00000000;0000000068496;0000000068951;0000000000000;00000455;
20170803;WIN;*;Z18 ;0000000000000;0000000000000;00000000;00000000;00000000;00000000;00000000;0000000073087;0000000073616;0000000000000;00000529;
20170803;WTI;*;U17 ;0000000030683;0000000009842;00002697;00004930;00004912;00004930;00004912;0000000004903;0000000004959;0000000017458;00000056;
20170803;WTI;*;V17 ;0000000000000;0000000000000;00000002;00000000;00000000;00000000;00000000;0000000004919;0000000004973;0000000016835;00000054;
20170803;ZAR;*;U17 ;0000034691912;0000011121341;00000703;02326700;02326700;02326800;02326700;0000023285460;0000023597860;0000000109340;00312400;
20170803;ZAR;*;V17 ;0000000000000;0000000000000;00000011;00000000;00000000;00000000;00000000;0000023257540;0000023593400;0000000117551;00335860;
20170803;ZAR;*;X17 ;0000000000000;0000000000000;00000000;00000000;00000000;00000000;00000000;0000023264270;0000023577290;0000000000000;00313020;
