Data;Código do Contrato;Pregão;Vencimento;Volume(R$);Volume(U$);Número de contas em Aberto;Preço de Abertura;Preço Mínimo;Preço Máximo;Último Preço;Preço de Ajuste Atual; Preço de Ajuste Anterior;Valor de Ajuste por Contrato;Variação
20170103;AUD;*;G17 ;0000030610812;0000009380612;00001348;02384700;02358900;02384700;02372500;0000023724360;0000023749910;0000000015330;00025550;
20170103;AUD;*;H17 ;0000000000000;0000000000000;00000521;00000000;00000000;00000000;00000000;0000023884620;0000023908230;0000000014166;00023610;
20170103;AUD;*;J17 ;0000000000000;0000000000000;00000000;00000000;00000000;00000000;00000000;0000024082650;0000024103820;0000000000000;00021170;
20170103;BGI;*;F17 ;0000014015631;0000004314228;00001193;00014951;00014916;00014990;00014980;0000000014988;0000000014963;0000000008250;00000025;
20170103;BGI;*;F18 ;0000000000000;0000000000000;00000000;00000000;00000000;00000000;00000000;0000000014952;0000000014941;0000000000000;00000011;
20170103;BGI;*;G17 ;0000000390555;0000000120219;00000062;00014750;00014750;00014800;00014800;0000000014790;0000000014772;0000000005940;00000018;
20170103;BGI;*;H17 ;0000000048675;0000000014983;00000052;00014750;00014750;00014750;00014750;0000000014798;0000000014780;0000000005940;00000018;
20170103;BGI;*;J17 ;0000000048496;0000000014928;00000002;00014696;00014696;00014696;00014696;0000000014714;0000000014696;0000000005940;00000018;
20170103;BGI;*;K17 ;0000009311441;0000002866205;00001758;00014619;00014600;00014630;00014630;0000000014630;0000000014619;0000000003630;00000011;
20170103;BGI;*;V17 ;0000000049665;0000000015288;00000521;00015050;00015050;00015050;00015050;0000000015060;0000000015049;0000000003630;00000011;
20170103;BGI;*;X17 ;0000000000000;0000000000000;00000076;00000000;00000000;00000000;00000000;0000000015002;0000000014991;0000000003630;00000011;
20170103;BGI;*;Z17 ;0000000000000;0000000000000;00000087;00000000;00000000;00000000;00000000;0000000015002;0000000014991;0000000003630;00000011;
20170103;BRI;*;G17 ;0000001147850;0000000351756;00001149;00010435;00010435;00010435;00010435;0000000010432;0000000010063;0000000369000;00000369;
20170103;BRI;*;J17 ;0000000000000;0000000000000;00000000;00000000;00000000;00000000;00000000;0000000010629;0000000010252;0000000000000;00000377;
20170103;BSE;*;F17 ;0000000000000;0000000000000;00000000;00000000;00000000;00000000;00000000;0000000026788;0000000026746;0000000000000;00000042;
20170103;BSE;*;G17 ;0000000000000;0000000000000;00000000;00000000;00000000;00000000;00000000;0000000026980;0000000026938;0000000000000;00000042;
20170103;CAD;*;G17 ;0000002203470;0000000675248;00000393;02450300;02447300;02450300;02447300;0000024436200;0000024636940;0000000120444;00200740;
20170103;CAD;*;H17 ;0000000000000;0000000000000;00000150;00000000;00000000;00000000;00000000;0000024623130;0000024825040;0000000121146;00201910;
20170103;CAD;*;J17 ;0000000000000;0000000000000;00000000;00000000;00000000;00000000;00000000;0000024857430;0000025057610;0000000000000;00200180;
20170103;CCM;*;F17 ;0000013236349;0000004074353;00008333;00003800;00003789;00003825;00003800;0000000003793;0000000003800;0000000003150;00000007;
20170103;CCM;*;F18 ;0000000143100;0000000044048;00000000;00003180;00003180;00003180;00003180;0000000003155;0000000003181;0000000011700;00000026;
20170103;CCM;*;F19 ;0000000000000;0000000000000;00000000;00000000;00000000;00000000;00000000;0000000002782;0000000002805;0000000000000;00000023;
20170103;CCM;*;H17 ;0000004500562;0000001385342;00005884;00003565;00003546;00003590;00003550;0000000003548;0000000003561;0000000005850;00000013;
20170103;CCM;*;H18 ;0000000000000;0000000000000;00000000;00000000;00000000;00000000;00000000;0000000003125;0000000003151;0000000000000;00000026;
20170103;CCM;*;H19 ;0000000000000;0000000000000;00000000;00000000;00000000;00000000;00000000;0000000002667;0000000002689;0000000000000;00000022;
20170103;CCM;*;K17 ;0000004559692;0000001403544;00005178;00003540;00003525;00003589;00003525;0000000003525;0000000003550;0000000011250;00000025;
20170103;CCM;*;K18 ;0000000000000;0000000000000;00000000;00000000;00000000;00000000;00000000;0000000002886;0000000002911;0000000000000;00000025;
20170103;CCM;*;K19 ;0000000000000;0000000000000;00000000;00000000;00000000;00000000;00000000;0000000002556;0000000002577;0000000000000;00000021;
20170103;CCM;*;N17 ;0000000000000;0000000000000;00000000;00000000;00000000;00000000;00000000;0000000003338;0000000003364;0000000000000;00000026;
20170103;CCM;*;N18 ;0000000000000;0000000000000;00000000;00000000;00000000;00000000;00000000;0000000002761;0000000002785;0000000000000;00000024;
20170103;CCM;*;U17 ;0000002214855;0000000681767;00006337;00003189;00003160;00003209;00003169;0000000003163;0000000003189;0000000011700;00000026;
20170103;CCM;*;U18 ;0000000000000;0000000000000;00000000;00000000;00000000;00000000;00000000;0000000002638;0000000002661;0000000000000;00000023;
20170103;CCM;*;X17 ;0000000000000;0000000000000;00000000;00000000;00000000;00000000;00000000;0000000003159;0000000003186;0000000000000;00000027;
20170103;CCM;*;X18 ;0000000000000;0000000000000;00000000;00000000;00000000;00000000;00000000;0000000002708;0000000002731;0000000000000;00000023;
20170103;CHF;*;G17 ;0000000000000;0000000000000;00000215;00000000;00000000;00000000;00000000;0000032044180;0000032392520;0000000174170;00348340;
20170103;CHF;*;H17 ;0000000000000;0000000000000;00000120;00000000;00000000;00000000;00000000;0000032328040;0000032670490;0000000171225;00342450;
20170103;CHF;*;J17 ;0000000000000;0000000000000;00000000;00000000;00000000;00000000;00000000;0000032698800;0000033034280;0000000000000;00335480;
20170103;CLP;*;G17 ;0000001271750;0000000389725;00000109;05087000;05087000;05087000;05087000;0000048534000;0000049278000;0000000186000;00744000;
20170103;CLP;*;H17 ;0000011060100;0000003389342;00000865;04915600;04915600;04915600;04915600;0000048806000;0000049553000;0000000186750;00747000;
20170103;CLP;*;J17 ;0000000000000;0000000000000;00000000;00000000;00000000;00000000;00000000;0000049128000;0000049885000;0000000000000;00757000;
20170103;CNY;*;G17 ;0000000000000;0000000000000;00000000;00000000;00000000;00000000;00000000;0000046716220;0000047018870;0000000000000;00302650;
20170103;CNY;*;H17 ;0000000000000;0000000000000;00000000;00000000;00000000;00000000;00000000;0000046770020;0000047027660;0000000000000;00257640;
20170103;CNY;*;J17 ;0000000000000;0000000000000;00000000;00000000;00000000;00000000;00000000;0000046936120;0000047202430;0000000000000;00266310;
20170103;CR1;*;H7U7;0000000000000;0000000000000;00000000;00000000;00000000;00000000;00000000;0000000000000;0000000000000;0000000000000;00000000;
20170103;DAP;*;F17 ;0000000000000;0000000000000;00000821;00000000;00000000;00000000;00000000;0000009967153;0000009966947;0000000000245;00000206;
20170103;DAP;*;F18 ;0000000000000;0000000000000;00000000;00000000;00000000;00000000;00000000;0000009418531;0000009416152;0000000000000;00002379;
20170103;DAP;*;G17 ;0000000000000;0000000000000;00000000;00000000;00000000;00000000;00000000;0000009917115;0000009896983;0000000000000;00020132;
20170103;DAP;*;H17 ;0000000000000;0000000000000;00000000;00000000;00000000;00000000;00000000;0000009852887;0000009852251;0000000000000;00000636;
20170103;DAP;*;K17 ;0000058422735;0000017903510;00013698;00000591;00000591;00000600;00000600;0000009796312;0000009787753;0000000010206;00008559;
20170103;DAP;*;K19 ;0000246209140;0000075450215;00036720;00000580;00000578;00000580;00000579;0000008767294;0000008766609;0000000000816;00000685;
20170103;DAP;*;K21 ;0000000000000;0000000000000;00009929;00000000;00000000;00000000;00000000;0000007824241;0000007825353;0000000001326;00001112;
20170103;DAP;*;K23 ;0000009193938;0000002817461;00011860;00000578;00000578;00000578;00000578;0000006996145;0000006967914;0000000033666;00028231;
20170103;DAP;*;Q18 ;0000000000000;0000000000000;00022415;00000000;00000000;00000000;00000000;0000009117803;0000009113530;0000000005095;00004273;
20170103;DAP;*;Q20 ;0000000000000;0000000000000;00002790;00000000;00000000;00000000;00000000;0000008160623;0000008164565;0000000004700;00003942;
20170103;DAP;*;Q22 ;0000000000000;0000000000000;00003550;00000000;00000000;00000000;00000000;0000007286236;0000007256544;0000000035408;00029692;
20170103;DAP;*;Q24 ;0000000000000;0000000000000;00005840;00000000;00000000;00000000;00000000;0000006513164;0000006514089;0000000001103;00000925;
20170103;DAP;*;Q26 ;0000000000000;0000000000000;00001155;00000000;00000000;00000000;00000000;0000005809860;0000005805422;0000000005292;00004438;
20170103;DAP;*;Q30 ;0000000000000;0000000000000;00000235;00000000;00000000;00000000;00000000;0000004704748;0000004741795;0000000044179;00037047;
20170103;DCO;*;F18 ;0000000000000;0000000000000;00000000;00000000;00000000;00000000;00000000;0000009710361;0000009784329;0000000000000;00073968;
20170103;DCO;*;F19 ;0000000000000;0000000000000;00000000;00000000;00000000;00000000;00000000;0000009416506;0000009484029;0000000000000;00067523;
20170103;DCO;*;F20 ;0000000000000;0000000000000;00000000;00000000;00000000;00000000;00000000;0000009056052;0000009122171;0000000000000;00066119;
20170103;DCO;*;F21 ;0000000000000;0000000000000;00000000;00000000;00000000;00000000;00000000;0000008653958;0000008716069;0000000000000;00062111;
20170103;DCO;*;F22 ;0000000000000;0000000000000;00000000;00000000;00000000;00000000;00000000;0000008226597;0000008288700;0000000000000;00062103;
20170103;DCO;*;F23 ;0000000000000;0000000000000;00000000;00000000;00000000;00000000;00000000;0000007783918;0000007850942;0000000000000;00067024;
20170103;DCO;*;F24 ;0000000000000;0000000000000;00000000;00000000;00000000;00000000;00000000;0000007334724;0000007399213;0000000000000;00064489;
20170103;DCO;*;F25 ;0000000000000;0000000000000;00000000;00000000;00000000;00000000;00000000;0000006879631;0000006950387;0000000000000;00070756;
20170103;DCO;*;F26 ;0000000000000;0000000000000;00000000;00000000;00000000;00000000;00000000;0000006480450;0000006556568;0000000000000;00076118;
20170103;DCO;*;F27 ;0000000000000;0000000000000;00000000;00000000;00000000;00000000;00000000;0000006119197;0000006207643;0000000000000;00088446;
20170103;DCO;*;F28 ;0000000000000;0000000000000;00000000;00000000;00000000;00000000;00000000;0000005769999;0000005857363;0000000000000;00087364;
20170103;DCO;*;F29 ;0000000000000;0000000000000;00000000;00000000;00000000;00000000;00000000;0000005442328;0000005527778;0000000000000;00085450;
20170103;DCO;*;F30 ;0000000000000;0000000000000;00000000;00000000;00000000;00000000;00000000;0000005140214;0000005219687;0000000000000;00079473;
20170103;DCO;*;G17 ;0000000000000;0000000000000;00000000;00000000;00000000;00000000;00000000;0000009919216;0000010003658;0000000000000;00084442;
20170103;DCO;*;H17 ;0000000000000;0000000000000;00000000;00000000;00000000;00000000;00000000;0000009905273;0000009988641;0000000000000;00083368;
20170103;DCO;*;J17 ;0000000000000;0000000000000;00000000;00000000;00000000;00000000;00000000;0000009888507;0000009970454;0000000000000;00081947;
20170103;DCO;*;J18 ;0000000000000;0000000000000;00000000;00000000;00000000;00000000;00000000;0000009648355;0000009722056;0000000000000;00073701;
20170103;DCO;*;J19 ;0000000000000;0000000000000;00000000;00000000;00000000;00000000;00000000;0000009347915;0000009414587;0000000000000;00066672;
20170103;DCO;*;J20 ;0000000000000;0000000000000;00000000;00000000;00000000;00000000;00000000;0000008962429;0000009032302;0000000000000;00069873;
20170103;DCO;*;J21 ;0000000000000;0000000000000;00000000;00000000;00000000;00000000;00000000;0000008553594;0000008613039;0000000000000;00059445;
20170103;DCO;*;K17 ;0000000000000;0000000000000;00000000;00000000;00000000;00000000;00000000;0000009872724;0000009953272;0000000000000;00080548;
20170103;DCO;*;M17 ;0000000000000;0000000000000;00000000;00000000;00000000;00000000;00000000;0000009853991;0000009934745;0000000000000;00080754;
20170103;DCO;*;N17 ;0000000000000;0000000000000;00000000;00000000;00000000;00000000;00000000;0000009837764;0000009916769;0000000000000;00079005;
20170103;DCO;*;N18 ;0000000000000;0000000000000;00000000;00000000;00000000;00000000;00000000;0000009578047;0000009649697;0000000000000;00071650;
20170103;DCO;*;N19 ;0000000000000;0000000000000;00000000;00000000;00000000;00000000;00000000;0000009252406;0000009317550;0000000000000;00065144;
20170103;DCO;*;N20 ;0000000000000;0000000000000;00000000;00000000;00000000;00000000;00000000;0000008841407;0000008919598;0000000000000;00078191;
20170103;DCO;*;N21 ;0000000000000;0000000000000;00000000;00000000;00000000;00000000;00000000;0000008455388;0000008518424;0000000000000;00063036;
20170103;DCO;*;Q17 ;0000000000000;0000000000000;00000000;00000000;00000000;00000000;00000000;0000009817316;0000009896766;0000000000000;00079450;
20170103;DCO;*;U17 ;0000000000000;0000000000000;00000000;00000000;00000000;00000000;00000000;0000009800548;0000009877241;0000000000000;00076693;
20170103;DCO;*;V17 ;0000000000000;0000000000000;00000000;00000000;00000000;00000000;00000000;0000009781248;0000009858232;0000000000000;00076984;
20170103;DCO;*;V18 ;0000000000000;0000000000000;00000000;00000000;00000000;00000000;00000000;0000009504649;0000009574915;0000000000000;00070266;
20170103;DCO;*;V19 ;0000000000000;0000000000000;00000000;00000000;00000000;00000000;00000000;0000009159536;0000009223535;0000000000000;00063999;
20170103;DCO;*;V20 ;0000000000000;0000000000000;00000000;00000000;00000000;00000000;00000000;0000008762271;0000008852758;0000000000000;00090487;
20170103;DCO;*;V21 ;0000000000000;0000000000000;00000000;00000000;00000000;00000000;00000000;0000008352436;0000008415384;0000000000000;00062948;
20170103;DCO;*;X17 ;0000000000000;0000000000000;00000000;00000000;00000000;00000000;00000000;0000009760102;0000009836227;0000000000000;00076125;
20170103;DCO;*;Z17 ;0000000000000;0000000000000;00000000;00000000;00000000;00000000;00000000;0000009740397;0000009815803;0000000000000;00075406;
20170103;DDI;*;F18 ;0000000000000;0000000000000;00199190;00000000;00000000;00000000;00000000;0000009711315;0000009785297;0000000121067;00073982;
20170103;DDI;*;F19 ;0000000000000;0000000000000;00095889;00000000;00000000;00000000;00000000;0000009418302;0000009485853;0000000110543;00067551;
20170103;DDI;*;F20 ;0000000000000;0000000000000;00089189;00000000;00000000;00000000;00000000;0000009061040;0000009127248;0000000108346;00066208;
20170103;DDI;*;F21 ;0000000000000;0000000000000;00091417;00000000;00000000;00000000;00000000;0000008660046;0000008722265;0000000101818;00062219;
20170103;DDI;*;F22 ;0000000000000;0000000000000;00036204;00000000;00000000;00000000;00000000;0000008233468;0000008295700;0000000101839;00062232;
20170103;DDI;*;F23 ;0000000000000;0000000000000;00027006;00000000;00000000;00000000;00000000;0000007791297;0000007858474;0000000109931;00067177;
20170103;DDI;*;F24 ;0000000000000;0000000000000;00025955;00000000;00000000;00000000;00000000;0000007342369;0000007407020;0000000105798;00064651;
20170103;DDI;*;F25 ;0000000000000;0000000000000;00017930;00000000;00000000;00000000;00000000;0000006887320;0000006958262;0000000116093;00070942;
20170103;DDI;*;F26 ;0000000000000;0000000000000;00013420;00000000;00000000;00000000;00000000;0000006488125;0000006564453;0000000124906;00076328;
20170103;DDI;*;F27 ;0000000000000;0000000000000;00008850;00000000;00000000;00000000;00000000;0000006126805;0000006215499;0000000145143;00088694;
20170103;DDI;*;F28 ;0000000000000;0000000000000;00000110;00000000;00000000;00000000;00000000;0000005781166;0000005868912;0000000143591;00087746;
20170103;DDI;*;F29 ;0000000000000;0000000000000;00000000;00000000;00000000;00000000;00000000;0000005453166;0000005538999;0000000000000;00085833;
20170103;DDI;*;F30 ;0000000000000;0000000000000;00000500;00000000;00000000;00000000;00000000;0000005150688;0000005230526;0000000130650;00079838;
20170103;DDI;*;G17 ;0002924814339;0000896302506;00717456;00001091;00001091;00001091;00001091;0000009919375;0000010003735;0000000138050;00084360;
20170103;DDI;*;H17 ;0000644652102;0000197552127;00244681;00000652;00000652;00000652;00000652;0000009905583;0000009988957;0000000136437;00083374;
20170103;DDI;*;J17 ;0003569098803;0001093741972;00269902;00000486;00000486;00000486;00000486;0000009888996;0000009970951;0000000134115;00081955;
20170103;DDI;*;J18 ;0000000000000;0000000000000;00056164;00000000;00000000;00000000;00000000;0000009649529;0000009723249;0000000120639;00073720;
20170103;DDI;*;J19 ;0000000000000;0000000000000;00041789;00000000;00000000;00000000;00000000;0000009349901;0000009416605;0000000109157;00066704;
20170103;DDI;*;J20 ;0000000000000;0000000000000;00019875;00000000;00000000;00000000;00000000;0000008967716;0000009037691;0000000114510;00069975;
20170103;DDI;*;J21 ;0000000000000;0000000000000;00005007;00000000;00000000;00000000;00000000;0000008559895;0000008619449;0000000097457;00059554;
20170103;DDI;*;K17 ;0000000000000;0000000000000;00071034;00000000;00000000;00000000;00000000;0000009873369;0000009953927;0000000131829;00080558;
20170103;DDI;*;M17 ;0000000000000;0000000000000;00077413;00000000;00000000;00000000;00000000;0000009854795;0000009935563;0000000132172;00080768;
20170103;DDI;*;N17 ;0000000000000;0000000000000;00222007;00000000;00000000;00000000;00000000;0000009838738;0000009917760;0000000129315;00079022;
20170103;DDI;*;N18 ;0000000000000;0000000000000;00044153;00000000;00000000;00000000;00000000;0000009579436;0000009651107;0000000117286;00071671;
20170103;DDI;*;N19 ;0000000000000;0000000000000;00051074;00000000;00000000;00000000;00000000;0000009254568;0000009319746;0000000106660;00065178;
20170103;DDI;*;N20 ;0000000000000;0000000000000;00029665;00000000;00000000;00000000;00000000;0000008846948;0000008925255;0000000128145;00078307;
20170103;DDI;*;N21 ;0000000000000;0000000000000;00004457;00000000;00000000;00000000;00000000;0000008461907;0000008525063;0000000103351;00063156;
20170103;DDI;*;Q17 ;0000000000000;0000000000000;00051444;00000000;00000000;00000000;00000000;0000009818441;0000009897912;0000000130050;00079471;
20170103;DDI;*;U17 ;0000000000000;0000000000000;00027705;00000000;00000000;00000000;00000000;0000009801834;0000009878550;0000000125541;00076716;
20170103;DDI;*;V17 ;0000000000000;0000000000000;00085662;00000000;00000000;00000000;00000000;0000009781971;0000009858964;0000000125995;00076993;
20170103;DDI;*;V18 ;0000000000000;0000000000000;00045148;00000000;00000000;00000000;00000000;0000009506246;0000009576536;0000000115026;00070290;
20170103;DDI;*;V19 ;0000000000000;0000000000000;00030564;00000000;00000000;00000000;00000000;0000009164204;0000009228284;0000000104863;00064080;
20170103;DDI;*;V20 ;0000000000000;0000000000000;00020494;00000000;00000000;00000000;00000000;0000008768106;0000008858733;0000000148306;00090627;
20170103;DDI;*;V21 ;0000000000000;0000000000000;00001942;00000000;00000000;00000000;00000000;0000008359154;0000008422226;0000000103214;00063072;
20170103;DDI;*;X17 ;0000000000000;0000000000000;00019489;00000000;00000000;00000000;00000000;0000009760901;0000009837038;0000000124594;00076137;
20170103;DDI;*;Z17 ;0000000000000;0000000000000;00010260;00000000;00000000;00000000;00000000;0000009741272;0000009816691;0000000123419;00075419;
20170103;DDM;*;K17 ;0000000000000;0000000000000;00000000;00000000;00000000;00000000;00000000;0000009810554;0000009812977;0000000000000;00002423;
20170103;DDM;*;K19 ;0000000000000;0000000000000;00000000;00000000;00000000;00000000;00000000;0000008714625;0000008710899;0000000000000;00003726;
20170103;DDM;*;K21 ;0000000000000;0000000000000;00000000;00000000;00000000;00000000;00000000;0000007778447;0000007772231;0000000000000;00006216;
20170103;DDM;*;Q18 ;0000000000000;0000000000000;00000000;00000000;00000000;00000000;00000000;0000009084977;0000009082303;0000000000000;00002674;
20170103;DDM;*;Q20 ;0000000000000;0000000000000;00000000;00000000;00000000;00000000;00000000;0000008110514;0000008105150;0000000000000;00005364;
20170103;DI1;*;F18 ;0006834677300;0002094470857;02631876;00011450;00011445;00011480;00011460;0000008987689;0000008988777;0000000001088;00001088;
20170103;DI1;*;F19 ;0009215477235;0002824061423;01507979;00010960;00010930;00011010;00010970;0000008145115;0000008141528;0000000003587;00003587;
20170103;DI1;*;F20 ;0003773724382;0001156449002;00970324;00011080;00011050;00011130;00011100;0000007317243;0000007315943;0000000001300;00001300;
20170103;DI1;*;F21 ;0006950252228;0002129888523;01282245;00011220;00011200;00011290;00011240;0000006549570;0000006554814;0000000005244;00005244;
20170103;DI1;*;F22 ;0000093096902;0000028529328;00064885;00011340;00011330;00011400;00011380;0000005860610;0000005865013;0000000004403;00004403;
20170103;DI1;*;F23 ;0002009908680;0000615931809;00618283;00011430;00011410;00011490;00011460;0000005241787;0000005247816;0000000006029;00006029;
20170103;DI1;*;F24 ;0000006344497;0000001944256;00047115;00011440;00011440;00011510;00011470;0000004698427;0000004709654;0000000011227;00011227;
20170103;DI1;*;F25 ;0001013242998;0000310505944;00486903;00011480;00011450;00011540;00011500;0000004211339;0000004217686;0000000006347;00006347;
20170103;DI1;*;F26 ;0000012650419;0000003876691;00066288;00011460;00011440;00011520;00011490;0000003774552;0000003785794;0000000011242;00011242;
20170103;DI1;*;F27 ;0000460888139;0000141238091;00280033;00011480;00011460;00011550;00011500;0000003387687;0000003387944;0000000000257;00000257;
20170103;DI1;*;F28 ;0000000000000;0000000000000;00000010;00000000;00000000;00000000;00000000;0000003040140;0000003040371;0000000000231;00000231;
20170103;DI1;*;F29 ;0000000000000;0000000000000;00003500;00000000;00000000;00000000;00000000;0000002730603;0000002730809;0000000000206;00000206;
20170103;DI1;*;F30 ;0000000000000;0000000000000;00000020;00000000;00000000;00000000;00000000;0000002447261;0000002447444;0000000000183;00000183;
20170103;DI1;*;G17 ;0007007409636;0002147404277;01056900;00013260;00013260;00013263;00013263;0000009896773;0000009896824;0000000000051;00000051;
20170103;DI1;*;H17 ;0008753071129;0002682358154;00350796;00013150;00013145;00013150;00013145;0000009810671;0000009810712;0000000000041;00000041;
20170103;DI1;*;J17 ;0008006818711;0002453670848;01689546;00012915;00012895;00012915;00012900;0000009705896;0000009705928;0000000000032;00000032;
20170103;DI1;*;J18 ;0000308945991;0000094675776;00778209;00011220;00011220;00011250;00011220;0000008777503;0000008778249;0000000000746;00000746;
20170103;DI1;*;J19 ;0000175712006;0000053846533;00095737;00011040;00010960;00011040;00010980;0000007938209;0000007934187;0000000004022;00004022;
20170103;DI1;*;J20 ;0000006764071;0000002072834;00072728;00011100;00011100;00011110;00011110;0000007120619;0000007123325;0000000002706;00002706;
20170103;DI1;*;J21 ;0000000638056;0000000195531;00025299;00011240;00011240;00011240;00011240;0000006375007;0000006380139;0000000005132;00005132;
20170103;DI1;*;K17 ;0000202159094;0000061951181;00079464;00012745;00012730;00012745;00012730;0000009626746;0000009626774;0000000000028;00000028;
20170103;DI1;*;M17 ;0000047667080;0000014607465;00065684;00012530;00012530;00012530;00012530;0000009533416;0000009533091;0000000000325;00000325;
20170103;DI1;*;N17 ;0002331238140;0000714402470;01109163;00012355;00012330;00012390;00012345;0000009447880;0000009448101;0000000000221;00000221;
20170103;DI1;*;N18 ;0001074923780;0000329407876;00609561;00011080;00011070;00011120;00011090;0000008564273;0000008565046;0000000000773;00000773;
20170103;DI1;*;N19 ;0000635305645;0000194687927;00437201;00011000;00010980;00011060;00011020;0000007732345;0000007731344;0000000001001;00001001;
20170103;DI1;*;N20 ;0002184302492;0000669374385;00642711;00011170;00011150;00011230;00011200;0000006930655;0000006931262;0000000000607;00000607;
20170103;DI1;*;N21 ;0000002480480;0000000760137;00016131;00011280;00011280;00011310;00011310;0000006200580;0000006207317;0000000006737;00006737;
20170103;DI1;*;N22 ;0000000000000;0000000000000;00003730;00000000;00000000;00000000;00000000;0000005546227;0000005551569;0000000005342;00005342;
20170103;DI1;*;N23 ;0000000000000;0000000000000;00003135;00000000;00000000;00000000;00000000;0000004963895;0000004972634;0000000008739;00008739;
20170103;DI1;*;N24 ;0000000000000;0000000000000;00001550;00000000;00000000;00000000;00000000;0000004453975;0000004462661;0000000008686;00008686;
20170103;DI1;*;Q17 ;0000000000000;0000000000000;00021611;00000000;00000000;00000000;00000000;0000009364334;0000009367405;0000000003071;00003071;
20170103;DI1;*;U17 ;0000000000000;0000000000000;00025787;00000000;00000000;00000000;00000000;0000009278129;0000009279830;0000000001701;00001701;
20170103;DI1;*;V17 ;0001581665493;0000484697687;00585259;00011810;00011810;00011855;00011830;0000009203789;0000009204371;0000000000582;00000582;
20170103;DI1;*;V18 ;0000979770413;0000300248349;00611945;00011020;00010990;00011050;00011010;0000008348031;0000008348807;0000000000776;00000776;
20170103;DI1;*;V19 ;0000090594223;0000027762388;00055040;00011060;00011030;00011060;00011030;0000007517400;0000007517534;0000000000134;00000134;
20170103;DI1;*;V20 ;0000007740514;0000002372062;00041269;00011200;00011200;00011250;00011200;0000006732941;0000006737359;0000000004418;00004418;
20170103;DI1;*;V21 ;0000000301329;0000000092342;00015115;00011320;00011320;00011320;00011320;0000006026326;0000006030912;0000000004586;00004586;
20170103;DI1;*;X17 ;0000136934018;0000041963109;00006827;00011665;00011665;00011685;00011685;0000009128808;0000009129571;0000000000763;00000763;
20170103;DI1;*;Z17 ;0000135873289;0000041638051;00002375;00011550;00011545;00011565;00011565;0000009057956;0000009058912;0000000000956;00000956;
20170103;DOL;*;F18 ;0000000000000;0000000000000;00003275;00000000;00000000;00000000;00000000;0000035364110;0000035629200;0000000132545;00265090;
20170103;DOL;*;F19 ;0000000000000;0000000000000;00000000;00000000;00000000;00000000;00000000;0000037844970;0000038133190;0000000000000;00288220;
20170103;DOL;*;F20 ;0000000000000;0000000000000;00000000;00000000;00000000;00000000;00000000;0000040528760;0000040832150;0000000000000;00303390;
20170103;DOL;*;F21 ;0000000000000;0000000000000;00003100;00000000;00000000;00000000;00000000;0000043275310;0000043551350;0000000138020;00276040;
20170103;DOL;*;F25 ;0000000000000;0000000000000;00000000;00000000;00000000;00000000;00000000;0000053525750;0000053995710;0000000000000;00469960;
20170103;DOL;*;G17 ;0034782290000;0010658951336;00562550;03313000;03275000;03318500;03289000;0000032803740;0000033082670;0000000139465;00278930;
20170103;DOL;*;H17 ;0000000000000;0000000000000;00030325;00000000;00000000;00000000;00000000;0000033045630;0000033323630;0000000139000;00278000;
20170103;DOL;*;J17 ;0000000000000;0000000000000;00005928;00000000;00000000;00000000;00000000;0000033346430;0000033622670;0000000138120;00276240;
20170103;DOL;*;J18 ;0000000000000;0000000000000;00000000;00000000;00000000;00000000;00000000;0000035980560;0000036252350;0000000000000;00271790;
20170103;DOL;*;J19 ;0000000000000;0000000000000;00000000;00000000;00000000;00000000;00000000;0000038549370;0000038844060;0000000000000;00294690;
20170103;DOL;*;K17 ;0000000000000;0000000000000;00000265;00000000;00000000;00000000;00000000;0000033567470;0000033841250;0000000136890;00273780;
20170103;DOL;*;M17 ;0000000000000;0000000000000;00000270;00000000;00000000;00000000;00000000;0000033832320;0000034110770;0000000139225;00278450;
20170103;DOL;*;N17 ;0000030720000;0000009414072;00016430;03412000;03412000;03420000;03420000;0000034082990;0000034355940;0000000136475;00272950;
20170103;DOL;*;N18 ;0000000000000;0000000000000;00000170;00000000;00000000;00000000;00000000;0000036608520;0000036879080;0000000135280;00270560;
20170103;DOL;*;N19 ;0000000000000;0000000000000;00000400;00000000;00000000;00000000;00000000;0000039172170;0000039453160;0000000140495;00280990;
20170103;DOL;*;N21 ;0000000000000;0000000000000;00000000;00000000;00000000;00000000;00000000;0000044665140;0000044949660;0000000000000;00284520;
20170103;DOL;*;Q17 ;0000000000000;0000000000000;00000160;00000000;00000000;00000000;00000000;0000034316130;0000034582550;0000000133210;00266420;
20170103;DOL;*;U17 ;0000000000000;0000000000000;00000790;00000000;00000000;00000000;00000000;0000034576390;0000034840620;0000000132115;00264230;
20170103;DOL;*;V17 ;0000000000000;0000000000000;00001035;00000000;00000000;00000000;00000000;0000034785040;0000035056610;0000000135785;00271570;
20170103;DOL;*;V18 ;0000000000000;0000000000000;00000000;00000000;00000000;00000000;00000000;0000037269860;0000037541950;0000000000000;00272090;
20170103;DOL;*;V19 ;0000000000000;0000000000000;00000000;00000000;00000000;00000000;00000000;0000039898800;0000040177070;0000000000000;00278270;
20170103;DOL;*;X17 ;0000000000000;0000000000000;00000000;00000000;00000000;00000000;00000000;0000034995210;0000035265220;0000000000000;00270010;
20170103;DOL;*;Z17 ;0000000000000;0000000000000;00000000;00000000;00000000;00000000;00000000;0000035198020;0000035466780;0000000000000;00268760;
20170103;DR1;*;G7H7;0000000000000;0000000000000;00000000;00000000;00000000;00000000;00000000;0000000000000;0000000000000;0000000000000;00000000;
20170103;ETH;*;F17 ;0000008772750;0000002700388;00001629;00192000;00192000;00193500;00192500;0000000193000;0000000192500;0000000015000;00000500;
20170103;ETH;*;G17 ;0000002337900;0000000719642;00000804;00194900;00194500;00195000;00194500;0000000196000;0000000194500;0000000045000;00001500;
20170103;ETH;*;H17 ;0000001166700;0000000359128;00000529;00194400;00194400;00194500;00194500;0000000195000;0000000194000;0000000030000;00001000;
20170103;ETH;*;J17 ;0000000000000;0000000000000;00000000;00000000;00000000;00000000;00000000;0000000155100;0000000155100;0000000000000;00000000;
20170103;ETH;*;K17 ;0000000990000;0000000304737;00000030;00165000;00165000;00165000;00165000;0000000159000;0000000159000;0000000000000;00000000;
20170103;ETH;*;M17 ;0000000990000;0000000304737;00000180;00165000;00165000;00165000;00165000;0000000160000;0000000160000;0000000000000;00000000;
20170103;ETH;*;N17 ;0000000000000;0000000000000;00000205;00000000;00000000;00000000;00000000;0000000165000;0000000165000;0000000000000;00000000;
20170103;ETH;*;Q17 ;0000000000000;0000000000000;00000205;00000000;00000000;00000000;00000000;0000000165000;0000000165000;0000000000000;00000000;
20170103;ETH;*;U17 ;0000000000000;0000000000000;00000000;00000000;00000000;00000000;00000000;0000000160000;0000000160000;0000000000000;00000000;
20170103;ETH;*;V17 ;0000000000000;0000000000000;00000000;00000000;00000000;00000000;00000000;0000000161000;0000000161000;0000000000000;00000000;
20170103;ETH;*;X17 ;0000000000000;0000000000000;00000000;00000000;00000000;00000000;00000000;0000000163000;0000000163000;0000000000000;00000000;
20170103;ETH;*;Z17 ;0000000000000;0000000000000;00000000;00000000;00000000;00000000;00000000;0000000165000;0000000165000;0000000000000;00000000;
20170103;EUR;*;G17 ;0000017996800;0000005515077;00016145;03442600;03421900;03442600;03422000;0000034236050;0000034687140;0000000225545;00451090;
20170103;EUR;*;H17 ;0000000000000;0000000000000;00000295;00000000;00000000;00000000;00000000;0000034520730;0000034972710;0000000225990;00451980;
20170103;EUR;*;J17 ;0000000000000;0000000000000;00000275;00000000;00000000;00000000;00000000;0000034886120;0000035338160;0000000226020;00452040;
20170103;EUR;*;K17 ;0000000000000;0000000000000;00000000;00000000;00000000;00000000;00000000;0000035167640;0000035619880;0000000000000;00452240;
20170103;EUR;*;N17 ;0000000000000;0000000000000;00000000;00000000;00000000;00000000;00000000;0000035815540;0000036272930;0000000000000;00457390;
20170103;EUR;*;V17 ;0000000000000;0000000000000;00000000;00000000;00000000;00000000;00000000;0000036742220;0000037200010;0000000000000;00457790;
20170103;FRC;*;F18 ;0000000000000;0000000000000;00000000;00000238;00000230;00000238;00000230;0000000000230;0000000000240;0000000000005;00000010;
20170103;FRC;*;F19 ;0000000000000;0000000000000;00000000;00000281;00000274;00000281;00000274;0000000000274;0000000000281;0000000000003;00000007;
20170103;FRC;*;F20 ;0000000000000;0000000000000;00000000;00000320;00000320;00000320;00000320;0000000000320;0000000000325;0000000000002;00000005;
20170103;FRC;*;F21 ;0000000000000;0000000000000;00000000;00000369;00000365;00000369;00000365;0000000000365;0000000000369;0000000000002;00000004;
20170103;FRC;*;F22 ;0000000000000;0000000000000;00000000;00000000;00000000;00000000;00000000;0000000000410;0000000000412;0000000000000;00000002;
20170103;FRC;*;F23 ;0000000000000;0000000000000;00000000;00000460;00000455;00000460;00000455;0000000000455;0000000000455;0000000000000;00000000;
20170103;FRC;*;F24 ;0000000000000;0000000000000;00000000;00000501;00000500;00000501;00000500;0000000000500;0000000000500;0000000000000;00000000;
20170103;FRC;*;F25 ;0000000000000;0000000000000;00000000;00000545;00000545;00000548;00000548;0000000000548;0000000000545;0000000000001;00000003;
20170103;FRC;*;F26 ;0000000000000;0000000000000;00000000;00000000;00000000;00000000;00000000;0000000000585;0000000000579;0000000000000;00000006;
20170103;FRC;*;F27 ;0000000000000;0000000000000;00000000;00000000;00000000;00000000;00000000;0000000000615;0000000000605;0000000000000;00000010;
20170103;FRC;*;F28 ;0000000000000;0000000000000;00000000;00000000;00000000;00000000;00000000;0000000000646;0000000000636;0000000000000;00000010;
20170103;FRC;*;F29 ;0000000000000;0000000000000;00000000;00000000;00000000;00000000;00000000;0000000000677;0000000000667;0000000000000;00000010;
20170103;FRC;*;F30 ;0000000000000;0000000000000;00000000;00000000;00000000;00000000;00000000;0000000000706;0000000000696;0000000000000;00000010;
20170103;FRC;*;H17 ;0000000000000;0000000000000;00000000;00000185;00000179;00000185;00000183;0000000000180;0000000000191;0000000000005;00000011;
20170103;FRC;*;J17 ;0000000000000;0000000000000;00000000;00000187;00000181;00000187;00000181;0000000000181;0000000000194;0000000000006;00000013;
20170103;FRC;*;J18 ;0000000000000;0000000000000;00000000;00000237;00000237;00000237;00000237;0000000000237;0000000000244;0000000000003;00000007;
20170103;FRC;*;J19 ;0000000000000;0000000000000;00000000;00000000;00000000;00000000;00000000;0000000000278;0000000000285;0000000000000;00000007;
20170103;FRC;*;J20 ;0000000000000;0000000000000;00000000;00000000;00000000;00000000;00000000;0000000000331;0000000000333;0000000000000;00000002;
20170103;FRC;*;J21 ;0000000000000;0000000000000;00000000;00000000;00000000;00000000;00000000;0000000000376;0000000000380;0000000000000;00000004;
20170103;FRC;*;K17 ;0000000000000;0000000000000;00000000;00000195;00000187;00000195;00000187;0000000000187;0000000000200;0000000000006;00000013;
20170103;FRC;*;M17 ;0000000000000;0000000000000;00000000;00000196;00000196;00000196;00000196;0000000000196;0000000000206;0000000000005;00000010;
20170103;FRC;*;N17 ;0000000000000;0000000000000;00000000;00000195;00000192;00000195;00000194;0000000000194;0000000000205;0000000000005;00000011;
20170103;FRC;*;N18 ;0000000000000;0000000000000;00000000;00000000;00000000;00000000;00000000;0000000000248;0000000000255;0000000000000;00000007;
20170103;FRC;*;N19 ;0000000000000;0000000000000;00000000;00000000;00000000;00000000;00000000;0000000000294;0000000000300;0000000000000;00000006;
20170103;FRC;*;N20 ;0000000000000;0000000000000;00000000;00000000;00000000;00000000;00000000;0000000000350;0000000000349;0000000000000;00000001;
20170103;FRC;*;N21 ;0000000000000;0000000000000;00000000;00000000;00000000;00000000;00000000;0000000000385;0000000000388;0000000000000;00000003;
20170103;FRC;*;Q17 ;0000000000000;0000000000000;00000000;00000205;00000205;00000205;00000205;0000000000205;0000000000213;0000000000004;00000008;
20170103;FRC;*;U17 ;0000000000000;0000000000000;00000000;00000209;00000204;00000209;00000204;0000000000204;0000000000215;0000000000005;00000011;
20170103;FRC;*;V17 ;0000000000000;0000000000000;00000000;00000215;00000215;00000215;00000215;0000000000208;0000000000218;0000000000005;00000010;
20170103;FRC;*;V18 ;0000000000000;0000000000000;00000000;00000000;00000000;00000000;00000000;0000000000258;0000000000265;0000000000000;00000007;
20170103;FRC;*;V19 ;0000000000000;0000000000000;00000000;00000000;00000000;00000000;00000000;0000000000305;0000000000311;0000000000000;00000006;
20170103;FRC;*;V20 ;0000000000000;0000000000000;00000000;00000000;00000000;00000000;00000000;0000000000353;0000000000348;0000000000000;00000005;
20170103;FRC;*;V21 ;0000000000000;0000000000000;00000000;00000000;00000000;00000000;00000000;0000000000395;0000000000397;0000000000000;00000002;
20170103;FRC;*;X17 ;0000000000000;0000000000000;00000000;00000214;00000214;00000214;00000214;0000000000214;0000000000224;0000000000005;00000010;
20170103;FRC;*;Z17 ;0000000000000;0000000000000;00000000;00000217;00000217;00000217;00000217;0000000000217;0000000000226;0000000000004;00000009;
20170103;FRO;*;F18 ;0000000000000;0000000000000;00000000;00000000;00000000;00000000;00000000;0000000000231;0000000000241;0000000000000;00000010;
20170103;FRO;*;F19 ;0000000000000;0000000000000;00000000;00000000;00000000;00000000;00000000;0000000000275;0000000000282;0000000000000;00000007;
20170103;FRO;*;F20 ;0000000000000;0000000000000;00000000;00000000;00000000;00000000;00000000;0000000000322;0000000000327;0000000000000;00000005;
20170103;FRO;*;F21 ;0000000000000;0000000000000;00000000;00000000;00000000;00000000;00000000;0000000000367;0000000000371;0000000000000;00000004;
20170103;FRO;*;F22 ;0000000000000;0000000000000;00000000;00000000;00000000;00000000;00000000;0000000000412;0000000000414;0000000000000;00000002;
20170103;FRO;*;F23 ;0000000000000;0000000000000;00000000;00000000;00000000;00000000;00000000;0000000000457;0000000000457;0000000000000;00000000;
20170103;FRO;*;F24 ;0000000000000;0000000000000;00000000;00000000;00000000;00000000;00000000;0000000000502;0000000000502;0000000000000;00000000;
20170103;FRO;*;F25 ;0000000000000;0000000000000;00000000;00000000;00000000;00000000;00000000;0000000000550;0000000000547;0000000000000;00000003;
20170103;FRO;*;F26 ;0000000000000;0000000000000;00000000;00000000;00000000;00000000;00000000;0000000000587;0000000000581;0000000000000;00000006;
20170103;FRO;*;F27 ;0000000000000;0000000000000;00000000;00000000;00000000;00000000;00000000;0000000000617;0000000000607;0000000000000;00000010;
20170103;FRO;*;F28 ;0000000000000;0000000000000;00000000;00000000;00000000;00000000;00000000;0000000000649;0000000000639;0000000000000;00000010;
20170103;FRO;*;F29 ;0000000000000;0000000000000;00000000;00000000;00000000;00000000;00000000;0000000000680;0000000000670;0000000000000;00000010;
20170103;FRO;*;F30 ;0000000000000;0000000000000;00000000;00000000;00000000;00000000;00000000;0000000000709;0000000000699;0000000000000;00000010;
20170103;FRO;*;H17 ;0000000000000;0000000000000;00000000;00000000;00000000;00000000;00000000;0000000000182;0000000000193;0000000000000;00000011;
20170103;FRO;*;J17 ;0000000000000;0000000000000;00000000;00000000;00000000;00000000;00000000;0000000000183;0000000000196;0000000000000;00000013;
20170103;FRO;*;J18 ;0000000000000;0000000000000;00000000;00000000;00000000;00000000;00000000;0000000000238;0000000000245;0000000000000;00000007;
20170103;FRO;*;J19 ;0000000000000;0000000000000;00000000;00000000;00000000;00000000;00000000;0000000000279;0000000000286;0000000000000;00000007;
20170103;FRO;*;J20 ;0000000000000;0000000000000;00000000;00000000;00000000;00000000;00000000;0000000000333;0000000000335;0000000000000;00000002;
20170103;FRO;*;J21 ;0000000000000;0000000000000;00000000;00000000;00000000;00000000;00000000;0000000000378;0000000000382;0000000000000;00000004;
20170103;FRO;*;K17 ;0000000000000;0000000000000;00000000;00000000;00000000;00000000;00000000;0000000000189;0000000000202;0000000000000;00000013;
20170103;FRO;*;M17 ;0000000000000;0000000000000;00000000;00000000;00000000;00000000;00000000;0000000000198;0000000000208;0000000000000;00000010;
20170103;FRO;*;N17 ;0000000000000;0000000000000;00000000;00000000;00000000;00000000;00000000;0000000000196;0000000000207;0000000000000;00000011;
20170103;FRO;*;N18 ;0000000000000;0000000000000;00000000;00000000;00000000;00000000;00000000;0000000000249;0000000000256;0000000000000;00000007;
20170103;FRO;*;N19 ;0000000000000;0000000000000;00000000;00000000;00000000;00000000;00000000;0000000000295;0000000000301;0000000000000;00000006;
20170103;FRO;*;N20 ;0000000000000;0000000000000;00000000;00000000;00000000;00000000;00000000;0000000000352;0000000000351;0000000000000;00000001;
20170103;FRO;*;N21 ;0000000000000;0000000000000;00000000;00000000;00000000;00000000;00000000;0000000000387;0000000000390;0000000000000;00000003;
20170103;FRO;*;Q17 ;0000000000000;0000000000000;00000000;00000000;00000000;00000000;00000000;0000000000207;0000000000215;0000000000000;00000008;
20170103;FRO;*;U17 ;0000000000000;0000000000000;00000000;00000000;00000000;00000000;00000000;0000000000206;0000000000217;0000000000000;00000011;
20170103;FRO;*;V17 ;0000000000000;0000000000000;00000000;00000000;00000000;00000000;00000000;0000000000209;0000000000219;0000000000000;00000010;
20170103;FRO;*;V18 ;0000000000000;0000000000000;00000000;00000000;00000000;00000000;00000000;0000000000259;0000000000266;0000000000000;00000007;
20170103;FRO;*;V19 ;0000000000000;0000000000000;00000000;00000000;00000000;00000000;00000000;0000000000307;0000000000313;0000000000000;00000006;
20170103;FRO;*;V20 ;0000000000000;0000000000000;00000000;00000000;00000000;00000000;00000000;0000000000355;0000000000350;0000000000000;00000005;
20170103;FRO;*;V21 ;0000000000000;0000000000000;00000000;00000000;00000000;00000000;00000000;0000000000397;0000000000399;0000000000000;00000002;
20170103;FRO;*;X17 ;0000000000000;0000000000000;00000000;00000000;00000000;00000000;00000000;0000000000215;0000000000225;0000000000000;00000010;
20170103;FRO;*;Z17 ;0000000000000;0000000000000;00000000;00000000;00000000;00000000;00000000;0000000000218;0000000000227;0000000000000;00000009;
20170103;FRP;*;FRP0;0000000000000;0000000000000;00000000;00002610;00002600;00002670;00002600;0000000000000;0000000000000;0000000000000;00000000;
20170103;GBP;*;G17 ;0000000140840;0000000043160;00000395;04024000;04024000;04024000;04024000;0000040234100;0000040662750;0000000150027;00428650;
20170103;GBP;*;H17 ;0000000000000;0000000000000;00000440;00000000;00000000;00000000;00000000;0000040546160;0000040974750;0000000150006;00428590;
20170103;GBP;*;J17 ;0000000000000;0000000000000;00000000;00000000;00000000;00000000;00000000;0000040946980;0000041374240;0000000000000;00427260;
20170103;HSI;*;F17 ;0000000000000;0000000000000;00000000;00000000;00000000;00000000;00000000;0000000022125;0000000021789;0000000000000;00000336;
20170103;HSI;*;G17 ;0000000000000;0000000000000;00000000;00000000;00000000;00000000;00000000;0000000022079;0000000021768;0000000000000;00000311;
20170103;IAP;*;F17 ;0000000000000;0000000000000;00000000;00000000;00000000;00000000;00000000;0000000477568;0000000477566;0000000000050;00000002;
20170103;IAP;*;G17 ;0000000000000;0000000000000;00000000;00000000;00000000;00000000;00000000;0000000479374;0000000479377;0000000000000;00000003;
20170103;IAP;*;H17 ;0000000000000;0000000000000;00000000;00000000;00000000;00000000;00000000;0000000481361;0000000481329;0000000000000;00000032;
20170103;IAP;*;K17 ;0000000000000;0000000000000;00000000;00000000;00000000;00000000;00000000;0000000487436;0000000487033;0000000000000;00000403;
20170103;IAP;*;K19 ;0000000000000;0000000000000;00000000;00000000;00000000;00000000;00000000;0000000533926;0000000533824;0000000000000;00000102;
20170103;IAP;*;K21 ;0000000000000;0000000000000;00000000;00000000;00000000;00000000;00000000;0000000593599;0000000592396;0000000000000;00001203;
20170103;IAP;*;Q18 ;0000000000000;0000000000000;00000000;00000000;00000000;00000000;00000000;0000000515158;0000000515105;0000000000000;00000053;
20170103;IAP;*;Q20 ;0000000000000;0000000000000;00000000;00000000;00000000;00000000;00000000;0000000570559;0000000570037;0000000000000;00000522;
20170103;IAP;*;Q22 ;0000000000000;0000000000000;00000000;00000000;00000000;00000000;00000000;0000000635693;0000000634153;0000000000000;00001540;
20170103;ICF;*;H17 ;0000029083597;0000008952380;00003792;00016370;00016050;00016535;00016345;0000000016330;0000000015985;0000000112080;00000345;
20170103;ICF;*;U17 ;0000018209971;0000005605310;00002236;00017365;00016950;00017365;00017200;0000000017170;0000000016925;0000000079593;00000245;
20170103;ICF;*;U18 ;0000000000000;0000000000000;00000294;00000000;00000000;00000000;00000000;0000000017660;0000000017425;0000000076344;00000235;
20170103;ICF;*;Z17 ;0000000000000;0000000000000;00000192;00000000;00000000;00000000;00000000;0000000017635;0000000017405;0000000074720;00000230;
20170103;ICF;*;Z18 ;0000000000000;0000000000000;00000029;00000000;00000000;00000000;00000000;0000000017985;0000000017760;0000000073095;00000225;
20170103;IGM;*;K17 ;0000000000000;0000000000000;00000000;00000000;00000000;00000000;00000000;0000000674108;0000000674272;0000000003280;00000164;
20170103;IGM;*;K19 ;0000000000000;0000000000000;00000000;00000000;00000000;00000000;00000000;0000000732669;0000000732637;0000000000000;00000032;
20170103;IGM;*;K21 ;0000000000000;0000000000000;00000000;00000000;00000000;00000000;00000000;0000000814343;0000000812965;0000000000000;00001378;
20170103;IGM;*;Q18 ;0000000000000;0000000000000;00000000;00000000;00000000;00000000;00000000;0000000707888;0000000707615;0000000000000;00000273;
20170103;IGM;*;Q20 ;0000000000000;0000000000000;00000000;00000000;00000000;00000000;00000000;0000000782067;0000000781306;0000000000000;00000761;
20170103;IND;*;G17 ;0006277850625;0001923832626;00274780;00060800;00060770;00062800;00062730;0000000062731;0000000060366;0000000236500;00002365;
20170103;IND;*;G18 ;0000000000000;0000000000000;00000000;00000000;00000000;00000000;00000000;0000000068867;0000000066264;0000000000000;00002603;
20170103;IND;*;J17 ;0000035259000;0000010805038;00011300;00062900;00062900;00063250;00063250;0000000063755;0000000061351;0000000240400;00002404;
20170103;IND;*;J18 ;0000000000000;0000000000000;00000000;00000000;00000000;00000000;00000000;0000000069936;0000000067294;0000000000000;00002642;
20170103;IND;*;M17 ;0000070319100;0000021549124;00018890;00064000;00064000;00064550;00064400;0000000064840;0000000062396;0000000244400;00002444;
20170103;IND;*;M18 ;0000000000000;0000000000000;00001080;00000000;00000000;00000000;00000000;0000000070878;0000000068200;0000000267800;00002678;
20170103;IND;*;Q17 ;0000000000000;0000000000000;00002345;00000000;00000000;00000000;00000000;0000000065920;0000000063418;0000000250200;00002502;
20170103;IND;*;Q18 ;0000000000000;0000000000000;00000000;00000000;00000000;00000000;00000000;0000000072031;0000000069310;0000000000000;00002721;
20170103;IND;*;V17 ;0000000000000;0000000000000;00000000;00000000;00000000;00000000;00000000;0000000066903;0000000064376;0000000000000;00002527;
20170103;IND;*;V18 ;0000000000000;0000000000000;00000000;00000000;00000000;00000000;00000000;0000000073157;0000000070399;0000000000000;00002758;
20170103;IND;*;Z17 ;0000000000000;0000000000000;00008010;00000000;00000000;00000000;00000000;0000000067886;0000000065320;0000000256600;00002566;
20170103;IND;*;Z18 ;0000000000000;0000000000000;00000000;00000000;00000000;00000000;00000000;0000000074161;0000000071389;0000000000000;00002772;
20170103;IR1;*;G7J7;0000000000000;0000000000000;00000000;00000000;00000000;00000000;00000000;0000000000000;0000000000000;0000000000000;00000000;
20170103;IR1;*;G7M7;0000000000000;0000000000000;00000000;00000000;00000000;00000000;00000000;0000000000000;0000000000000;0000000000000;00000000;
20170103;IR1;*;G7Q7;0000000000000;0000000000000;00000000;00000000;00000000;00000000;00000000;0000000000000;0000000000000;0000000000000;00000000;
20170103;IR1;*;G7V7;0000000000000;0000000000000;00000000;00000000;00000000;00000000;00000000;0000000000000;0000000000000;0000000000000;00000000;
20170103;IR1;*;G7Z7;0000000000000;0000000000000;00000000;00000000;00000000;00000000;00000000;0000000000000;0000000000000;0000000000000;00000000;
20170103;ISP;*;H17 ;0000099297003;0000030565150;00002202;00225100;00224050;00226000;00224450;0000000224325;0000000223625;0000000113704;00000700;
20170103;ISP;*;M17 ;0000000000000;0000000000000;00000005;00000000;00000000;00000000;00000000;0000000223800;0000000223050;0000000121826;00000750;
20170103;ISP;*;U17 ;0000000000000;0000000000000;00000000;00000000;00000000;00000000;00000000;0000000223300;0000000222600;0000000000000;00000700;
20170103;JPY;*;G17 ;0000006583140;0000002017388;00000986;02790000;02790000;02802800;02798000;0000027951400;0000028204100;0000000126350;00252700;
20170103;JPY;*;H17 ;0000000000000;0000000000000;00000150;00000000;00000000;00000000;00000000;0000028177200;0000028429600;0000000126200;00252400;
20170103;JPY;*;J17 ;0000000000000;0000000000000;00000597;00000000;00000000;00000000;00000000;0000028468300;0000028720200;0000000125950;00251900;
20170103;JPY;*;K17 ;0000000000000;0000000000000;00000000;00000000;00000000;00000000;00000000;0000028693200;0000028943600;0000000000000;00250400;
20170103;JSE;*;H17 ;0000000000000;0000000000000;00000000;00000000;00000000;00000000;00000000;0000000044784;0000000044562;0000000000000;00000222;
20170103;JSE;*;M17 ;0000000000000;0000000000000;00000000;00000000;00000000;00000000;00000000;0000000045231;0000000044992;0000000000000;00000239;
20170103;MIX;*;H17 ;0000000000000;0000000000000;00000000;00000000;00000000;00000000;00000000;0000000002319;0000000002245;0000000000000;00000074;
20170103;MIX;*;M17 ;0000000000000;0000000000000;00000000;00000000;00000000;00000000;00000000;0000000002362;0000000002267;0000000000000;00000095;
20170103;MXN;*;G17 ;0000005835225;0000001788191;00000250;01558000;01555700;01558000;01555700;0000015605660;0000015885440;0000000209835;00279780;
20170103;MXN;*;H17 ;0000000000000;0000000000000;00000012;00000000;00000000;00000000;00000000;0000015655350;0000015934710;0000000209520;00279360;
20170103;MXN;*;J17 ;0000000000000;0000000000000;00000000;00000000;00000000;00000000;00000000;0000015724470;0000016003310;0000000000000;00278840;
20170103;NZD;*;G17 ;0000000000000;0000000000000;00000076;00000000;00000000;00000000;00000000;0000022737440;0000022939390;0000000151462;00201950;
20170103;NZD;*;H17 ;0000000000000;0000000000000;00000000;00000000;00000000;00000000;00000000;0000022889950;0000023091790;0000000000000;00201840;
20170103;NZD;*;J17 ;0000000000000;0000000000000;00000000;00000000;00000000;00000000;00000000;0000023075600;0000023276710;0000000000000;00201110;
20170103;OC1;*;F18 ;0000000000000;0000000000000;00000000;00000000;00000000;00000000;00000000;0000008986340;0000008987428;0000000000000;00001088;
20170103;OC1;*;F19 ;0000000000000;0000000000000;00000000;00000000;00000000;00000000;00000000;0000008142794;0000008139210;0000000000000;00003584;
20170103;OC1;*;F20 ;0000000000000;0000000000000;00000000;00000000;00000000;00000000;00000000;0000007314102;0000007312804;0000000000000;00001298;
20170103;OC1;*;F21 ;0000000000000;0000000000000;00000000;00000000;00000000;00000000;00000000;0000006545825;0000006551066;0000000000000;00005241;
20170103;OC1;*;F22 ;0000000000000;0000000000000;00000000;00000000;00000000;00000000;00000000;0000005856163;0000005860562;0000000000000;00004399;
20170103;OC1;*;F23 ;0000000000000;0000000000000;00000000;00000000;00000000;00000000;00000000;0000005237016;0000005243040;0000000000000;00006024;
20170103;OC1;*;F24 ;0000000000000;0000000000000;00000000;00000000;00000000;00000000;00000000;0000004693445;0000004704660;0000000000000;00011215;
20170103;OC1;*;F25 ;0000000000000;0000000000000;00000000;00000000;00000000;00000000;00000000;0000004206227;0000004212566;0000000000000;00006339;
20170103;OC1;*;F26 ;0000000000000;0000000000000;00000000;00000000;00000000;00000000;00000000;0000003769394;0000003780619;0000000000000;00011225;
20170103;OC1;*;F27 ;0000000000000;0000000000000;00000000;00000000;00000000;00000000;00000000;0000003382546;0000003382802;0000000000000;00000256;
20170103;OC1;*;F28 ;0000000000000;0000000000000;00000000;00000000;00000000;00000000;00000000;0000003035066;0000003035296;0000000000000;00000230;
20170103;OC1;*;F29 ;0000000000000;0000000000000;00000000;00000000;00000000;00000000;00000000;0000002725634;0000002725840;0000000000000;00000206;
20170103;OC1;*;F30 ;0000000000000;0000000000000;00000000;00000000;00000000;00000000;00000000;0000002442439;0000002442623;0000000000000;00000184;
20170103;OC1;*;G17 ;0000000000000;0000000000000;00010000;00000000;00000000;00000000;00000000;0000009896635;0000009896686;0000000000051;00000051;
20170103;OC1;*;H17 ;0000000000000;0000000000000;00000000;00000000;00000000;00000000;00000000;0000009810416;0000009810457;0000000000000;00000041;
20170103;OC1;*;J17 ;0000000000000;0000000000000;00029800;00000000;00000000;00000000;00000000;0000009705494;0000009705527;0000000000033;00000033;
20170103;OC1;*;J18 ;0000000000000;0000000000000;00000000;00000000;00000000;00000000;00000000;0000008775955;0000008776702;0000000000000;00000747;
20170103;OC1;*;J19 ;0000000000000;0000000000000;00000000;00000000;00000000;00000000;00000000;0000007935671;0000007931652;0000000000000;00004019;
20170103;OC1;*;J20 ;0000000000000;0000000000000;00000000;00000000;00000000;00000000;00000000;0000007117311;0000007120018;0000000000000;00002707;
20170103;OC1;*;J21 ;0000000000000;0000000000000;00000000;00000000;00000000;00000000;00000000;0000006370900;0000006376028;0000000000000;00005128;
20170103;OC1;*;K17 ;0000000000000;0000000000000;00000000;00000000;00000000;00000000;00000000;0000009626231;0000009626260;0000000000000;00000029;
20170103;OC1;*;M17 ;0000000000000;0000000000000;00000000;00000000;00000000;00000000;00000000;0000009532799;0000009532474;0000000000000;00000325;
20170103;OC1;*;N17 ;0000000000000;0000000000000;00000000;00000000;00000000;00000000;00000000;0000009447142;0000009447363;0000000000000;00000221;
20170103;OC1;*;N18 ;0000000000000;0000000000000;00000000;00000000;00000000;00000000;00000000;0000008562452;0000008563226;0000000000000;00000774;
20170103;OC1;*;N19 ;0000000000000;0000000000000;00000000;00000000;00000000;00000000;00000000;0000007729599;0000007728600;0000000000000;00000999;
20170103;OC1;*;N20 ;0000000000000;0000000000000;00000000;00000000;00000000;00000000;00000000;0000006927196;0000006927803;0000000000000;00000607;
20170103;OC1;*;N21 ;0000000000000;0000000000000;00000000;00000000;00000000;00000000;00000000;0000006196354;0000006203085;0000000000000;00006731;
20170103;OC1;*;N22 ;0000000000000;0000000000000;00000000;00000000;00000000;00000000;00000000;0000005541604;0000005546941;0000000000000;00005337;
20170103;OC1;*;N23 ;0000000000000;0000000000000;00000000;00000000;00000000;00000000;00000000;0000004959007;0000004967736;0000000000000;00008729;
20170103;OC1;*;N24 ;0000000000000;0000000000000;00000000;00000000;00000000;00000000;00000000;0000004448919;0000004457593;0000000000000;00008674;
20170103;OC1;*;Q17 ;0000000000000;0000000000000;00000000;00000000;00000000;00000000;00000000;0000009363475;0000009366547;0000000000000;00003072;
20170103;OC1;*;U17 ;0000000000000;0000000000000;00000000;00000000;00000000;00000000;00000000;0000009277140;0000009278842;0000000000000;00001702;
20170103;OC1;*;V17 ;0000000000000;0000000000000;00000000;00000000;00000000;00000000;00000000;0000009202751;0000009203334;0000000000000;00000583;
20170103;OC1;*;V18 ;0000000000000;0000000000000;00000000;00000000;00000000;00000000;00000000;0000008345949;0000008346725;0000000000000;00000776;
20170103;OC1;*;V19 ;0000000000000;0000000000000;00000000;00000000;00000000;00000000;00000000;0000007514448;0000007514583;0000000000000;00000135;
20170103;OC1;*;V20 ;0000000000000;0000000000000;00000000;00000000;00000000;00000000;00000000;0000006729332;0000006733749;0000000000000;00004417;
20170103;OC1;*;V21 ;0000000000000;0000000000000;00000000;00000000;00000000;00000000;00000000;0000006021982;0000006026565;0000000000000;00004583;
20170103;OC1;*;X17 ;0000000000000;0000000000000;00000000;00000000;00000000;00000000;00000000;0000009127662;0000009128425;0000000000000;00000763;
20170103;OC1;*;Z17 ;0000000000000;0000000000000;00000000;00000000;00000000;00000000;00000000;0000009056707;0000009057664;0000000000000;00000957;
20170103;OZ1;*;0000;0000000962686;0000000295013;00000000;00120300;00119500;00121100;00121100;0000000120456;0000000121844;0000000000000;00001100;
20170103;OZ1;*;G17 ;0000000000000;0000000000000;00000000;00000000;00000000;00000000;00000000;0000000122303;0000000121253;0000000000000;00001050;
20170103;OZ1;*;H17 ;0000000000000;0000000000000;00000000;00000000;00000000;00000000;00000000;0000000123377;0000000122318;0000000000000;00001059;
20170103;OZ2;*;0000;0000000055529;0000000017017;00000000;00120500;00119500;00121500;00121500;0000000120837;0000000120114;0000000000000;00001000;
20170103;OZ3;*;0000;0000000002454;0000000000752;00000000;00118500;00118500;00119000;00119000;0000000118563;0000000118000;0000000000000;00001000;
20170103;SCS;*;G701;0000000000000;0000000000000;00128620;00000000;00000000;00000000;00000000;0000000000000;0000000000000;0000000000000;00000000;
20170103;SCS;*;H701;0000000000000;0000000000000;00139075;00000000;00000000;00000000;00000000;0000000000000;0000000000000;0000000000000;00000000;
20170103;SCS;*;J703;0000000000000;0000000000000;00194220;00000000;00000000;00000000;00000000;0000000000000;0000000000000;0000000000000;00000000;
20170103;SCS;*;K702;0000000000000;0000000000000;00069255;00000000;00000000;00000000;00000000;0000000000000;0000000000000;0000000000000;00000000;
20170103;SFI;*;K17 ;0000000000000;0000000000000;00000000;00000000;00000000;00000000;00000000;0000000002147;0000000002185;0000000000000;00000038;
20170103;SFI;*;N17 ;0000000000000;0000000000000;00000000;00000000;00000000;00000000;00000000;0000000002158;0000000002195;0000000000000;00000037;
20170103;SFI;*;X17 ;0000000000000;0000000000000;00000000;00000000;00000000;00000000;00000000;0000000002097;0000000002119;0000000000000;00000022;
20170103;SJC;*;F18 ;0000000000000;0000000000000;00000000;00000000;00000000;00000000;00000000;0000000217758;0000000219852;0000000000000;00002094;
20170103;SJC;*;H17 ;0000004185826;0000001288462;00000499;00002205;00002195;00002206;00002195;0000000219356;0000000223269;0000000057204;00003913;
20170103;SJC;*;K17 ;0000000064763;0000000019935;00001110;00002215;00002215;00002215;00002215;0000000221230;0000000225143;0000000057204;00003913;
20170103;SJC;*;K18 ;0000000000000;0000000000000;00000000;00000000;00000000;00000000;00000000;0000000216766;0000000219081;0000000000000;00002315;
20170103;SJC;*;N17 ;0000000000000;0000000000000;00000155;00000000;00000000;00000000;00000000;0000000222718;0000000226576;0000000056400;00003858;
20170103;SJC;*;Q17 ;0000000000000;0000000000000;00000000;00000000;00000000;00000000;00000000;0000000222553;0000000226135;0000000000000;00003582;
20170103;SJC;*;U17 ;0000000000000;0000000000000;00000000;00000000;00000000;00000000;00000000;0000000219356;0000000222332;0000000000000;00002976;
20170103;SJC;*;X17 ;0000000000000;0000000000000;00000000;00000000;00000000;00000000;00000000;0000000216766;0000000219026;0000000000000;00002260;
20170103;TRY;*;G17 ;0000000000000;0000000000000;00000161;00000000;00000000;00000000;00000000;0000009095700;0000009276160;0000000135345;00180460;
20170103;TRY;*;H17 ;0000000000000;0000000000000;00001000;00000000;00000000;00000000;00000000;0000009110280;0000009292000;0000000136290;00181720;
20170103;TRY;*;J17 ;0000000000000;0000000000000;00000000;00000000;00000000;00000000;00000000;0000009121960;0000009304120;0000000000000;00182160;
20170103;T10;*;H17 ;0000021822121;0000006687338;00001768;00123609;00123609;00124109;00124109;0000001241093;0000001239375;0000000056061;00001718;
20170103;T10;*;M17 ;0000000000000;0000000000000;00000000;00000000;00000000;00000000;00000000;0000001235156;0000001232968;0000000000000;00002188;
20170103;WDO;*;F18 ;0000000000000;0000000000000;00000000;00000000;00000000;00000000;00000000;0000035364110;0000035629200;0000000000000;00265090;
20170103;WDO;*;F19 ;0000000000000;0000000000000;00000000;00000000;00000000;00000000;00000000;0000037844970;0000038133190;0000000000000;00288220;
20170103;WDO;*;F20 ;0000000000000;0000000000000;00000000;00000000;00000000;00000000;00000000;0000040528760;0000040832150;0000000000000;00303390;
20170103;WDO;*;F21 ;0000000000000;0000000000000;00000000;00000000;00000000;00000000;00000000;0000043275310;0000043551350;0000000000000;00276040;
20170103;WDO;*;F25 ;0000000000000;0000000000000;00000000;00000000;00000000;00000000;00000000;0000053525750;0000053995710;0000000000000;00469960;
20170103;WDO;*;G17 ;0010204380645;0003127108558;00020603;03312500;03275000;03318500;03290000;0000032803740;0000033082670;0000000027893;00278930;
20170103;WDO;*;H17 ;0000000927685;0000000284287;00000025;03345000;03300000;03345000;03314000;0000033045630;0000033323630;0000000027800;00278000;
20170103;WDO;*;J17 ;0000000000000;0000000000000;00000012;00000000;00000000;00000000;00000000;0000033346430;0000033622670;0000000027624;00276240;
20170103;WDO;*;J18 ;0000000000000;0000000000000;00000000;00000000;00000000;00000000;00000000;0000035980560;0000036252350;0000000000000;00271790;
20170103;WDO;*;J19 ;0000000000000;0000000000000;00000000;00000000;00000000;00000000;00000000;0000038549370;0000038844060;0000000000000;00294690;
20170103;WDO;*;K17 ;0000000674800;0000000206791;00000017;03374000;03374000;03374000;03374000;0000033567470;0000033841250;0000000027378;00273780;
20170103;WDO;*;M17 ;0000000000000;0000000000000;00000000;00000000;00000000;00000000;00000000;0000033832320;0000034110770;0000000000000;00278450;
20170103;WDO;*;N17 ;0000000000000;0000000000000;00000008;00000000;00000000;00000000;00000000;0000034082990;0000034355940;0000000027295;00272950;
20170103;WDO;*;N18 ;0000000000000;0000000000000;00000000;00000000;00000000;00000000;00000000;0000036608520;0000036879080;0000000000000;00270560;
20170103;WDO;*;N19 ;0000000000000;0000000000000;00000000;00000000;00000000;00000000;00000000;0000039172170;0000039453160;0000000000000;00280990;
20170103;WDO;*;N21 ;0000000000000;0000000000000;00000000;00000000;00000000;00000000;00000000;0000044665140;0000044949660;0000000000000;00284520;
20170103;WDO;*;Q17 ;0000000000000;0000000000000;00000000;00000000;00000000;00000000;00000000;0000034316130;0000034582550;0000000000000;00266420;
20170103;WDO;*;U17 ;0000000000000;0000000000000;00000000;00000000;00000000;00000000;00000000;0000034576390;0000034840620;0000000000000;00264230;
20170103;WDO;*;V17 ;0000000000000;0000000000000;00000000;00000000;00000000;00000000;00000000;0000034785040;0000035056610;0000000000000;00271570;
20170103;WDO;*;V18 ;0000000000000;0000000000000;00000000;00000000;00000000;00000000;00000000;0000037269860;0000037541950;0000000000000;00272090;
20170103;WDO;*;V19 ;0000000000000;0000000000000;00000000;00000000;00000000;00000000;00000000;0000039898800;0000040177070;0000000000000;00278270;
20170103;WDO;*;X17 ;0000000000000;0000000000000;00000000;00000000;00000000;00000000;00000000;0000034995210;0000035265220;0000000000000;00270010;
20170103;WDO;*;Z17 ;0000000000000;0000000000000;00000000;00000000;00000000;00000000;00000000;0000035198020;0000035466780;0000000000000;00268760;
20170103;WD1;*;G7H7;0000000000000;0000000000000;00000000;00000000;00000000;00000000;00000000;0000000000000;0000000000000;0000000000000;00000000;
20170103;WEU;*;G17 ;0000000000000;0000000000000;00000000;00000000;00000000;00000000;00000000;0000034236050;0000034687140;0000000000000;00451090;
20170103;WEU;*;H17 ;0000000000000;0000000000000;00000000;00000000;00000000;00000000;00000000;0000034520730;0000034972710;0000000000000;00451980;
20170103;WEU;*;J17 ;0000000000000;0000000000000;00000000;00000000;00000000;00000000;00000000;0000034886120;0000035338160;0000000000000;00452040;
20170103;WEU;*;K17 ;0000000000000;0000000000000;00000000;00000000;00000000;00000000;00000000;0000035167640;0000035619880;0000000000000;00452240;
20170103;WEU;*;N17 ;0000000000000;0000000000000;00000000;00000000;00000000;00000000;00000000;0000035815540;0000036272930;0000000000000;00457390;
20170103;WEU;*;V17 ;0000000000000;0000000000000;00000000;00000000;00000000;00000000;00000000;0000036742220;0000037200010;0000000000000;00457790;
20170103;WIN;*;G17 ;0012291590218;0003766729044;00077102;00060800;00060750;00062800;00062705;0000000062731;0000000060366;0000000047300;00002365;
20170103;WIN;*;G18 ;0000000000000;0000000000000;00000000;00000000;00000000;00000000;00000000;0000000068867;0000000066264;0000000000000;00002603;
20170103;WIN;*;J17 ;0000000000000;0000000000000;00000000;00000000;00000000;00000000;00000000;0000000063755;0000000061351;0000000000000;00002404;
20170103;WIN;*;J18 ;0000000000000;0000000000000;00000000;00000000;00000000;00000000;00000000;0000000069936;0000000067294;0000000000000;00002642;
20170103;WIN;*;M17 ;0000000000000;0000000000000;00000000;00000000;00000000;00000000;00000000;0000000064840;0000000062396;0000000000000;00002444;
20170103;WIN;*;M18 ;0000000000000;0000000000000;00000000;00000000;00000000;00000000;00000000;0000000070878;0000000068200;0000000000000;00002678;
20170103;WIN;*;Q17 ;0000000000000;0000000000000;00000000;00000000;00000000;00000000;00000000;0000000065920;0000000063418;0000000000000;00002502;
20170103;WIN;*;Q18 ;0000000000000;0000000000000;00000000;00000000;00000000;00000000;00000000;0000000072031;0000000069310;0000000000000;00002721;
20170103;WIN;*;V17 ;0000000000000;0000000000000;00000000;00000000;00000000;00000000;00000000;0000000066903;0000000064376;0000000000000;00002527;
20170103;WIN;*;V18 ;0000000000000;0000000000000;00000000;00000000;00000000;00000000;00000000;0000000073157;0000000070399;0000000000000;00002758;
20170103;WIN;*;Z17 ;0000000000000;0000000000000;00000000;00000000;00000000;00000000;00000000;0000000067886;0000000065320;0000000000000;00002566;
20170103;WIN;*;Z18 ;0000000000000;0000000000000;00000000;00000000;00000000;00000000;00000000;0000000074161;0000000071389;0000000000000;00002772;
20170103;WTI;*;G17 ;0000002406734;0000000740830;00000356;00005496;00005250;00005496;00005250;0000000005233;0000000005377;0000000046781;00000144;
20170103;WTI;*;H17 ;0000000000000;0000000000000;00000100;00000000;00000000;00000000;00000000;0000000005329;0000000005472;0000000046456;00000143;
20170103;ZAR;*;G17 ;0000000000000;0000000000000;00000015;00000000;00000000;00000000;00000000;0000023663400;0000024012480;0000000122178;00349080;
20170103;ZAR;*;H17 ;0000000000000;0000000000000;00000010;00000000;00000000;00000000;00000000;0000023724570;0000024072390;0000000121737;00347820;
20170103;ZAR;*;J17 ;0000000000000;0000000000000;00000000;00000000;00000000;00000000;00000000;0000023790190;0000024147350;0000000000000;00357160;
