Data;Código do Contrato;Pregão;Vencimento;Volume(R$);Volume(U$);Número de contas em Aberto;Preço de Abertura;Preço Mínimo;Preço Máximo;Último Preço;Preço de Ajuste Atual; Preço de Ajuste Anterior;Valor de Ajuste por Contrato;Variação
20170203;AUD;*;H17 ;0000031081812;0000009949045;00000863;02409600;02408200;02409700;02408300;0000024059200;0000024068680;0000000005688;00009480;
20170203;AUD;*;J17 ;0000018184500;0000005820716;00000551;02424600;02424600;02424600;02424600;0000024255670;0000024264360;0000000005214;00008690;
20170203;AUD;*;K17 ;0000000000000;0000000000000;00000000;00000000;00000000;00000000;00000000;0000024393510;0000024400430;0000000000000;00006920;
20170203;BGI;*;F18 ;0000000000000;0000000000000;00000000;00000000;00000000;00000000;00000000;0000000014417;0000000014478;0000000000000;00000061;
20170203;BGI;*;G17 ;0000004310582;0000001383903;00000296;00014405;00014341;00014405;00014350;0000000014380;0000000014399;0000000006270;00000019;
20170203;BGI;*;H17 ;0000001132560;0000000363606;00000291;00014300;00014300;00014300;00014300;0000000014262;0000000014281;0000000006270;00000019;
20170203;BGI;*;J17 ;0000000000000;0000000000000;00000018;00000000;00000000;00000000;00000000;0000000014147;0000000014166;0000000006270;00000019;
20170203;BGI;*;K17 ;0000037560306;0000012058657;00003706;00014045;00014011;00014080;00014030;0000000014032;0000000014051;0000000006270;00000019;
20170203;BGI;*;M17 ;0000000000000;0000000000000;00000003;00000000;00000000;00000000;00000000;0000000014132;0000000014143;0000000003630;00000011;
20170203;BGI;*;N17 ;0000000000000;0000000000000;00000000;00000000;00000000;00000000;00000000;0000000014221;0000000014222;0000000000000;00000001;
20170203;BGI;*;Q17 ;0000000000000;0000000000000;00000000;00000000;00000000;00000000;00000000;0000000014318;0000000014308;0000000000000;00000010;
20170203;BGI;*;U17 ;0000000000000;0000000000000;00000000;00000000;00000000;00000000;00000000;0000000014406;0000000014386;0000000000000;00000020;
20170203;BGI;*;V17 ;0000002051593;0000000658660;00001730;00014435;00014435;00014480;00014480;0000000014493;0000000014463;0000000009900;00000030;
20170203;BGI;*;X17 ;0000000000000;0000000000000;00000077;00000000;00000000;00000000;00000000;0000000014528;0000000014498;0000000009900;00000030;
20170203;BGI;*;Z17 ;0000000000000;0000000000000;00000087;00000000;00000000;00000000;00000000;0000000014447;0000000014498;0000000016830;00000051;
20170203;BRI;*;J17 ;0000000000000;0000000000000;00001125;00000000;00000000;00000000;00000000;0000000011010;0000000010952;0000000058000;00000058;
20170203;BRI;*;M17 ;0000000000000;0000000000000;00000000;00000000;00000000;00000000;00000000;0000000011194;0000000011135;0000000000000;00000059;
20170203;BSE;*;G17 ;0000000000000;0000000000000;00000000;00000000;00000000;00000000;00000000;0000000028380;0000000028373;0000000000000;00000007;
20170203;BSE;*;H17 ;0000000000000;0000000000000;00000000;00000000;00000000;00000000;00000000;0000000028626;0000000028619;0000000000000;00000007;
20170203;CAD;*;H17 ;0000004488870;0000001436852;00000660;02413400;02411000;02413500;02411000;0000024094270;0000024115170;0000000012540;00020900;
20170203;CAD;*;J17 ;0000000000000;0000000000000;00000455;00000000;00000000;00000000;00000000;0000024317310;0000024336190;0000000011328;00018880;
20170203;CAD;*;K17 ;0000000000000;0000000000000;00000000;00000000;00000000;00000000;00000000;0000024480480;0000024497970;0000000000000;00017490;
20170203;CCM;*;F18 ;0000000000000;0000000000000;00000085;00000000;00000000;00000000;00000000;0000000003108;0000000003106;0000000000900;00000002;
20170203;CCM;*;F19 ;0000000000000;0000000000000;00000000;00000000;00000000;00000000;00000000;0000000002731;0000000002729;0000000000000;00000002;
20170203;CCM;*;H17 ;0000023066919;0000007405586;00006903;00003418;00003407;00003465;00003436;0000000003440;0000000003418;0000000009900;00000022;
20170203;CCM;*;H18 ;0000000000000;0000000000000;00000000;00000000;00000000;00000000;00000000;0000000003153;0000000003151;0000000000000;00000002;
20170203;CCM;*;H19 ;0000000000000;0000000000000;00000000;00000000;00000000;00000000;00000000;0000000002617;0000000002615;0000000000000;00000002;
20170203;CCM;*;K17 ;0000008215996;0000002637728;00006416;00003230;00003200;00003260;00003248;0000000003248;0000000003215;0000000014850;00000033;
20170203;CCM;*;K18 ;0000000000000;0000000000000;00000000;00000000;00000000;00000000;00000000;0000000002836;0000000002834;0000000000000;00000002;
20170203;CCM;*;K19 ;0000000000000;0000000000000;00000000;00000000;00000000;00000000;00000000;0000000002506;0000000002504;0000000000000;00000002;
20170203;CCM;*;N17 ;0000000000000;0000000000000;00000000;00000000;00000000;00000000;00000000;0000000003157;0000000003140;0000000000000;00000017;
20170203;CCM;*;N18 ;0000000000000;0000000000000;00000000;00000000;00000000;00000000;00000000;0000000002712;0000000002710;0000000000000;00000002;
20170203;CCM;*;U17 ;0000006843960;0000002197239;00007724;00003070;00003050;00003100;00003069;0000000003069;0000000003067;0000000000900;00000002;
20170203;CCM;*;U18 ;0000000000000;0000000000000;00000000;00000000;00000000;00000000;00000000;0000000002591;0000000002589;0000000000000;00000002;
20170203;CCM;*;X17 ;0000000000000;0000000000000;00000001;00000000;00000000;00000000;00000000;0000000003089;0000000003087;0000000000900;00000002;
20170203;CCM;*;X18 ;0000000000000;0000000000000;00000000;00000000;00000000;00000000;00000000;0000000002659;0000000002657;0000000000000;00000002;
20170203;CHF;*;H17 ;0000000000000;0000000000000;00000150;00000000;00000000;00000000;00000000;0000031616120;0000031725870;0000000054875;00109750;
20170203;CHF;*;J17 ;0000000000000;0000000000000;00000000;00000000;00000000;00000000;00000000;0000031965990;0000032085120;0000000000000;00119130;
20170203;CHF;*;K17 ;0000000000000;0000000000000;00000000;00000000;00000000;00000000;00000000;0000032223300;0000032341420;0000000000000;00118120;
20170203;CLP;*;H17 ;0000000000000;0000000000000;00000938;00000000;00000000;00000000;00000000;0000048900000;0000048729000;0000000042750;00171000;
20170203;CLP;*;J17 ;0000000000000;0000000000000;00000000;00000000;00000000;00000000;00000000;0000049217000;0000049041000;0000000000000;00176000;
20170203;CLP;*;K17 ;0000000000000;0000000000000;00000000;00000000;00000000;00000000;00000000;0000049430000;0000049268000;0000000000000;00162000;
20170203;CNY;*;H17 ;0000000000000;0000000000000;00000000;00000000;00000000;00000000;00000000;0000045690850;0000045744490;0000000000000;00053640;
20170203;CNY;*;J17 ;0000000000000;0000000000000;00000000;00000000;00000000;00000000;00000000;0000045898670;0000045965560;0000000000000;00066890;
20170203;CNY;*;K17 ;0000000000000;0000000000000;00000000;00000000;00000000;00000000;00000000;0000045951960;0000046084750;0000000000000;00132790;
20170203;CR1;*;H7U7;0000000000000;0000000000000;00000000;00000000;00000000;00000000;00000000;0000000000000;0000000000000;0000000000000;00000000;
20170203;DAP;*;F18 ;0000000000000;0000000000000;00000000;00000000;00000000;00000000;00000000;0000009448480;0000009452767;0000000000000;00004287;
20170203;DAP;*;G17 ;0000000000000;0000000000000;00001600;00000000;00000000;00000000;00000000;0000009976097;0000009976439;0000000000409;00000342;
20170203;DAP;*;H17 ;0000035720955;0000011433999;00000485;00000580;00000580;00000580;00000580;0000009941999;0000009943844;0000000002209;00001845;
20170203;DAP;*;J17 ;0000000000000;0000000000000;00000085;00000000;00000000;00000000;00000000;0000009885898;0000009889701;0000000004554;00003803;
20170203;DAP;*;K17 ;0000117878508;0000037731989;00022233;00000615;00000615;00000637;00000637;0000009839566;0000009846831;0000000008700;00007265;
20170203;DAP;*;K19 ;0000435756204;0000139482156;00035845;00000571;00000569;00000571;00000570;0000008827435;0000008824004;0000000004109;00003431;
20170203;DAP;*;K21 ;0000138014954;0000044177508;00008975;00000575;00000573;00000575;00000573;0000007890039;0000007883982;0000000007254;00006057;
20170203;DAP;*;K23 ;0000000000000;0000000000000;00010690;00000000;00000000;00000000;00000000;0000007057210;0000007044983;0000000014643;00012227;
20170203;DAP;*;Q18 ;0000065927468;0000021102867;00023490;00000585;00000585;00000587;00000587;0000009173725;0000009177951;0000000005061;00004226;
20170203;DAP;*;Q20 ;0000000000000;0000000000000;00002790;00000000;00000000;00000000;00000000;0000008219133;0000008216695;0000000002919;00002438;
20170203;DAP;*;Q22 ;0000074275329;0000023774952;00005765;00000581;00000577;00000581;00000579;0000007350698;0000007335683;0000000017982;00015015;
20170203;DAP;*;Q24 ;0000000000000;0000000000000;00005849;00000000;00000000;00000000;00000000;0000006626175;0000006607669;0000000022163;00018506;
20170203;DAP;*;Q26 ;0000000000000;0000000000000;00001513;00000000;00000000;00000000;00000000;0000005929786;0000005908740;0000000025205;00021046;
20170203;DAP;*;Q30 ;0000000000000;0000000000000;00000235;00000000;00000000;00000000;00000000;0000004844620;0000004832482;0000000014537;00012138;
20170203;DCO;*;F18 ;0000000000000;0000000000000;00000000;00000000;00000000;00000000;00000000;0000009776628;0000009796547;0000000000000;00019919;
20170203;DCO;*;F19 ;0000000000000;0000000000000;00000000;00000000;00000000;00000000;00000000;0000009493796;0000009506736;0000000000000;00012940;
20170203;DCO;*;F20 ;0000000000000;0000000000000;00000000;00000000;00000000;00000000;00000000;0000009151498;0000009158960;0000000000000;00007462;
20170203;DCO;*;F21 ;0000000000000;0000000000000;00000000;00000000;00000000;00000000;00000000;0000008757277;0000008757845;0000000000000;00000568;
20170203;DCO;*;F22 ;0000000000000;0000000000000;00000000;00000000;00000000;00000000;00000000;0000008347603;0000008346670;0000000000000;00000933;
20170203;DCO;*;F23 ;0000000000000;0000000000000;00000000;00000000;00000000;00000000;00000000;0000007908405;0000007919341;0000000000000;00010936;
20170203;DCO;*;F24 ;0000000000000;0000000000000;00000000;00000000;00000000;00000000;00000000;0000007501719;0000007505540;0000000000000;00003821;
20170203;DCO;*;F25 ;0000000000000;0000000000000;00000000;00000000;00000000;00000000;00000000;0000007066957;0000007077550;0000000000000;00010593;
20170203;DCO;*;F26 ;0000000000000;0000000000000;00000000;00000000;00000000;00000000;00000000;0000006642624;0000006661401;0000000000000;00018777;
20170203;DCO;*;F27 ;0000000000000;0000000000000;00000000;00000000;00000000;00000000;00000000;0000006223995;0000006251504;0000000000000;00027509;
20170203;DCO;*;F28 ;0000000000000;0000000000000;00000000;00000000;00000000;00000000;00000000;0000005871694;0000005896527;0000000000000;00024833;
20170203;DCO;*;F29 ;0000000000000;0000000000000;00000000;00000000;00000000;00000000;00000000;0000005540366;0000005562941;0000000000000;00022575;
20170203;DCO;*;F30 ;0000000000000;0000000000000;00000000;00000000;00000000;00000000;00000000;0000005234369;0000005258619;0000000000000;00024250;
20170203;DCO;*;G18 ;0000000000000;0000000000000;00000000;00000000;00000000;00000000;00000000;0000009756034;0000009775336;0000000000000;00019302;
20170203;DCO;*;H17 ;0000000000000;0000000000000;00000000;00000000;00000000;00000000;00000000;0000009962872;0000009989339;0000000000000;00026467;
20170203;DCO;*;J17 ;0000000000000;0000000000000;00000000;00000000;00000000;00000000;00000000;0000009947018;0000009972910;0000000000000;00025892;
20170203;DCO;*;J18 ;0000000000000;0000000000000;00000000;00000000;00000000;00000000;00000000;0000009715742;0000009733324;0000000000000;00017582;
20170203;DCO;*;J19 ;0000000000000;0000000000000;00000000;00000000;00000000;00000000;00000000;0000009417376;0000009428940;0000000000000;00011564;
20170203;DCO;*;J20 ;0000000000000;0000000000000;00000000;00000000;00000000;00000000;00000000;0000009057230;0000009064106;0000000000000;00006876;
20170203;DCO;*;J21 ;0000000000000;0000000000000;00000000;00000000;00000000;00000000;00000000;0000008650394;0000008653340;0000000000000;00002946;
20170203;DCO;*;K17 ;0000000000000;0000000000000;00000000;00000000;00000000;00000000;00000000;0000009931297;0000009956503;0000000000000;00025206;
20170203;DCO;*;M17 ;0000000000000;0000000000000;00000000;00000000;00000000;00000000;00000000;0000009915176;0000009939512;0000000000000;00024336;
20170203;DCO;*;N17 ;0000000000000;0000000000000;00000000;00000000;00000000;00000000;00000000;0000009900990;0000009924486;0000000000000;00023496;
20170203;DCO;*;N18 ;0000000000000;0000000000000;00000000;00000000;00000000;00000000;00000000;0000009648707;0000009662906;0000000000000;00014199;
20170203;DCO;*;N19 ;0000000000000;0000000000000;00000000;00000000;00000000;00000000;00000000;0000009328817;0000009338561;0000000000000;00009744;
20170203;DCO;*;N20 ;0000000000000;0000000000000;00000000;00000000;00000000;00000000;00000000;0000008956944;0000008964052;0000000000000;00007108;
20170203;DCO;*;N21 ;0000000000000;0000000000000;00000000;00000000;00000000;00000000;00000000;0000008538399;0000008544189;0000000000000;00005790;
20170203;DCO;*;Q17 ;0000000000000;0000000000000;00000000;00000000;00000000;00000000;00000000;0000009879161;0000009901992;0000000000000;00022831;
20170203;DCO;*;U17 ;0000000000000;0000000000000;00000000;00000000;00000000;00000000;00000000;0000009862500;0000009884692;0000000000000;00022192;
20170203;DCO;*;V17 ;0000000000000;0000000000000;00000000;00000000;00000000;00000000;00000000;0000009838633;0000009860919;0000000000000;00022286;
20170203;DCO;*;V18 ;0000000000000;0000000000000;00000000;00000000;00000000;00000000;00000000;0000009576722;0000009590280;0000000000000;00013558;
20170203;DCO;*;V19 ;0000000000000;0000000000000;00000000;00000000;00000000;00000000;00000000;0000009245206;0000009256674;0000000000000;00011468;
20170203;DCO;*;V20 ;0000000000000;0000000000000;00000000;00000000;00000000;00000000;00000000;0000008859157;0000008867218;0000000000000;00008061;
20170203;DCO;*;V21 ;0000000000000;0000000000000;00000000;00000000;00000000;00000000;00000000;0000008437252;0000008439687;0000000000000;00002435;
20170203;DCO;*;X17 ;0000000000000;0000000000000;00000000;00000000;00000000;00000000;00000000;0000009817458;0000009839103;0000000000000;00021645;
20170203;DCO;*;Z17 ;0000000000000;0000000000000;00000000;00000000;00000000;00000000;00000000;0000009798462;0000009818816;0000000000000;00020354;
20170203;DDI;*;F18 ;0000045802602;0000014661055;00233348;00000234;00000234;00000234;00000234;0000009778397;0000009798305;0000000031052;00019908;
20170203;DDI;*;F19 ;0000000000000;0000000000000;00102754;00000000;00000000;00000000;00000000;0000009495544;0000009508468;0000000020158;00012924;
20170203;DDI;*;F20 ;0000000000000;0000000000000;00090409;00000000;00000000;00000000;00000000;0000009156447;0000009163868;0000000011575;00007421;
20170203;DDI;*;F21 ;0000000000000;0000000000000;00093892;00000000;00000000;00000000;00000000;0000008763378;0000008763887;0000000000793;00000509;
20170203;DDI;*;F22 ;0000000000000;0000000000000;00037124;00000000;00000000;00000000;00000000;0000008354558;0000008353555;0000000001564;00001003;
20170203;DDI;*;F23 ;0000000000000;0000000000000;00027826;00000000;00000000;00000000;00000000;0000007915914;0000007926797;0000000016975;00010883;
20170203;DDI;*;F24 ;0000000000000;0000000000000;00025225;00000000;00000000;00000000;00000000;0000007509619;0000007513370;0000000005850;00003751;
20170203;DDI;*;F25 ;0000000000000;0000000000000;00016620;00000000;00000000;00000000;00000000;0000007074985;0000007085523;0000000016437;00010538;
20170203;DDI;*;F26 ;0000000000000;0000000000000;00014330;00000000;00000000;00000000;00000000;0000006650613;0000006669357;0000000029236;00018744;
20170203;DDI;*;F27 ;0000000000000;0000000000000;00010000;00000000;00000000;00000000;00000000;0000006231800;0000006259301;0000000042896;00027501;
20170203;DDI;*;F28 ;0000000000000;0000000000000;00000110;00000000;00000000;00000000;00000000;0000005883168;0000005907988;0000000038714;00024820;
20170203;DDI;*;F29 ;0000000000000;0000000000000;00000000;00000000;00000000;00000000;00000000;0000005551518;0000005574077;0000000000000;00022559;
20170203;DDI;*;F30 ;0000000000000;0000000000000;00000500;00000000;00000000;00000000;00000000;0000005245159;0000005269404;0000000037817;00024245;
20170203;DDI;*;G18 ;0000000000000;0000000000000;00000260;00000000;00000000;00000000;00000000;0000009757954;0000009777244;0000000030088;00019290;
20170203;DDI;*;H17 ;0000000156548;0000000050110;00563560;00000503;00000503;00000503;00000503;0000009963015;0000009989481;0000000041281;00026466;
20170203;DDI;*;J17 ;0000000000000;0000000000000;00324337;00000000;00000000;00000000;00000000;0000009947343;0000009973231;0000000040380;00025888;
20170203;DDI;*;J18 ;0000781710278;0000250219352;00052697;00000252;00000252;00000252;00000252;0000009717960;0000009735528;0000000027402;00017568;
20170203;DDI;*;J19 ;0000000000000;0000000000000;00042399;00000000;00000000;00000000;00000000;0000009419315;0000009430861;0000000018009;00011546;
20170203;DDI;*;J20 ;0000000000000;0000000000000;00020565;00000000;00000000;00000000;00000000;0000009062488;0000009069320;0000000010656;00006832;
20170203;DDI;*;J21 ;0000000000000;0000000000000;00005137;00000000;00000000;00000000;00000000;0000008656710;0000008659598;0000000004504;00002888;
20170203;DDI;*;K17 ;0000000000000;0000000000000;00145320;00000000;00000000;00000000;00000000;0000009931780;0000009956982;0000000039310;00025202;
20170203;DDI;*;M17 ;0000000000000;0000000000000;00071483;00000000;00000000;00000000;00000000;0000009915820;0000009940152;0000000037953;00024332;
20170203;DDI;*;N17 ;0000000000000;0000000000000;00270357;00000000;00000000;00000000;00000000;0000009901807;0000009925298;0000000036641;00023491;
20170203;DDI;*;N18 ;0000000000000;0000000000000;00047633;00000000;00000000;00000000;00000000;0000009650036;0000009665546;0000000024192;00015510;
20170203;DDI;*;N19 ;0000000000000;0000000000000;00054064;00000000;00000000;00000000;00000000;0000009333064;0000009342775;0000000015147;00009711;
20170203;DDI;*;N20 ;0000000000000;0000000000000;00031005;00000000;00000000;00000000;00000000;0000008962492;0000008969554;0000000011015;00007062;
20170203;DDI;*;N21 ;0000000000000;0000000000000;00004357;00000000;00000000;00000000;00000000;0000008544921;0000008550655;0000000008943;00005734;
20170203;DDI;*;Q17 ;0000000000000;0000000000000;00079314;00000000;00000000;00000000;00000000;0000009880132;0000009902957;0000000035602;00022825;
20170203;DDI;*;U17 ;0000000000000;0000000000000;00034995;00000000;00000000;00000000;00000000;0000009863635;0000009885819;0000000034602;00022184;
20170203;DDI;*;V17 ;0000000000000;0000000000000;00098682;00000000;00000000;00000000;00000000;0000009839929;0000009862207;0000000034749;00022278;
20170203;DDI;*;V18 ;0000000000000;0000000000000;00046648;00000000;00000000;00000000;00000000;0000009578264;0000009591807;0000000021124;00013543;
20170203;DDI;*;V19 ;0000000000000;0000000000000;00030884;00000000;00000000;00000000;00000000;0000009249814;0000009261249;0000000017836;00011435;
20170203;DDI;*;V20 ;0000000000000;0000000000000;00021640;00000000;00000000;00000000;00000000;0000008864986;0000008873001;0000000012501;00008015;
20170203;DDI;*;V21 ;0000000000000;0000000000000;00002042;00000000;00000000;00000000;00000000;0000008443985;0000008446357;0000000003699;00002372;
20170203;DDI;*;X17 ;0000000000000;0000000000000;00023389;00000000;00000000;00000000;00000000;0000009818909;0000009840546;0000000033749;00021637;
20170203;DDI;*;Z17 ;0000000000000;0000000000000;00011930;00000000;00000000;00000000;00000000;0000009800068;0000009820412;0000000031732;00020344;
20170203;DDM;*;K17 ;0000000000000;0000000000000;00000000;00000000;00000000;00000000;00000000;0000009858148;0000009860848;0000000000000;00002700;
20170203;DDM;*;K19 ;0000000000000;0000000000000;00000000;00000000;00000000;00000000;00000000;0000008740448;0000008740463;0000000000000;00000015;
20170203;DDM;*;K21 ;0000000000000;0000000000000;00000000;00000000;00000000;00000000;00000000;0000007835591;0000007826362;0000000000000;00009229;
20170203;DDM;*;Q18 ;0000000000000;0000000000000;00000000;00000000;00000000;00000000;00000000;0000009105739;0000009106917;0000000000000;00001178;
20170203;DDM;*;Q20 ;0000000000000;0000000000000;00000000;00000000;00000000;00000000;00000000;0000008170203;0000008164952;0000000000000;00005251;
20170203;DI1;*;F18 ;0012661917764;0004052980943;02305750;00010860;00010810;00010865;00010830;0000009123519;0000009120863;0000000002656;00002656;
20170203;DI1;*;F19 ;0015193100000;0004863192599;01645700;00010320;00010230;00010320;00010260;0000008321353;0000008312162;0000000009191;00009191;
20170203;DI1;*;F20 ;0004738949512;0001516900711;01026776;00010430;00010320;00010440;00010340;0000007527710;0000007506720;0000000020990;00020990;
20170203;DI1;*;F21 ;0010243615725;0003278901356;01471319;00010580;00010460;00010590;00010480;0000006792023;0000006761607;0000000030416;00030416;
20170203;DI1;*;F22 ;0000328163432;0000105042550;00079143;00010710;00010590;00010720;00010600;0000006118218;0000006085043;0000000033175;00033175;
20170203;DI1;*;F23 ;0002454525220;0000785674345;00673338;00010830;00010700;00010840;00010720;0000005502311;0000005459090;0000000043221;00043221;
20170203;DI1;*;F24 ;0000002477783;0000000793119;00047475;00010870;00010740;00010870;00010740;0000004964162;0000004915546;0000000048616;00048616;
20170203;DI1;*;F25 ;0001257256723;0000402438054;00540786;00010890;00010760;00010910;00010780;0000004469549;0000004419350;0000000050199;00050199;
20170203;DI1;*;F26 ;0000016070067;0000005143903;00064183;00010920;00010760;00010920;00010790;0000004031728;0000003982269;0000000049459;00049459;
20170203;DI1;*;F27 ;0000739058636;0000236566895;00290092;00010920;00010790;00010950;00010810;0000003637658;0000003583271;0000000054387;00054387;
20170203;DI1;*;F28 ;0000000000000;0000000000000;00000010;00000000;00000000;00000000;00000000;0000003279567;0000003225610;0000000053957;00053957;
20170203;DI1;*;F29 ;0000000000000;0000000000000;00003500;00000000;00000000;00000000;00000000;0000002959237;0000002906151;0000000053086;00053086;
20170203;DI1;*;F30 ;0000000000000;0000000000000;00000170;00000000;00000000;00000000;00000000;0000002669107;0000002617246;0000000051861;00051861;
20170203;DI1;*;G18 ;0000000000000;0000000000000;00001850;00000000;00000000;00000000;00000000;0000009049258;0000009045928;0000000003330;00003330;
20170203;DI1;*;H17 ;0003278860328;0001049537572;00539399;00012780;00012780;00012789;00012783;0000009923913;0000009923863;0000000000050;00000050;
20170203;DI1;*;J17 ;0037649097076;0012051181805;01956371;00012410;00012397;00012410;00012397;0000009820720;0000009820538;0000000000182;00000182;
20170203;DI1;*;J18 ;0001968565227;0000630122348;00761092;00010610;00010560;00010610;00010590;0000008922265;0000008917485;0000000004780;00004780;
20170203;DI1;*;J19 ;0000835415751;0000267410054;00149732;00010300;00010260;00010300;00010270;0000008124144;0000008113919;0000000010225;00010225;
20170203;DI1;*;J20 ;0000005868772;0000001878548;00073374;00010440;00010380;00010440;00010390;0000007337397;0000007313064;0000000024333;00024333;
20170203;DI1;*;J21 ;0000000331018;0000000105956;00025285;00010510;00010510;00010510;00010510;0000006621855;0000006587130;0000000034725;00034725;
20170203;DI1;*;K17 ;0001762468936;0000564152535;00156841;00012220;00012205;00012225;00012205;0000009742829;0000009742640;0000000000189;00000189;
20170203;DI1;*;M17 ;0000359996316;0000115232008;00103975;00011990;00011970;00011990;00011970;0000009651771;0000009651806;0000000000035;00000035;
20170203;DI1;*;N17 ;0013375834868;0004281500230;01325426;00011755;00011735;00011755;00011735;0000009569067;0000009568764;0000000000303;00000303;
20170203;DI1;*;N18 ;0003643724906;0001166327872;00603568;00010450;00010400;00010450;00010420;0000008718400;0000008712588;0000000005812;00005812;
20170203;DI1;*;N19 ;0000770171098;0000246525751;00434934;00010340;00010260;00010340;00010280;0000007929540;0000007916616;0000000012924;00012924;
20170203;DI1;*;N20 ;0000802496051;0000256872716;00785258;00010530;00010420;00010540;00010450;0000007150935;0000007127524;0000000023411;00023411;
20170203;DI1;*;N21 ;0000042212786;0000013511983;00046426;00010650;00010540;00010650;00010540;0000006452937;0000006414267;0000000038670;00038670;
20170203;DI1;*;N22 ;0000000290280;0000000092916;00004125;00010650;00010650;00010650;00010650;0000005808436;0000005767294;0000000041142;00041142;
20170203;DI1;*;N23 ;0000000000000;0000000000000;00003135;00000000;00000000;00000000;00000000;0000005227536;0000005181236;0000000046300;00046300;
20170203;DI1;*;N24 ;0000000000000;0000000000000;00001550;00000000;00000000;00000000;00000000;0000004716108;0000004666610;0000000049498;00049498;
20170203;DI1;*;Q17 ;0000000000000;0000000000000;00024580;00000000;00000000;00000000;00000000;0000009488299;0000009489688;0000000001389;00001389;
20170203;DI1;*;U17 ;0000000000000;0000000000000;00026052;00000000;00000000;00000000;00000000;0000009403192;0000009403839;0000000000647;00000647;
20170203;DI1;*;V17 ;0001233147198;0000394720783;00585109;00011255;00011210;00011255;00011215;0000009331350;0000009329811;0000000001539;00001539;
20170203;DI1;*;V18 ;0000556780993;0000178221245;00608356;00010350;00010300;00010350;00010320;0000008514496;0000008507670;0000000006826;00006826;
20170203;DI1;*;V19 ;0000011970486;0000003831659;00056592;00010310;00010300;00010310;00010310;0000007723549;0000007707650;0000000015899;00015899;
20170203;DI1;*;V20 ;0000008344997;0000002671168;00043083;00010550;00010460;00010550;00010470;0000006964367;0000006939784;0000000024583;00024583;
20170203;DI1;*;V21 ;0000000313838;0000000100457;00015306;00010580;00010580;00010580;00010580;0000006280709;0000006245015;0000000035694;00035694;
20170203;DI1;*;X17 ;0000000000000;0000000000000;00012617;00000000;00000000;00000000;00000000;0000009259294;0000009257370;0000000001924;00001924;
20170203;DI1;*;Z17 ;0000000000000;0000000000000;00006095;00000000;00000000;00000000;00000000;0000009191130;0000009188855;0000000002275;00002275;
20170203;DOL;*;F18 ;0000000000000;0000000000000;00003440;00000000;00000000;00000000;00000000;0000033435220;0000033513040;0000000038910;00077820;
20170203;DOL;*;F19 ;0000000000000;0000000000000;00000000;00000000;00000000;00000000;00000000;0000035597930;0000035685800;0000000000000;00087870;
20170203;DOL;*;F20 ;0000000000000;0000000000000;00000000;00000000;00000000;00000000;00000000;0000037945740;0000038082680;0000000000000;00136940;
20170203;DOL;*;F21 ;0000000000000;0000000000000;00003100;00000000;00000000;00000000;00000000;0000040250500;0000040433910;0000000091705;00183410;
20170203;DOL;*;F25 ;0000000000000;0000000000000;00000000;00000000;00000000;00000000;00000000;0000049381100;0000050016390;0000000000000;00635290;
20170203;DOL;*;G18 ;0000000000000;0000000000000;00000000;00000000;00000000;00000000;00000000;0000033639130;0000033718030;0000000000000;00078900;
20170203;DOL;*;H17 ;0036291471500;0011616616466;00509637;03148000;03123500;03157500;03136500;0000031318920;0000031402200;0000000041640;00083280;
20170203;DOL;*;J17 ;0000114550000;0000036666560;00010123;03160000;03160000;03160000;03160000;0000031598220;0000031681040;0000000041410;00082820;
20170203;DOL;*;J18 ;0000000000000;0000000000000;00000000;00000000;00000000;00000000;00000000;0000033978090;0000034057750;0000000000000;00079660;
20170203;DOL;*;J19 ;0000000000000;0000000000000;00000000;00000000;00000000;00000000;00000000;0000036169340;0000036259310;0000000000000;00089970;
20170203;DOL;*;K17 ;0000000000000;0000000000000;00000270;00000000;00000000;00000000;00000000;0000031801010;0000031882320;0000000040655;00081310;
20170203;DOL;*;M17 ;0000000000000;0000000000000;00000380;00000000;00000000;00000000;00000000;0000032049450;0000032127970;0000000039260;00078520;
20170203;DOL;*;N17 ;0000000000000;0000000000000;00017245;00000000;00000000;00000000;00000000;0000032280760;0000032358360;0000000038800;00077600;
20170203;DOL;*;N18 ;0000000000000;0000000000000;00000170;00000000;00000000;00000000;00000000;0000034529560;0000034608130;0000000039285;00078570;
20170203;DOL;*;N19 ;0000000000000;0000000000000;00000400;00000000;00000000;00000000;00000000;0000036717680;0000036815880;0000000049100;00098200;
20170203;DOL;*;N21 ;0000000000000;0000000000000;00000000;00000000;00000000;00000000;00000000;0000041309460;0000041586390;0000000000000;00276930;
20170203;DOL;*;Q17 ;0000000000000;0000000000000;00000270;00000000;00000000;00000000;00000000;0000032484280;0000032554560;0000000035140;00070280;
20170203;DOL;*;U17 ;0000000000000;0000000000000;00000790;00000000;00000000;00000000;00000000;0000032723570;0000032794900;0000000035665;00071330;
20170203;DOL;*;V17 ;0000000000000;0000000000000;00001035;00000000;00000000;00000000;00000000;0000032896250;0000032976170;0000000039960;00079920;
20170203;DOL;*;V18 ;0000000000000;0000000000000;00000000;00000000;00000000;00000000;00000000;0000035093510;0000035171320;0000000000000;00077810;
20170203;DOL;*;V19 ;0000000000000;0000000000000;00000000;00000000;00000000;00000000;00000000;0000037360700;0000037484050;0000000000000;00123350;
20170203;DOL;*;X17 ;0000000000000;0000000000000;00000000;00000000;00000000;00000000;00000000;0000033081430;0000033161220;0000000000000;00079790;
20170203;DOL;*;Z17 ;0000000000000;0000000000000;00000000;00000000;00000000;00000000;00000000;0000033262820;0000033340120;0000000000000;00077300;
20170203;ETH;*;G17 ;0000009131850;0000002931761;00000730;00172100;00171500;00172100;00172000;0000000174000;0000000174000;0000000000000;00000000;
20170203;ETH;*;H17 ;0000000000000;0000000000000;00000676;00000000;00000000;00000000;00000000;0000000180000;0000000180000;0000000000000;00000000;
20170203;ETH;*;J17 ;0000000000000;0000000000000;00000000;00000000;00000000;00000000;00000000;0000000155100;0000000155100;0000000000000;00000000;
20170203;ETH;*;K17 ;0000000000000;0000000000000;00000100;00000000;00000000;00000000;00000000;0000000161500;0000000161500;0000000000000;00000000;
20170203;ETH;*;M17 ;0000000000000;0000000000000;00000200;00000000;00000000;00000000;00000000;0000000161500;0000000161500;0000000000000;00000000;
20170203;ETH;*;N17 ;0000000000000;0000000000000;00000205;00000000;00000000;00000000;00000000;0000000165000;0000000165000;0000000000000;00000000;
20170203;ETH;*;Q17 ;0000000000000;0000000000000;00000205;00000000;00000000;00000000;00000000;0000000165000;0000000165000;0000000000000;00000000;
20170203;ETH;*;U17 ;0000000000000;0000000000000;00000000;00000000;00000000;00000000;00000000;0000000163000;0000000163000;0000000000000;00000000;
20170203;ETH;*;V17 ;0000000000000;0000000000000;00000000;00000000;00000000;00000000;00000000;0000000163000;0000000163000;0000000000000;00000000;
20170203;ETH;*;X17 ;0000000000000;0000000000000;00000000;00000000;00000000;00000000;00000000;0000000163000;0000000163000;0000000000000;00000000;
20170203;ETH;*;Z17 ;0000000000000;0000000000000;00000000;00000000;00000000;00000000;00000000;0000000165000;0000000165000;0000000000000;00000000;
20170203;EUR;*;H17 ;0000018591900;0000005951122;00011660;03381800;03375600;03383000;03383000;0000033802660;0000033906270;0000000051805;00103610;
20170203;EUR;*;J17 ;0000005973950;0000001912215;00001335;03408600;03408600;03417500;03417500;0000034142840;0000034245790;0000000051475;00102950;
20170203;EUR;*;K17 ;0000000000000;0000000000000;00000000;00000000;00000000;00000000;00000000;0000034409620;0000034512240;0000000000000;00102620;
20170203;EUR;*;M17 ;0000000000000;0000000000000;00000000;00000000;00000000;00000000;00000000;0000034729390;0000034830810;0000000000000;00101420;
20170203;EUR;*;N17 ;0000000000000;0000000000000;00003190;00000000;00000000;00000000;00000000;0000035038100;0000035136410;0000000049155;00098310;
20170203;EUR;*;V17 ;0000000000000;0000000000000;00000000;00000000;00000000;00000000;00000000;0000035885900;0000035987240;0000000000000;00101340;
20170203;FRC;*;F18 ;0000000000000;0000000000000;00000000;00000229;00000221;00000229;00000221;0000000000221;0000000000229;0000000000004;00000008;
20170203;FRC;*;F19 ;0000000000000;0000000000000;00000000;00000263;00000263;00000264;00000264;0000000000264;0000000000271;0000000000003;00000007;
20170203;FRC;*;F20 ;0000000000000;0000000000000;00000000;00000313;00000306;00000313;00000306;0000000000306;0000000000313;0000000000003;00000007;
20170203;FRC;*;F21 ;0000000000000;0000000000000;00000000;00000358;00000351;00000358;00000351;0000000000351;0000000000358;0000000000003;00000007;
20170203;FRC;*;F22 ;0000000000000;0000000000000;00000000;00000392;00000392;00000392;00000392;0000000000392;0000000000399;0000000000003;00000007;
20170203;FRC;*;F23 ;0000000000000;0000000000000;00000000;00000436;00000436;00000436;00000436;0000000000436;0000000000439;0000000000001;00000003;
20170203;FRC;*;F24 ;0000000000000;0000000000000;00000000;00000471;00000471;00000471;00000471;0000000000471;0000000000475;0000000000002;00000004;
20170203;FRC;*;F25 ;0000000000000;0000000000000;00000000;00000000;00000000;00000000;00000000;0000000000513;0000000000515;0000000000000;00000002;
20170203;FRC;*;F26 ;0000000000000;0000000000000;00000000;00000000;00000000;00000000;00000000;0000000000555;0000000000555;0000000000000;00000000;
20170203;FRC;*;F27 ;0000000000000;0000000000000;00000000;00000599;00000599;00000599;00000599;0000000000599;0000000000597;0000000000001;00000002;
20170203;FRC;*;F28 ;0000000000000;0000000000000;00000000;00000000;00000000;00000000;00000000;0000000000630;0000000000628;0000000000000;00000002;
20170203;FRC;*;F29 ;0000000000000;0000000000000;00000000;00000000;00000000;00000000;00000000;0000000000661;0000000000659;0000000000000;00000002;
20170203;FRC;*;F30 ;0000000000000;0000000000000;00000000;00000000;00000000;00000000;00000000;0000000000690;0000000000688;0000000000000;00000002;
20170203;FRC;*;G18 ;0000000000000;0000000000000;00000000;00000231;00000231;00000231;00000231;0000000000224;0000000000232;0000000000004;00000008;
20170203;FRC;*;J17 ;0000000000000;0000000000000;00000000;00000172;00000171;00000172;00000172;0000000000172;0000000000177;0000000000002;00000005;
20170203;FRC;*;J18 ;0000000000000;0000000000000;00000000;00000237;00000226;00000237;00000226;0000000000229;0000000000237;0000000000004;00000008;
20170203;FRC;*;J19 ;0000000000000;0000000000000;00000000;00000000;00000000;00000000;00000000;0000000000273;0000000000280;0000000000000;00000007;
20170203;FRC;*;J20 ;0000000000000;0000000000000;00000000;00000325;00000325;00000325;00000325;0000000000317;0000000000324;0000000000003;00000007;
20170203;FRC;*;J21 ;0000000000000;0000000000000;00000000;00000000;00000000;00000000;00000000;0000000000364;0000000000371;0000000000000;00000007;
20170203;FRC;*;K17 ;0000000000000;0000000000000;00000000;00000190;00000182;00000190;00000182;0000000000182;0000000000190;0000000000004;00000008;
20170203;FRC;*;M17 ;0000000000000;0000000000000;00000000;00000186;00000186;00000186;00000186;0000000000186;0000000000194;0000000000004;00000008;
20170203;FRC;*;N17 ;0000000000000;0000000000000;00000000;00000180;00000180;00000180;00000180;0000000000180;0000000000188;0000000000004;00000008;
20170203;FRC;*;N18 ;0000000000000;0000000000000;00000000;00000239;00000239;00000239;00000239;0000000000239;0000000000247;0000000000004;00000008;
20170203;FRC;*;N19 ;0000000000000;0000000000000;00000000;00000000;00000000;00000000;00000000;0000000000285;0000000000292;0000000000000;00000007;
20170203;FRC;*;N20 ;0000000000000;0000000000000;00000000;00000335;00000330;00000335;00000330;0000000000330;0000000000336;0000000000003;00000006;
20170203;FRC;*;N21 ;0000000000000;0000000000000;00000000;00000000;00000000;00000000;00000000;0000000000377;0000000000383;0000000000000;00000006;
20170203;FRC;*;Q17 ;0000000000000;0000000000000;00000000;00000000;00000000;00000000;00000000;0000000000197;0000000000205;0000000000000;00000008;
20170203;FRC;*;U17 ;0000000000000;0000000000000;00000000;00000000;00000000;00000000;00000000;0000000000197;0000000000205;0000000000000;00000008;
20170203;FRC;*;V17 ;0000000000000;0000000000000;00000000;00000209;00000209;00000209;00000209;0000000000209;0000000000216;0000000000003;00000007;
20170203;FRC;*;V18 ;0000000000000;0000000000000;00000000;00000000;00000000;00000000;00000000;0000000000250;0000000000258;0000000000000;00000008;
20170203;FRC;*;V19 ;0000000000000;0000000000000;00000000;00000294;00000294;00000294;00000294;0000000000294;0000000000300;0000000000003;00000006;
20170203;FRC;*;V20 ;0000000000000;0000000000000;00000000;00000346;00000346;00000346;00000346;0000000000340;0000000000346;0000000000003;00000006;
20170203;FRC;*;V21 ;0000000000000;0000000000000;00000000;00000000;00000000;00000000;00000000;0000000000387;0000000000393;0000000000000;00000006;
20170203;FRC;*;X17 ;0000000000000;0000000000000;00000000;00000216;00000216;00000216;00000216;0000000000216;0000000000222;0000000000003;00000006;
20170203;FRC;*;Z17 ;0000000000000;0000000000000;00000000;00000000;00000000;00000000;00000000;0000000000218;0000000000225;0000000000000;00000007;
20170203;FRO;*;F18 ;0000000000000;0000000000000;00000000;00000000;00000000;00000000;00000000;0000000000223;0000000000231;0000000000000;00000008;
20170203;FRO;*;F19 ;0000000000000;0000000000000;00000000;00000000;00000000;00000000;00000000;0000000000265;0000000000272;0000000000000;00000007;
20170203;FRO;*;F20 ;0000000000000;0000000000000;00000000;00000000;00000000;00000000;00000000;0000000000308;0000000000315;0000000000000;00000007;
20170203;FRO;*;F21 ;0000000000000;0000000000000;00000000;00000000;00000000;00000000;00000000;0000000000353;0000000000360;0000000000000;00000007;
20170203;FRO;*;F22 ;0000000000000;0000000000000;00000000;00000000;00000000;00000000;00000000;0000000000394;0000000000401;0000000000000;00000007;
20170203;FRO;*;F23 ;0000000000000;0000000000000;00000000;00000000;00000000;00000000;00000000;0000000000438;0000000000441;0000000000000;00000003;
20170203;FRO;*;F24 ;0000000000000;0000000000000;00000000;00000000;00000000;00000000;00000000;0000000000473;0000000000477;0000000000000;00000004;
20170203;FRO;*;F25 ;0000000000000;0000000000000;00000000;00000000;00000000;00000000;00000000;0000000000515;0000000000517;0000000000000;00000002;
20170203;FRO;*;F26 ;0000000000000;0000000000000;00000000;00000000;00000000;00000000;00000000;0000000000557;0000000000557;0000000000000;00000000;
20170203;FRO;*;F27 ;0000000000000;0000000000000;00000000;00000000;00000000;00000000;00000000;0000000000601;0000000000599;0000000000000;00000002;
20170203;FRO;*;F28 ;0000000000000;0000000000000;00000000;00000000;00000000;00000000;00000000;0000000000633;0000000000631;0000000000000;00000002;
20170203;FRO;*;F29 ;0000000000000;0000000000000;00000000;00000000;00000000;00000000;00000000;0000000000664;0000000000662;0000000000000;00000002;
20170203;FRO;*;F30 ;0000000000000;0000000000000;00000000;00000000;00000000;00000000;00000000;0000000000693;0000000000691;0000000000000;00000002;
20170203;FRO;*;G18 ;0000000000000;0000000000000;00000000;00000000;00000000;00000000;00000000;0000000000226;0000000000234;0000000000000;00000008;
20170203;FRO;*;J17 ;0000000000000;0000000000000;00000000;00000000;00000000;00000000;00000000;0000000000174;0000000000179;0000000000000;00000005;
20170203;FRO;*;J18 ;0000000000000;0000000000000;00000000;00000000;00000000;00000000;00000000;0000000000231;0000000000239;0000000000000;00000008;
20170203;FRO;*;J19 ;0000000000000;0000000000000;00000000;00000000;00000000;00000000;00000000;0000000000274;0000000000281;0000000000000;00000007;
20170203;FRO;*;J20 ;0000000000000;0000000000000;00000000;00000000;00000000;00000000;00000000;0000000000319;0000000000326;0000000000000;00000007;
20170203;FRO;*;J21 ;0000000000000;0000000000000;00000000;00000000;00000000;00000000;00000000;0000000000366;0000000000373;0000000000000;00000007;
20170203;FRO;*;K17 ;0000000000000;0000000000000;00000000;00000000;00000000;00000000;00000000;0000000000184;0000000000192;0000000000000;00000008;
20170203;FRO;*;M17 ;0000000000000;0000000000000;00000000;00000000;00000000;00000000;00000000;0000000000188;0000000000196;0000000000000;00000008;
20170203;FRO;*;N17 ;0000000000000;0000000000000;00000000;00000000;00000000;00000000;00000000;0000000000182;0000000000190;0000000000000;00000008;
20170203;FRO;*;N18 ;0000000000000;0000000000000;00000000;00000000;00000000;00000000;00000000;0000000000240;0000000000249;0000000000000;00000009;
20170203;FRO;*;N19 ;0000000000000;0000000000000;00000000;00000000;00000000;00000000;00000000;0000000000287;0000000000294;0000000000000;00000007;
20170203;FRO;*;N20 ;0000000000000;0000000000000;00000000;00000000;00000000;00000000;00000000;0000000000332;0000000000338;0000000000000;00000006;
20170203;FRO;*;N21 ;0000000000000;0000000000000;00000000;00000000;00000000;00000000;00000000;0000000000379;0000000000385;0000000000000;00000006;
20170203;FRO;*;Q17 ;0000000000000;0000000000000;00000000;00000000;00000000;00000000;00000000;0000000000199;0000000000207;0000000000000;00000008;
20170203;FRO;*;U17 ;0000000000000;0000000000000;00000000;00000000;00000000;00000000;00000000;0000000000199;0000000000207;0000000000000;00000008;
20170203;FRO;*;V17 ;0000000000000;0000000000000;00000000;00000000;00000000;00000000;00000000;0000000000211;0000000000218;0000000000000;00000007;
20170203;FRO;*;V18 ;0000000000000;0000000000000;00000000;00000000;00000000;00000000;00000000;0000000000251;0000000000259;0000000000000;00000008;
20170203;FRO;*;V19 ;0000000000000;0000000000000;00000000;00000000;00000000;00000000;00000000;0000000000296;0000000000302;0000000000000;00000006;
20170203;FRO;*;V20 ;0000000000000;0000000000000;00000000;00000000;00000000;00000000;00000000;0000000000342;0000000000348;0000000000000;00000006;
20170203;FRO;*;V21 ;0000000000000;0000000000000;00000000;00000000;00000000;00000000;00000000;0000000000389;0000000000395;0000000000000;00000006;
20170203;FRO;*;X17 ;0000000000000;0000000000000;00000000;00000000;00000000;00000000;00000000;0000000000218;0000000000224;0000000000000;00000006;
20170203;FRO;*;Z17 ;0000000000000;0000000000000;00000000;00000000;00000000;00000000;00000000;0000000000220;0000000000227;0000000000000;00000007;
20170203;FRP;*;FRP0;0000000000000;0000000000000;00000000;00001870;00001860;00001930;00001930;0000000000000;0000000000000;0000000000000;00000000;
20170203;FRP;*;FRP1;0000000000000;0000000000000;00000000;00001900;00001900;00001900;00001900;0000000000000;0000000000000;0000000000000;00000000;
20170203;GBP;*;H17 ;0000000000000;0000000000000;00000828;00000000;00000000;00000000;00000000;0000039200970;0000039453500;0000000088385;00252530;
20170203;GBP;*;J17 ;0000000000000;0000000000000;00000000;00000000;00000000;00000000;00000000;0000039570260;0000039823150;0000000000000;00252890;
20170203;GBP;*;K17 ;0000000000000;0000000000000;00000000;00000000;00000000;00000000;00000000;0000039854910;0000040108250;0000000000000;00253340;
20170203;HSI;*;G17 ;0000000000000;0000000000000;00000000;00000000;00000000;00000000;00000000;0000000023026;0000000023127;0000000000000;00000101;
20170203;HSI;*;H17 ;0000000000000;0000000000000;00000000;00000000;00000000;00000000;00000000;0000000023024;0000000023123;0000000000000;00000099;
20170203;IAP;*;G17 ;0000000000000;0000000000000;00000000;00000000;00000000;00000000;00000000;0000000479788;0000000479810;0000000000550;00000022;
20170203;IAP;*;H17 ;0000000000000;0000000000000;00000000;00000000;00000000;00000000;00000000;0000000482381;0000000482482;0000000000000;00000101;
20170203;IAP;*;J17 ;0000000000000;0000000000000;00000000;00000000;00000000;00000000;00000000;0000000483962;0000000484153;0000000000000;00000191;
20170203;IAP;*;K17 ;0000000000000;0000000000000;00000000;00000000;00000000;00000000;00000000;0000000485916;0000000486186;0000000000000;00000270;
20170203;IAP;*;K19 ;0000000000000;0000000000000;00000000;00000000;00000000;00000000;00000000;0000000527006;0000000527672;0000000000000;00000666;
20170203;IAP;*;K21 ;0000000000000;0000000000000;00000000;00000000;00000000;00000000;00000000;0000000577988;0000000580556;0000000000000;00002568;
20170203;IAP;*;Q18 ;0000000000000;0000000000000;00000000;00000000;00000000;00000000;00000000;0000000510370;0000000511054;0000000000000;00000684;
20170203;IAP;*;Q20 ;0000000000000;0000000000000;00000000;00000000;00000000;00000000;00000000;0000000558612;0000000560168;0000000000000;00001556;
20170203;IAP;*;Q22 ;0000000000000;0000000000000;00000000;00000000;00000000;00000000;00000000;0000000613377;0000000616592;0000000000000;00003215;
20170203;ICF;*;H17 ;0000010966012;0000003520615;00002791;00017600;00017380;00017700;00017625;0000000017550;0000000017670;0000000037377;00000120;
20170203;ICF;*;K17 ;0000000000000;0000000000000;00000100;00000000;00000000;00000000;00000000;0000000017875;0000000017850;0000000007787;00000025;
20170203;ICF;*;N17 ;0000000000000;0000000000000;00000000;00000000;00000000;00000000;00000000;0000000018105;0000000018075;0000000000000;00000030;
20170203;ICF;*;U17 ;0000001268502;0000000407250;00002545;00018300;00018300;00018540;00018510;0000000018410;0000000018380;0000000009344;00000030;
20170203;ICF;*;U18 ;0000000000000;0000000000000;00000294;00000000;00000000;00000000;00000000;0000000018890;0000000018850;0000000012459;00000040;
20170203;ICF;*;Z17 ;0000000000000;0000000000000;00000192;00000000;00000000;00000000;00000000;0000000018920;0000000018880;0000000012459;00000040;
20170203;ICF;*;Z18 ;0000000000000;0000000000000;00000029;00000000;00000000;00000000;00000000;0000000019180;0000000019135;0000000014016;00000045;
20170203;IGM;*;K17 ;0000000000000;0000000000000;00000000;00000000;00000000;00000000;00000000;0000000673740;0000000673938;0000000003960;00000198;
20170203;IGM;*;K19 ;0000000000000;0000000000000;00000000;00000000;00000000;00000000;00000000;0000000722284;0000000723277;0000000000000;00000993;
20170203;IGM;*;K21 ;0000000000000;0000000000000;00000000;00000000;00000000;00000000;00000000;0000000794509;0000000797930;0000000000000;00003421;
20170203;IGM;*;Q18 ;0000000000000;0000000000000;00000000;00000000;00000000;00000000;00000000;0000000701125;0000000701716;0000000000000;00000591;
20170203;IGM;*;Q20 ;0000000000000;0000000000000;00000000;00000000;00000000;00000000;00000000;0000000767911;0000000770009;0000000000000;00002098;
20170203;IND;*;G17 ;0003910917275;0001251854062;00270688;00064565;00064470;00065630;00065275;0000000065221;0000000064887;0000000033400;00000334;
20170203;IND;*;G18 ;0000000000000;0000000000000;00000000;00000000;00000000;00000000;00000000;0000000071271;0000000070934;0000000000000;00000337;
20170203;IND;*;J17 ;0000043725500;0000013996191;00014310;00066300;00066200;00066600;00066200;0000000066276;0000000065940;0000000033600;00000336;
20170203;IND;*;J18 ;0000000000000;0000000000000;00000000;00000000;00000000;00000000;00000000;0000000072292;0000000071962;0000000000000;00000330;
20170203;IND;*;M17 ;0000024213000;0000007750392;00021085;00067300;00067200;00067300;00067300;0000000067339;0000000066995;0000000034400;00000344;
20170203;IND;*;M18 ;0000000000000;0000000000000;00001080;00000000;00000000;00000000;00000000;0000000073195;0000000072867;0000000032800;00000328;
20170203;IND;*;Q17 ;0000000000000;0000000000000;00002350;00000000;00000000;00000000;00000000;0000000068451;0000000068095;0000000035600;00000356;
20170203;IND;*;Q18 ;0000000000000;0000000000000;00000000;00000000;00000000;00000000;00000000;0000000074285;0000000073959;0000000000000;00000326;
20170203;IND;*;V17 ;0000000000000;0000000000000;00000950;00000000;00000000;00000000;00000000;0000000069429;0000000069086;0000000034300;00000343;
20170203;IND;*;V18 ;0000000000000;0000000000000;00000000;00000000;00000000;00000000;00000000;0000000075346;0000000075024;0000000000000;00000322;
20170203;IND;*;Z17 ;0000000000000;0000000000000;00009190;00000000;00000000;00000000;00000000;0000000070316;0000000069975;0000000034100;00000341;
20170203;IND;*;Z18 ;0000000000000;0000000000000;00000025;00000000;00000000;00000000;00000000;0000000076296;0000000075984;0000000031200;00000312;
20170203;IR1;*;G7J7;0000000000000;0000000000000;00000000;00001069;00001055;00001069;00001055;0000000000000;0000000000000;0000000000000;00000000;
20170203;IR1;*;G7M7;0000000000000;0000000000000;00000000;00000000;00000000;00000000;00000000;0000000000000;0000000000000;0000000000000;00000000;
20170203;IR1;*;G7Q7;0000000000000;0000000000000;00000000;00000000;00000000;00000000;00000000;0000000000000;0000000000000;0000000000000;00000000;
20170203;IR1;*;G7V7;0000000000000;0000000000000;00000000;00000000;00000000;00000000;00000000;0000000000000;0000000000000;0000000000000;00000000;
20170203;IR1;*;G7Z7;0000000000000;0000000000000;00000000;00000000;00000000;00000000;00000000;0000000000000;0000000000000;0000000000000;00000000;
20170203;ISP;*;H17 ;0000153187537;0000049180537;00002517;00227750;00227750;00229350;00229250;0000000229175;0000000227500;0000000260864;00001675;
20170203;ISP;*;M17 ;0000000000000;0000000000000;00000011;00000000;00000000;00000000;00000000;0000000228650;0000000226975;0000000260864;00001675;
20170203;ISP;*;U17 ;0000000000000;0000000000000;00000000;00000000;00000000;00000000;00000000;0000000228200;0000000226525;0000000000000;00001675;
20170203;ISP;*;Z17 ;0000000000000;0000000000000;00000000;00000000;00000000;00000000;00000000;0000000227850;0000000226175;0000000000000;00001675;
20170203;JPY;*;H17 ;0000009058350;0000002899507;00000873;02788600;02784900;02788600;02784900;0000027842300;0000027867700;0000000012700;00025400;
20170203;JPY;*;J17 ;0000000704025;0000000225353;00002051;02816100;02816100;02816100;02816100;0000028114100;0000028138600;0000000012250;00024500;
20170203;JPY;*;K17 ;0000000000000;0000000000000;00000000;00000000;00000000;00000000;00000000;0000028325000;0000028349700;0000000000000;00024700;
20170203;JPY;*;M17 ;0000000000000;0000000000000;00000000;00000000;00000000;00000000;00000000;0000028584300;0000028606100;0000000000000;00021800;
20170203;JSE;*;H17 ;0000000000000;0000000000000;00000000;00000000;00000000;00000000;00000000;0000000045676;0000000046115;0000000000000;00000439;
20170203;JSE;*;M17 ;0000000000000;0000000000000;00000000;00000000;00000000;00000000;00000000;0000000046233;0000000046667;0000000000000;00000434;
20170203;MIX;*;H17 ;0000000000000;0000000000000;00000000;00000000;00000000;00000000;00000000;0000000002241;0000000002231;0000000000000;00000010;
20170203;MIX;*;M17 ;0000000000000;0000000000000;00000000;00000000;00000000;00000000;00000000;0000000002281;0000000002277;0000000000000;00000004;
20170203;MXN;*;H17 ;0000000000000;0000000000000;00000295;00000000;00000000;00000000;00000000;0000015351810;0000015241670;0000000082605;00110140;
20170203;MXN;*;J17 ;0000000000000;0000000000000;00000037;00000000;00000000;00000000;00000000;0000015411430;0000015300460;0000000083227;00110970;
20170203;MXN;*;K17 ;0000000000000;0000000000000;00000000;00000000;00000000;00000000;00000000;0000015445750;0000015334230;0000000000000;00111520;
20170203;NZD;*;H17 ;0000000000000;0000000000000;00000002;00000000;00000000;00000000;00000000;0000022922330;0000022891590;0000000023055;00030740;
20170203;NZD;*;J17 ;0000017326500;0000005546077;00000025;02310200;02310200;02310200;02310200;0000023099620;0000023069990;0000000022222;00029630;
20170203;NZD;*;K17 ;0000000000000;0000000000000;00000000;00000000;00000000;00000000;00000000;0000023229590;0000023195460;0000000000000;00034130;
20170203;OC1;*;F18 ;0000000000000;0000000000000;00000000;00000000;00000000;00000000;00000000;0000009122269;0000009119616;0000000000000;00002653;
20170203;OC1;*;F19 ;0000000000000;0000000000000;00000000;00000000;00000000;00000000;00000000;0000008319077;0000008309890;0000000000000;00009187;
20170203;OC1;*;F20 ;0000000000000;0000000000000;00000000;00000000;00000000;00000000;00000000;0000007524557;0000007503384;0000000000000;00021173;
20170203;OC1;*;F21 ;0000000000000;0000000000000;00000000;00000000;00000000;00000000;00000000;0000006787963;0000006757571;0000000000000;00030392;
20170203;OC1;*;F22 ;0000000000000;0000000000000;00000000;00000000;00000000;00000000;00000000;0000006113630;0000006080485;0000000000000;00033145;
20170203;OC1;*;F23 ;0000000000000;0000000000000;00000000;00000000;00000000;00000000;00000000;0000005497348;0000005454173;0000000000000;00043175;
20170203;OC1;*;F24 ;0000000000000;0000000000000;00000000;00000000;00000000;00000000;00000000;0000004958934;0000004910377;0000000000000;00048557;
20170203;OC1;*;F25 ;0000000000000;0000000000000;00000000;00000000;00000000;00000000;00000000;0000004464152;0000004414022;0000000000000;00050130;
20170203;OC1;*;F26 ;0000000000000;0000000000000;00000000;00000000;00000000;00000000;00000000;0000004026240;0000003976856;0000000000000;00049384;
20170203;OC1;*;F27 ;0000000000000;0000000000000;00000000;00000000;00000000;00000000;00000000;0000003632154;0000003577858;0000000000000;00054296;
20170203;OC1;*;F28 ;0000000000000;0000000000000;00000000;00000000;00000000;00000000;00000000;0000003274105;0000003220247;0000000000000;00053858;
20170203;OC1;*;F29 ;0000000000000;0000000000000;00000000;00000000;00000000;00000000;00000000;0000002953862;0000002900879;0000000000000;00052983;
20170203;OC1;*;F30 ;0000000000000;0000000000000;00000000;00000000;00000000;00000000;00000000;0000002663853;0000002612102;0000000000000;00051751;
20170203;OC1;*;G18 ;0000000000000;0000000000000;00000000;00000000;00000000;00000000;00000000;0000009047897;0000009044569;0000000000000;00003328;
20170203;OC1;*;H17 ;0000000000000;0000000000000;00000000;00000000;00000000;00000000;00000000;0000009923801;0000009923751;0000000000000;00000050;
20170203;OC1;*;J17 ;0000000000000;0000000000000;00029800;00000000;00000000;00000000;00000000;0000009820463;0000009820281;0000000000182;00000182;
20170203;OC1;*;J18 ;0000000000000;0000000000000;00000000;00000000;00000000;00000000;00000000;0000008920708;0000008915931;0000000000000;00004777;
20170203;OC1;*;J19 ;0000000000000;0000000000000;00000000;00000000;00000000;00000000;00000000;0000008121637;0000008111418;0000000000000;00010219;
20170203;OC1;*;J20 ;0000000000000;0000000000000;00000000;00000000;00000000;00000000;00000000;0000007334064;0000007309539;0000000000000;00024525;
20170203;OC1;*;J21 ;0000000000000;0000000000000;00000000;00000000;00000000;00000000;00000000;0000006617653;0000006582955;0000000000000;00034698;
20170203;OC1;*;K17 ;0000000000000;0000000000000;00000000;00000000;00000000;00000000;00000000;0000009742456;0000009742267;0000000000000;00000189;
20170203;OC1;*;M17 ;0000000000000;0000000000000;00000000;00000000;00000000;00000000;00000000;0000009651258;0000009651294;0000000000000;00000036;
20170203;OC1;*;N17 ;0000000000000;0000000000000;00000000;00000000;00000000;00000000;00000000;0000009568421;0000009568120;0000000000000;00000301;
20170203;OC1;*;N18 ;0000000000000;0000000000000;00000000;00000000;00000000;00000000;00000000;0000008716650;0000008710732;0000000000000;00005918;
20170203;OC1;*;N19 ;0000000000000;0000000000000;00000000;00000000;00000000;00000000;00000000;0000007926810;0000007913894;0000000000000;00012916;
20170203;OC1;*;N20 ;0000000000000;0000000000000;00000000;00000000;00000000;00000000;00000000;0000007147219;0000007123824;0000000000000;00023395;
20170203;OC1;*;N21 ;0000000000000;0000000000000;00000000;00000000;00000000;00000000;00000000;0000006448599;0000006409962;0000000000000;00038637;
20170203;OC1;*;N22 ;0000000000000;0000000000000;00000000;00000000;00000000;00000000;00000000;0000005803643;0000005762542;0000000000000;00041101;
20170203;OC1;*;N23 ;0000000000000;0000000000000;00000000;00000000;00000000;00000000;00000000;0000005222427;0000005176180;0000000000000;00046247;
20170203;OC1;*;N24 ;0000000000000;0000000000000;00000000;00000000;00000000;00000000;00000000;0000004710785;0000004661351;0000000000000;00049434;
20170203;OC1;*;Q17 ;0000000000000;0000000000000;00000000;00000000;00000000;00000000;00000000;0000009487564;0000009488954;0000000000000;00001390;
20170203;OC1;*;U17 ;0000000000000;0000000000000;00000000;00000000;00000000;00000000;00000000;0000009402324;0000009402971;0000000000000;00000647;
20170203;OC1;*;V17 ;0000000000000;0000000000000;00000000;00000000;00000000;00000000;00000000;0000009330367;0000009328829;0000000000000;00001538;
20170203;OC1;*;V18 ;0000000000000;0000000000000;00000000;00000000;00000000;00000000;00000000;0000008512472;0000008505649;0000000000000;00006823;
20170203;OC1;*;V19 ;0000000000000;0000000000000;00000000;00000000;00000000;00000000;00000000;0000007720598;0000007704708;0000000000000;00015890;
20170203;OC1;*;V20 ;0000000000000;0000000000000;00000000;00000000;00000000;00000000;00000000;0000006960473;0000006935908;0000000000000;00024565;
20170203;OC1;*;V21 ;0000000000000;0000000000000;00000000;00000000;00000000;00000000;00000000;0000006276238;0000006240576;0000000000000;00035662;
20170203;OC1;*;X17 ;0000000000000;0000000000000;00000000;00000000;00000000;00000000;00000000;0000009258253;0000009256270;0000000000000;00001983;
20170203;OC1;*;Z17 ;0000000000000;0000000000000;00000000;00000000;00000000;00000000;00000000;0000009189984;0000009187711;0000000000000;00002273;
20170203;OZ1;*;0000;0000002411395;0000000771869;00000000;00120400;00120400;00121000;00121000;0000000120690;0000000120717;0000000000000;00001000;
20170203;OZ1;*;H17 ;0000000000000;0000000000000;00000000;00000000;00000000;00000000;00000000;0000000121870;0000000120921;0000000000000;00000949;
20170203;OZ1;*;J17 ;0000000000000;0000000000000;00000000;00000000;00000000;00000000;00000000;0000000123153;0000000122196;0000000000000;00000957;
20170203;OZ2;*;0000;0000000049657;0000000015895;00000000;00121500;00120400;00122400;00120400;0000000121236;0000000121604;0000000000000;00001100;
20170203;OZ3;*;0000;0000000001429;0000000000457;00000000;00120000;00119800;00120000;00119800;0000000119832;0000000122000;0000000000000;00002200;
20170203;SCS;*;H701;0000000000000;0000000000000;00139075;00000000;00000000;00000000;00000000;0000000000000;0000000000000;0000000000000;00000000;
20170203;SCS;*;J703;0000000000000;0000000000000;00194220;00000000;00000000;00000000;00000000;0000000000000;0000000000000;0000000000000;00000000;
20170203;SCS;*;K702;0000000000000;0000000000000;00127785;00000000;00000000;00000000;00000000;0000000000000;0000000000000;0000000000000;00000000;
20170203;SCS;*;N703;0000000000000;0000000000000;00069470;00000000;00000000;00000000;00000000;0000000000000;0000000000000;0000000000000;00000000;
20170203;SFI;*;K17 ;0000000000000;0000000000000;00000000;00000000;00000000;00000000;00000000;0000000002220;0000000002241;0000000000000;00000021;
20170203;SFI;*;N17 ;0000000000000;0000000000000;00000000;00000000;00000000;00000000;00000000;0000000002234;0000000002254;0000000000000;00000020;
20170203;SFI;*;X17 ;0000000000000;0000000000000;00000000;00000000;00000000;00000000;00000000;0000000002154;0000000002173;0000000000000;00000019;
20170203;SJC;*;F18 ;0000000000000;0000000000000;00000000;00000000;00000000;00000000;00000000;0000000223765;0000000225474;0000000000000;00001709;
20170203;SJC;*;H17 ;0000000000000;0000000000000;00000457;00000000;00000000;00000000;00000000;0000000226411;0000000228671;0000000031677;00002260;
20170203;SJC;*;K17 ;0000006896055;0000002213964;00001408;00002299;00002290;00002305;00002290;0000000228671;0000000230875;0000000030892;00002204;
20170203;SJC;*;K18 ;0000000000000;0000000000000;00000000;00000000;00000000;00000000;00000000;0000000224041;0000000225639;0000000000000;00001598;
20170203;SJC;*;N17 ;0000000000000;0000000000000;00000078;00000000;00000000;00000000;00000000;0000000230545;0000000232639;0000000029350;00002094;
20170203;SJC;*;Q17 ;0000000000000;0000000000000;00000000;00000000;00000000;00000000;00000000;0000000230104;0000000232198;0000000000000;00002094;
20170203;SJC;*;U17 ;0000000000000;0000000000000;00000000;00000000;00000000;00000000;00000000;0000000226356;0000000228285;0000000000000;00001929;
20170203;SJC;*;X17 ;0000000000000;0000000000000;00000012;00000000;00000000;00000000;00000000;0000000222608;0000000224537;0000000027038;00001929;
20170203;TRY;*;H17 ;0000000000000;0000000000000;00000287;00000000;00000000;00000000;00000000;0000008429720;0000008353670;0000000057037;00076050;
20170203;TRY;*;J17 ;0000000000000;0000000000000;00000000;00000000;00000000;00000000;00000000;0000008426010;0000008346730;0000000000000;00079280;
20170203;TRY;*;K17 ;0000000000000;0000000000000;00000000;00000000;00000000;00000000;00000000;0000008411900;0000008336080;0000000000000;00075820;
20170203;T10;*;H17 ;0000015189165;0000004861933;00002325;00124750;00124281;00124781;00124281;0000001242812;0000001243750;0000000029304;00000938;
20170203;T10;*;M17 ;0000000000000;0000000000000;00000000;00000000;00000000;00000000;00000000;0000001237187;0000001238125;0000000000000;00000938;
20170203;WDO;*;F18 ;0000000000000;0000000000000;00000000;00000000;00000000;00000000;00000000;0000033435220;0000033513040;0000000000000;00077820;
20170203;WDO;*;F19 ;0000000000000;0000000000000;00000000;00000000;00000000;00000000;00000000;0000035597930;0000035685800;0000000000000;00087870;
20170203;WDO;*;F20 ;0000000000000;0000000000000;00000000;00000000;00000000;00000000;00000000;0000037945740;0000038082680;0000000000000;00136940;
20170203;WDO;*;F21 ;0000000000000;0000000000000;00000000;00000000;00000000;00000000;00000000;0000040250500;0000040433910;0000000000000;00183410;
20170203;WDO;*;F25 ;0000000000000;0000000000000;00000000;00000000;00000000;00000000;00000000;0000049381100;0000050016390;0000000000000;00635290;
20170203;WDO;*;G18 ;0000000000000;0000000000000;00000000;00000000;00000000;00000000;00000000;0000033639130;0000033718030;0000000000000;00078900;
20170203;WDO;*;H17 ;0014343259080;0004591165161;00025326;03149000;03124000;03158000;03144500;0000031318920;0000031402200;0000000008328;00083280;
20170203;WDO;*;J17 ;0000000727800;0000000232963;00000124;03180000;03150000;03183000;03170000;0000031598220;0000031681040;0000000008282;00082820;
20170203;WDO;*;J18 ;0000000000000;0000000000000;00000000;00000000;00000000;00000000;00000000;0000033978090;0000034057750;0000000000000;00079660;
20170203;WDO;*;J19 ;0000000000000;0000000000000;00000000;00000000;00000000;00000000;00000000;0000036169340;0000036259310;0000000000000;00089970;
20170203;WDO;*;K17 ;0000000000000;0000000000000;00000017;00000000;00000000;00000000;00000000;0000031801010;0000031882320;0000000008131;00081310;
20170203;WDO;*;M17 ;0000000000000;0000000000000;00000000;00000000;00000000;00000000;00000000;0000032049450;0000032127970;0000000000000;00078520;
20170203;WDO;*;N17 ;0000000000000;0000000000000;00000002;00000000;00000000;00000000;00000000;0000032280760;0000032358360;0000000007760;00077600;
20170203;WDO;*;N18 ;0000000000000;0000000000000;00000000;00000000;00000000;00000000;00000000;0000034529560;0000034608130;0000000000000;00078570;
20170203;WDO;*;N19 ;0000000000000;0000000000000;00000000;00000000;00000000;00000000;00000000;0000036717680;0000036815880;0000000000000;00098200;
20170203;WDO;*;N21 ;0000000000000;0000000000000;00000000;00000000;00000000;00000000;00000000;0000041309460;0000041586390;0000000000000;00276930;
20170203;WDO;*;Q17 ;0000000000000;0000000000000;00000000;00000000;00000000;00000000;00000000;0000032484280;0000032554560;0000000000000;00070280;
20170203;WDO;*;U17 ;0000000000000;0000000000000;00000000;00000000;00000000;00000000;00000000;0000032723570;0000032794900;0000000000000;00071330;
20170203;WDO;*;V17 ;0000000000000;0000000000000;00000000;00000000;00000000;00000000;00000000;0000032896250;0000032976170;0000000000000;00079920;
20170203;WDO;*;V18 ;0000000000000;0000000000000;00000000;00000000;00000000;00000000;00000000;0000035093510;0000035171320;0000000000000;00077810;
20170203;WDO;*;V19 ;0000000000000;0000000000000;00000000;00000000;00000000;00000000;00000000;0000037360700;0000037484050;0000000000000;00123350;
20170203;WDO;*;X17 ;0000000000000;0000000000000;00000000;00000000;00000000;00000000;00000000;0000033081430;0000033161220;0000000000000;00079790;
20170203;WDO;*;Z17 ;0000000000000;0000000000000;00000000;00000000;00000000;00000000;00000000;0000033262820;0000033340120;0000000000000;00077300;
20170203;WD1;*;H7J7;0000000000000;0000000000000;00000000;00000000;00000000;00000000;00000000;0000000000000;0000000000000;0000000000000;00000000;
20170203;WEU;*;H17 ;0000000000000;0000000000000;00000000;00000000;00000000;00000000;00000000;0000033802660;0000033906270;0000000000000;00103610;
20170203;WEU;*;J17 ;0000000000000;0000000000000;00000000;00000000;00000000;00000000;00000000;0000034142840;0000034245790;0000000000000;00102950;
20170203;WEU;*;K17 ;0000000000000;0000000000000;00000000;00000000;00000000;00000000;00000000;0000034409620;0000034512240;0000000000000;00102620;
20170203;WEU;*;M17 ;0000000000000;0000000000000;00000000;00000000;00000000;00000000;00000000;0000034729390;0000034830810;0000000000000;00101420;
20170203;WEU;*;N17 ;0000000000000;0000000000000;00000000;00000000;00000000;00000000;00000000;0000035038100;0000035136410;0000000000000;00098310;
20170203;WEU;*;V17 ;0000000000000;0000000000000;00000000;00000000;00000000;00000000;00000000;0000035885900;0000035987240;0000000000000;00101340;
20170203;WIN;*;G17 ;0010656002450;0003410903124;00111784;00064550;00064450;00065630;00065345;0000000065221;0000000064887;0000000006680;00000334;
20170203;WIN;*;G18 ;0000000000000;0000000000000;00000000;00000000;00000000;00000000;00000000;0000000071271;0000000070934;0000000000000;00000337;
20170203;WIN;*;J17 ;0000000634917;0000000203232;00000118;00065700;00065615;00066600;00066200;0000000066276;0000000065940;0000000006720;00000336;
20170203;WIN;*;J18 ;0000000000000;0000000000000;00000000;00000000;00000000;00000000;00000000;0000000072292;0000000071962;0000000000000;00000330;
20170203;WIN;*;M17 ;0000000000000;0000000000000;00000000;00000000;00000000;00000000;00000000;0000000067339;0000000066995;0000000000000;00000344;
20170203;WIN;*;M18 ;0000000000000;0000000000000;00000000;00000000;00000000;00000000;00000000;0000000073195;0000000072867;0000000000000;00000328;
20170203;WIN;*;Q17 ;0000000000000;0000000000000;00000000;00000000;00000000;00000000;00000000;0000000068451;0000000068095;0000000000000;00000356;
20170203;WIN;*;Q18 ;0000000000000;0000000000000;00000000;00000000;00000000;00000000;00000000;0000000074285;0000000073959;0000000000000;00000326;
20170203;WIN;*;V17 ;0000000000000;0000000000000;00000000;00000000;00000000;00000000;00000000;0000000069429;0000000069086;0000000000000;00000343;
20170203;WIN;*;V18 ;0000000000000;0000000000000;00000000;00000000;00000000;00000000;00000000;0000000075346;0000000075024;0000000000000;00000322;
20170203;WIN;*;Z17 ;0000000000000;0000000000000;00000000;00000000;00000000;00000000;00000000;0000000070316;0000000069975;0000000000000;00000341;
20170203;WIN;*;Z18 ;0000000000000;0000000000000;00000000;00000000;00000000;00000000;00000000;0000000076296;0000000075984;0000000000000;00000312;
20170203;WTI;*;H17 ;0000000016835;0000000005405;00000485;00005405;00005405;00005405;00005405;0000000005383;0000000005354;0000000009032;00000029;
20170203;WTI;*;J17 ;0000000000000;0000000000000;00000000;00000000;00000000;00000000;00000000;0000000005447;0000000005417;0000000000000;00000030;
20170203;ZAR;*;H17 ;0000000000000;0000000000000;00000021;00000000;00000000;00000000;00000000;0000023569690;0000023408150;0000000056539;00161540;
20170203;ZAR;*;J17 ;0000000000000;0000000000000;00000010;00000000;00000000;00000000;00000000;0000023632200;0000023464690;0000000058628;00167510;
20170203;ZAR;*;K17 ;0000000000000;0000000000000;00000000;00000000;00000000;00000000;00000000;0000023655080;0000023481100;0000000000000;00173980;
