Data;Código do Contrato;Pregão;Vencimento;Volume(R$);Volume(U$);Número de contas em Aberto;Preço de Abertura;Preço Mínimo;Preço Máximo;Último Preço;Preço de Ajuste Atual; Preço de Ajuste Anterior;Valor de Ajuste por Contrato;Variação
20170303;AUD;*;J17 ;0000028269108;0000009013234;00002093;02376100;02376100;02381800;02381800;0000023766320;0000023949670;0000000110010;00183350;
20170303;AUD;*;K17 ;0000000000000;0000000000000;00000011;00000000;00000000;00000000;00000000;0000023901060;0000024084550;0000000110094;00183490;
20170303;AUD;*;M17 ;0000000000000;0000000000000;00000180;00000000;00000000;00000000;00000000;0000024070540;0000024254280;0000000110244;00183740;
20170303;BGI;*;F18 ;0000000096320;0000000030777;00000000;00014594;00014594;00014594;00014594;0000000014493;0000000014530;0000000012210;00000037;
20170303;BGI;*;H17 ;0000016528221;0000005281257;00001158;00014390;00014281;00014434;00014318;0000000014318;0000000014319;0000000000330;00000001;
20170303;BGI;*;J17 ;0000000000000;0000000000000;00000018;00000000;00000000;00000000;00000000;0000000014240;0000000014245;0000000001650;00000005;
20170303;BGI;*;K17 ;0000039990215;0000012778059;00004787;00014140;00014104;00014215;00014147;0000000014129;0000000014134;0000000001650;00000005;
20170303;BGI;*;M17 ;0000000000000;0000000000000;00000004;00000000;00000000;00000000;00000000;0000000014215;0000000014227;0000000003960;00000012;
20170303;BGI;*;N17 ;0000000000000;0000000000000;00000002;00000000;00000000;00000000;00000000;0000000014293;0000000014310;0000000005610;00000017;
20170303;BGI;*;Q17 ;0000000000000;0000000000000;00000000;00000000;00000000;00000000;00000000;0000000014371;0000000014395;0000000000000;00000024;
20170303;BGI;*;U17 ;0000000000000;0000000000000;00000000;00000000;00000000;00000000;00000000;0000000014442;0000000014473;0000000000000;00000031;
20170303;BGI;*;V17 ;0000002734667;0000000873807;00001801;00014620;00014500;00014645;00014525;0000000014513;0000000014550;0000000012210;00000037;
20170303;BGI;*;X17 ;0000000000000;0000000000000;00000077;00000000;00000000;00000000;00000000;0000000014528;0000000014565;0000000012210;00000037;
20170303;BGI;*;Z17 ;0000000000000;0000000000000;00000087;00000000;00000000;00000000;00000000;0000000014578;0000000014615;0000000012210;00000037;
20170303;BRI;*;J17 ;0000001009170;0000000321761;00000698;00011213;00011213;00011213;00011213;0000000011209;0000000011059;0000000150000;00000150;
20170303;BRI;*;M17 ;0000000000000;0000000000000;00000000;00000000;00000000;00000000;00000000;0000000011394;0000000011240;0000000000000;00000154;
20170303;BSE;*;H17 ;0000000000000;0000000000000;00000000;00000000;00000000;00000000;00000000;0000000029025;0000000029039;0000000000000;00000014;
20170303;BSE;*;J17 ;0000000000000;0000000000000;00000000;00000000;00000000;00000000;00000000;0000000029226;0000000029240;0000000000000;00000014;
20170303;CAD;*;J17 ;0000001405860;0000000448240;00002199;02343100;02343100;02343100;02343100;0000023439250;0000023649250;0000000126000;00210000;
20170303;CAD;*;K17 ;0000000000000;0000000000000;00000000;00000000;00000000;00000000;00000000;0000023593410;0000023802140;0000000000000;00208730;
20170303;CAD;*;M17 ;0000000000000;0000000000000;00000000;00000000;00000000;00000000;00000000;0000023782150;0000023994350;0000000000000;00212200;
20170303;CCM;*;F18 ;0000000028435;0000000009086;00000143;00003157;00003157;00003162;00003162;0000000003071;0000000003082;0000000004950;00000011;
20170303;CCM;*;F19 ;0000000000000;0000000000000;00000000;00000000;00000000;00000000;00000000;0000000002689;0000000002697;0000000000000;00000008;
20170303;CCM;*;H17 ;0000047376945;0000015138339;00006773;00003525;00003519;00003568;00003552;0000000003546;0000000003528;0000000008100;00000018;
20170303;CCM;*;H18 ;0000000355612;0000000113629;00000009;00003161;00003161;00003161;00003161;0000000003129;0000000003140;0000000004950;00000011;
20170303;CCM;*;H19 ;0000000000000;0000000000000;00000000;00000000;00000000;00000000;00000000;0000000002574;0000000002582;0000000000000;00000008;
20170303;CCM;*;K17 ;0000008139042;0000002600665;00008471;00003178;00003170;00003209;00003181;0000000003181;0000000003180;0000000000450;00000001;
20170303;CCM;*;K18 ;0000000000000;0000000000000;00000000;00000000;00000000;00000000;00000000;0000000002799;0000000002808;0000000000000;00000009;
20170303;CCM;*;K19 ;0000000000000;0000000000000;00000000;00000000;00000000;00000000;00000000;0000000002464;0000000002471;0000000000000;00000007;
20170303;CCM;*;N17 ;0000000000000;0000000000000;00000000;00000000;00000000;00000000;00000000;0000000003110;0000000003115;0000000000000;00000005;
20170303;CCM;*;N18 ;0000000000000;0000000000000;00000000;00000000;00000000;00000000;00000000;0000000002674;0000000002683;0000000000000;00000009;
20170303;CCM;*;U17 ;0000007647759;0000002443686;00010980;00003069;00003028;00003069;00003038;0000000003038;0000000003049;0000000004950;00000011;
20170303;CCM;*;U18 ;0000000000000;0000000000000;00000000;00000000;00000000;00000000;00000000;0000000002554;0000000002562;0000000000000;00000008;
20170303;CCM;*;X17 ;0000000796009;0000000254348;00000448;00003050;00003040;00003056;00003056;0000000003055;0000000003066;0000000004950;00000011;
20170303;CCM;*;X18 ;0000000000000;0000000000000;00000000;00000000;00000000;00000000;00000000;0000000002620;0000000002628;0000000000000;00000008;
20170303;CHF;*;J17 ;0000004199175;0000001338852;00000205;03110500;03110500;03110500;03110500;0000031115380;0000031311000;0000000097810;00195620;
20170303;CHF;*;K17 ;0000000000000;0000000000000;00000000;00000000;00000000;00000000;00000000;0000031364250;0000031563290;0000000000000;00199040;
20170303;CHF;*;M17 ;0000000000000;0000000000000;00000000;00000000;00000000;00000000;00000000;0000031656750;0000031860160;0000000000000;00203410;
20170303;CLP;*;J17 ;0000015781610;0000005031759;00000192;04833400;04818700;04833400;04818700;0000047738000;0000048201000;0000000115750;00463000;
20170303;CLP;*;K17 ;0000000000000;0000000000000;00000000;00000000;00000000;00000000;00000000;0000047956000;0000048415000;0000000000000;00459000;
20170303;CLP;*;M17 ;0000000000000;0000000000000;00000775;00000000;00000000;00000000;00000000;0000048233000;0000048689000;0000000114000;00456000;
20170303;CNY;*;J17 ;0000000000000;0000000000000;00000175;00000000;00000000;00000000;00000000;0000045378180;0000045835680;0000000160125;00457500;
20170303;CNY;*;K17 ;0000000000000;0000000000000;00000000;00000000;00000000;00000000;00000000;0000045521530;0000045975820;0000000000000;00454290;
20170303;CNY;*;M17 ;0000000000000;0000000000000;00000000;00000000;00000000;00000000;00000000;0000045700780;0000046229120;0000000000000;00528340;
20170303;DAP;*;F18 ;0000000000000;0000000000000;00000000;00000000;00000000;00000000;00000000;0000009521289;0000009514924;0000000000000;00006365;
20170303;DAP;*;H17 ;0000000000000;0000000000000;00000485;00000000;00000000;00000000;00000000;0000009981938;0000009981530;0000000000490;00000408;
20170303;DAP;*;J17 ;0000000000000;0000000000000;00000085;00000000;00000000;00000000;00000000;0000009915372;0000009914632;0000000000889;00000740;
20170303;DAP;*;K17 ;0000059371320;0000018929767;00026113;00000633;00000633;00000633;00000633;0000009883772;0000009882523;0000000001500;00001249;
20170303;DAP;*;K19 ;0000748912539;0000238780940;00049215;00000524;00000519;00000524;00000519;0000008958066;0000008939612;0000000022170;00018454;
20170303;DAP;*;K21 ;0000000000000;0000000000000;00009990;00000000;00000000;00000000;00000000;0000008044699;0000008022416;0000000026770;00022283;
20170303;DAP;*;K23 ;0000005209806;0000001661078;00010210;00000541;00000541;00000541;00000541;0000007252874;0000007227467;0000000030523;00025407;
20170303;DAP;*;Q18 ;0001012936932;0000322961654;00029370;00000539;00000537;00000542;00000537;0000009274206;0000009258981;0000000018291;00015225;
20170303;DAP;*;Q20 ;0000000000000;0000000000000;00002860;00000000;00000000;00000000;00000000;0000008368378;0000008349295;0000000022926;00019083;
20170303;DAP;*;Q22 ;0000000449743;0000000143395;00009220;00000548;00000548;00000548;00000548;0000007498621;0000007471643;0000000032411;00026978;
20170303;DAP;*;Q24 ;0000000000000;0000000000000;00005853;00000000;00000000;00000000;00000000;0000006803599;0000006779699;0000000028713;00023900;
20170303;DAP;*;Q26 ;0000000000000;0000000000000;00001532;00000000;00000000;00000000;00000000;0000006109302;0000006098391;0000000013108;00010911;
20170303;DAP;*;Q30 ;0000000000000;0000000000000;00000235;00000000;00000000;00000000;00000000;0000005071616;0000005052318;0000000023184;00019298;
20170303;DCO;*;F18 ;0000000000000;0000000000000;00000000;00000000;00000000;00000000;00000000;0000009826829;0000009903676;0000000000000;00076847;
20170303;DCO;*;F19 ;0000000000000;0000000000000;00000000;00000000;00000000;00000000;00000000;0000009536752;0000009613829;0000000000000;00077077;
20170303;DCO;*;F20 ;0000000000000;0000000000000;00000000;00000000;00000000;00000000;00000000;0000009186533;0000009259672;0000000000000;00073139;
20170303;DCO;*;F21 ;0000000000000;0000000000000;00000000;00000000;00000000;00000000;00000000;0000008775621;0000008835986;0000000000000;00060365;
20170303;DCO;*;F22 ;0000000000000;0000000000000;00000000;00000000;00000000;00000000;00000000;0000008372615;0000008432624;0000000000000;00060009;
20170303;DCO;*;F23 ;0000000000000;0000000000000;00000000;00000000;00000000;00000000;00000000;0000007971074;0000008034857;0000000000000;00063783;
20170303;DCO;*;F24 ;0000000000000;0000000000000;00000000;00000000;00000000;00000000;00000000;0000007562008;0000007617238;0000000000000;00055230;
20170303;DCO;*;F25 ;0000000000000;0000000000000;00000000;00000000;00000000;00000000;00000000;0000007147503;0000007198766;0000000000000;00051263;
20170303;DCO;*;F26 ;0000000000000;0000000000000;00000000;00000000;00000000;00000000;00000000;0000006730187;0000006795959;0000000000000;00065772;
20170303;DCO;*;F27 ;0000000000000;0000000000000;00000000;00000000;00000000;00000000;00000000;0000006317013;0000006378905;0000000000000;00061892;
20170303;DCO;*;F28 ;0000000000000;0000000000000;00000000;00000000;00000000;00000000;00000000;0000005966023;0000006024023;0000000000000;00058000;
20170303;DCO;*;F29 ;0000000000000;0000000000000;00000000;00000000;00000000;00000000;00000000;0000005631460;0000005684887;0000000000000;00053427;
20170303;DCO;*;F30 ;0000000000000;0000000000000;00000000;00000000;00000000;00000000;00000000;0000005321980;0000005370622;0000000000000;00048642;
20170303;DCO;*;G18 ;0000000000000;0000000000000;00000000;00000000;00000000;00000000;00000000;0000009806539;0000009882402;0000000000000;00075863;
20170303;DCO;*;H18 ;0000000000000;0000000000000;00000000;00000000;00000000;00000000;00000000;0000009789741;0000009865715;0000000000000;00075974;
20170303;DCO;*;J17 ;0000000000000;0000000000000;00000000;00000000;00000000;00000000;00000000;0000009994664;0000010074559;0000000000000;00079895;
20170303;DCO;*;J18 ;0000000000000;0000000000000;00000000;00000000;00000000;00000000;00000000;0000009769534;0000009844215;0000000000000;00074681;
20170303;DCO;*;J19 ;0000000000000;0000000000000;00000000;00000000;00000000;00000000;00000000;0000009459522;0000009531931;0000000000000;00072409;
20170303;DCO;*;J20 ;0000000000000;0000000000000;00000000;00000000;00000000;00000000;00000000;0000009090909;0000009161610;0000000000000;00070701;
20170303;DCO;*;J21 ;0000000000000;0000000000000;00000000;00000000;00000000;00000000;00000000;0000008668871;0000008730354;0000000000000;00061483;
20170303;DCO;*;K17 ;0000000000000;0000000000000;00000000;00000000;00000000;00000000;00000000;0000009977551;0000010057135;0000000000000;00079584;
20170303;DCO;*;M17 ;0000000000000;0000000000000;00000000;00000000;00000000;00000000;00000000;0000009960407;0000010039291;0000000000000;00078884;
20170303;DCO;*;N17 ;0000000000000;0000000000000;00000000;00000000;00000000;00000000;00000000;0000009944729;0000010023736;0000000000000;00079007;
20170303;DCO;*;N18 ;0000000000000;0000000000000;00000000;00000000;00000000;00000000;00000000;0000009702662;0000009776600;0000000000000;00073938;
20170303;DCO;*;N19 ;0000000000000;0000000000000;00000000;00000000;00000000;00000000;00000000;0000009375732;0000009447765;0000000000000;00072033;
20170303;DCO;*;N20 ;0000000000000;0000000000000;00000000;00000000;00000000;00000000;00000000;0000008988926;0000009055547;0000000000000;00066621;
20170303;DCO;*;N21 ;0000000000000;0000000000000;00000000;00000000;00000000;00000000;00000000;0000008576293;0000008635672;0000000000000;00059379;
20170303;DCO;*;Q17 ;0000000000000;0000000000000;00000000;00000000;00000000;00000000;00000000;0000009924653;0000010003608;0000000000000;00078955;
20170303;DCO;*;U17 ;0000000000000;0000000000000;00000000;00000000;00000000;00000000;00000000;0000009907835;0000009987532;0000000000000;00079697;
20170303;DCO;*;V17 ;0000000000000;0000000000000;00000000;00000000;00000000;00000000;00000000;0000009886519;0000009964941;0000000000000;00078422;
20170303;DCO;*;V18 ;0000000000000;0000000000000;00000000;00000000;00000000;00000000;00000000;0000009622157;0000009703236;0000000000000;00081079;
20170303;DCO;*;V19 ;0000000000000;0000000000000;00000000;00000000;00000000;00000000;00000000;0000009285655;0000009352303;0000000000000;00066648;
20170303;DCO;*;V20 ;0000000000000;0000000000000;00000000;00000000;00000000;00000000;00000000;0000008883256;0000008947228;0000000000000;00063972;
20170303;DCO;*;V21 ;0000000000000;0000000000000;00000000;00000000;00000000;00000000;00000000;0000008482354;0000008538961;0000000000000;00056607;
20170303;DCO;*;X17 ;0000000000000;0000000000000;00000000;00000000;00000000;00000000;00000000;0000009867455;0000009945086;0000000000000;00077631;
20170303;DCO;*;Z17 ;0000000000000;0000000000000;00000000;00000000;00000000;00000000;00000000;0000009848392;0000009926059;0000000000000;00077667;
20170303;DDI;*;F18 ;0000000000000;0000000000000;00247629;00000000;00000000;00000000;00000000;0000009828466;0000009905345;0000000119692;00076879;
20170303;DDI;*;F19 ;0000000000000;0000000000000;00103477;00000000;00000000;00000000;00000000;0000009540139;0000009617286;0000000120110;00077147;
20170303;DDI;*;F20 ;0000000000000;0000000000000;00095010;00000000;00000000;00000000;00000000;0000009191388;0000009264626;0000000114024;00073238;
20170303;DDI;*;F21 ;0000000000000;0000000000000;00099331;00000000;00000000;00000000;00000000;0000008781627;0000008842103;0000000094155;00060476;
20170303;DDI;*;F22 ;0000000000000;0000000000000;00037234;00000000;00000000;00000000;00000000;0000008379502;0000008439641;0000000093630;00060139;
20170303;DDI;*;F23 ;0000000000000;0000000000000;00029116;00000000;00000000;00000000;00000000;0000007978603;0000008042542;0000000099546;00063939;
20170303;DDI;*;F24 ;0000000000000;0000000000000;00024735;00000000;00000000;00000000;00000000;0000007569946;0000007629383;0000000092537;00059437;
20170303;DDI;*;F25 ;0000000000000;0000000000000;00017925;00000000;00000000;00000000;00000000;0000007155635;0000007211206;0000000086518;00055571;
20170303;DDI;*;F26 ;0000000000000;0000000000000;00014530;00000000;00000000;00000000;00000000;0000006742390;0000006808460;0000000102864;00066070;
20170303;DDI;*;F27 ;0000000000000;0000000000000;00010100;00000000;00000000;00000000;00000000;0000006328987;0000006391173;0000000096817;00062186;
20170303;DDI;*;F28 ;0000000000000;0000000000000;00000110;00000000;00000000;00000000;00000000;0000005977787;0000006036072;0000000090743;00058285;
20170303;DDI;*;F29 ;0000000000000;0000000000000;00000000;00000000;00000000;00000000;00000000;0000005642908;0000005700528;0000000000000;00057620;
20170303;DDI;*;F30 ;0000000000000;0000000000000;00000500;00000000;00000000;00000000;00000000;0000005333068;0000005385760;0000000082036;00052692;
20170303;DDI;*;G18 ;0000000000000;0000000000000;00013580;00000000;00000000;00000000;00000000;0000009808329;0000009884227;0000000118165;00075898;
20170303;DDI;*;H18 ;0000000000000;0000000000000;00000000;00000000;00000000;00000000;00000000;0000009791674;0000009866698;0000000000000;00075024;
20170303;DDI;*;J17 ;0000002331896;0000000743494;00751173;00000172;00000172;00000172;00000172;0000009994836;0000010074644;0000000124253;00079808;
20170303;DDI;*;J18 ;0000000000000;0000000000000;00057107;00000000;00000000;00000000;00000000;0000009771629;0000009846351;0000000116334;00074722;
20170303;DDI;*;J19 ;0000000000000;0000000000000;00043019;00000000;00000000;00000000;00000000;0000009463297;0000009535780;0000000112848;00072483;
20170303;DDI;*;J20 ;0000000000000;0000000000000;00020955;00000000;00000000;00000000;00000000;0000009096077;0000009166882;0000000110236;00070805;
20170303;DDI;*;J21 ;0000000000000;0000000000000;00005397;00000000;00000000;00000000;00000000;0000008675096;0000008736695;0000000095903;00061599;
20170303;DDI;*;K17 ;0000000000000;0000000000000;00226780;00000000;00000000;00000000;00000000;0000009977882;0000010057300;0000000123645;00079418;
20170303;DDI;*;M17 ;0000000000000;0000000000000;00097153;00000000;00000000;00000000;00000000;0000009960903;0000010039795;0000000122826;00078892;
20170303;DDI;*;N17 ;0000000000000;0000000000000;00325692;00000000;00000000;00000000;00000000;0000009945400;0000010024420;0000000123026;00079020;
20170303;DDI;*;N18 ;0000000000000;0000000000000;00043729;00000000;00000000;00000000;00000000;0000009705204;0000009779193;0000000115193;00073989;
20170303;DDI;*;N19 ;0000000000000;0000000000000;00052304;00000000;00000000;00000000;00000000;0000009379885;0000009452000;0000000112275;00072115;
20170303;DDI;*;N20 ;0000000000000;0000000000000;00030915;00000000;00000000;00000000;00000000;0000008994388;0000009061115;0000000103887;00066727;
20170303;DDI;*;N21 ;0000000000000;0000000000000;00004457;00000000;00000000;00000000;00000000;0000008582758;0000008642256;0000000092632;00059498;
20170303;DDI;*;Q17 ;0000000000000;0000000000000;00099614;00000000;00000000;00000000;00000000;0000009925479;0000010004450;0000000122949;00078971;
20170303;DDI;*;U17 ;0000000000000;0000000000000;00046380;00000000;00000000;00000000;00000000;0000009908828;0000009988544;0000000124109;00079716;
20170303;DDI;*;V17 ;0000000000000;0000000000000;00123152;00000000;00000000;00000000;00000000;0000009887676;0000009966120;0000000122129;00078444;
20170303;DDI;*;V18 ;0000000000000;0000000000000;00049248;00000000;00000000;00000000;00000000;0000009625125;0000009706267;0000000126329;00081142;
20170303;DDI;*;V19 ;0000000000000;0000000000000;00031584;00000000;00000000;00000000;00000000;0000009290169;0000009356904;0000000103899;00066735;
20170303;DDI;*;V20 ;0000000000000;0000000000000;00021570;00000000;00000000;00000000;00000000;0000008888994;0000008953075;0000000099767;00064081;
20170303;DDI;*;V21 ;0000000000000;0000000000000;00002172;00000000;00000000;00000000;00000000;0000008489046;0000008545774;0000000088319;00056728;
20170303;DDI;*;X17 ;0000000000000;0000000000000;00027849;00000000;00000000;00000000;00000000;0000009868770;0000009946427;0000000120904;00077657;
20170303;DDI;*;Z17 ;0000000000000;0000000000000;00022360;00000000;00000000;00000000;00000000;0000009849863;0000009926806;0000000119792;00076943;
20170303;DDM;*;K17 ;0000000000000;0000000000000;00000000;00000000;00000000;00000000;00000000;0000009875948;0000009877899;0000000000000;00001951;
20170303;DDM;*;K19 ;0000000000000;0000000000000;00000000;00000000;00000000;00000000;00000000;0000008869340;0000008857831;0000000000000;00011509;
20170303;DDM;*;K21 ;0000000000000;0000000000000;00000000;00000000;00000000;00000000;00000000;0000007979608;0000007968108;0000000000000;00011500;
20170303;DDM;*;K25 ;0000000000000;0000000000000;00000000;00000000;00000000;00000000;00000000;0000006478199;0000006474050;0000000000000;00004149;
20170303;DDM;*;Q18 ;0000000000000;0000000000000;00000000;00000000;00000000;00000000;00000000;0000009194318;0000009186763;0000000000000;00007555;
20170303;DDM;*;Q20 ;0000000000000;0000000000000;00000000;00000000;00000000;00000000;00000000;0000008299637;0000008287320;0000000000000;00012317;
20170303;DI1;*;F18 ;0029713988153;0009473915366;02433294;00010310;00010230;00010310;00010235;0000009230418;0000009225515;0000000004903;00004903;
20170303;DI1;*;F19 ;0018002255848;0005739783142;01511529;00009820;00009710;00009830;00009720;0000008451660;0000008435613;0000000016047;00016047;
20170303;DI1;*;F20 ;0007086212739;0002259345982;01116332;00009960;00009840;00009990;00009860;0000007672485;0000007649509;0000000022976;00022976;
20170303;DI1;*;F21 ;0014295513665;0004557937019;01504450;00010140;00009990;00010170;00010000;0000006952633;0000006917086;0000000035547;00035547;
20170303;DI1;*;F22 ;0000425988175;0000135820742;00082310;00010260;00010130;00010300;00010150;0000006284405;0000006243814;0000000040591;00040591;
20170303;DI1;*;F23 ;0003136020703;0000999879066;00676671;00010360;00010230;00010410;00010240;0000005678026;0000005642633;0000000035393;00035393;
20170303;DI1;*;F24 ;0000012586723;0000004013112;00047440;00010370;00010270;00010370;00010270;0000005139142;0000005093784;0000000045358;00045358;
20170303;DI1;*;F25 ;0002205646962;0000703241602;00539222;00010430;00010320;00010490;00010340;0000004641036;0000004598870;0000000042166;00042166;
20170303;DI1;*;F26 ;0000005647626;0000001800671;00063208;00010450;00010340;00010450;00010380;0000004197776;0000004156384;0000000041392;00041392;
20170303;DI1;*;F27 ;0000590465562;0000188262199;00297672;00010500;00010390;00010550;00010410;0000003789832;0000003749925;0000000039907;00039907;
20170303;DI1;*;F28 ;0000000000000;0000000000000;00000010;00000000;00000000;00000000;00000000;0000003427821;0000003388062;0000000039759;00039759;
20170303;DI1;*;F29 ;0000000000000;0000000000000;00003310;00000000;00000000;00000000;00000000;0000003102821;0000003063546;0000000039275;00039275;
20170303;DI1;*;F30 ;0000000000000;0000000000000;00000170;00000000;00000000;00000000;00000000;0000002807748;0000002769227;0000000038521;00038521;
20170303;DI1;*;G18 ;0000061375336;0000019568721;00012540;00010130;00010130;00010130;00010130;0000009160196;0000009155461;0000000004735;00004735;
20170303;DI1;*;H18 ;0000000000000;0000000000000;00000000;00000000;00000000;00000000;00000000;0000009103088;0000009097253;0000000000000;00005835;
20170303;DI1;*;J17 ;0008327162600;0002655006568;02357689;00012133;00012131;00012133;00012132;0000009905039;0000009905039;0000000000000;00000000;
20170303;DI1;*;J18 ;0001995087115;0000636107357;00655397;00010040;00009990;00010040;00009990;0000009036936;0000009029739;0000000007197;00007197;
20170303;DI1;*;J19 ;0001672272519;0000533182158;00208024;00009810;00009750;00009810;00009750;0000008257810;0000008243036;0000000014774;00014774;
20170303;DI1;*;J20 ;0000002619569;0000000835215;00073609;00009920;00009920;00009920;00009920;0000007485526;0000007462143;0000000023383;00023383;
20170303;DI1;*;J21 ;0000001017233;0000000324331;00025440;00010050;00010050;00010050;00010050;0000006783554;0000006746649;0000000036905;00036905;
20170303;DI1;*;K17 ;0000114488451;0000036503141;00238396;00011915;00011910;00011915;00011910;0000009827362;0000009827369;0000000000007;00000007;
20170303;DI1;*;M17 ;0004385253549;0001398180573;00169590;00011680;00011665;00011680;00011674;0000009736269;0000009736297;0000000000028;00000028;
20170303;DI1;*;N17 ;0056166092640;0017907821910;02149766;00011365;00011340;00011370;00011350;0000009656220;0000009655487;0000000000733;00000733;
20170303;DI1;*;N18 ;0003631909682;0001157986763;00692852;00009910;00009830;00009920;00009830;0000008840185;0000008831374;0000000008811;00008811;
20170303;DI1;*;N19 ;0000774854923;0000247052328;00435445;00009880;00009770;00009900;00009780;0000008067375;0000008049445;0000000017930;00017930;
20170303;DI1;*;N20 ;0002333614308;0000744042312;00871842;00010070;00009950;00010110;00009950;0000007306280;0000007280518;0000000025762;00025762;
20170303;DI1;*;N21 ;0000015863775;0000005057957;00053675;00010160;00010080;00010160;00010100;0000006615879;0000006577686;0000000038193;00038193;
20170303;DI1;*;N22 ;0000000000000;0000000000000;00004140;00000000;00000000;00000000;00000000;0000005977175;0000005939170;0000000038005;00038005;
20170303;DI1;*;N23 ;0000000000000;0000000000000;00003135;00000000;00000000;00000000;00000000;0000005402809;0000005362281;0000000040528;00040528;
20170303;DI1;*;N24 ;0000000000000;0000000000000;00001550;00000000;00000000;00000000;00000000;0000004889472;0000004845749;0000000043723;00043723;
20170303;DI1;*;Q17 ;0000369220407;0000117721084;00111763;00011180;00011115;00011180;00011130;0000009577131;0000009576576;0000000000555;00000555;
20170303;DI1;*;U17 ;0000000000000;0000000000000;00032982;00000000;00000000;00000000;00000000;0000009497486;0000009495885;0000000001601;00001601;
20170303;DI1;*;V17 ;0003896975032;0001242499373;00637136;00010710;00010670;00010710;00010680;0000009428802;0000009426306;0000000002496;00002496;
20170303;DI1;*;V18 ;0000800496696;0000255227871;00602965;00009830;00009750;00009830;00009750;0000008641825;0000008631433;0000000010392;00010392;
20170303;DI1;*;V19 ;0000010609396;0000003382667;00056662;00009870;00009820;00009870;00009820;0000007864349;0000007843892;0000000020457;00020457;
20170303;DI1;*;V20 ;0000002492100;0000000794573;00045253;00010000;00010000;00010000;00010000;0000007121440;0000007093185;0000000028255;00028255;
20170303;DI1;*;V21 ;0000000000000;0000000000000;00015357;00000000;00000000;00000000;00000000;0000006445460;0000006406004;0000000039456;00039456;
20170303;DI1;*;X17 ;0000000000000;0000000000000;00015142;00000000;00000000;00000000;00000000;0000009360023;0000009356448;0000000003575;00003575;
20170303;DI1;*;Z17 ;0000774961723;0000247086380;00012895;00010400;00010400;00010400;00010400;0000009294981;0000009290735;0000000004246;00004246;
20170303;DOL;*;F18 ;0000000000000;0000000000000;00003870;00000000;00000000;00000000;00000000;0000033155460;0000033432560;0000000138550;00277100;
20170303;DOL;*;F19 ;0000000000000;0000000000000;00000000;00000000;00000000;00000000;00000000;0000035148220;0000035499860;0000000000000;00351640;
20170303;DOL;*;F20 ;0000000000000;0000000000000;00000000;00000000;00000000;00000000;00000000;0000037302310;0000037712470;0000000000000;00410160;
20170303;DOL;*;F21 ;0000000000000;0000000000000;00003100;00000000;00000000;00000000;00000000;0000039329320;0000039803670;0000000237175;00474350;
20170303;DOL;*;F25 ;0000000000000;0000000000000;00000000;00000000;00000000;00000000;00000000;0000048009140;0000048825590;0000000000000;00816450;
20170303;DOL;*;G18 ;0000000000000;0000000000000;00000000;00000000;00000000;00000000;00000000;0000033341180;0000033616550;0000000000000;00275370;
20170303;DOL;*;H18 ;0000000000000;0000000000000;00000000;00000000;00000000;00000000;00000000;0000033493380;0000033771650;0000000000000;00278270;
20170303;DOL;*;J17 ;0053551147500;0017074080953;00528419;03179500;03135500;03186500;03141500;0000031420330;0000031671300;0000000125485;00250970;
20170303;DOL;*;J18 ;0000000000000;0000000000000;00000000;00000000;00000000;00000000;00000000;0000033669490;0000033953990;0000000000000;00284500;
20170303;DOL;*;J19 ;0000000000000;0000000000000;00000050;00000000;00000000;00000000;00000000;0000035683570;0000036021330;0000000168880;00337760;
20170303;DOL;*;K17 ;0000011093375;0000003536977;00004550;03178500;03165000;03178500;03165000;0000031614920;0000031866530;0000000125805;00251610;
20170303;DOL;*;M17 ;0000316592500;0000100941366;00001620;03198000;03190000;03198000;03190000;0000031856410;0000032108630;0000000126110;00252220;
20170303;DOL;*;N17 ;0000040366000;0000012870170;00030955;03231000;03227000;03233500;03227000;0000032070510;0000032327770;0000000128630;00257260;
20170303;DOL;*;N18 ;0000000000000;0000000000000;00000170;00000000;00000000;00000000;00000000;0000034184880;0000034479860;0000000147490;00294980;
20170303;DOL;*;N19 ;0000000000000;0000000000000;00000400;00000000;00000000;00000000;00000000;0000036203950;0000036563560;0000000179805;00359610;
20170303;DOL;*;N21 ;0000000000000;0000000000000;00000000;00000000;00000000;00000000;00000000;0000040395220;0000040911430;0000000000000;00516210;
20170303;DOL;*;Q17 ;0000000000000;0000000000000;00002905;00000000;00000000;00000000;00000000;0000032270580;0000032529230;0000000129325;00258650;
20170303;DOL;*;U17 ;0000000000000;0000000000000;00000840;00000000;00000000;00000000;00000000;0000032486610;0000032753480;0000000133435;00266870;
20170303;DOL;*;V17 ;0000000000000;0000000000000;00001035;00000000;00000000;00000000;00000000;0000032653400;0000032921170;0000000133885;00267770;
20170303;DOL;*;V18 ;0000000000000;0000000000000;00000000;00000000;00000000;00000000;00000000;0000034681000;0000035015480;0000000000000;00334480;
20170303;DOL;*;V19 ;0000000000000;0000000000000;00000000;00000000;00000000;00000000;00000000;0000036783370;0000037144220;0000000000000;00360850;
20170303;DOL;*;X17 ;0000000000000;0000000000000;00000000;00000000;00000000;00000000;00000000;0000032830450;0000033101430;0000000000000;00270980;
20170303;DOL;*;Z17 ;0000000000000;0000000000000;00000000;00000000;00000000;00000000;00000000;0000032996840;0000033269800;0000000000000;00272960;
20170303;DR1;*;J7K7;0000000000000;0000000000000;00000000;00019650;00019400;00019650;00019400;0000000000000;0000000000000;0000000000000;00000000;
20170303;ETH;*;H17 ;0000000187140;0000000059797;00000764;00155950;00155950;00155950;00155950;0000000159300;0000000159300;0000000000000;00000000;
20170303;ETH;*;J17 ;0000000000000;0000000000000;00000000;00000000;00000000;00000000;00000000;0000000155100;0000000155100;0000000000000;00000000;
20170303;ETH;*;K17 ;0000000000000;0000000000000;00000110;00000000;00000000;00000000;00000000;0000000155500;0000000155500;0000000000000;00000000;
20170303;ETH;*;M17 ;0000000000000;0000000000000;00000200;00000000;00000000;00000000;00000000;0000000161500;0000000161500;0000000000000;00000000;
20170303;ETH;*;N17 ;0000000000000;0000000000000;00000205;00000000;00000000;00000000;00000000;0000000165000;0000000165000;0000000000000;00000000;
20170303;ETH;*;Q17 ;0000000000000;0000000000000;00000205;00000000;00000000;00000000;00000000;0000000165000;0000000165000;0000000000000;00000000;
20170303;ETH;*;U17 ;0000000000000;0000000000000;00000000;00000000;00000000;00000000;00000000;0000000163000;0000000163000;0000000000000;00000000;
20170303;ETH;*;V17 ;0000000000000;0000000000000;00000000;00000000;00000000;00000000;00000000;0000000163000;0000000163000;0000000000000;00000000;
20170303;ETH;*;X17 ;0000000000000;0000000000000;00000000;00000000;00000000;00000000;00000000;0000000163000;0000000163000;0000000000000;00000000;
20170303;ETH;*;Z17 ;0000000000000;0000000000000;00000000;00000000;00000000;00000000;00000000;0000000165000;0000000165000;0000000000000;00000000;
20170303;EUR;*;J17 ;0000010839900;0000003456160;00012526;03352600;03331300;03352600;03333100;0000033287080;0000033305990;0000000009455;00018910;
20170303;EUR;*;K17 ;0000000000000;0000000000000;00000050;00000000;00000000;00000000;00000000;0000033529300;0000033547170;0000000008935;00017870;
20170303;EUR;*;M17 ;0000000000000;0000000000000;00000000;00000000;00000000;00000000;00000000;0000033836910;0000033854240;0000000000000;00017330;
20170303;EUR;*;N17 ;0000000000000;0000000000000;00003190;00000000;00000000;00000000;00000000;0000034120890;0000034142020;0000000010565;00021130;
20170303;EUR;*;V17 ;0000000000000;0000000000000;00000000;00000000;00000000;00000000;00000000;0000034919290;0000034944370;0000000000000;00025080;
20170303;FRC;*;F18 ;0000000000000;0000000000000;00000000;00000220;00000220;00000222;00000222;0000000000222;0000000000225;0000000000001;00000003;
20170303;FRC;*;F19 ;0000000000000;0000000000000;00000000;00000268;00000263;00000268;00000268;0000000000268;0000000000268;0000000000000;00000000;
20170303;FRC;*;F20 ;0000000000000;0000000000000;00000000;00000312;00000311;00000313;00000313;0000000000313;0000000000314;0000000000000;00000001;
20170303;FRC;*;F21 ;0000000000000;0000000000000;00000000;00000362;00000362;00000363;00000363;0000000000363;0000000000366;0000000000001;00000003;
20170303;FRC;*;F22 ;0000000000000;0000000000000;00000000;00000400;00000400;00000400;00000400;0000000000400;0000000000402;0000000000001;00000002;
20170303;FRC;*;F23 ;0000000000000;0000000000000;00000000;00000433;00000433;00000435;00000435;0000000000433;0000000000433;0000000000000;00000000;
20170303;FRC;*;F24 ;0000000000000;0000000000000;00000000;00000468;00000468;00000468;00000468;0000000000468;0000000000468;0000000000000;00000000;
20170303;FRC;*;F25 ;0000000000000;0000000000000;00000000;00000505;00000505;00000505;00000505;0000000000505;0000000000505;0000000000000;00000000;
20170303;FRC;*;F26 ;0000000000000;0000000000000;00000000;00000543;00000543;00000543;00000543;0000000000543;0000000000540;0000000000001;00000003;
20170303;FRC;*;F27 ;0000000000000;0000000000000;00000000;00000000;00000000;00000000;00000000;0000000000585;0000000000582;0000000000000;00000003;
20170303;FRC;*;F28 ;0000000000000;0000000000000;00000000;00000000;00000000;00000000;00000000;0000000000616;0000000000613;0000000000000;00000003;
20170303;FRC;*;F29 ;0000000000000;0000000000000;00000000;00000000;00000000;00000000;00000000;0000000000647;0000000000644;0000000000000;00000003;
20170303;FRC;*;F30 ;0000000000000;0000000000000;00000000;00000000;00000000;00000000;00000000;0000000000676;0000000000673;0000000000000;00000003;
20170303;FRC;*;G18 ;0000000000000;0000000000000;00000000;00000226;00000226;00000226;00000226;0000000000225;0000000000228;0000000000001;00000003;
20170303;FRC;*;H18 ;0000000000000;0000000000000;00000000;00000226;00000226;00000226;00000226;0000000000225;0000000000228;0000000000001;00000003;
20170303;FRC;*;J18 ;0000000000000;0000000000000;00000000;00000225;00000225;00000227;00000226;0000000000226;0000000000229;0000000000001;00000003;
20170303;FRC;*;J19 ;0000000000000;0000000000000;00000000;00000000;00000000;00000000;00000000;0000000000278;0000000000279;0000000000000;00000001;
20170303;FRC;*;J20 ;0000000000000;0000000000000;00000000;00000000;00000000;00000000;00000000;0000000000325;0000000000326;0000000000000;00000001;
20170303;FRC;*;J21 ;0000000000000;0000000000000;00000000;00000000;00000000;00000000;00000000;0000000000375;0000000000378;0000000000000;00000003;
20170303;FRC;*;K17 ;0000000000000;0000000000000;00000000;00000207;00000207;00000210;00000210;0000000000210;0000000000214;0000000000002;00000004;
20170303;FRC;*;M17 ;0000000000000;0000000000000;00000000;00000208;00000205;00000209;00000209;0000000000208;0000000000212;0000000000002;00000004;
20170303;FRC;*;N17 ;0000000000000;0000000000000;00000000;00000195;00000195;00000197;00000197;0000000000197;0000000000198;0000000000000;00000001;
20170303;FRC;*;N18 ;0000000000000;0000000000000;00000000;00000236;00000236;00000236;00000236;0000000000236;0000000000239;0000000000001;00000003;
20170303;FRC;*;N19 ;0000000000000;0000000000000;00000000;00000290;00000286;00000290;00000288;0000000000288;0000000000290;0000000000001;00000002;
20170303;FRC;*;N20 ;0000000000000;0000000000000;00000000;00000338;00000338;00000338;00000338;0000000000338;0000000000340;0000000000001;00000002;
20170303;FRC;*;N21 ;0000000000000;0000000000000;00000000;00000000;00000000;00000000;00000000;0000000000382;0000000000385;0000000000000;00000003;
20170303;FRC;*;Q17 ;0000000000000;0000000000000;00000000;00000210;00000210;00000210;00000210;0000000000210;0000000000211;0000000000000;00000001;
20170303;FRC;*;U17 ;0000000000000;0000000000000;00000000;00000203;00000202;00000203;00000202;0000000000207;0000000000206;0000000000000;00000001;
20170303;FRC;*;V17 ;0000000000000;0000000000000;00000000;00000210;00000210;00000214;00000214;0000000000214;0000000000215;0000000000000;00000001;
20170303;FRC;*;V18 ;0000000000000;0000000000000;00000000;00000000;00000000;00000000;00000000;0000000000253;0000000000250;0000000000000;00000003;
20170303;FRC;*;V19 ;0000000000000;0000000000000;00000000;00000300;00000300;00000300;00000300;0000000000300;0000000000303;0000000000001;00000003;
20170303;FRC;*;V20 ;0000000000000;0000000000000;00000000;00000000;00000000;00000000;00000000;0000000000351;0000000000353;0000000000000;00000002;
20170303;FRC;*;V21 ;0000000000000;0000000000000;00000000;00000000;00000000;00000000;00000000;0000000000389;0000000000392;0000000000000;00000003;
20170303;FRC;*;X17 ;0000000000000;0000000000000;00000000;00000215;00000215;00000215;00000215;0000000000217;0000000000219;0000000000001;00000002;
20170303;FRC;*;Z17 ;0000000000000;0000000000000;00000000;00000218;00000218;00000218;00000218;0000000000219;0000000000221;0000000000001;00000002;
20170303;FRO;*;F18 ;0000000000000;0000000000000;00000000;00000000;00000000;00000000;00000000;0000000000224;0000000000227;0000000000000;00000003;
20170303;FRO;*;F19 ;0000000000000;0000000000000;00000000;00000000;00000000;00000000;00000000;0000000000270;0000000000270;0000000000000;00000000;
20170303;FRO;*;F20 ;0000000000000;0000000000000;00000000;00000000;00000000;00000000;00000000;0000000000315;0000000000316;0000000000000;00000001;
20170303;FRO;*;F21 ;0000000000000;0000000000000;00000000;00000000;00000000;00000000;00000000;0000000000365;0000000000368;0000000000000;00000003;
20170303;FRO;*;F22 ;0000000000000;0000000000000;00000000;00000000;00000000;00000000;00000000;0000000000402;0000000000404;0000000000000;00000002;
20170303;FRO;*;F23 ;0000000000000;0000000000000;00000000;00000000;00000000;00000000;00000000;0000000000435;0000000000435;0000000000000;00000000;
20170303;FRO;*;F24 ;0000000000000;0000000000000;00000000;00000000;00000000;00000000;00000000;0000000000470;0000000000471;0000000000000;00000001;
20170303;FRO;*;F25 ;0000000000000;0000000000000;00000000;00000000;00000000;00000000;00000000;0000000000507;0000000000508;0000000000000;00000001;
20170303;FRO;*;F26 ;0000000000000;0000000000000;00000000;00000000;00000000;00000000;00000000;0000000000546;0000000000543;0000000000000;00000003;
20170303;FRO;*;F27 ;0000000000000;0000000000000;00000000;00000000;00000000;00000000;00000000;0000000000588;0000000000585;0000000000000;00000003;
20170303;FRO;*;F28 ;0000000000000;0000000000000;00000000;00000000;00000000;00000000;00000000;0000000000619;0000000000616;0000000000000;00000003;
20170303;FRO;*;F29 ;0000000000000;0000000000000;00000000;00000000;00000000;00000000;00000000;0000000000650;0000000000648;0000000000000;00000002;
20170303;FRO;*;F30 ;0000000000000;0000000000000;00000000;00000000;00000000;00000000;00000000;0000000000679;0000000000677;0000000000000;00000002;
20170303;FRO;*;G18 ;0000000000000;0000000000000;00000000;00000000;00000000;00000000;00000000;0000000000227;0000000000230;0000000000000;00000003;
20170303;FRO;*;H18 ;0000000000000;0000000000000;00000000;00000000;00000000;00000000;00000000;0000000000227;0000000000230;0000000000000;00000003;
20170303;FRO;*;J18 ;0000000000000;0000000000000;00000000;00000000;00000000;00000000;00000000;0000000000228;0000000000231;0000000000000;00000003;
20170303;FRO;*;J19 ;0000000000000;0000000000000;00000000;00000000;00000000;00000000;00000000;0000000000280;0000000000281;0000000000000;00000001;
20170303;FRO;*;J20 ;0000000000000;0000000000000;00000000;00000000;00000000;00000000;00000000;0000000000327;0000000000328;0000000000000;00000001;
20170303;FRO;*;J21 ;0000000000000;0000000000000;00000000;00000000;00000000;00000000;00000000;0000000000377;0000000000380;0000000000000;00000003;
20170303;FRO;*;K17 ;0000000000000;0000000000000;00000000;00000000;00000000;00000000;00000000;0000000000212;0000000000216;0000000000000;00000004;
20170303;FRO;*;M17 ;0000000000000;0000000000000;00000000;00000000;00000000;00000000;00000000;0000000000210;0000000000214;0000000000000;00000004;
20170303;FRO;*;N17 ;0000000000000;0000000000000;00000000;00000000;00000000;00000000;00000000;0000000000199;0000000000200;0000000000000;00000001;
20170303;FRO;*;N18 ;0000000000000;0000000000000;00000000;00000000;00000000;00000000;00000000;0000000000238;0000000000241;0000000000000;00000003;
20170303;FRO;*;N19 ;0000000000000;0000000000000;00000000;00000000;00000000;00000000;00000000;0000000000290;0000000000292;0000000000000;00000002;
20170303;FRO;*;N20 ;0000000000000;0000000000000;00000000;00000000;00000000;00000000;00000000;0000000000340;0000000000342;0000000000000;00000002;
20170303;FRO;*;N21 ;0000000000000;0000000000000;00000000;00000000;00000000;00000000;00000000;0000000000384;0000000000387;0000000000000;00000003;
20170303;FRO;*;Q17 ;0000000000000;0000000000000;00000000;00000000;00000000;00000000;00000000;0000000000212;0000000000213;0000000000000;00000001;
20170303;FRO;*;U17 ;0000000000000;0000000000000;00000000;00000000;00000000;00000000;00000000;0000000000209;0000000000208;0000000000000;00000001;
20170303;FRO;*;V17 ;0000000000000;0000000000000;00000000;00000000;00000000;00000000;00000000;0000000000216;0000000000217;0000000000000;00000001;
20170303;FRO;*;V18 ;0000000000000;0000000000000;00000000;00000000;00000000;00000000;00000000;0000000000255;0000000000252;0000000000000;00000003;
20170303;FRO;*;V19 ;0000000000000;0000000000000;00000000;00000000;00000000;00000000;00000000;0000000000302;0000000000305;0000000000000;00000003;
20170303;FRO;*;V20 ;0000000000000;0000000000000;00000000;00000000;00000000;00000000;00000000;0000000000353;0000000000355;0000000000000;00000002;
20170303;FRO;*;V21 ;0000000000000;0000000000000;00000000;00000000;00000000;00000000;00000000;0000000000391;0000000000394;0000000000000;00000003;
20170303;FRO;*;X17 ;0000000000000;0000000000000;00000000;00000000;00000000;00000000;00000000;0000000000219;0000000000221;0000000000000;00000002;
20170303;FRO;*;Z17 ;0000000000000;0000000000000;00000000;00000000;00000000;00000000;00000000;0000000000221;0000000000223;0000000000000;00000002;
20170303;FRP;*;FRP0;0000000000000;0000000000000;00000000;00002390;00002330;00002650;00002650;0000000000000;0000000000000;0000000000000;00000000;
20170303;GBP;*;J17 ;0000008231212;0000002624414;00001058;03855300;03855300;03856000;03856000;0000038577940;0000038869910;0000000102189;00291970;
20170303;GBP;*;K17 ;0000000000000;0000000000000;00000000;00000000;00000000;00000000;00000000;0000038836320;0000039128850;0000000000000;00292530;
20170303;GBP;*;M17 ;0000000000000;0000000000000;00000000;00000000;00000000;00000000;00000000;0000039167360;0000039461520;0000000000000;00294160;
20170303;HSI;*;H17 ;0000000000000;0000000000000;00000000;00000000;00000000;00000000;00000000;0000000023550;0000000023639;0000000000000;00000089;
20170303;HSI;*;J17 ;0000000000000;0000000000000;00000000;00000000;00000000;00000000;00000000;0000000023556;0000000023647;0000000000000;00000091;
20170303;IAP;*;H17 ;0000000000000;0000000000000;00000000;00000000;00000000;00000000;00000000;0000000481520;0000000481511;0000000000225;00000009;
20170303;IAP;*;J17 ;0000000000000;0000000000000;00000000;00000000;00000000;00000000;00000000;0000000482976;0000000482941;0000000000000;00000035;
20170303;IAP;*;K17 ;0000000000000;0000000000000;00000000;00000000;00000000;00000000;00000000;0000000485220;0000000485159;0000000000000;00000061;
20170303;IAP;*;K19 ;0000000000000;0000000000000;00000000;00000000;00000000;00000000;00000000;0000000527332;0000000527517;0000000000000;00000185;
20170303;IAP;*;K21 ;0000000000000;0000000000000;00000000;00000000;00000000;00000000;00000000;0000000576614;0000000578026;0000000000000;00001412;
20170303;IAP;*;Q18 ;0000000000000;0000000000000;00000000;00000000;00000000;00000000;00000000;0000000510109;0000000509832;0000000000000;00000277;
20170303;IAP;*;Q20 ;0000000000000;0000000000000;00000000;00000000;00000000;00000000;00000000;0000000558159;0000000558990;0000000000000;00000831;
20170303;IAP;*;Q22 ;0000000000000;0000000000000;00000000;00000000;00000000;00000000;00000000;0000000609853;0000000611518;0000000000000;00001665;
20170303;ICF;*;H17 ;0000000249288;0000000079655;00000256;00015850;00015850;00015985;00015985;0000000016135;0000000016260;0000000039120;00000125;
20170303;ICF;*;H18 ;0000000000000;0000000000000;00000000;00000000;00000000;00000000;00000000;0000000018610;0000000018750;0000000000000;00000140;
20170303;ICF;*;K17 ;0000000000000;0000000000000;00000100;00000000;00000000;00000000;00000000;0000000017160;0000000017300;0000000043814;00000140;
20170303;ICF;*;N17 ;0000000000000;0000000000000;00000100;00000000;00000000;00000000;00000000;0000000017385;0000000017530;0000000045379;00000145;
20170303;ICF;*;U17 ;0000004114782;0000001314795;00004518;00017760;00017670;00017865;00017800;0000000017715;0000000017850;0000000042249;00000135;
20170303;ICF;*;U18 ;0000000692142;0000000221160;00000344;00018470;00018400;00018470;00018400;0000000018255;0000000018375;0000000037555;00000120;
20170303;ICF;*;Z17 ;0000000000000;0000000000000;00000192;00000000;00000000;00000000;00000000;0000000018195;0000000018340;0000000045379;00000145;
20170303;ICF;*;Z18 ;0000000000000;0000000000000;00000029;00000000;00000000;00000000;00000000;0000000018555;0000000018660;0000000032860;00000105;
20170303;IGM;*;K17 ;0000000000000;0000000000000;00000000;00000000;00000000;00000000;00000000;0000000669543;0000000669675;0000000002640;00000132;
20170303;IGM;*;K19 ;0000000000000;0000000000000;00000000;00000000;00000000;00000000;00000000;0000000721261;0000000721727;0000000000000;00000466;
20170303;IGM;*;K21 ;0000000000000;0000000000000;00000000;00000000;00000000;00000000;00000000;0000000790080;0000000793343;0000000000000;00003263;
20170303;IGM;*;Q18 ;0000000000000;0000000000000;00000000;00000000;00000000;00000000;00000000;0000000698363;0000000698535;0000000000000;00000172;
20170303;IGM;*;Q20 ;0000000000000;0000000000000;00000000;00000000;00000000;00000000;00000000;0000000763725;0000000765414;0000000000000;00001689;
20170303;IND;*;G18 ;0000000000000;0000000000000;00000000;00000000;00000000;00000000;00000000;0000000072409;0000000071339;0000000000000;00001070;
20170303;IND;*;J17 ;0004693670525;0001496515280;00259302;00066680;00066375;00067625;00067480;0000000067570;0000000066534;0000000103600;00001036;
20170303;IND;*;J18 ;0000000000000;0000000000000;00000000;00000000;00000000;00000000;00000000;0000000073396;0000000072331;0000000000000;00001065;
20170303;IND;*;M17 ;0000025160000;0000008021936;00023145;00068000;00068000;00068000;00068000;0000000068684;0000000067633;0000000105100;00001051;
20170303;IND;*;M18 ;0000000000000;0000000000000;00001080;00000000;00000000;00000000;00000000;0000000074263;0000000073194;0000000106900;00001069;
20170303;IND;*;Q17 ;0000000000000;0000000000000;00002205;00000000;00000000;00000000;00000000;0000000069721;0000000068660;0000000106100;00001061;
20170303;IND;*;Q18 ;0000000000000;0000000000000;00000000;00000000;00000000;00000000;00000000;0000000075316;0000000074243;0000000000000;00001073;
20170303;IND;*;V17 ;0000000000000;0000000000000;00000950;00000000;00000000;00000000;00000000;0000000070659;0000000069598;0000000106100;00001061;
20170303;IND;*;V18 ;0000000000000;0000000000000;00000000;00000000;00000000;00000000;00000000;0000000076344;0000000075273;0000000000000;00001071;
20170303;IND;*;Z17 ;0000006372000;0000002031629;00011050;00070800;00070800;00070800;00070800;0000000071503;0000000070441;0000000106200;00001062;
20170303;IND;*;Z18 ;0000000000000;0000000000000;00000025;00000000;00000000;00000000;00000000;0000000077274;0000000076223;0000000105100;00001051;
20170303;IR1;*;J7M7;0000000000000;0000000000000;00000000;00001090;00001090;00001090;00001090;0000000000000;0000000000000;0000000000000;00000000;
20170303;ISP;*;H17 ;0000236810260;0000075667900;00002804;00237850;00237500;00238375;00238075;0000000238125;0000000238200;0000000011736;00000075;
20170303;ISP;*;M17 ;0000002231014;0000000712875;00000033;00237500;00237450;00237700;00237700;0000000237775;0000000237850;0000000011736;00000075;
20170303;ISP;*;U17 ;0000000000000;0000000000000;00000000;00000000;00000000;00000000;00000000;0000000237475;0000000237550;0000000000000;00000075;
20170303;ISP;*;Z17 ;0000000000000;0000000000000;00000000;00000000;00000000;00000000;00000000;0000000237225;0000000237300;0000000000000;00000075;
20170303;JPY;*;J17 ;0000014761050;0000004706367;00002326;02767500;02750600;02767500;02750600;0000027524600;0000027686300;0000000080850;00161700;
20170303;JPY;*;K17 ;0000000000000;0000000000000;00000029;00000000;00000000;00000000;00000000;0000027717300;0000027879600;0000000081150;00162300;
20170303;JPY;*;M17 ;0000000000000;0000000000000;00000000;00000000;00000000;00000000;00000000;0000027962900;0000028127000;0000000000000;00164100;
20170303;JPY;*;N17 ;0000000000000;0000000000000;00000000;00000000;00000000;00000000;00000000;0000028192500;0000028360600;0000000000000;00168100;
20170303;JSE;*;H17 ;0000000000000;0000000000000;00000000;00000000;00000000;00000000;00000000;0000000044530;0000000044750;0000000000000;00000220;
20170303;JSE;*;M17 ;0000000000000;0000000000000;00000000;00000000;00000000;00000000;00000000;0000000045025;0000000045247;0000000000000;00000222;
20170303;MIX;*;H17 ;0000000000000;0000000000000;00000000;00000000;00000000;00000000;00000000;0000000002063;0000000002054;0000000000000;00000009;
20170303;MIX;*;M17 ;0000000000000;0000000000000;00000000;00000000;00000000;00000000;00000000;0000000002088;0000000002090;0000000000000;00000002;
20170303;MXN;*;J17 ;0000024406800;0000007781788;00000610;01573600;01573600;01607800;01597000;0000016013550;0000015771270;0000000181710;00242280;
20170303;MXN;*;K17 ;0000000000000;0000000000000;00000013;00000000;00000000;00000000;00000000;0000016037230;0000015795330;0000000181425;00241900;
20170303;MXN;*;M17 ;0000000000000;0000000000000;00000000;00000000;00000000;00000000;00000000;0000016085280;0000015844520;0000000000000;00240760;
20170303;NZD;*;J17 ;0000016561500;0000005280417;00000105;02208200;02208200;02208200;02208200;0000022044490;0000022334450;0000000217470;00289960;
20170303;NZD;*;K17 ;0000000000000;0000000000000;00000000;00000000;00000000;00000000;00000000;0000022162230;0000022453000;0000000000000;00290770;
20170303;NZD;*;M17 ;0000000000000;0000000000000;00000000;00000000;00000000;00000000;00000000;0000022312080;0000022606950;0000000000000;00294870;
20170303;OC1;*;F18 ;0000000000000;0000000000000;00000000;00000000;00000000;00000000;00000000;0000009229111;0000009224141;0000000000000;00004970;
20170303;OC1;*;F19 ;0000000000000;0000000000000;00000000;00000000;00000000;00000000;00000000;0000008449007;0000008432689;0000000000000;00016318;
20170303;OC1;*;F20 ;0000000000000;0000000000000;00000000;00000000;00000000;00000000;00000000;0000007668748;0000007645396;0000000000000;00023352;
20170303;OC1;*;F21 ;0000000000000;0000000000000;00000000;00000000;00000000;00000000;00000000;0000006948056;0000006911819;0000000000000;00036237;
20170303;OC1;*;F22 ;0000000000000;0000000000000;00000000;00000000;00000000;00000000;00000000;0000006278920;0000006237827;0000000000000;00041093;
20170303;OC1;*;F23 ;0000000000000;0000000000000;00000000;00000000;00000000;00000000;00000000;0000005672050;0000005636106;0000000000000;00035944;
20170303;OC1;*;F24 ;0000000000000;0000000000000;00000000;00000000;00000000;00000000;00000000;0000005132815;0000005086895;0000000000000;00045920;
20170303;OC1;*;F25 ;0000000000000;0000000000000;00000000;00000000;00000000;00000000;00000000;0000004634478;0000004591406;0000000000000;00043072;
20170303;OC1;*;F26 ;0000000000000;0000000000000;00000000;00000000;00000000;00000000;00000000;0000004191083;0000004148772;0000000000000;00042311;
20170303;OC1;*;F27 ;0000000000000;0000000000000;00000000;00000000;00000000;00000000;00000000;0000003783113;0000003742288;0000000000000;00040825;
20170303;OC1;*;F28 ;0000000000000;0000000000000;00000000;00000000;00000000;00000000;00000000;0000003421127;0000003380463;0000000000000;00040664;
20170303;OC1;*;F29 ;0000000000000;0000000000000;00000000;00000000;00000000;00000000;00000000;0000003096209;0000003056048;0000000000000;00040161;
20170303;OC1;*;F30 ;0000000000000;0000000000000;00000000;00000000;00000000;00000000;00000000;0000002801262;0000002761879;0000000000000;00039383;
20170303;OC1;*;G18 ;0000000000000;0000000000000;00000000;00000000;00000000;00000000;00000000;0000009158760;0000009153952;0000000000000;00004808;
20170303;OC1;*;H18 ;0000000000000;0000000000000;00000000;00000000;00000000;00000000;00000000;0000009101548;0000009095634;0000000000000;00005914;
20170303;OC1;*;J17 ;0000000000000;0000000000000;00029800;00000000;00000000;00000000;00000000;0000009904892;0000009904884;0000000000008;00000008;
20170303;OC1;*;J18 ;0000000000000;0000000000000;00000000;00000000;00000000;00000000;00000000;0000009035276;0000009027995;0000000000000;00007281;
20170303;OC1;*;J19 ;0000000000000;0000000000000;00000000;00000000;00000000;00000000;00000000;0000008254873;0000008239797;0000000000000;00015076;
20170303;OC1;*;J20 ;0000000000000;0000000000000;00000000;00000000;00000000;00000000;00000000;0000007481563;0000007457781;0000000000000;00023782;
20170303;OC1;*;J21 ;0000000000000;0000000000000;00000000;00000000;00000000;00000000;00000000;0000006778806;0000006741189;0000000000000;00037617;
20170303;OC1;*;K17 ;0000000000000;0000000000000;00000000;00000000;00000000;00000000;00000000;0000009827090;0000009827083;0000000000000;00000007;
20170303;OC1;*;M17 ;0000000000000;0000000000000;00000000;00000000;00000000;00000000;00000000;0000009735847;0000009735854;0000000000000;00000007;
20170303;OC1;*;N17 ;0000000000000;0000000000000;00000000;00000000;00000000;00000000;00000000;0000009655656;0000009654895;0000000000000;00000761;
20170303;OC1;*;N18 ;0000000000000;0000000000000;00000000;00000000;00000000;00000000;00000000;0000008838177;0000008829264;0000000000000;00008913;
20170303;OC1;*;N19 ;0000000000000;0000000000000;00000000;00000000;00000000;00000000;00000000;0000008064163;0000008045906;0000000000000;00018257;
20170303;OC1;*;N20 ;0000000000000;0000000000000;00000000;00000000;00000000;00000000;00000000;0000007302108;0000007275710;0000000000000;00026398;
20170303;OC1;*;N21 ;0000000000000;0000000000000;00000000;00000000;00000000;00000000;00000000;0000006610970;0000006572042;0000000000000;00038928;
20170303;OC1;*;N22 ;0000000000000;0000000000000;00000000;00000000;00000000;00000000;00000000;0000005971427;0000005932894;0000000000000;00038533;
20170303;OC1;*;N23 ;0000000000000;0000000000000;00000000;00000000;00000000;00000000;00000000;0000005396642;0000005355556;0000000000000;00041086;
20170303;OC1;*;N24 ;0000000000000;0000000000000;00000000;00000000;00000000;00000000;00000000;0000004883019;0000004838723;0000000000000;00044296;
20170303;OC1;*;Q17 ;0000000000000;0000000000000;00000000;00000000;00000000;00000000;00000000;0000009576426;0000009575836;0000000000000;00000590;
20170303;OC1;*;U17 ;0000000000000;0000000000000;00000000;00000000;00000000;00000000;00000000;0000009496629;0000009495029;0000000000000;00001600;
20170303;OC1;*;V17 ;0000000000000;0000000000000;00000000;00000000;00000000;00000000;00000000;0000009427815;0000009425321;0000000000000;00002494;
20170303;OC1;*;V18 ;0000000000000;0000000000000;00000000;00000000;00000000;00000000;00000000;0000008639481;0000008628970;0000000000000;00010511;
20170303;OC1;*;V19 ;0000000000000;0000000000000;00000000;00000000;00000000;00000000;00000000;0000007860862;0000007840051;0000000000000;00020811;
20170303;OC1;*;V20 ;0000000000000;0000000000000;00000000;00000000;00000000;00000000;00000000;0000007117059;0000007088136;0000000000000;00028923;
20170303;OC1;*;V21 ;0000000000000;0000000000000;00000000;00000000;00000000;00000000;00000000;0000006440391;0000006400178;0000000000000;00040213;
20170303;OC1;*;X17 ;0000000000000;0000000000000;00000000;00000000;00000000;00000000;00000000;0000009358956;0000009355326;0000000000000;00003630;
20170303;OC1;*;Z17 ;0000000000000;0000000000000;00000000;00000000;00000000;00000000;00000000;0000009293794;0000009289486;0000000000000;00004308;
20170303;OZ1;*;0000;0000000861687;0000000274738;00000000;00123799;00123000;00123800;00123700;0000000123221;0000000122167;0000000000000;00000200;
20170303;OZ1;*;J17 ;0000000000000;0000000000000;00000000;00000000;00000000;00000000;00000000;0000000124829;0000000124684;0000000000000;00000145;
20170303;OZ1;*;K17 ;0000000000000;0000000000000;00000000;00000000;00000000;00000000;00000000;0000000125818;0000000125672;0000000000000;00000146;
20170303;OZ2;*;0000;0000000056610;0000000018049;00000000;00122000;00122000;00124000;00123900;0000000123189;0000000123239;0000000000000;00000400;
20170303;OZ3;*;0000;0000000011393;0000000003633;00000000;00122000;00122000;00122700;00122700;0000000122310;0000000122275;0000000000000;00000300;
20170303;SCS;*;J703;0000000000000;0000000000000;00194220;00000000;00000000;00000000;00000000;0000000000000;0000000000000;0000000000000;00000000;
20170303;SCS;*;K702;0000000000000;0000000000000;00127785;00000000;00000000;00000000;00000000;0000000000000;0000000000000;0000000000000;00000000;
20170303;SCS;*;M701;0000000000000;0000000000000;00026000;00000000;00000000;00000000;00000000;0000000000000;0000000000000;0000000000000;00000000;
20170303;SCS;*;N703;0000000000000;0000000000000;00091470;00000000;00000000;00000000;00000000;0000000000000;0000000000000;0000000000000;00000000;
20170303;SFI;*;K17 ;0000000000000;0000000000000;00000000;00000000;00000000;00000000;00000000;0000000002220;0000000002219;0000000000000;00000001;
20170303;SFI;*;N17 ;0000000000000;0000000000000;00000000;00000000;00000000;00000000;00000000;0000000002236;0000000002235;0000000000000;00000001;
20170303;SFI;*;X17 ;0000000000000;0000000000000;00000000;00000000;00000000;00000000;00000000;0000000002181;0000000002180;0000000000000;00000001;
20170303;SJC;*;F18 ;0000000000000;0000000000000;00000000;00000000;00000000;00000000;00000000;0000000226356;0000000226190;0000000000000;00000166;
20170303;SJC;*;H18 ;0000000000000;0000000000000;00000000;00000000;00000000;00000000;00000000;0000000226907;0000000226466;0000000000000;00000441;
20170303;SJC;*;K17 ;0000002120182;0000000677461;00000805;00002283;00002270;00002289;00002289;0000000228726;0000000228671;0000000000774;00000055;
20170303;SJC;*;K18 ;0000000000000;0000000000000;00000000;00000000;00000000;00000000;00000000;0000000227403;0000000226852;0000000000000;00000551;
20170303;SJC;*;N17 ;0000000000000;0000000000000;00000122;00000000;00000000;00000000;00000000;0000000230600;0000000230545;0000000000774;00000055;
20170303;SJC;*;Q17 ;0000000000000;0000000000000;00000000;00000000;00000000;00000000;00000000;0000000230600;0000000230545;0000000000000;00000055;
20170303;SJC;*;U17 ;0000000000000;0000000000000;00000000;00000000;00000000;00000000;00000000;0000000227513;0000000227513;0000000000000;00000000;
20170303;SJC;*;X17 ;0000000694724;0000000221985;00000423;00002245;00002242;00002245;00002242;0000000225309;0000000225254;0000000000774;00000055;
20170303;TRY;*;J17 ;0000019340332;0000006166411;00000260;00840000;00839100;00840100;00840100;0000008383220;0000008417560;0000000025755;00034340;
20170303;TRY;*;K17 ;0000000000000;0000000000000;00000000;00000000;00000000;00000000;00000000;0000008360920;0000008401790;0000000000000;00040870;
20170303;TRY;*;M17 ;0000000000000;0000000000000;00000000;00000000;00000000;00000000;00000000;0000008357700;0000008388720;0000000000000;00031020;
20170303;T10;*;M17 ;0000005813380;0000001853520;00002671;00123578;00123563;00123578;00123563;0000001235781;0000001235000;0000000024495;00000781;
20170303;T10;*;U17 ;0000000000000;0000000000000;00000000;00000000;00000000;00000000;00000000;0000001232187;0000001231406;0000000000000;00000781;
20170303;WDO;*;F18 ;0000000000000;0000000000000;00000000;00000000;00000000;00000000;00000000;0000033155460;0000033432560;0000000000000;00277100;
20170303;WDO;*;F19 ;0000000000000;0000000000000;00000000;00000000;00000000;00000000;00000000;0000035148220;0000035499860;0000000000000;00351640;
20170303;WDO;*;F20 ;0000000000000;0000000000000;00000000;00000000;00000000;00000000;00000000;0000037302310;0000037712470;0000000000000;00410160;
20170303;WDO;*;F21 ;0000000000000;0000000000000;00000000;00000000;00000000;00000000;00000000;0000039329320;0000039803670;0000000000000;00474350;
20170303;WDO;*;F25 ;0000000000000;0000000000000;00000000;00000000;00000000;00000000;00000000;0000048009140;0000048825590;0000000000000;00816450;
20170303;WDO;*;G18 ;0000000000000;0000000000000;00000000;00000000;00000000;00000000;00000000;0000033341180;0000033616550;0000000000000;00275370;
20170303;WDO;*;H18 ;0000000000000;0000000000000;00000000;00000000;00000000;00000000;00000000;0000033493380;0000033771650;0000000000000;00278270;
20170303;WDO;*;J17 ;0018415894925;0005871666536;00023457;03179500;03135500;03186500;03143000;0000031420330;0000031671300;0000000025097;00250970;
20170303;WDO;*;J18 ;0000000000000;0000000000000;00000000;00000000;00000000;00000000;00000000;0000033669490;0000033953990;0000000000000;00284500;
20170303;WDO;*;J19 ;0000000000000;0000000000000;00000000;00000000;00000000;00000000;00000000;0000035683570;0000036021330;0000000000000;00337760;
20170303;WDO;*;K17 ;0000007393585;0000002357348;00000188;03193000;03150500;03200000;03160000;0000031614920;0000031866530;0000000025161;00251610;
20170303;WDO;*;M17 ;0000000000000;0000000000000;00000000;00000000;00000000;00000000;00000000;0000031856410;0000032108630;0000000000000;00252220;
20170303;WDO;*;N17 ;0000000032210;0000000010270;00000002;03221000;03221000;03221000;03221000;0000032070510;0000032327770;0000000025726;00257260;
20170303;WDO;*;N18 ;0000000000000;0000000000000;00000000;00000000;00000000;00000000;00000000;0000034184880;0000034479860;0000000000000;00294980;
20170303;WDO;*;N19 ;0000000000000;0000000000000;00000000;00000000;00000000;00000000;00000000;0000036203950;0000036563560;0000000000000;00359610;
20170303;WDO;*;N21 ;0000000000000;0000000000000;00000000;00000000;00000000;00000000;00000000;0000040395220;0000040911430;0000000000000;00516210;
20170303;WDO;*;Q17 ;0000000000000;0000000000000;00000000;00000000;00000000;00000000;00000000;0000032270580;0000032529230;0000000000000;00258650;
20170303;WDO;*;U17 ;0000000000000;0000000000000;00000000;00000000;00000000;00000000;00000000;0000032486610;0000032753480;0000000000000;00266870;
20170303;WDO;*;V17 ;0000000000000;0000000000000;00000000;00000000;00000000;00000000;00000000;0000032653400;0000032921170;0000000000000;00267770;
20170303;WDO;*;V18 ;0000000000000;0000000000000;00000000;00000000;00000000;00000000;00000000;0000034681000;0000035015480;0000000000000;00334480;
20170303;WDO;*;V19 ;0000000000000;0000000000000;00000000;00000000;00000000;00000000;00000000;0000036783370;0000037144220;0000000000000;00360850;
20170303;WDO;*;X17 ;0000000000000;0000000000000;00000000;00000000;00000000;00000000;00000000;0000032830450;0000033101430;0000000000000;00270980;
20170303;WDO;*;Z17 ;0000000000000;0000000000000;00000000;00000000;00000000;00000000;00000000;0000032996840;0000033269800;0000000000000;00272960;
20170303;WEU;*;J17 ;0000000000000;0000000000000;00000000;00000000;00000000;00000000;00000000;0000033287080;0000033305990;0000000000000;00018910;
20170303;WEU;*;K17 ;0000000000000;0000000000000;00000000;00000000;00000000;00000000;00000000;0000033529300;0000033547170;0000000000000;00017870;
20170303;WEU;*;M17 ;0000000000000;0000000000000;00000000;00000000;00000000;00000000;00000000;0000033836910;0000033854240;0000000000000;00017330;
20170303;WEU;*;N17 ;0000000000000;0000000000000;00000000;00000000;00000000;00000000;00000000;0000034120890;0000034142020;0000000000000;00021130;
20170303;WEU;*;V17 ;0000000000000;0000000000000;00000000;00000000;00000000;00000000;00000000;0000034919290;0000034944370;0000000000000;00025080;
20170303;WIN;*;G18 ;0000000000000;0000000000000;00000000;00000000;00000000;00000000;00000000;0000000072409;0000000071339;0000000000000;00001070;
20170303;WIN;*;J17 ;0012244892758;0003904123440;00050449;00066690;00066375;00067625;00067505;0000000067570;0000000066534;0000000020720;00001036;
20170303;WIN;*;J18 ;0000000000000;0000000000000;00000000;00000000;00000000;00000000;00000000;0000000073396;0000000072331;0000000000000;00001065;
20170303;WIN;*;M17 ;0000000000000;0000000000000;00000005;00000000;00000000;00000000;00000000;0000000068684;0000000067633;0000000021020;00001051;
20170303;WIN;*;M18 ;0000000000000;0000000000000;00000000;00000000;00000000;00000000;00000000;0000000074263;0000000073194;0000000000000;00001069;
20170303;WIN;*;Q17 ;0000000000000;0000000000000;00000000;00000000;00000000;00000000;00000000;0000000069721;0000000068660;0000000000000;00001061;
20170303;WIN;*;Q18 ;0000000000000;0000000000000;00000000;00000000;00000000;00000000;00000000;0000000075316;0000000074243;0000000000000;00001073;
20170303;WIN;*;V17 ;0000000000000;0000000000000;00000000;00000000;00000000;00000000;00000000;0000000070659;0000000069598;0000000000000;00001061;
20170303;WIN;*;V18 ;0000000000000;0000000000000;00000000;00000000;00000000;00000000;00000000;0000000076344;0000000075273;0000000000000;00001071;
20170303;WIN;*;Z17 ;0000000000000;0000000000000;00000000;00000000;00000000;00000000;00000000;0000000071503;0000000070441;0000000000000;00001062;
20170303;WIN;*;Z18 ;0000000000000;0000000000000;00000000;00000000;00000000;00000000;00000000;0000000077274;0000000076223;0000000000000;00001051;
20170303;WTI;*;J17 ;0000005785692;0000001848700;00000488;00005282;00005282;00005282;00005282;0000000005333;0000000005261;0000000022533;00000072;
20170303;WTI;*;K17 ;0000000000000;0000000000000;00000030;00000000;00000000;00000000;00000000;0000000005378;0000000005307;0000000022220;00000071;
20170303;ZAR;*;J17 ;0000002687300;0000000856810;00000156;02398100;02398100;02402000;02402000;0000023910860;0000023937380;0000000009282;00026520;
20170303;ZAR;*;K17 ;0000000000000;0000000000000;00000010;00000000;00000000;00000000;00000000;0000023930390;0000023951160;0000000007269;00020770;
20170303;ZAR;*;M17 ;0000000000000;0000000000000;00000000;00000000;00000000;00000000;00000000;0000023987730;0000024006840;0000000000000;00019110;
