Data;Código do Contrato;Pregão;Vencimento;Volume(R$);Volume(U$);Número de contas em Aberto;Preço de Abertura;Preço Mínimo;Preço Máximo;Último Preço;Preço de Ajuste Atual; Preço de Ajuste Anterior;Valor de Ajuste por Contrato;Variação
20170403;AUD;*;J17 ;0000000000000;0000000000000;00000226;00000000;00000000;00000000;00000000;0000024170140;0000024170140;0000000000000;00000000;
20170403;AUD;*;K17 ;0000000142500;0000000045721;00001655;02375000;02375000;02375000;02375000;0000023801790;0000024065680;0000000158334;00263890;
20170403;AUD;*;M17 ;0000002872320;0000000921590;00000510;02393600;02393600;02393600;02393600;0000023968020;0000024231050;0000000157818;00263030;
20170403;AUD;*;N17 ;0000000000000;0000000000000;00000000;00000000;00000000;00000000;00000000;0000024119950;0000024350000;0000000000000;00230050;
20170403;BGI;*;F18 ;0000000000000;0000000000000;00000000;00000000;00000000;00000000;00000000;0000000013724;0000000013890;0000000000000;00000166;
20170403;BGI;*;J17 ;0000001416376;0000000455090;00000229;00013450;00013370;00013450;00013400;0000000013487;0000000013571;0000000027720;00000084;
20170403;BGI;*;K17 ;0000036188275;0000011627502;00004456;00013350;00013175;00013350;00013238;0000000013238;0000000013320;0000000027060;00000082;
20170403;BGI;*;M17 ;0000000000000;0000000000000;00000004;00000000;00000000;00000000;00000000;0000000013356;0000000013456;0000000033000;00000100;
20170403;BGI;*;N17 ;0000000000000;0000000000000;00000011;00000000;00000000;00000000;00000000;0000000013464;0000000013580;0000000038280;00000116;
20170403;BGI;*;Q17 ;0000000000000;0000000000000;00000000;00000000;00000000;00000000;00000000;0000000013577;0000000013710;0000000000000;00000133;
20170403;BGI;*;U17 ;0000000045540;0000000014632;00000000;00013800;00013800;00013800;00013800;0000000013678;0000000013827;0000000049170;00000149;
20170403;BGI;*;V17 ;0000021235503;0000006823090;00001827;00013890;00013798;00013905;00013800;0000000013783;0000000013950;0000000055110;00000167;
20170403;BGI;*;X17 ;0000000045870;0000000014738;00000011;00013900;00013900;00013900;00013900;0000000013825;0000000013945;0000000039600;00000120;
20170403;BGI;*;Z17 ;0000000000000;0000000000000;00000038;00000000;00000000;00000000;00000000;0000000013800;0000000013962;0000000053460;00000162;
20170403;BRI;*;J17 ;0000000000000;0000000000000;00000090;00000000;00000000;00000000;00000000;0000000010867;0000000010854;0000000013000;00000013;
20170403;BRI;*;M17 ;0000000221400;0000000071037;00000685;00011070;00011070;00011070;00011070;0000000011070;0000000011034;0000000036000;00000036;
20170403;BRI;*;Q17 ;0000000000000;0000000000000;00000000;00000000;00000000;00000000;00000000;0000000011243;0000000011206;0000000000000;00000037;
20170403;BSE;*;J17 ;0000000000000;0000000000000;00000000;00000000;00000000;00000000;00000000;0000000030087;0000000029818;0000000000000;00000269;
20170403;BSE;*;K17 ;0000000000000;0000000000000;00000000;00000000;00000000;00000000;00000000;0000000030296;0000000030025;0000000000000;00000271;
20170403;CAD;*;J17 ;0000000000000;0000000000000;00000089;00000000;00000000;00000000;00000000;0000023757360;0000023757360;0000000000000;00000000;
20170403;CAD;*;K17 ;0000000140100;0000000044951;00001731;02335000;02335000;02335000;02335000;0000023410660;0000023698610;0000000172770;00287950;
20170403;CAD;*;M17 ;0000002122020;0000000680855;00000375;02357800;02357800;02357800;02357800;0000023598260;0000023888290;0000000174018;00290030;
20170403;CAD;*;N17 ;0000000000000;0000000000000;00000000;00000000;00000000;00000000;00000000;0000023769000;0000024000000;0000000000000;00231000;
20170403;CCM;*;F18 ;0000000198400;0000000063747;00000137;00002950;00002927;00002950;00002927;0000000002954;0000000002934;0000000009000;00000020;
20170403;CCM;*;F19 ;0000000000000;0000000000000;00000000;00000000;00000000;00000000;00000000;0000000002797;0000000002777;0000000000000;00000020;
20170403;CCM;*;H18 ;0000000026662;0000000008567;00000114;00002975;00002950;00002975;00002950;0000000002969;0000000002934;0000000015750;00000035;
20170403;CCM;*;H19 ;0000000000000;0000000000000;00000000;00000000;00000000;00000000;00000000;0000000002677;0000000002658;0000000000000;00000019;
20170403;CCM;*;K17 ;0000024260778;0000007795128;00007061;00002857;00002795;00002875;00002800;0000000002801;0000000002853;0000000023400;00000052;
20170403;CCM;*;K18 ;0000000000000;0000000000000;00000000;00000000;00000000;00000000;00000000;0000000002691;0000000002672;0000000000000;00000019;
20170403;CCM;*;K19 ;0000000000000;0000000000000;00000000;00000000;00000000;00000000;00000000;0000000002562;0000000002544;0000000000000;00000018;
20170403;CCM;*;N17 ;0000000000000;0000000000000;00000000;00000000;00000000;00000000;00000000;0000000002771;0000000002817;0000000000000;00000046;
20170403;CCM;*;N18 ;0000000000000;0000000000000;00000000;00000000;00000000;00000000;00000000;0000000002673;0000000002654;0000000000000;00000019;
20170403;CCM;*;U17 ;0000012398976;0000003983863;00015286;00002775;00002731;00002780;00002731;0000000002738;0000000002779;0000000018450;00000041;
20170403;CCM;*;U18 ;0000000000000;0000000000000;00000000;00000000;00000000;00000000;00000000;0000000002655;0000000002636;0000000000000;00000019;
20170403;CCM;*;X17 ;0000000076662;0000000024632;00000566;00002850;00002826;00002850;00002826;0000000002846;0000000002832;0000000006300;00000014;
20170403;CCM;*;X18 ;0000000000000;0000000000000;00000000;00000000;00000000;00000000;00000000;0000000002724;0000000002705;0000000000000;00000019;
20170403;CHF;*;J17 ;0000000000000;0000000000000;00000100;00000000;00000000;00000000;00000000;0000031653930;0000031653930;0000000000000;00000000;
20170403;CHF;*;K17 ;0000000000000;0000000000000;00000204;00000000;00000000;00000000;00000000;0000031309510;0000031533300;0000000111895;00223790;
20170403;CHF;*;M17 ;0000000000000;0000000000000;00000210;00000000;00000000;00000000;00000000;0000031605090;0000031839300;0000000117105;00234210;
20170403;CHF;*;N17 ;0000000000000;0000000000000;00000000;00000000;00000000;00000000;00000000;0000031886000;0000032100000;0000000000000;00214000;
20170403;CLP;*;J17 ;0000000000000;0000000000000;00000000;00000000;00000000;00000000;00000000;0000047853440;0000047853440;0000000000000;00000000;
20170403;CLP;*;K17 ;0000000000000;0000000000000;00000067;00000000;00000000;00000000;00000000;0000047516000;0000047638000;0000000030500;00122000;
20170403;CLP;*;M17 ;0000000000000;0000000000000;00000775;00000000;00000000;00000000;00000000;0000047816000;0000047929000;0000000028250;00113000;
20170403;CLP;*;N17 ;0000000000000;0000000000000;00000000;00000000;00000000;00000000;00000000;0000048072000;0000048200000;0000000000000;00128000;
20170403;CNY;*;J17 ;0000000000000;0000000000000;00000085;00000000;00000000;00000000;00000000;0000045973480;0000045973480;0000000000000;00000000;
20170403;CNY;*;K17 ;0000000000000;0000000000000;00000000;00000000;00000000;00000000;00000000;0000045377820;0000045611870;0000000000000;00234050;
20170403;CNY;*;M17 ;0000000000000;0000000000000;00000000;00000000;00000000;00000000;00000000;0000045613140;0000045832830;0000000000000;00219690;
20170403;CNY;*;N17 ;0000000000000;0000000000000;00000090;00000000;00000000;00000000;00000000;0000045781140;0000046020340;0000000083720;00239200;
20170403;DAP;*;F18 ;0000000000000;0000000000000;00000000;00000000;00000000;00000000;00000000;0000009580111;0000009577777;0000000000000;00002334;
20170403;DAP;*;J17 ;0000000000000;0000000000000;00000085;00000000;00000000;00000000;00000000;0000009964018;0000009961176;0000000003422;00002842;
20170403;DAP;*;K17 ;0000549195416;0000176210548;00039510;00000840;00000825;00000840;00000825;0000009915130;0000009914192;0000000001129;00000938;
20170403;DAP;*;K19 ;0000099549419;0000031940648;00045965;00000497;00000497;00000497;00000497;0000009035392;0000009031354;0000000004862;00004038;
20170403;DAP;*;K21 ;0000006367273;0000002042953;00011695;00000518;00000516;00000518;00000518;0000008139606;0000008134446;0000000006213;00005160;
20170403;DAP;*;K23 ;0000002204263;0000000707243;00011765;00000526;00000526;00000526;00000526;0000007322390;0000007319190;0000000003853;00003200;
20170403;DAP;*;M17 ;0000000000000;0000000000000;00000000;00000000;00000000;00000000;00000000;0000009847013;0000009836156;0000000000000;00010857;
20170403;DAP;*;Q18 ;0000083732181;0000026865653;00051405;00000521;00000521;00000521;00000521;0000009333950;0000009336489;0000000003057;00002539;
20170403;DAP;*;Q20 ;0000000000000;0000000000000;00003010;00000000;00000000;00000000;00000000;0000008469143;0000008467687;0000000001753;00001456;
20170403;DAP;*;Q22 ;0000003664682;0000001175821;00023405;00000525;00000525;00000525;00000525;0000007608617;0000007609692;0000000001294;00001075;
20170403;DAP;*;Q24 ;0000000000000;0000000000000;00005853;00000000;00000000;00000000;00000000;0000006880867;0000006877047;0000000004599;00003820;
20170403;DAP;*;Q26 ;0000000000000;0000000000000;00001345;00000000;00000000;00000000;00000000;0000006185144;0000006180524;0000000005563;00004620;
20170403;DAP;*;Q30 ;0000000000000;0000000000000;00000235;00000000;00000000;00000000;00000000;0000005112456;0000005106725;0000000006900;00005731;
20170403;DCO;*;F18 ;0000000000000;0000000000000;00000000;00000000;00000000;00000000;00000000;0000009676675;0000009728088;0000000000000;00051413;
20170403;DCO;*;F19 ;0000000000000;0000000000000;00000000;00000000;00000000;00000000;00000000;0000009427692;0000009468084;0000000000000;00040392;
20170403;DCO;*;F20 ;0000000000000;0000000000000;00000000;00000000;00000000;00000000;00000000;0000009092213;0000009128610;0000000000000;00036397;
20170403;DCO;*;F21 ;0000000000000;0000000000000;00000000;00000000;00000000;00000000;00000000;0000008711779;0000008744370;0000000000000;00032591;
20170403;DCO;*;F22 ;0000000000000;0000000000000;00000000;00000000;00000000;00000000;00000000;0000008315778;0000008346557;0000000000000;00030779;
20170403;DCO;*;F23 ;0000000000000;0000000000000;00000000;00000000;00000000;00000000;00000000;0000007909828;0000007941350;0000000000000;00031522;
20170403;DCO;*;F24 ;0000000000000;0000000000000;00000000;00000000;00000000;00000000;00000000;0000007530223;0000007556198;0000000000000;00025975;
20170403;DCO;*;F25 ;0000000000000;0000000000000;00000000;00000000;00000000;00000000;00000000;0000007109528;0000007136290;0000000000000;00026762;
20170403;DCO;*;F26 ;0000000000000;0000000000000;00000000;00000000;00000000;00000000;00000000;0000006703182;0000006723798;0000000000000;00020616;
20170403;DCO;*;F27 ;0000000000000;0000000000000;00000000;00000000;00000000;00000000;00000000;0000006317333;0000006338159;0000000000000;00020826;
20170403;DCO;*;F28 ;0000000000000;0000000000000;00000000;00000000;00000000;00000000;00000000;0000005969344;0000005985359;0000000000000;00016015;
20170403;DCO;*;F29 ;0000000000000;0000000000000;00000000;00000000;00000000;00000000;00000000;0000005633979;0000005648194;0000000000000;00014215;
20170403;DCO;*;F30 ;0000000000000;0000000000000;00000000;00000000;00000000;00000000;00000000;0000005323788;0000005339451;0000000000000;00015663;
20170403;DCO;*;G18 ;0000000000000;0000000000000;00000000;00000000;00000000;00000000;00000000;0000009658269;0000009708433;0000000000000;00050164;
20170403;DCO;*;H18 ;0000000000000;0000000000000;00000000;00000000;00000000;00000000;00000000;0000009642520;0000009692489;0000000000000;00049969;
20170403;DCO;*;J17 ;0000000000000;0000000000000;00000000;00000000;00000000;00000000;00000000;0000010000000;0000009999997;0000000000000;00000003;
20170403;DCO;*;J18 ;0000000000000;0000000000000;00000000;00000000;00000000;00000000;00000000;0000009622499;0000009671348;0000000000000;00048849;
20170403;DCO;*;J19 ;0000000000000;0000000000000;00000000;00000000;00000000;00000000;00000000;0000009358447;0000009395343;0000000000000;00036896;
20170403;DCO;*;J20 ;0000000000000;0000000000000;00000000;00000000;00000000;00000000;00000000;0000009004016;0000009040145;0000000000000;00036129;
20170403;DCO;*;J21 ;0000000000000;0000000000000;00000000;00000000;00000000;00000000;00000000;0000008620060;0000008650977;0000000000000;00030917;
20170403;DCO;*;J22 ;0000000000000;0000000000000;00000000;00000000;00000000;00000000;00000000;0000008211079;0000000000000;0000000000000;00000000;
20170403;DCO;*;K17 ;0000000000000;0000000000000;00000000;00000000;00000000;00000000;00000000;0000009808551;0000009862970;0000000000000;00054419;
20170403;DCO;*;K18 ;0000000000000;0000000000000;00000000;00000000;00000000;00000000;00000000;0000009602735;0000009651565;0000000000000;00048830;
20170403;DCO;*;M17 ;0000000000000;0000000000000;00000000;00000000;00000000;00000000;00000000;0000009792489;0000009846384;0000000000000;00053895;
20170403;DCO;*;N17 ;0000000000000;0000000000000;00000000;00000000;00000000;00000000;00000000;0000009779252;0000009833442;0000000000000;00054190;
20170403;DCO;*;N18 ;0000000000000;0000000000000;00000000;00000000;00000000;00000000;00000000;0000009562490;0000009609821;0000000000000;00047331;
20170403;DCO;*;N19 ;0000000000000;0000000000000;00000000;00000000;00000000;00000000;00000000;0000009276158;0000009311637;0000000000000;00035479;
20170403;DCO;*;N20 ;0000000000000;0000000000000;00000000;00000000;00000000;00000000;00000000;0000008911696;0000008945532;0000000000000;00033836;
20170403;DCO;*;N21 ;0000000000000;0000000000000;00000000;00000000;00000000;00000000;00000000;0000008524544;0000008553036;0000000000000;00028492;
20170403;DCO;*;Q17 ;0000000000000;0000000000000;00000000;00000000;00000000;00000000;00000000;0000009762765;0000009815588;0000000000000;00052823;
20170403;DCO;*;U17 ;0000000000000;0000000000000;00000000;00000000;00000000;00000000;00000000;0000009750123;0000009802408;0000000000000;00052285;
20170403;DCO;*;V17 ;0000000000000;0000000000000;00000000;00000000;00000000;00000000;00000000;0000009731381;0000009784106;0000000000000;00052725;
20170403;DCO;*;V18 ;0000000000000;0000000000000;00000000;00000000;00000000;00000000;00000000;0000009501398;0000009544878;0000000000000;00043480;
20170403;DCO;*;V19 ;0000000000000;0000000000000;00000000;00000000;00000000;00000000;00000000;0000009190641;0000009227023;0000000000000;00036382;
20170403;DCO;*;V20 ;0000000000000;0000000000000;00000000;00000000;00000000;00000000;00000000;0000008814924;0000008847349;0000000000000;00032425;
20170403;DCO;*;V21 ;0000000000000;0000000000000;00000000;00000000;00000000;00000000;00000000;0000008431040;0000008459512;0000000000000;00028472;
20170403;DCO;*;X17 ;0000000000000;0000000000000;00000000;00000000;00000000;00000000;00000000;0000009716757;0000009767398;0000000000000;00050641;
20170403;DCO;*;Z17 ;0000000000000;0000000000000;00000000;00000000;00000000;00000000;00000000;0000009697523;0000009748472;0000000000000;00050949;
20170403;DDI;*;F18 ;0000000000000;0000000000000;00278617;00000000;00000000;00000000;00000000;0000009677388;0000009728819;0000000081476;00051431;
20170403;DDI;*;F19 ;0000000000000;0000000000000;00120017;00000000;00000000;00000000;00000000;0000009429270;0000009469697;0000000064044;00040427;
20170403;DDI;*;F20 ;0000101289503;0000032498958;00096374;00000340;00000340;00000340;00000340;0000009096827;0000009133331;0000000057829;00036504;
20170403;DDI;*;F21 ;0000000000000;0000000000000;00101861;00000000;00000000;00000000;00000000;0000008717568;0000008750287;0000000051833;00032719;
20170403;DDI;*;F22 ;0000000000000;0000000000000;00039154;00000000;00000000;00000000;00000000;0000008322452;0000008353377;0000000048991;00030925;
20170403;DDI;*;F23 ;0000000000000;0000000000000;00031076;00000000;00000000;00000000;00000000;0000007917134;0000007948818;0000000050193;00031684;
20170403;DDI;*;F24 ;0000000000000;0000000000000;00028915;00000000;00000000;00000000;00000000;0000007537996;0000007564135;0000000041409;00026139;
20170403;DDI;*;F25 ;0000000000000;0000000000000;00018325;00000000;00000000;00000000;00000000;0000007117487;0000007144421;0000000042668;00026934;
20170403;DDI;*;F26 ;0000000000000;0000000000000;00014730;00000000;00000000;00000000;00000000;0000006711169;0000006731946;0000000032914;00020777;
20170403;DDI;*;F27 ;0000000000000;0000000000000;00010850;00000000;00000000;00000000;00000000;0000006325243;0000006346232;0000000033250;00020989;
20170403;DDI;*;F28 ;0000000000000;0000000000000;00000110;00000000;00000000;00000000;00000000;0000005977129;0000005993292;0000000025605;00016163;
20170403;DDI;*;F29 ;0000000000000;0000000000000;00000000;00000000;00000000;00000000;00000000;0000005645355;0000005659787;0000000000000;00014432;
20170403;DDI;*;F30 ;0000000000000;0000000000000;00000500;00000000;00000000;00000000;00000000;0000005334810;0000005350692;0000000025160;00015882;
20170403;DDI;*;G18 ;0000000000000;0000000000000;00023860;00000000;00000000;00000000;00000000;0000009659057;0000009709241;0000000079501;00050184;
20170403;DDI;*;H18 ;0000000000000;0000000000000;00006670;00000000;00000000;00000000;00000000;0000009643377;0000009693368;0000000079195;00049991;
20170403;DDI;*;J17 ;0000000000000;0000000000000;00338532;00000000;00000000;00000000;00000000;0000010000000;0000009999998;0000000000003;00000002;
20170403;DDI;*;J18 ;0000000000000;0000000000000;00074824;00000000;00000000;00000000;00000000;0000009623435;0000009672307;0000000077423;00048872;
20170403;DDI;*;J19 ;0000000000000;0000000000000;00044289;00000000;00000000;00000000;00000000;0000009360219;0000009397154;0000000058512;00036935;
20170403;DDI;*;J20 ;0000000000000;0000000000000;00025195;00000000;00000000;00000000;00000000;0000009008946;0000009045189;0000000057416;00036243;
20170403;DDI;*;J21 ;0000000000000;0000000000000;00005297;00000000;00000000;00000000;00000000;0000008626087;0000008657136;0000000049187;00031049;
20170403;DDI;*;J22 ;0000000000000;0000000000000;00000000;00000000;00000000;00000000;00000000;0000008217917;0000000000000;0000000000000;00000000;
20170403;DDI;*;K17 ;0002812455900;0000902382616;00678559;00001726;00001726;00001726;00001726;0000009808628;0000009863050;0000000086215;00054422;
20170403;DDI;*;K18 ;0000000000000;0000000000000;00000000;00000000;00000000;00000000;00000000;0000009603744;0000009652599;0000000000000;00048855;
20170403;DDI;*;M17 ;0002813946850;0000902860991;00227383;00000953;00000953;00000953;00000953;0000009792803;0000009846716;0000000085408;00053913;
20170403;DDI;*;N17 ;0000000000000;0000000000000;00377262;00000000;00000000;00000000;00000000;0000009779736;0000009833691;0000000085475;00053955;
20170403;DDI;*;N18 ;0000000000000;0000000000000;00045949;00000000;00000000;00000000;00000000;0000009563645;0000009611005;0000000075027;00047360;
20170403;DDI;*;N19 ;0000000000000;0000000000000;00056504;00000000;00000000;00000000;00000000;0000009280075;0000009315645;0000000056349;00035570;
20170403;DDI;*;N20 ;0000000000000;0000000000000;00036225;00000000;00000000;00000000;00000000;0000008916928;0000008950881;0000000053788;00033953;
20170403;DDI;*;N21 ;0000000000000;0000000000000;00004357;00000000;00000000;00000000;00000000;0000008530806;0000008559432;0000000045349;00028626;
20170403;DDI;*;Q17 ;0000000000000;0000000000000;00119414;00000000;00000000;00000000;00000000;0000009763083;0000009816248;0000000084223;00053165;
20170403;DDI;*;U17 ;0000000000000;0000000000000;00068890;00000000;00000000;00000000;00000000;0000009750921;0000009803233;0000000082872;00052312;
20170403;DDI;*;V17 ;0000061717432;0000019802173;00137267;00000529;00000529;00000529;00000529;0000009732339;0000009785096;0000000083577;00052757;
20170403;DDI;*;V18 ;0000000000000;0000000000000;00052258;00000000;00000000;00000000;00000000;0000009502768;0000009546280;0000000068931;00043512;
20170403;DDI;*;V19 ;0000102371059;0000032845978;00032529;00000329;00000329;00000329;00000329;0000009194918;0000009231400;0000000057794;00036482;
20170403;DDI;*;V20 ;0000000000000;0000000000000;00023940;00000000;00000000;00000000;00000000;0000008820440;0000008852988;0000000051562;00032548;
20170403;DDI;*;V21 ;0000000000000;0000000000000;00002072;00000000;00000000;00000000;00000000;0000008437529;0000008466140;0000000045325;00028611;
20170403;DDI;*;X17 ;0000000000000;0000000000000;00040679;00000000;00000000;00000000;00000000;0000009717313;0000009768546;0000000081163;00051233;
20170403;DDI;*;Z17 ;0000000000000;0000000000000;00036970;00000000;00000000;00000000;00000000;0000009698156;0000009749120;0000000080737;00050964;
20170403;DDM;*;K17 ;0000000000000;0000000000000;00000000;00000000;00000000;00000000;00000000;0000009928486;0000009928802;0000000000000;00000316;
20170403;DDM;*;K19 ;0000000000000;0000000000000;00000000;00000000;00000000;00000000;00000000;0000008931716;0000008933369;0000000000000;00001653;
20170403;DDM;*;K21 ;0000000000000;0000000000000;00000000;00000000;00000000;00000000;00000000;0000008059184;0000008057631;0000000000000;00001553;
20170403;DDM;*;K25 ;0000000000000;0000000000000;00000000;00000000;00000000;00000000;00000000;0000006546927;0000006543203;0000000000000;00003724;
20170403;DDM;*;Q18 ;0000000000000;0000000000000;00000000;00000000;00000000;00000000;00000000;0000009265663;0000009275366;0000000000000;00009703;
20170403;DDM;*;Q20 ;0000000000000;0000000000000;00000000;00000000;00000000;00000000;00000000;0000008371760;0000008373354;0000000000000;00001594;
20170403;DI1;*;F18 ;0014064618599;0004512663586;02870514;00009885;00009820;00009885;00009820;0000009331654;0000009329586;0000000002068;00002068;
20170403;DI1;*;F19 ;0012868796620;0004128981493;01682737;00009520;00009470;00009520;00009470;0000008549576;0000008547679;0000000001897;00001897;
20170403;DI1;*;F20 ;0002979395659;0000955945602;01216644;00009710;00009640;00009720;00009650;0000007773405;0000007766335;0000000007070;00007070;
20170403;DI1;*;F21 ;0006220438762;0001995841358;01485372;00009900;00009820;00009900;00009830;0000007048623;0000007037232;0000000011391;00011391;
20170403;DI1;*;F22 ;0000309828134;0000099409033;00087142;00010020;00009960;00010040;00009970;0000006381608;0000006371132;0000000010476;00010476;
20170403;DI1;*;F23 ;0001558054628;0000499905229;00683726;00010130;00010050;00010140;00010060;0000005778122;0000005763540;0000000014582;00014582;
20170403;DI1;*;F24 ;0000000261360;0000000083858;00047190;00010150;00010150;00010150;00010150;0000005235187;0000005225995;0000000009192;00009192;
20170403;DI1;*;F25 ;0000654658089;0000210048477;00538444;00010220;00010150;00010230;00010150;0000004741906;0000004722341;0000000019565;00019565;
20170403;DI1;*;F26 ;0000003431592;0000001101034;00061493;00010200;00010180;00010240;00010180;0000004293093;0000004276427;0000000016666;00016666;
20170403;DI1;*;F27 ;0000677904227;0000217507051;00343459;00010310;00010220;00010310;00010230;0000003885710;0000003862071;0000000023639;00023639;
20170403;DI1;*;F28 ;0000000000000;0000000000000;00000010;00000000;00000000;00000000;00000000;0000003521295;0000003497664;0000000023631;00023631;
20170403;DI1;*;F29 ;0000000000000;0000000000000;00003310;00000000;00000000;00000000;00000000;0000003191930;0000003168522;0000000023408;00023408;
20170403;DI1;*;F30 ;0000000000000;0000000000000;00000270;00000000;00000000;00000000;00000000;0000002891983;0000002868969;0000000023014;00023014;
20170403;DI1;*;G18 ;0000083823181;0000026894851;00018835;00009730;00009730;00009730;00009730;0000009261533;0000009260086;0000000001447;00001447;
20170403;DI1;*;H18 ;0000000920213;0000000295252;00008905;00009750;00009680;00009750;00009680;0000009204238;0000009202322;0000000001916;00001916;
20170403;DI1;*;J17 ;0000000000000;0000000000000;01860419;00000000;00000000;00000000;00000000;0000010000000;0000010000000;0000000000000;00000000;
20170403;DI1;*;J18 ;0008579474074;0002752742989;00616916;00009670;00009610;00009670;00009610;0000009139063;0000009136603;0000000002460;00002460;
20170403;DI1;*;J19 ;0001350001286;0000433150860;00366698;00009550;00009510;00009550;00009510;0000008356645;0000008355915;0000000000730;00000730;
20170403;DI1;*;J20 ;0000013640320;0000004376526;00074298;00009750;00009720;00009760;00009720;0000007581672;0000007579229;0000000002443;00002443;
20170403;DI1;*;J21 ;0000001374605;0000000441045;00029930;00009910;00009870;00009910;00009870;0000006877998;0000006867361;0000000010637;00010637;
20170403;DI1;*;J22 ;0000000000000;0000000000000;00000000;00000000;00000000;00000000;00000000;0000006226800;0000000000000;0000000000000;00000000;
20170403;DI1;*;K17 ;0007786283138;0002498245945;00542617;00011590;00011585;00011590;00011589;0000009921983;0000009922066;0000000000083;00000083;
20170403;DI1;*;K18 ;0000000000000;0000000000000;00000000;00000000;00000000;00000000;00000000;0000009072811;0000009070105;0000000000000;00002706;
20170403;DI1;*;M17 ;0001534140103;0000492232202;00305397;00011325;00011325;00011331;00011330;0000009831080;0000009831072;0000000000008;00000008;
20170403;DI1;*;N17 ;0009971319955;0003199319779;03074899;00010950;00010935;00010950;00010939;0000009751865;0000009751803;0000000000062;00000062;
20170403;DI1;*;N18 ;0004255262848;0001365310376;00691976;00009580;00009510;00009580;00009510;0000008941632;0000008938439;0000000003193;00003193;
20170403;DI1;*;N19 ;0000692022821;0000222037033;00455351;00009600;00009550;00009600;00009550;0000008164955;0000008164048;0000000000907;00000907;
20170403;DI1;*;N20 ;0004325676714;0001387902818;01033078;00009830;00009760;00009830;00009770;0000007405470;0000007399569;0000000005901;00005901;
20170403;DI1;*;N21 ;0000197969505;0000063518948;00057984;00009950;00009910;00009960;00009910;0000006712660;0000006697741;0000000014919;00014919;
20170403;DI1;*;N22 ;0000001820094;0000000583981;00004170;00010050;00010050;00010050;00010050;0000006075330;0000006062826;0000000012504;00012504;
20170403;DI1;*;N23 ;0000000000000;0000000000000;00003120;00000000;00000000;00000000;00000000;0000005501654;0000005489639;0000000012015;00012015;
20170403;DI1;*;N24 ;0000000000000;0000000000000;00001535;00000000;00000000;00000000;00000000;0000004987972;0000004973664;0000000014308;00014308;
20170403;DI1;*;Q17 ;0000625424017;0000200668661;00120508;00010780;00010720;00010780;00010720;0000009674064;0000009673975;0000000000089;00000089;
20170403;DI1;*;U17 ;0000153501369;0000049251249;00055653;00010460;00010455;00010470;00010455;0000009594141;0000009593435;0000000000706;00000706;
20170403;DI1;*;V17 ;0006653525881;0002134798306;00883651;00010270;00010230;00010275;00010230;0000009527927;0000009526193;0000000001734;00001734;
20170403;DI1;*;V18 ;0000754286582;0000242014497;00608777;00009520;00009480;00009530;00009480;0000008741044;0000008739494;0000000001550;00001550;
20170403;DI1;*;V19 ;0000026670771;0000008557375;00060353;00009650;00009600;00009660;00009600;0000007962821;0000007959928;0000000002893;00002893;
20170403;DI1;*;V20 ;0000185920083;0000059652865;00046898;00009850;00009810;00009860;00009810;0000007214657;0000007211818;0000000002839;00002839;
20170403;DI1;*;V21 ;0000002285937;0000000733448;00011967;00009980;00009980;00009990;00009990;0000006544365;0000006528898;0000000015467;00015467;
20170403;DI1;*;X17 ;0000047295195;0000015174767;00035022;00010075;00010075;00010075;00010075;0000009459039;0000009456977;0000000002062;00002062;
20170403;DI1;*;Z17 ;0000000000000;0000000000000;00045550;00000000;00000000;00000000;00000000;0000009395405;0000009393312;0000000002093;00002093;
20170403;DOL;*;F18 ;0000000000000;0000000000000;00007825;00000000;00000000;00000000;00000000;0000032857880;0000033039820;0000000090970;00181940;
20170403;DOL;*;F19 ;0000000000000;0000000000000;00000000;00000000;00000000;00000000;00000000;0000034944070;0000035101680;0000000000000;00157610;
20170403;DOL;*;F20 ;0000000000000;0000000000000;00000000;00000000;00000000;00000000;00000000;0000037078200;0000037260880;0000000000000;00182680;
20170403;DOL;*;F21 ;0000000000000;0000000000000;00003100;00000000;00000000;00000000;00000000;0000039186010;0000039396760;0000000105375;00210750;
20170403;DOL;*;F25 ;0000000000000;0000000000000;00000000;00000000;00000000;00000000;00000000;0000047556920;0000047934670;0000000000000;00377750;
20170403;DOL;*;G18 ;0000000000000;0000000000000;00000000;00000000;00000000;00000000;00000000;0000033043940;0000033220810;0000000000000;00176870;
20170403;DOL;*;H18 ;0000000000000;0000000000000;00000000;00000000;00000000;00000000;00000000;0000033195660;0000033374700;0000000000000;00179040;
20170403;DOL;*;J17 ;0000000000000;0000000000000;00381682;00000000;00000000;00000000;00000000;0000031684000;0000031684000;0000000000000;00000000;
20170403;DOL;*;J18 ;0000000000000;0000000000000;00000000;00000000;00000000;00000000;00000000;0000033363260;0000033541720;0000000000000;00178460;
20170403;DOL;*;J19 ;0000000000000;0000000000000;00000050;00000000;00000000;00000000;00000000;0000035489020;0000035632170;0000000071575;00143150;
20170403;DOL;*;J20 ;0000000000000;0000000000000;00000000;00000000;00000000;00000000;00000000;0000037648610;0000037800000;0000000000000;00151390;
20170403;DOL;*;J22 ;0000000000000;0000000000000;00000000;00000000;00000000;00000000;00000000;0000041815460;0000042000000;0000000000000;00184540;
20170403;DOL;*;K17 ;0042841120125;0013745666931;00574285;03151500;03129000;03153500;03134000;0000031322120;0000031495560;0000000086720;00173440;
20170403;DOL;*;K18 ;0000000000000;0000000000000;00000000;00000000;00000000;00000000;00000000;0000033538120;0000033718790;0000000000000;00180670;
20170403;DOL;*;M17 ;0000002369500;0000000760259;00006983;03159000;03159000;03159500;03159500;0000031560640;0000031734420;0000000086890;00173780;
20170403;DOL;*;N17 ;0000002384875;0000000765192;00034755;03177500;03177500;03181000;03181000;0000031774550;0000031950060;0000000087755;00175510;
20170403;DOL;*;N18 ;0000000000000;0000000000000;00000650;00000000;00000000;00000000;00000000;0000033888060;0000034068040;0000000089990;00179980;
20170403;DOL;*;N19 ;0000000000000;0000000000000;00000400;00000000;00000000;00000000;00000000;0000036011210;0000036153260;0000000071025;00142050;
20170403;DOL;*;N21 ;0000000000000;0000000000000;00000000;00000000;00000000;00000000;00000000;0000040265720;0000040490820;0000000000000;00225100;
20170403;DOL;*;Q17 ;0000000000000;0000000000000;00002905;00000000;00000000;00000000;00000000;0000031975550;0000032149970;0000000087210;00174420;
20170403;DOL;*;U17 ;0000000000000;0000000000000;00000855;00000000;00000000;00000000;00000000;0000032201760;0000032376900;0000000087570;00175140;
20170403;DOL;*;V17 ;0000000000000;0000000000000;00003905;00000000;00000000;00000000;00000000;0000032363750;0000032545110;0000000090680;00181360;
20170403;DOL;*;V18 ;0000000000000;0000000000000;00000005;00000000;00000000;00000000;00000000;0000034445050;0000034608900;0000000081925;00163850;
20170403;DOL;*;V19 ;0000000000000;0000000000000;00000000;00000000;00000000;00000000;00000000;0000036586500;0000036745020;0000000000000;00158520;
20170403;DOL;*;X17 ;0000000000000;0000000000000;00000090;00000000;00000000;00000000;00000000;0000032549110;0000032727860;0000000089375;00178750;
20170403;DOL;*;Z17 ;0000000000000;0000000000000;00000005;00000000;00000000;00000000;00000000;0000032704960;0000032884150;0000000089595;00179190;
20170403;ETH;*;F18 ;0000000000000;0000000000000;00000000;00000000;00000000;00000000;00000000;0000000168700;0000000168700;0000000000000;00000000;
20170403;ETH;*;J17 ;0000000000000;0000000000000;00000050;00000000;00000000;00000000;00000000;0000000148000;0000000148000;0000000000000;00000000;
20170403;ETH;*;K17 ;0000000000000;0000000000000;00000150;00000000;00000000;00000000;00000000;0000000148000;0000000148000;0000000000000;00000000;
20170403;ETH;*;M17 ;0000000000000;0000000000000;00000205;00000000;00000000;00000000;00000000;0000000152500;0000000152500;0000000000000;00000000;
20170403;ETH;*;N17 ;0000000000000;0000000000000;00000190;00000000;00000000;00000000;00000000;0000000153500;0000000156000;0000000075000;00002500;
20170403;ETH;*;Q17 ;0000000000000;0000000000000;00000185;00000000;00000000;00000000;00000000;0000000155000;0000000157000;0000000060000;00002000;
20170403;ETH;*;U17 ;0000000000000;0000000000000;00000000;00000000;00000000;00000000;00000000;0000000163000;0000000163000;0000000000000;00000000;
20170403;ETH;*;V17 ;0000000000000;0000000000000;00000000;00000000;00000000;00000000;00000000;0000000163000;0000000163000;0000000000000;00000000;
20170403;ETH;*;X17 ;0000000000000;0000000000000;00000000;00000000;00000000;00000000;00000000;0000000163000;0000000163000;0000000000000;00000000;
20170403;ETH;*;Z17 ;0000000000000;0000000000000;00000000;00000000;00000000;00000000;00000000;0000000165000;0000000165000;0000000000000;00000000;
20170403;EUR;*;J17 ;0000000000000;0000000000000;00001724;00000000;00000000;00000000;00000000;0000033887620;0000033887620;0000000000000;00000000;
20170403;EUR;*;K17 ;0000001671550;0000000536320;00011824;03347200;03339000;03347200;03339000;0000033448130;0000033687920;0000000119895;00239790;
20170403;EUR;*;M17 ;0000001686250;0000000541037;00001095;03372500;03372500;03372500;03372500;0000033742830;0000033983610;0000000120390;00240780;
20170403;EUR;*;N17 ;0000000000000;0000000000000;00003190;00000000;00000000;00000000;00000000;0000034023620;0000034266970;0000000121675;00243350;
20170403;EUR;*;Q17 ;0000000000000;0000000000000;00000000;00000000;00000000;00000000;00000000;0000034289590;0000034500000;0000000000000;00210410;
20170403;EUR;*;V17 ;0000000000000;0000000000000;00000000;00000000;00000000;00000000;00000000;0000034816690;0000035070510;0000000000000;00253820;
20170403;FRC;*;F18 ;0000000000000;0000000000000;00000000;00000203;00000199;00000203;00000199;0000000000199;0000000000203;0000000000002;00000004;
20170403;FRC;*;F19 ;0000000000000;0000000000000;00000000;00000245;00000237;00000245;00000237;0000000000237;0000000000245;0000000000004;00000008;
20170403;FRC;*;F20 ;0000000000000;0000000000000;00000000;00000295;00000295;00000295;00000295;0000000000289;0000000000295;0000000000003;00000006;
20170403;FRC;*;F21 ;0000000000000;0000000000000;00000000;00000341;00000335;00000341;00000335;0000000000335;0000000000341;0000000000003;00000006;
20170403;FRC;*;F22 ;0000000000000;0000000000000;00000000;00000381;00000377;00000381;00000377;0000000000377;0000000000381;0000000000002;00000004;
20170403;FRC;*;F23 ;0000000000000;0000000000000;00000000;00000419;00000415;00000419;00000415;0000000000415;0000000000419;0000000000002;00000004;
20170403;FRC;*;F24 ;0000000000000;0000000000000;00000000;00000449;00000449;00000449;00000449;0000000000445;0000000000449;0000000000002;00000004;
20170403;FRC;*;F25 ;0000000000000;0000000000000;00000000;00000486;00000486;00000486;00000486;0000000000486;0000000000489;0000000000001;00000003;
20170403;FRC;*;F26 ;0000000000000;0000000000000;00000000;00000525;00000525;00000525;00000525;0000000000525;0000000000529;0000000000002;00000004;
20170403;FRC;*;F27 ;0000000000000;0000000000000;00000000;00000000;00000000;00000000;00000000;0000000000561;0000000000565;0000000000000;00000004;
20170403;FRC;*;F28 ;0000000000000;0000000000000;00000000;00000000;00000000;00000000;00000000;0000000000592;0000000000596;0000000000000;00000004;
20170403;FRC;*;F29 ;0000000000000;0000000000000;00000000;00000000;00000000;00000000;00000000;0000000000623;0000000000627;0000000000000;00000004;
20170403;FRC;*;F30 ;0000000000000;0000000000000;00000000;00000000;00000000;00000000;00000000;0000000000652;0000000000656;0000000000000;00000004;
20170403;FRC;*;G18 ;0000000000000;0000000000000;00000000;00000207;00000203;00000207;00000203;0000000000203;0000000000207;0000000000002;00000004;
20170403;FRC;*;H18 ;0000000000000;0000000000000;00000000;00000000;00000000;00000000;00000000;0000000000204;0000000000208;0000000000000;00000004;
20170403;FRC;*;J18 ;0000000000000;0000000000000;00000000;00000212;00000207;00000212;00000207;0000000000207;0000000000212;0000000000002;00000005;
20170403;FRC;*;J19 ;0000000000000;0000000000000;00000000;00000000;00000000;00000000;00000000;0000000000247;0000000000255;0000000000000;00000008;
20170403;FRC;*;J20 ;0000000000000;0000000000000;00000000;00000300;00000300;00000300;00000300;0000000000300;0000000000306;0000000000003;00000006;
20170403;FRC;*;J21 ;0000000000000;0000000000000;00000000;00000000;00000000;00000000;00000000;0000000000345;0000000000351;0000000000000;00000006;
20170403;FRC;*;J22 ;0000000000000;0000000000000;00000000;00000000;00000000;00000000;00000000;0000000000388;0000000000390;0000000000000;00000002;
20170403;FRC;*;K18 ;0000000000000;0000000000000;00000000;00000000;00000000;00000000;00000000;0000000000210;0000000000215;0000000000000;00000005;
20170403;FRC;*;M17 ;0000000000000;0000000000000;00000000;00000200;00000194;00000200;00000194;0000000000194;0000000000200;0000000000003;00000006;
20170403;FRC;*;N17 ;0000000000000;0000000000000;00000000;00000173;00000170;00000173;00000172;0000000000172;0000000000173;0000000000000;00000001;
20170403;FRC;*;N18 ;0000000000000;0000000000000;00000000;00000222;00000216;00000222;00000216;0000000000216;0000000000222;0000000000003;00000006;
20170403;FRC;*;N19 ;0000000000000;0000000000000;00000000;00000000;00000000;00000000;00000000;0000000000260;0000000000268;0000000000000;00000008;
20170403;FRC;*;N20 ;0000000000000;0000000000000;00000000;00000317;00000317;00000317;00000317;0000000000311;0000000000317;0000000000003;00000006;
20170403;FRC;*;N21 ;0000000000000;0000000000000;00000000;00000000;00000000;00000000;00000000;0000000000355;0000000000360;0000000000000;00000005;
20170403;FRC;*;Q17 ;0000000000000;0000000000000;00000000;00000189;00000184;00000189;00000184;0000000000184;0000000000189;0000000000002;00000005;
20170403;FRC;*;U17 ;0000000000000;0000000000000;00000000;00000180;00000175;00000180;00000175;0000000000175;0000000000180;0000000000002;00000005;
20170403;FRC;*;V17 ;0000000000000;0000000000000;00000000;00000188;00000185;00000188;00000185;0000000000185;0000000000188;0000000000001;00000003;
20170403;FRC;*;V18 ;0000000000000;0000000000000;00000000;00000231;00000231;00000231;00000231;0000000000224;0000000000231;0000000000003;00000007;
20170403;FRC;*;V19 ;0000000000000;0000000000000;00000000;00000000;00000000;00000000;00000000;0000000000272;0000000000279;0000000000000;00000007;
20170403;FRC;*;V20 ;0000000000000;0000000000000;00000000;00000000;00000000;00000000;00000000;0000000000323;0000000000329;0000000000000;00000006;
20170403;FRC;*;V21 ;0000000000000;0000000000000;00000000;00000000;00000000;00000000;00000000;0000000000363;0000000000368;0000000000000;00000005;
20170403;FRC;*;X17 ;0000000000000;0000000000000;00000000;00000190;00000185;00000190;00000185;0000000000185;0000000000190;0000000000002;00000005;
20170403;FRC;*;Z17 ;0000000000000;0000000000000;00000000;00000198;00000192;00000198;00000192;0000000000192;0000000000198;0000000000003;00000006;
20170403;FRO;*;F18 ;0000000000000;0000000000000;00000000;00000000;00000000;00000000;00000000;0000000000200;0000000000204;0000000000000;00000004;
20170403;FRO;*;F19 ;0000000000000;0000000000000;00000000;00000000;00000000;00000000;00000000;0000000000238;0000000000246;0000000000000;00000008;
20170403;FRO;*;F20 ;0000000000000;0000000000000;00000000;00000000;00000000;00000000;00000000;0000000000291;0000000000297;0000000000000;00000006;
20170403;FRO;*;F21 ;0000000000000;0000000000000;00000000;00000000;00000000;00000000;00000000;0000000000337;0000000000343;0000000000000;00000006;
20170403;FRO;*;F22 ;0000000000000;0000000000000;00000000;00000000;00000000;00000000;00000000;0000000000379;0000000000383;0000000000000;00000004;
20170403;FRO;*;F23 ;0000000000000;0000000000000;00000000;00000000;00000000;00000000;00000000;0000000000417;0000000000421;0000000000000;00000004;
20170403;FRO;*;F24 ;0000000000000;0000000000000;00000000;00000000;00000000;00000000;00000000;0000000000447;0000000000451;0000000000000;00000004;
20170403;FRO;*;F25 ;0000000000000;0000000000000;00000000;00000000;00000000;00000000;00000000;0000000000488;0000000000491;0000000000000;00000003;
20170403;FRO;*;F26 ;0000000000000;0000000000000;00000000;00000000;00000000;00000000;00000000;0000000000527;0000000000531;0000000000000;00000004;
20170403;FRO;*;F27 ;0000000000000;0000000000000;00000000;00000000;00000000;00000000;00000000;0000000000563;0000000000567;0000000000000;00000004;
20170403;FRO;*;F28 ;0000000000000;0000000000000;00000000;00000000;00000000;00000000;00000000;0000000000594;0000000000598;0000000000000;00000004;
20170403;FRO;*;F29 ;0000000000000;0000000000000;00000000;00000000;00000000;00000000;00000000;0000000000626;0000000000630;0000000000000;00000004;
20170403;FRO;*;F30 ;0000000000000;0000000000000;00000000;00000000;00000000;00000000;00000000;0000000000655;0000000000659;0000000000000;00000004;
20170403;FRO;*;G18 ;0000000000000;0000000000000;00000000;00000000;00000000;00000000;00000000;0000000000204;0000000000208;0000000000000;00000004;
20170403;FRO;*;H18 ;0000000000000;0000000000000;00000000;00000000;00000000;00000000;00000000;0000000000205;0000000000209;0000000000000;00000004;
20170403;FRO;*;J18 ;0000000000000;0000000000000;00000000;00000000;00000000;00000000;00000000;0000000000208;0000000000213;0000000000000;00000005;
20170403;FRO;*;J19 ;0000000000000;0000000000000;00000000;00000000;00000000;00000000;00000000;0000000000248;0000000000256;0000000000000;00000008;
20170403;FRO;*;J20 ;0000000000000;0000000000000;00000000;00000000;00000000;00000000;00000000;0000000000302;0000000000308;0000000000000;00000006;
20170403;FRO;*;J21 ;0000000000000;0000000000000;00000000;00000000;00000000;00000000;00000000;0000000000347;0000000000353;0000000000000;00000006;
20170403;FRO;*;J22 ;0000000000000;0000000000000;00000000;00000000;00000000;00000000;00000000;0000000000390;0000000000385;0000000000000;00000005;
20170403;FRO;*;K18 ;0000000000000;0000000000000;00000000;00000000;00000000;00000000;00000000;0000000000211;0000000000216;0000000000000;00000005;
20170403;FRO;*;M17 ;0000000000000;0000000000000;00000000;00000000;00000000;00000000;00000000;0000000000196;0000000000202;0000000000000;00000006;
20170403;FRO;*;N17 ;0000000000000;0000000000000;00000000;00000000;00000000;00000000;00000000;0000000000174;0000000000175;0000000000000;00000001;
20170403;FRO;*;N18 ;0000000000000;0000000000000;00000000;00000000;00000000;00000000;00000000;0000000000217;0000000000223;0000000000000;00000006;
20170403;FRO;*;N19 ;0000000000000;0000000000000;00000000;00000000;00000000;00000000;00000000;0000000000262;0000000000270;0000000000000;00000008;
20170403;FRO;*;N20 ;0000000000000;0000000000000;00000000;00000000;00000000;00000000;00000000;0000000000313;0000000000319;0000000000000;00000006;
20170403;FRO;*;N21 ;0000000000000;0000000000000;00000000;00000000;00000000;00000000;00000000;0000000000357;0000000000362;0000000000000;00000005;
20170403;FRO;*;Q17 ;0000000000000;0000000000000;00000000;00000000;00000000;00000000;00000000;0000000000186;0000000000191;0000000000000;00000005;
20170403;FRO;*;U17 ;0000000000000;0000000000000;00000000;00000000;00000000;00000000;00000000;0000000000177;0000000000182;0000000000000;00000005;
20170403;FRO;*;V17 ;0000000000000;0000000000000;00000000;00000000;00000000;00000000;00000000;0000000000187;0000000000190;0000000000000;00000003;
20170403;FRO;*;V18 ;0000000000000;0000000000000;00000000;00000000;00000000;00000000;00000000;0000000000225;0000000000232;0000000000000;00000007;
20170403;FRO;*;V19 ;0000000000000;0000000000000;00000000;00000000;00000000;00000000;00000000;0000000000274;0000000000281;0000000000000;00000007;
20170403;FRO;*;V20 ;0000000000000;0000000000000;00000000;00000000;00000000;00000000;00000000;0000000000325;0000000000331;0000000000000;00000006;
20170403;FRO;*;V21 ;0000000000000;0000000000000;00000000;00000000;00000000;00000000;00000000;0000000000365;0000000000370;0000000000000;00000005;
20170403;FRO;*;X17 ;0000000000000;0000000000000;00000000;00000000;00000000;00000000;00000000;0000000000186;0000000000192;0000000000000;00000006;
20170403;FRO;*;Z17 ;0000000000000;0000000000000;00000000;00000000;00000000;00000000;00000000;0000000000193;0000000000199;0000000000000;00000006;
20170403;FRP;*;FRP0;0000000000000;0000000000000;00000000;00001860;00001850;00001880;00001850;0000000000000;0000000000000;0000000000000;00000000;
20170403;FRP;*;FRP1;0000000000000;0000000000000;00000000;00001830;00001830;00001830;00001830;0000000000000;0000000000000;0000000000000;00000000;
20170403;GBP;*;J17 ;0000000000000;0000000000000;00000242;00000000;00000000;00000000;00000000;0000039619260;0000039619260;0000000000000;00000000;
20170403;GBP;*;K17 ;0000008398600;0000002694709;00000693;03934000;03920000;03934000;03920000;0000039094100;0000039498880;0000000141673;00404780;
20170403;GBP;*;M17 ;0000000000000;0000000000000;00000527;00000000;00000000;00000000;00000000;0000039415510;0000039822570;0000000142471;00407060;
20170403;GBP;*;N17 ;0000000000000;0000000000000;00000000;00000000;00000000;00000000;00000000;0000039716700;0000040200000;0000000000000;00483300;
20170403;HSI;*;J17 ;0000000000000;0000000000000;00000000;00000000;00000000;00000000;00000000;0000000024243;0000000024131;0000000000000;00000112;
20170403;HSI;*;K17 ;0000000000000;0000000000000;00000000;00000000;00000000;00000000;00000000;0000000024138;0000000024023;0000000000000;00000115;
20170403;IAP;*;J17 ;0000000000000;0000000000000;00000000;00000000;00000000;00000000;00000000;0000000481812;0000000481668;0000000003600;00000144;
20170403;IAP;*;K17 ;0000000000000;0000000000000;00000000;00000000;00000000;00000000;00000000;0000000483108;0000000483114;0000000000000;00000006;
20170403;IAP;*;K19 ;0000000000000;0000000000000;00000000;00000000;00000000;00000000;00000000;0000000527285;0000000527208;0000000000000;00000077;
20170403;IAP;*;K21 ;0000000000000;0000000000000;00000000;00000000;00000000;00000000;00000000;0000000576748;0000000577678;0000000000000;00000930;
20170403;IAP;*;M17 ;0000000000000;0000000000000;00000000;00000000;00000000;00000000;00000000;0000000484354;0000000483822;0000000000000;00000532;
20170403;IAP;*;Q18 ;0000000000000;0000000000000;00000000;00000000;00000000;00000000;00000000;0000000509177;0000000509321;0000000000000;00000144;
20170403;IAP;*;Q20 ;0000000000000;0000000000000;00000000;00000000;00000000;00000000;00000000;0000000558709;0000000559122;0000000000000;00000413;
20170403;IAP;*;Q22 ;0000000000000;0000000000000;00000000;00000000;00000000;00000000;00000000;0000000610013;0000000611136;0000000000000;00001123;
20170403;ICF;*;H18 ;0000000000000;0000000000000;00000000;00000000;00000000;00000000;00000000;0000000017935;0000000018120;0000000000000;00000185;
20170403;ICF;*;K17 ;0000000000000;0000000000000;00000102;00000000;00000000;00000000;00000000;0000000016440;0000000016630;0000000059133;00000190;
20170403;ICF;*;N17 ;0000000000000;0000000000000;00000133;00000000;00000000;00000000;00000000;0000000016680;0000000016865;0000000057577;00000185;
20170403;ICF;*;U17 ;0000033025673;0000010611340;00004619;00017050;00016905;00017585;00016905;0000000016950;0000000017100;0000000046684;00000150;
20170403;ICF;*;U18 ;0000000345621;0000000111050;00000408;00018550;00018300;00018550;00018300;0000000017735;0000000017940;0000000063802;00000205;
20170403;ICF;*;U19 ;0000000000000;0000000000000;00000250;00000000;00000000;00000000;00000000;0000000018385;0000000018590;0000000063802;00000205;
20170403;ICF;*;Z17 ;0000000502341;0000000161405;00000199;00018075;00017655;00018075;00017655;0000000017520;0000000017705;0000000057577;00000185;
20170403;ICF;*;Z18 ;0000000000000;0000000000000;00000029;00000000;00000000;00000000;00000000;0000000017890;0000000018095;0000000063802;00000205;
20170403;IGM;*;K17 ;0000000000000;0000000000000;00000000;00000000;00000000;00000000;00000000;0000000666634;0000000666649;0000000000300;00000015;
20170403;IGM;*;K19 ;0000000000000;0000000000000;00000000;00000000;00000000;00000000;00000000;0000000717666;0000000717867;0000000000000;00000201;
20170403;IGM;*;K21 ;0000000000000;0000000000000;00000000;00000000;00000000;00000000;00000000;0000000786755;0000000787993;0000000000000;00001238;
20170403;IGM;*;Q18 ;0000000000000;0000000000000;00000000;00000000;00000000;00000000;00000000;0000000695741;0000000696681;0000000000000;00000940;
20170403;IGM;*;Q20 ;0000000000000;0000000000000;00000000;00000000;00000000;00000000;00000000;0000000760110;0000000760765;0000000000000;00000655;
20170403;IND;*;G18 ;0000000000000;0000000000000;00000000;00000000;00000000;00000000;00000000;0000000070127;0000000069876;0000000000000;00000251;
20170403;IND;*;J17 ;0003053778725;0000979811572;00273099;00065350;00064950;00065580;00065555;0000000065484;0000000065237;0000000024700;00000247;
20170403;IND;*;J18 ;0000000000000;0000000000000;00000000;00000000;00000000;00000000;00000000;0000000071077;0000000070831;0000000000000;00000246;
20170403;IND;*;M17 ;0000059997000;0000019250168;00044740;00066500;00066200;00066500;00066300;0000000066529;0000000066277;0000000025200;00000252;
20170403;IND;*;M18 ;0000000000000;0000000000000;00001080;00000000;00000000;00000000;00000000;0000000071920;0000000071675;0000000024500;00000245;
20170403;IND;*;Q17 ;0000000000000;0000000000000;00003190;00000000;00000000;00000000;00000000;0000000067534;0000000067283;0000000025100;00000251;
20170403;IND;*;Q18 ;0000000000000;0000000000000;00000000;00000000;00000000;00000000;00000000;0000000072950;0000000072696;0000000000000;00000254;
20170403;IND;*;V17 ;0000000000000;0000000000000;00001650;00000000;00000000;00000000;00000000;0000000068434;0000000068187;0000000024700;00000247;
20170403;IND;*;V18 ;0000000000000;0000000000000;00000000;00000000;00000000;00000000;00000000;0000000073957;0000000073693;0000000000000;00000264;
20170403;IND;*;Z17 ;0000000000000;0000000000000;00014405;00000000;00000000;00000000;00000000;0000000069253;0000000069008;0000000024500;00000245;
20170403;IND;*;Z18 ;0000000000000;0000000000000;00000150;00000000;00000000;00000000;00000000;0000000074865;0000000074599;0000000026600;00000266;
20170403;IR1;*;J7M7;0000000000000;0000000000000;00000000;00001072;00001020;00001072;00001050;0000000000000;0000000000000;0000000000000;00000000;
20170403;IR1;*;J7V7;0000000000000;0000000000000;00000000;00002950;00002950;00002950;00002950;0000000000000;0000000000000;0000000000000;00000000;
20170403;ISP;*;M17 ;0000382204794;0000122804612;00003102;00235800;00234100;00236150;00235500;0000000235600;0000000235925;0000000050574;00000325;
20170403;ISP;*;U17 ;0000000000000;0000000000000;00000003;00000000;00000000;00000000;00000000;0000000235300;0000000235625;0000000050574;00000325;
20170403;ISP;*;Z17 ;0000000000000;0000000000000;00000000;00000000;00000000;00000000;00000000;0000000235100;0000000235425;0000000000000;00000325;
20170403;JPY;*;J17 ;0000000000000;0000000000000;00000483;00000000;00000000;00000000;00000000;0000028433990;0000028433990;0000000000000;00000000;
20170403;JPY;*;K17 ;0000011291815;0000003623003;00000590;02820000;02820000;02824900;02824900;0000028253300;0000028325000;0000000035850;00071700;
20170403;JPY;*;M17 ;0000002848100;0000000913819;00001124;02848100;02848100;02848100;02848100;0000028493200;0000028565000;0000000035900;00071800;
20170403;JPY;*;N17 ;0000000000000;0000000000000;00000218;00000000;00000000;00000000;00000000;0000028719800;0000028794900;0000000037550;00075100;
20170403;JPY;*;Q17 ;0000000000000;0000000000000;00000000;00000000;00000000;00000000;00000000;0000028940000;0000028990000;0000000000000;00050000;
20170403;JSE;*;M17 ;0000000000000;0000000000000;00000000;00000000;00000000;00000000;00000000;0000000046178;0000000045768;0000000000000;00000410;
20170403;JSE;*;U17 ;0000000000000;0000000000000;00000000;00000000;00000000;00000000;00000000;0000000046508;0000000046095;0000000000000;00000413;
20170403;MIX;*;M17 ;0000000000000;0000000000000;00000000;00000000;00000000;00000000;00000000;0000000002036;0000000002023;0000000000000;00000013;
20170403;MIX;*;U17 ;0000000000000;0000000000000;00000000;00000000;00000000;00000000;00000000;0000000002036;0000000002025;0000000000000;00000011;
20170403;MXN;*;J17 ;0000000000000;0000000000000;00000560;00000000;00000000;00000000;00000000;0000016822630;0000016822630;0000000000000;00000000;
20170403;MXN;*;K17 ;0000000000000;0000000000000;00000432;00000000;00000000;00000000;00000000;0000016652880;0000016723530;0000000052987;00070650;
20170403;MXN;*;M17 ;0000000000000;0000000000000;00000144;00000000;00000000;00000000;00000000;0000016699230;0000016769840;0000000052957;00070610;
20170403;MXN;*;N17 ;0000000000000;0000000000000;00000000;00000000;00000000;00000000;00000000;0000016729970;0000016790000;0000000000000;00060030;
20170403;NZD;*;J17 ;0000000000000;0000000000000;00000000;00000000;00000000;00000000;00000000;0000022148700;0000022148700;0000000000000;00000000;
20170403;NZD;*;K17 ;0000000000000;0000000000000;00000000;00000000;00000000;00000000;00000000;0000021910980;0000022062570;0000000000000;00151590;
20170403;NZD;*;M17 ;0000000000000;0000000000000;00000190;00000000;00000000;00000000;00000000;0000022061750;0000022209270;0000000110640;00147520;
20170403;NZD;*;N17 ;0000000000000;0000000000000;00000000;00000000;00000000;00000000;00000000;0000022194420;0000022400000;0000000000000;00205580;
20170403;OC1;*;F18 ;0000000000000;0000000000000;00000000;00000000;00000000;00000000;00000000;0000009330651;0000009328585;0000000000000;00002066;
20170403;OC1;*;F19 ;0000000000000;0000000000000;00000000;00000000;00000000;00000000;00000000;0000008547415;0000008545519;0000000000000;00001896;
20170403;OC1;*;F20 ;0000000000000;0000000000000;00000000;00000000;00000000;00000000;00000000;0000007770305;0000007763239;0000000000000;00007066;
20170403;OC1;*;F21 ;0000000000000;0000000000000;00000000;00000000;00000000;00000000;00000000;0000007044794;0000007033411;0000000000000;00011383;
20170403;OC1;*;F22 ;0000000000000;0000000000000;00000000;00000000;00000000;00000000;00000000;0000006377222;0000006366755;0000000000000;00010467;
20170403;OC1;*;F23 ;0000000000000;0000000000000;00000000;00000000;00000000;00000000;00000000;0000005773318;0000005758451;0000000000000;00014867;
20170403;OC1;*;F24 ;0000000000000;0000000000000;00000000;00000000;00000000;00000000;00000000;0000005229767;0000005220587;0000000000000;00009180;
20170403;OC1;*;F25 ;0000000000000;0000000000000;00000000;00000000;00000000;00000000;00000000;0000004736261;0000004716723;0000000000000;00019538;
20170403;OC1;*;F26 ;0000000000000;0000000000000;00000000;00000000;00000000;00000000;00000000;0000004287320;0000004270680;0000000000000;00016640;
20170403;OC1;*;F27 ;0000000000000;0000000000000;00000000;00000000;00000000;00000000;00000000;0000003879892;0000003856294;0000000000000;00023598;
20170403;OC1;*;F28 ;0000000000000;0000000000000;00000000;00000000;00000000;00000000;00000000;0000003515485;0000003491895;0000000000000;00023590;
20170403;OC1;*;F29 ;0000000000000;0000000000000;00000000;00000000;00000000;00000000;00000000;0000003186178;0000003162816;0000000000000;00023362;
20170403;OC1;*;F30 ;0000000000000;0000000000000;00000000;00000000;00000000;00000000;00000000;0000002886331;0000002863366;0000000000000;00022965;
20170403;OC1;*;G18 ;0000000000000;0000000000000;00000000;00000000;00000000;00000000;00000000;0000009260419;0000009258973;0000000000000;00001446;
20170403;OC1;*;H18 ;0000000000000;0000000000000;00000000;00000000;00000000;00000000;00000000;0000009203034;0000009201120;0000000000000;00001914;
20170403;OC1;*;J17 ;0000000000000;0000000000000;00029800;00000000;00000000;00000000;00000000;0000010000000;0000010000000;0000000000000;00000000;
20170403;OC1;*;J18 ;0000000000000;0000000000000;00000000;00000000;00000000;00000000;00000000;0000009137756;0000009135298;0000000000000;00002458;
20170403;OC1;*;J19 ;0000000000000;0000000000000;00000000;00000000;00000000;00000000;00000000;0000008354238;0000008353510;0000000000000;00000728;
20170403;OC1;*;J20 ;0000000000000;0000000000000;00000000;00000000;00000000;00000000;00000000;0000007578379;0000007575938;0000000000000;00002441;
20170403;OC1;*;J21 ;0000000000000;0000000000000;00000000;00000000;00000000;00000000;00000000;0000006874021;0000006863393;0000000000000;00010628;
20170403;OC1;*;J22 ;0000000000000;0000000000000;00000000;00000000;00000000;00000000;00000000;0000006222298;0000000000000;0000000000000;00000000;
20170403;OC1;*;K17 ;0000000000000;0000000000000;00000000;00000000;00000000;00000000;00000000;0000009921862;0000009921945;0000000000000;00000083;
20170403;OC1;*;K18 ;0000000000000;0000000000000;00000000;00000000;00000000;00000000;00000000;0000009071402;0000009068698;0000000000000;00002704;
20170403;OC1;*;M17 ;0000000000000;0000000000000;00000000;00000000;00000000;00000000;00000000;0000009830814;0000009830806;0000000000000;00000008;
20170403;OC1;*;N17 ;0000000000000;0000000000000;00000000;00000000;00000000;00000000;00000000;0000009751482;0000009751421;0000000000000;00000061;
20170403;OC1;*;N18 ;0000000000000;0000000000000;00000000;00000000;00000000;00000000;00000000;0000008940026;0000008936834;0000000000000;00003192;
20170403;OC1;*;N19 ;0000000000000;0000000000000;00000000;00000000;00000000;00000000;00000000;0000008162311;0000008161405;0000000000000;00000906;
20170403;OC1;*;N20 ;0000000000000;0000000000000;00000000;00000000;00000000;00000000;00000000;0000007401993;0000007396096;0000000000000;00005897;
20170403;OC1;*;N21 ;0000000000000;0000000000000;00000000;00000000;00000000;00000000;00000000;0000006708539;0000006693633;0000000000000;00014906;
20170403;OC1;*;N22 ;0000000000000;0000000000000;00000000;00000000;00000000;00000000;00000000;0000006070721;0000006058230;0000000000000;00012491;
20170403;OC1;*;N23 ;0000000000000;0000000000000;00000000;00000000;00000000;00000000;00000000;0000005496377;0000005484377;0000000000000;00012000;
20170403;OC1;*;N24 ;0000000000000;0000000000000;00000000;00000000;00000000;00000000;00000000;0000004982430;0000004968141;0000000000000;00014289;
20170403;OC1;*;Q17 ;0000000000000;0000000000000;00000000;00000000;00000000;00000000;00000000;0000009673553;0000009673463;0000000000000;00000090;
20170403;OC1;*;U17 ;0000000000000;0000000000000;00000000;00000000;00000000;00000000;00000000;0000009593526;0000009592821;0000000000000;00000705;
20170403;OC1;*;V17 ;0000000000000;0000000000000;00000000;00000000;00000000;00000000;00000000;0000009527198;0000009525466;0000000000000;00001732;
20170403;OC1;*;V18 ;0000000000000;0000000000000;00000000;00000000;00000000;00000000;00000000;0000008739149;0000008737601;0000000000000;00001548;
20170403;OC1;*;V19 ;0000000000000;0000000000000;00000000;00000000;00000000;00000000;00000000;0000007959939;0000007957049;0000000000000;00002890;
20170403;OC1;*;V20 ;0000000000000;0000000000000;00000000;00000000;00000000;00000000;00000000;0000007211001;0000007208164;0000000000000;00002837;
20170403;OC1;*;V21 ;0000000000000;0000000000000;00000000;00000000;00000000;00000000;00000000;0000006540103;0000006524650;0000000000000;00015453;
20170403;OC1;*;X17 ;0000000000000;0000000000000;00000000;00000000;00000000;00000000;00000000;0000009458243;0000009456133;0000000000000;00002110;
20170403;OC1;*;Z17 ;0000000000000;0000000000000;00000000;00000000;00000000;00000000;00000000;0000009394504;0000009392414;0000000000000;00002090;
20170403;OZ1;*;0000;0000000371528;0000000119206;00000000;00124000;00123900;00124000;00123900;0000000123967;0000000125672;0000000000000;00001100;
20170403;OZ1;*;K17 ;0000000000000;0000000000000;00000000;00000000;00000000;00000000;00000000;0000000124820;0000000125984;0000000000000;00001164;
20170403;OZ1;*;M17 ;0000000000000;0000000000000;00000000;00000000;00000000;00000000;00000000;0000000125976;0000000126000;0000000000000;00000024;
20170403;OZ2;*;0000;0000000013620;0000000004370;00000000;00123000;00123000;00124950;00124000;0000000123950;0000000124821;0000000000000;00000800;
20170403;OZ3;*;0000;0000000000000;0000000000000;00000000;00000000;00000000;00000000;00000000;0000000000000;0000000124109;0000000000000;00000000;
20170403;SCS;*;J703;0000000000000;0000000000000;00194220;00000000;00000000;00000000;00000000;0000000000000;0000000000000;0000000000000;00000000;
20170403;SCS;*;K702;0000000000000;0000000000000;00127785;00000000;00000000;00000000;00000000;0000000000000;0000000000000;0000000000000;00000000;
20170403;SCS;*;M701;0000000000000;0000000000000;00026000;00000000;00000000;00000000;00000000;0000000000000;0000000000000;0000000000000;00000000;
20170403;SCS;*;N703;0000000000000;0000000000000;00091470;00000000;00000000;00000000;00000000;0000000000000;0000000000000;0000000000000;00000000;
20170403;SFI;*;K17 ;0000000000000;0000000000000;00000000;00000000;00000000;00000000;00000000;0000000002006;0000000002023;0000000000000;00000017;
20170403;SFI;*;N17 ;0000000000000;0000000000000;00000000;00000000;00000000;00000000;00000000;0000000002029;0000000002046;0000000000000;00000017;
20170403;SFI;*;X17 ;0000000000000;0000000000000;00000000;00000000;00000000;00000000;00000000;0000000002027;0000000002035;0000000000000;00000008;
20170403;SJC;*;F18 ;0000000000000;0000000000000;00000000;00000000;00000000;00000000;00000000;0000000210813;0000000211585;0000000000000;00000772;
20170403;SJC;*;H18 ;0000000000000;0000000000000;00000000;00000000;00000000;00000000;00000000;0000000211530;0000000212191;0000000000000;00000661;
20170403;SJC;*;K17 ;0000004755417;0000001527943;00001179;00002093;00002069;00002093;00002070;0000000206845;0000000208554;0000000023935;00001709;
20170403;SJC;*;K18 ;0000000000000;0000000000000;00000000;00000000;00000000;00000000;00000000;0000000212412;0000000213073;0000000000000;00000661;
20170403;SJC;*;N17 ;0000003439994;0000001105290;00000826;00002100;00002093;00002100;00002093;0000000209270;0000000210979;0000000023935;00001709;
20170403;SJC;*;Q17 ;0000000000000;0000000000000;00000000;00000000;00000000;00000000;00000000;0000000209877;0000000211530;0000000000000;00001653;
20170403;SJC;*;U17 ;0000000000000;0000000000000;00000000;00000000;00000000;00000000;00000000;0000000209546;0000000210869;0000000000000;00001323;
20170403;SJC;*;X17 ;0000000058723;0000000018868;00001033;00002100;00002093;00002100;00002093;0000000209491;0000000210317;0000000011568;00000826;
20170403;TRY;*;J17 ;0000000000000;0000000000000;00000000;00000000;00000000;00000000;00000000;0000008700450;0000008700450;0000000000000;00000000;
20170403;TRY;*;K17 ;0000000000000;0000000000000;00000106;00000000;00000000;00000000;00000000;0000008527410;0000008583970;0000000042420;00056560;
20170403;TRY;*;M17 ;0000000000000;0000000000000;00000000;00000000;00000000;00000000;00000000;0000008513390;0000008563160;0000000000000;00049770;
20170403;TRY;*;N17 ;0000000000000;0000000000000;00000000;00000000;00000000;00000000;00000000;0000008494920;0000008550000;0000000000000;00055080;
20170403;T10;*;M17 ;0000000779805;0000000250202;00002644;00125093;00125093;00125109;00125109;0000001250312;0000001245625;0000000146079;00004687;
20170403;T10;*;U17 ;0000000000000;0000000000000;00000000;00000000;00000000;00000000;00000000;0000001245937;0000001240468;0000000000000;00005469;
20170403;WDO;*;F18 ;0000000000000;0000000000000;00000000;00000000;00000000;00000000;00000000;0000032857880;0000033039820;0000000000000;00181940;
20170403;WDO;*;F19 ;0000000000000;0000000000000;00000000;00000000;00000000;00000000;00000000;0000034944070;0000035101680;0000000000000;00157610;
20170403;WDO;*;F20 ;0000000000000;0000000000000;00000000;00000000;00000000;00000000;00000000;0000037078200;0000037260880;0000000000000;00182680;
20170403;WDO;*;F21 ;0000000000000;0000000000000;00000000;00000000;00000000;00000000;00000000;0000039186010;0000039396760;0000000000000;00210750;
20170403;WDO;*;F25 ;0000000000000;0000000000000;00000000;00000000;00000000;00000000;00000000;0000047556920;0000047934670;0000000000000;00377750;
20170403;WDO;*;G18 ;0000000000000;0000000000000;00000000;00000000;00000000;00000000;00000000;0000033043940;0000033220810;0000000000000;00176870;
20170403;WDO;*;H18 ;0000000000000;0000000000000;00000000;00000000;00000000;00000000;00000000;0000033195660;0000033374700;0000000000000;00179040;
20170403;WDO;*;J17 ;0000000000000;0000000000000;00027137;00000000;00000000;00000000;00000000;0000031684000;0000031684000;0000000000000;00000000;
20170403;WDO;*;J18 ;0000000000000;0000000000000;00000000;00000000;00000000;00000000;00000000;0000033363260;0000033541720;0000000000000;00178460;
20170403;WDO;*;J19 ;0000000000000;0000000000000;00000000;00000000;00000000;00000000;00000000;0000035489020;0000035632170;0000000000000;00143150;
20170403;WDO;*;J20 ;0000000000000;0000000000000;00000000;00000000;00000000;00000000;00000000;0000037648610;0000037800000;0000000000000;00151390;
20170403;WDO;*;J22 ;0000000000000;0000000000000;00000000;00000000;00000000;00000000;00000000;0000041815460;0000042000000;0000000000000;00184540;
20170403;WDO;*;K17 ;0011951382530;0003834627179;00026193;03152000;03129000;03153500;03133500;0000031322120;0000031495560;0000000017344;00173440;
20170403;WDO;*;K18 ;0000000000000;0000000000000;00000000;00000000;00000000;00000000;00000000;0000033538120;0000033718790;0000000000000;00180670;
20170403;WDO;*;M17 ;0000000410720;0000000131780;00000032;03176000;03154000;03176000;03155000;0000031560640;0000031734420;0000000017378;00173780;
20170403;WDO;*;N17 ;0000000000000;0000000000000;00000006;00000000;00000000;00000000;00000000;0000031774550;0000031950060;0000000017551;00175510;
20170403;WDO;*;N18 ;0000000000000;0000000000000;00000000;00000000;00000000;00000000;00000000;0000033888060;0000034068040;0000000000000;00179980;
20170403;WDO;*;N19 ;0000000000000;0000000000000;00000000;00000000;00000000;00000000;00000000;0000036011210;0000036153260;0000000000000;00142050;
20170403;WDO;*;N21 ;0000000000000;0000000000000;00000000;00000000;00000000;00000000;00000000;0000040265720;0000040490820;0000000000000;00225100;
20170403;WDO;*;Q17 ;0000000000000;0000000000000;00000000;00000000;00000000;00000000;00000000;0000031975550;0000032149970;0000000000000;00174420;
20170403;WDO;*;U17 ;0000000000000;0000000000000;00000063;00000000;00000000;00000000;00000000;0000032201760;0000032376900;0000000017514;00175140;
20170403;WDO;*;V17 ;0000000000000;0000000000000;00000000;00000000;00000000;00000000;00000000;0000032363750;0000032545110;0000000000000;00181360;
20170403;WDO;*;V18 ;0000000000000;0000000000000;00000000;00000000;00000000;00000000;00000000;0000034445050;0000034608900;0000000000000;00163850;
20170403;WDO;*;V19 ;0000000000000;0000000000000;00000000;00000000;00000000;00000000;00000000;0000036586500;0000036745020;0000000000000;00158520;
20170403;WDO;*;X17 ;0000000000000;0000000000000;00000000;00000000;00000000;00000000;00000000;0000032549110;0000032727860;0000000000000;00178750;
20170403;WDO;*;Z17 ;0000000000000;0000000000000;00000000;00000000;00000000;00000000;00000000;0000032704960;0000032884150;0000000000000;00179190;
20170403;WEU;*;J17 ;0000000000000;0000000000000;00000000;00000000;00000000;00000000;00000000;0000033887620;0000033887620;0000000000000;00000000;
20170403;WEU;*;K17 ;0000000000000;0000000000000;00000000;00000000;00000000;00000000;00000000;0000033448130;0000033687920;0000000000000;00239790;
20170403;WEU;*;M17 ;0000000000000;0000000000000;00000000;00000000;00000000;00000000;00000000;0000033742830;0000033983610;0000000000000;00240780;
20170403;WEU;*;N17 ;0000000000000;0000000000000;00000000;00000000;00000000;00000000;00000000;0000034023620;0000034266970;0000000000000;00243350;
20170403;WEU;*;Q17 ;0000000000000;0000000000000;00000000;00000000;00000000;00000000;00000000;0000034289590;0000034300000;0000000000000;00010410;
20170403;WEU;*;V17 ;0000000000000;0000000000000;00000000;00000000;00000000;00000000;00000000;0000034816690;0000035070510;0000000000000;00253820;
20170403;WIN;*;G18 ;0000000000000;0000000000000;00000000;00000000;00000000;00000000;00000000;0000000070127;0000000069876;0000000000000;00000251;
20170403;WIN;*;J17 ;0010137848303;0003252750763;00089783;00065385;00064950;00065590;00065560;0000000065484;0000000065237;0000000004940;00000247;
20170403;WIN;*;J18 ;0000000000000;0000000000000;00000000;00000000;00000000;00000000;00000000;0000000071077;0000000070831;0000000000000;00000246;
20170403;WIN;*;M17 ;0000000066308;0000000021275;00000022;00066300;00066220;00066500;00066300;0000000066529;0000000066277;0000000005040;00000252;
20170403;WIN;*;M18 ;0000000000000;0000000000000;00000000;00000000;00000000;00000000;00000000;0000000071920;0000000071675;0000000000000;00000245;
20170403;WIN;*;Q17 ;0000000000000;0000000000000;00000000;00000000;00000000;00000000;00000000;0000000067534;0000000067283;0000000000000;00000251;
20170403;WIN;*;Q18 ;0000000000000;0000000000000;00000000;00000000;00000000;00000000;00000000;0000000072950;0000000072696;0000000000000;00000254;
20170403;WIN;*;V17 ;0000000000000;0000000000000;00000000;00000000;00000000;00000000;00000000;0000000068434;0000000068187;0000000000000;00000247;
20170403;WIN;*;V18 ;0000000000000;0000000000000;00000000;00000000;00000000;00000000;00000000;0000000073957;0000000073693;0000000000000;00000264;
20170403;WIN;*;Z17 ;0000000000000;0000000000000;00000000;00000000;00000000;00000000;00000000;0000000069253;0000000069008;0000000000000;00000245;
20170403;WIN;*;Z18 ;0000000000000;0000000000000;00000000;00000000;00000000;00000000;00000000;0000000074865;0000000074599;0000000000000;00000266;
20170403;WTI;*;K17 ;0000000000000;0000000000000;00000690;00000000;00000000;00000000;00000000;0000000005024;0000000005060;0000000011204;00000036;
20170403;WTI;*;M17 ;0000000000000;0000000000000;00000100;00000000;00000000;00000000;00000000;0000000005071;0000000005107;0000000011204;00000036;
20170403;ZAR;*;J17 ;0000000000000;0000000000000;00000123;00000000;00000000;00000000;00000000;0000023629350;0000023629350;0000000000000;00000000;
20170403;ZAR;*;K17 ;0000000000000;0000000000000;00000013;00000000;00000000;00000000;00000000;0000022741950;0000023298730;0000000194873;00556780;
20170403;ZAR;*;M17 ;0000000000000;0000000000000;00000020;00000000;00000000;00000000;00000000;0000022792710;0000023335880;0000000190109;00543170;
20170403;ZAR;*;N17 ;0000000000000;0000000000000;00000000;00000000;00000000;00000000;00000000;0000022821350;0000023380000;0000000000000;00558650;
