Data;Código do Contrato;Pregão;Vencimento;Volume(R$);Volume(U$);Número de contas em Aberto;Preço de Abertura;Preço Mínimo;Preço Máximo;Último Preço;Preço de Ajuste Atual; Preço de Ajuste Anterior;Valor de Ajuste por Contrato;Variação
20170505;AUD;*;M17 ;0000001423140;0000000448036;00001722;02371900;02371900;02371900;02371900;0000023689890;0000023737190;0000000028380;00047300;
20170505;AUD;*;N17 ;0000000000000;0000000000000;00000011;00000000;00000000;00000000;00000000;0000023835840;0000023882620;0000000028068;00046780;
20170505;AUD;*;Q17 ;0000000000000;0000000000000;00000000;00000000;00000000;00000000;00000000;0000023970990;0000024016590;0000000000000;00045600;
20170505;BGI;*;F18 ;0000000000000;0000000000000;00000000;00000000;00000000;00000000;00000000;0000000013774;0000000013851;0000000000000;00000077;
20170505;BGI;*;K17 ;0000019558796;0000006159281;00004349;00013580;00013530;00013616;00013540;0000000013542;0000000013571;0000000009570;00000029;
20170505;BGI;*;K18 ;0000000047157;0000000014850;00000050;00014290;00014290;00014290;00014290;0000000014213;0000000014290;0000000025410;00000077;
20170505;BGI;*;M17 ;0000006043540;0000001903177;00000180;00013531;00013451;00013565;00013451;0000000013451;0000000013510;0000000019470;00000059;
20170505;BGI;*;N17 ;0000000765864;0000000241179;00000028;00013650;00013650;00013680;00013650;0000000013591;0000000013644;0000000017490;00000053;
20170505;BGI;*;Q17 ;0000000045210;0000000014237;00000041;00013700;00013700;00013700;00013700;0000000013646;0000000013700;0000000017820;00000054;
20170505;BGI;*;U17 ;0000000000000;0000000000000;00000000;00000000;00000000;00000000;00000000;0000000013765;0000000013833;0000000000000;00000068;
20170505;BGI;*;V17 ;0000017249334;0000005432006;00002623;00013890;00013805;00013900;00013811;0000000013811;0000000013890;0000000026070;00000079;
20170505;BGI;*;V18 ;0000000000000;0000000000000;00000000;00000000;00000000;00000000;00000000;0000000014649;0000000014731;0000000000000;00000082;
20170505;BGI;*;X17 ;0000000046101;0000000014518;00000057;00013970;00013970;00013970;00013970;0000000013881;0000000013960;0000000026070;00000079;
20170505;BGI;*;Z17 ;0000000000000;0000000000000;00000002;00000000;00000000;00000000;00000000;0000000013932;0000000014011;0000000026070;00000079;
20170505;BRI;*;M17 ;0000000995400;0000000313374;00000712;00011060;00011060;00011060;00011060;0000000011057;0000000010916;0000000141000;00000141;
20170505;BRI;*;Q17 ;0000000000000;0000000000000;00000000;00000000;00000000;00000000;00000000;0000000011224;0000000011082;0000000000000;00000142;
20170505;BSE;*;K17 ;0000000000000;0000000000000;00000000;00000000;00000000;00000000;00000000;0000000030006;0000000030282;0000000000000;00000276;
20170505;BSE;*;M17 ;0000000000000;0000000000000;00000000;00000000;00000000;00000000;00000000;0000000030266;0000000030545;0000000000000;00000279;
20170505;CAD;*;M17 ;0000001684020;0000000530166;00000937;02340500;02336700;02340500;02336700;0000023369430;0000023320100;0000000029598;00049330;
20170505;CAD;*;N17 ;0000000000000;0000000000000;00000000;00000000;00000000;00000000;00000000;0000023539210;0000023489200;0000000000000;00050010;
20170505;CAD;*;Q17 ;0000000000000;0000000000000;00000000;00000000;00000000;00000000;00000000;0000023693670;0000023643240;0000000000000;00050430;
20170505;CCM;*;F18 ;0000000013050;0000000004110;00000451;00002900;00002900;00002900;00002900;0000000002892;0000000002915;0000000010350;00000023;
20170505;CCM;*;H18 ;0000000000000;0000000000000;00000243;00000000;00000000;00000000;00000000;0000000002967;0000000002991;0000000010800;00000024;
20170505;CCM;*;K17 ;0000013143118;0000004138913;00004407;00002795;00002785;00002831;00002815;0000000002817;0000000002797;0000000009000;00000020;
20170505;CCM;*;K18 ;0000000000000;0000000000000;00000000;00000000;00000000;00000000;00000000;0000000002634;0000000002655;0000000000000;00000021;
20170505;CCM;*;N17 ;0000000000000;0000000000000;00000000;00000000;00000000;00000000;00000000;0000000002777;0000000002779;0000000000000;00000002;
20170505;CCM;*;N18 ;0000000000000;0000000000000;00000000;00000000;00000000;00000000;00000000;0000000002617;0000000002636;0000000000000;00000019;
20170505;CCM;*;U17 ;0000036594693;0000011524073;00019052;00002753;00002726;00002779;00002726;0000000002735;0000000002757;0000000009900;00000022;
20170505;CCM;*;U18 ;0000000000000;0000000000000;00000000;00000000;00000000;00000000;00000000;0000000002599;0000000002618;0000000000000;00000019;
20170505;CCM;*;X17 ;0000000049815;0000000015687;00000843;00002770;00002765;00002770;00002765;0000000002751;0000000002773;0000000009900;00000022;
20170505;CCM;*;X18 ;0000000000000;0000000000000;00000000;00000000;00000000;00000000;00000000;0000000002668;0000000002688;0000000000000;00000020;
20170505;CHF;*;M17 ;0000000000000;0000000000000;00000199;00000000;00000000;00000000;00000000;0000032419070;0000032550600;0000000065765;00131530;
20170505;CHF;*;N17 ;0000000000000;0000000000000;00000000;00000000;00000000;00000000;00000000;0000032706950;0000032845230;0000000000000;00138280;
20170505;CHF;*;Q17 ;0000000000000;0000000000000;00000000;00000000;00000000;00000000;00000000;0000032965690;0000033099490;0000000000000;00133800;
20170505;CLP;*;M17 ;0000000000000;0000000000000;00000912;00000000;00000000;00000000;00000000;0000047530000;0000047391000;0000000034750;00139000;
20170505;CLP;*;N17 ;0000000000000;0000000000000;00000000;00000000;00000000;00000000;00000000;0000047781000;0000047639000;0000000000000;00142000;
20170505;CLP;*;Q17 ;0000000000000;0000000000000;00000000;00000000;00000000;00000000;00000000;0000048001000;0000047856000;0000000000000;00145000;
20170505;CNY;*;M17 ;0000000000000;0000000000000;00000000;00000000;00000000;00000000;00000000;0000046183840;0000046375070;0000000000000;00191230;
20170505;CNY;*;N17 ;0000000000000;0000000000000;00000090;00000000;00000000;00000000;00000000;0000046352150;0000046525030;0000000060508;00172880;
20170505;CNY;*;Q17 ;0000000000000;0000000000000;00000000;00000000;00000000;00000000;00000000;0000046496960;0000046677070;0000000000000;00180110;
20170505;CR1;*;U7Z7;0000000000000;0000000000000;00000000;00000000;00000000;00000000;00000000;0000000000000;0000000000000;0000000000000;00000000;
20170505;DAP;*;F18 ;0000050113490;0000015776820;00000300;00000517;00000517;00000517;00000517;0000009649698;0000009654086;0000000005295;00004388;
20170505;DAP;*;K17 ;0000000000000;0000000000000;00040828;00000000;00000000;00000000;00000000;0000009977895;0000009977757;0000000000166;00000138;
20170505;DAP;*;K19 ;0000563571071;0000177424465;00042780;00000486;00000483;00000489;00000489;0000009085886;0000009090646;0000000005743;00004760;
20170505;DAP;*;K21 ;0000019688487;0000006198365;00011906;00000524;00000520;00000524;00000522;0000008152034;0000008149965;0000000002496;00002069;
20170505;DAP;*;K23 ;0000000000000;0000000000000;00012785;00000000;00000000;00000000;00000000;0000007316150;0000007312882;0000000003943;00003268;
20170505;DAP;*;M17 ;0000000000000;0000000000000;00000000;00000000;00000000;00000000;00000000;0000009933924;0000009934816;0000000000000;00000892;
20170505;DAP;*;N17 ;0000321319833;0000101158492;00000000;00000725;00000720;00000725;00000720;0000009874540;0000009876052;0000000001824;00001512;
20170505;DAP;*;Q18 ;0000025488140;0000008024222;00054600;00000501;00000501;00000509;00000509;0000009387175;0000009396416;0000000011151;00009241;
20170505;DAP;*;Q20 ;0000000000000;0000000000000;00005240;00000000;00000000;00000000;00000000;0000008490969;0000008494728;0000000004536;00003759;
20170505;DAP;*;Q22 ;0000019725566;0000006210038;00016158;00000535;00000535;00000535;00000535;0000007603071;0000007604004;0000000001125;00000933;
20170505;DAP;*;Q24 ;0000000000000;0000000000000;00008370;00000000;00000000;00000000;00000000;0000006862738;0000006854139;0000000010376;00008599;
20170505;DAP;*;Q26 ;0000000000000;0000000000000;00002020;00000000;00000000;00000000;00000000;0000006162796;0000006158136;0000000005623;00004660;
20170505;DAP;*;Q30 ;0000000000000;0000000000000;00000235;00000000;00000000;00000000;00000000;0000005019163;0000005007188;0000000014450;00011975;
20170505;DCO;*;F18 ;0000000000000;0000000000000;00000000;00000000;00000000;00000000;00000000;0000009865376;0000009898558;0000000000000;00033182;
20170505;DCO;*;F19 ;0000000000000;0000000000000;00000000;00000000;00000000;00000000;00000000;0000009626672;0000009654952;0000000000000;00028280;
20170505;DCO;*;F20 ;0000000000000;0000000000000;00000000;00000000;00000000;00000000;00000000;0000009334628;0000009361032;0000000000000;00026404;
20170505;DCO;*;F21 ;0000000000000;0000000000000;00000000;00000000;00000000;00000000;00000000;0000008977467;0000009009786;0000000000000;00032319;
20170505;DCO;*;F22 ;0000000000000;0000000000000;00000000;00000000;00000000;00000000;00000000;0000008599734;0000008632853;0000000000000;00033119;
20170505;DCO;*;F23 ;0000000000000;0000000000000;00000000;00000000;00000000;00000000;00000000;0000008185077;0000008221094;0000000000000;00036017;
20170505;DCO;*;F24 ;0000000000000;0000000000000;00000000;00000000;00000000;00000000;00000000;0000007784974;0000007827451;0000000000000;00042477;
20170505;DCO;*;F25 ;0000000000000;0000000000000;00000000;00000000;00000000;00000000;00000000;0000007391065;0000007441263;0000000000000;00050198;
20170505;DCO;*;F26 ;0000000000000;0000000000000;00000000;00000000;00000000;00000000;00000000;0000006981225;0000007031743;0000000000000;00050518;
20170505;DCO;*;F27 ;0000000000000;0000000000000;00000000;00000000;00000000;00000000;00000000;0000006592396;0000006641522;0000000000000;00049126;
20170505;DCO;*;F28 ;0000000000000;0000000000000;00000000;00000000;00000000;00000000;00000000;0000006239693;0000006286425;0000000000000;00046732;
20170505;DCO;*;F29 ;0000000000000;0000000000000;00000000;00000000;00000000;00000000;00000000;0000005896922;0000005944379;0000000000000;00047457;
20170505;DCO;*;F30 ;0000000000000;0000000000000;00000000;00000000;00000000;00000000;00000000;0000005578260;0000005621644;0000000000000;00043384;
20170505;DCO;*;G18 ;0000000000000;0000000000000;00000000;00000000;00000000;00000000;00000000;0000009850405;0000009883359;0000000000000;00032954;
20170505;DCO;*;H18 ;0000000000000;0000000000000;00000000;00000000;00000000;00000000;00000000;0000009835259;0000009868857;0000000000000;00033598;
20170505;DCO;*;J18 ;0000000000000;0000000000000;00000000;00000000;00000000;00000000;00000000;0000009814452;0000009847008;0000000000000;00032556;
20170505;DCO;*;J19 ;0000000000000;0000000000000;00000000;00000000;00000000;00000000;00000000;0000009563643;0000009593127;0000000000000;00029484;
20170505;DCO;*;J20 ;0000000000000;0000000000000;00000000;00000000;00000000;00000000;00000000;0000009247101;0000009277068;0000000000000;00029967;
20170505;DCO;*;J21 ;0000000000000;0000000000000;00000000;00000000;00000000;00000000;00000000;0000008886844;0000008918503;0000000000000;00031659;
20170505;DCO;*;J22 ;0000000000000;0000000000000;00000000;00000000;00000000;00000000;00000000;0000008494669;0000008527940;0000000000000;00033271;
20170505;DCO;*;K18 ;0000000000000;0000000000000;00000000;00000000;00000000;00000000;00000000;0000009798990;0000009831301;0000000000000;00032311;
20170505;DCO;*;M17 ;0000000000000;0000000000000;00000000;00000000;00000000;00000000;00000000;0000009979417;0000010015886;0000000000000;00036469;
20170505;DCO;*;N17 ;0000000000000;0000000000000;00000000;00000000;00000000;00000000;00000000;0000009966515;0000010002445;0000000000000;00035930;
20170505;DCO;*;N18 ;0000000000000;0000000000000;00000000;00000000;00000000;00000000;00000000;0000009755836;0000009788085;0000000000000;00032249;
20170505;DCO;*;N19 ;0000000000000;0000000000000;00000000;00000000;00000000;00000000;00000000;0000009495572;0000009526806;0000000000000;00031234;
20170505;DCO;*;N20 ;0000000000000;0000000000000;00000000;00000000;00000000;00000000;00000000;0000009166248;0000009190781;0000000000000;00024533;
20170505;DCO;*;N21 ;0000000000000;0000000000000;00000000;00000000;00000000;00000000;00000000;0000008794752;0000008828566;0000000000000;00033814;
20170505;DCO;*;Q17 ;0000000000000;0000000000000;00000000;00000000;00000000;00000000;00000000;0000009947961;0000009983176;0000000000000;00035215;
20170505;DCO;*;U17 ;0000000000000;0000000000000;00000000;00000000;00000000;00000000;00000000;0000009933997;0000009969081;0000000000000;00035084;
20170505;DCO;*;V17 ;0000000000000;0000000000000;00000000;00000000;00000000;00000000;00000000;0000009915716;0000009950570;0000000000000;00034854;
20170505;DCO;*;V18 ;0000000000000;0000000000000;00000000;00000000;00000000;00000000;00000000;0000009698140;0000009730242;0000000000000;00032102;
20170505;DCO;*;V19 ;0000000000000;0000000000000;00000000;00000000;00000000;00000000;00000000;0000009420365;0000009448360;0000000000000;00027995;
20170505;DCO;*;V20 ;0000000000000;0000000000000;00000000;00000000;00000000;00000000;00000000;0000009079937;0000009105777;0000000000000;00025840;
20170505;DCO;*;V21 ;0000000000000;0000000000000;00000000;00000000;00000000;00000000;00000000;0000008707178;0000008739334;0000000000000;00032156;
20170505;DCO;*;X17 ;0000000000000;0000000000000;00000000;00000000;00000000;00000000;00000000;0000009900010;0000009934566;0000000000000;00034556;
20170505;DCO;*;Z17 ;0000000000000;0000000000000;00000000;00000000;00000000;00000000;00000000;0000009883539;0000009917239;0000000000000;00033700;
20170505;DDI;*;F18 ;0000000000000;0000000000000;00331493;00000000;00000000;00000000;00000000;0000009866685;0000009899218;0000000051694;00032533;
20170505;DDI;*;F19 ;0000000000000;0000000000000;00118780;00000000;00000000;00000000;00000000;0000009629798;0000009658123;0000000045008;00028325;
20170505;DDI;*;F20 ;0000000000000;0000000000000;00096454;00000000;00000000;00000000;00000000;0000009339335;0000009365806;0000000042062;00026471;
20170505;DDI;*;F21 ;0000000000000;0000000000000;00092386;00000000;00000000;00000000;00000000;0000008983470;0000009015885;0000000051507;00032415;
20170505;DDI;*;F22 ;0000000000000;0000000000000;00038564;00000000;00000000;00000000;00000000;0000008606741;0000008639974;0000000052807;00033233;
20170505;DDI;*;F23 ;0000000000000;0000000000000;00031266;00000000;00000000;00000000;00000000;0000008192782;0000008228933;0000000057443;00036151;
20170505;DDI;*;F24 ;0000000000000;0000000000000;00036525;00000000;00000000;00000000;00000000;0000007793174;0000007835813;0000000067753;00042639;
20170505;DDI;*;F25 ;0000000000000;0000000000000;00019575;00000000;00000000;00000000;00000000;0000007399569;0000007449958;0000000080068;00050389;
20170505;DDI;*;F26 ;0000000000000;0000000000000;00015630;00000000;00000000;00000000;00000000;0000006989803;0000007040519;0000000080587;00050716;
20170505;DDI;*;F27 ;0000000000000;0000000000000;00010950;00000000;00000000;00000000;00000000;0000006605209;0000006654640;0000000078545;00049431;
20170505;DDI;*;F28 ;0000000000000;0000000000000;00000110;00000000;00000000;00000000;00000000;0000006252355;0000006299391;0000000074740;00047036;
20170505;DDI;*;F29 ;0000000000000;0000000000000;00000000;00000000;00000000;00000000;00000000;0000005909292;0000005952826;0000000000000;00043534;
20170505;DDI;*;F30 ;0000000000000;0000000000000;00000500;00000000;00000000;00000000;00000000;0000005590279;0000005633958;0000000069405;00043679;
20170505;DDI;*;G18 ;0000000000000;0000000000000;00026590;00000000;00000000;00000000;00000000;0000009851872;0000009884847;0000000052397;00032975;
20170505;DDI;*;H18 ;0000000000000;0000000000000;00012360;00000000;00000000;00000000;00000000;0000009836872;0000009869670;0000000052116;00032798;
20170505;DDI;*;J18 ;0000000000000;0000000000000;00086320;00000000;00000000;00000000;00000000;0000009816229;0000009848811;0000000051772;00032582;
20170505;DDI;*;J19 ;0000000000000;0000000000000;00048706;00000000;00000000;00000000;00000000;0000009567181;0000009596717;0000000046932;00029536;
20170505;DDI;*;J20 ;0000000000000;0000000000000;00026955;00000000;00000000;00000000;00000000;0000009252149;0000009282192;0000000047738;00030043;
20170505;DDI;*;J21 ;0000000000000;0000000000000;00005297;00000000;00000000;00000000;00000000;0000008893109;0000008924867;0000000050463;00031758;
20170505;DDI;*;J22 ;0000000000000;0000000000000;00000120;00000000;00000000;00000000;00000000;0000008505459;0000008535249;0000000047336;00029790;
20170505;DDI;*;K18 ;0000000000000;0000000000000;00007200;00000000;00000000;00000000;00000000;0000009800922;0000009833261;0000000051386;00032339;
20170505;DDI;*;M17 ;0000000475750;0000000149776;00533679;00000266;00000266;00000266;00000266;0000009979567;0000010015957;0000000057823;00036390;
20170505;DDI;*;N17 ;0000634124240;0000199636142;00503970;00000142;00000142;00000142;00000142;0000009966841;0000010002774;0000000057097;00035933;
20170505;DDI;*;N18 ;0000000000000;0000000000000;00055591;00000000;00000000;00000000;00000000;0000009758073;0000009790355;0000000051296;00032282;
20170505;DDI;*;N19 ;0000000000000;0000000000000;00058364;00000000;00000000;00000000;00000000;0000009499515;0000009530810;0000000049727;00031295;
20170505;DDI;*;N20 ;0000000000000;0000000000000;00041585;00000000;00000000;00000000;00000000;0000009171633;0000009196240;0000000039100;00024607;
20170505;DDI;*;N21 ;0000000000000;0000000000000;00004417;00000000;00000000;00000000;00000000;0000008801280;0000008835200;0000000053898;00033920;
20170505;DDI;*;Q17 ;0000000000000;0000000000000;00217834;00000000;00000000;00000000;00000000;0000009948445;0000009983417;0000000055570;00034972;
20170505;DDI;*;U17 ;0000000000000;0000000000000;00077705;00000000;00000000;00000000;00000000;0000009934649;0000009969742;0000000055762;00035093;
20170505;DDI;*;V17 ;0000000000000;0000000000000;00176749;00000000;00000000;00000000;00000000;0000009916536;0000009951401;0000000055400;00034865;
20170505;DDI;*;V18 ;0000000000000;0000000000000;00055328;00000000;00000000;00000000;00000000;0000009700827;0000009732968;0000000051072;00032141;
20170505;DDI;*;V19 ;0000000000000;0000000000000;00031644;00000000;00000000;00000000;00000000;0000009424701;0000009452758;0000000044582;00028057;
20170505;DDI;*;V20 ;0000000000000;0000000000000;00024040;00000000;00000000;00000000;00000000;0000009085644;0000009111564;0000000041186;00025920;
20170505;DDI;*;V21 ;0000000000000;0000000000000;00002042;00000000;00000000;00000000;00000000;0000008713964;0000008746229;0000000051269;00032265;
20170505;DDI;*;X17 ;0000000000000;0000000000000;00067300;00000000;00000000;00000000;00000000;0000009900990;0000009935060;0000000054137;00034070;
20170505;DDI;*;Z17 ;0000000000000;0000000000000;00052530;00000000;00000000;00000000;00000000;0000009884679;0000009918396;0000000053576;00033717;
20170505;DDM;*;K19 ;0000000000000;0000000000000;00000000;00000000;00000000;00000000;00000000;0000009068963;0000009071845;0000000000000;00002882;
20170505;DDM;*;K21 ;0000000000000;0000000000000;00000000;00000000;00000000;00000000;00000000;0000008159308;0000008161845;0000000000000;00002537;
20170505;DDM;*;K25 ;0000000000000;0000000000000;00000000;00000000;00000000;00000000;00000000;0000006580700;0000006582712;0000000000000;00002012;
20170505;DDM;*;Q18 ;0000000000000;0000000000000;00000000;00000000;00000000;00000000;00000000;0000009404582;0000009406455;0000000000000;00001873;
20170505;DDM;*;Q20 ;0000000000000;0000000000000;00000000;00000000;00000000;00000000;00000000;0000008486963;0000008489619;0000000000000;00002656;
20170505;DI1;*;F18 ;0014485579192;0004560376273;03308252;00009440;00009395;00009440;00009405;0000009429007;0000009427040;0000000001967;00001967;
20170505;DI1;*;F19 ;0017782125299;0005598200887;01630487;00009330;00009280;00009370;00009300;0000008639026;0000008631773;0000000007253;00007253;
20170505;DI1;*;F20 ;0006143330904;0001934054560;01229689;00009720;00009660;00009750;00009690;0000007831417;0000007816683;0000000014734;00014734;
20170505;DI1;*;F21 ;0012549415729;0003950829785;01415876;00010020;00009940;00010040;00009970;0000007075680;0000007061900;0000000013780;00013780;
20170505;DI1;*;F22 ;0000214400423;0000067497929;00080139;00010200;00010120;00010220;00010160;0000006389077;0000006375843;0000000013234;00013234;
20170505;DI1;*;F23 ;0001384335566;0000435819030;00618663;00010320;00010240;00010340;00010280;0000005771038;0000005750586;0000000020452;00020452;
20170505;DI1;*;F24 ;0000001302727;0000000410127;00055040;00010330;00010330;00010360;00010360;0000005217487;0000005192618;0000000024869;00024869;
20170505;DI1;*;F25 ;0001155864339;0000363891304;00540838;00010460;00010370;00010480;00010410;0000004707992;0000004682132;0000000025860;00025860;
20170505;DI1;*;F26 ;0000003606573;0000001135428;00063643;00010430;00010410;00010450;00010430;0000004250648;0000004224230;0000000026418;00026418;
20170505;DI1;*;F27 ;0000599791070;0000188827311;00369296;00010550;00010470;00010570;00010490;0000003829456;0000003806245;0000000023211;00023211;
20170505;DI1;*;F28 ;0000000000000;0000000000000;00000010;00000000;00000000;00000000;00000000;0000003465236;0000003442061;0000000023175;00023175;
20170505;DI1;*;F29 ;0000000000000;0000000000000;00003465;00000000;00000000;00000000;00000000;0000003137415;0000003114484;0000000022931;00022931;
20170505;DI1;*;F30 ;0000000000000;0000000000000;00000270;00000000;00000000;00000000;00000000;0000002823896;0000002801501;0000000022395;00022395;
20170505;DI1;*;G18 ;0000000467927;0000000147314;00018790;00009345;00009345;00009345;00009345;0000009358363;0000009355963;0000000002400;00002400;
20170505;DI1;*;H18 ;0000000465176;0000000146448;00009245;00009280;00009280;00009280;00009280;0000009303108;0000009300386;0000000002722;00002722;
20170505;DI1;*;J18 ;0002099834593;0000661073729;00678283;00009300;00009240;00009300;00009260;0000009237249;0000009234068;0000000003181;00003181;
20170505;DI1;*;J19 ;0002561668808;0000806469213;00454286;00009440;00009390;00009440;00009400;0000008440644;0000008432416;0000000008228;00008228;
20170505;DI1;*;J20 ;0000008396086;0000002643271;00074148;00009760;00009760;00009780;00009780;0000007633538;0000007622826;0000000010712;00010712;
20170505;DI1;*;J21 ;0000002070855;0000000651950;00030040;00010000;00010000;00010000;00010000;0000006901630;0000006884838;0000000016792;00016792;
20170505;DI1;*;J22 ;0000000000000;0000000000000;00000700;00000000;00000000;00000000;00000000;0000006230884;0000006215901;0000000014983;00014983;
20170505;DI1;*;K18 ;0000000000000;0000000000000;00006540;00000000;00000000;00000000;00000000;0000009172115;0000009168368;0000000003747;00003747;
20170505;DI1;*;M17 ;0000477683724;0000150385255;00439819;00011130;00011130;00011135;00011130;0000009920749;0000009920734;0000000000015;00000015;
20170505;DI1;*;N17 ;0011316085660;0003562550579;03365306;00010573;00010568;00010573;00010569;0000009841804;0000009841755;0000000000049;00000049;
20170505;DI1;*;N18 ;0003228034997;0001016255823;00778210;00009260;00009210;00009280;00009220;0000009038986;0000009033899;0000000005087;00005087;
20170505;DI1;*;N19 ;0001240068387;0000390400575;00511800;00009540;00009480;00009560;00009520;0000008240217;0000008231053;0000000009164;00009164;
20170505;DI1;*;N20 ;0002002471515;0000630421709;01215128;00009900;00009840;00009930;00009870;0000007448301;0000007433747;0000000014554;00014554;
20170505;DI1;*;N21 ;0000149804914;0000047161854;00060579;00010080;00010050;00010100;00010050;0000006728943;0000006714040;0000000014903;00014903;
20170505;DI1;*;N22 ;0000000303789;0000000095639;00004170;00010190;00010190;00010190;00010190;0000006075514;0000006058745;0000000016769;00016769;
20170505;DI1;*;N23 ;0000000000000;0000000000000;00003260;00000000;00000000;00000000;00000000;0000005489120;0000005466439;0000000022681;00022681;
20170505;DI1;*;N24 ;0000002476916;0000000779787;00001820;00010370;00010370;00010370;00010370;0000004962469;0000004937056;0000000025413;00025413;
20170505;DI1;*;Q17 ;0002200333882;0000692713097;00187758;00010365;00010346;00010375;00010350;0000009764418;0000009764191;0000000000227;00000227;
20170505;DI1;*;U17 ;0000992819144;0000312561121;00094220;00010050;00010040;00010050;00010040;0000009686119;0000009685904;0000000000215;00000215;
20170505;DI1;*;V17 ;0003280721743;0001032842760;01256589;00009810;00009810;00009845;00009820;0000009620973;0000009620332;0000000000641;00000641;
20170505;DI1;*;V18 ;0000464240012;0000146152881;00611852;00009290;00009220;00009290;00009240;0000008835582;0000008829370;0000000006212;00006212;
20170505;DI1;*;V19 ;0000316685866;0000099699618;00073763;00009610;00009590;00009610;00009600;0000008027514;0000008017413;0000000010101;00010101;
20170505;DI1;*;V20 ;0000002901551;0000000913472;00045863;00009950;00009900;00009950;00009900;0000007253317;0000007239064;0000000014253;00014253;
20170505;DI1;*;V21 ;0000000000000;0000000000000;00012037;00000000;00000000;00000000;00000000;0000006556834;0000006537474;0000000019360;00019360;
20170505;DI1;*;X17 ;0000283753154;0000089331682;00088055;00009625;00009625;00009640;00009640;0000009553971;0000009554266;0000000000295;00000295;
20170505;DI1;*;Z17 ;0000729813331;0000229761154;00068150;00009500;00009500;00009520;00009520;0000009490205;0000009488997;0000000001208;00001208;
20170505;DOL;*;F18 ;0000000000000;0000000000000;00007815;00000000;00000000;00000000;00000000;0000033255170;0000033371780;0000000058305;00116610;
20170505;DOL;*;F19 ;0000000000000;0000000000000;00000000;00000000;00000000;00000000;00000000;0000035424710;0000035558760;0000000000000;00134050;
20170505;DOL;*;F20 ;0000000000000;0000000000000;00000000;00000000;00000000;00000000;00000000;0000037899150;0000038078220;0000000000000;00179070;
20170505;DOL;*;F21 ;0000000000000;0000000000000;00003100;00000000;00000000;00000000;00000000;0000040348730;0000040573330;0000000112300;00224600;
20170505;DOL;*;F25 ;0000000000000;0000000000000;00000000;00000000;00000000;00000000;00000000;0000049948750;0000050566630;0000000000000;00617880;
20170505;DOL;*;G18 ;0000000000000;0000000000000;00000000;00000000;00000000;00000000;00000000;0000033455900;0000033576500;0000000000000;00120600;
20170505;DOL;*;H18 ;0000000000000;0000000000000;00000000;00000000;00000000;00000000;00000000;0000033603370;0000033725280;0000000000000;00121910;
20170505;DOL;*;J18 ;0000000000000;0000000000000;00000000;00000000;00000000;00000000;00000000;0000033771930;0000033895710;0000000000000;00123780;
20170505;DOL;*;J19 ;0000000000000;0000000000000;00000050;00000000;00000000;00000000;00000000;0000036021540;0000036168010;0000000073235;00146470;
20170505;DOL;*;J20 ;0000000000000;0000000000000;00000000;00000000;00000000;00000000;00000000;0000038518610;0000038697990;0000000000000;00179380;
20170505;DOL;*;J22 ;0000000000000;0000000000000;00000000;00000000;00000000;00000000;00000000;0000043381240;0000043638120;0000000000000;00256880;
20170505;DOL;*;K18 ;0000000000000;0000000000000;00000000;00000000;00000000;00000000;00000000;0000033958720;0000034084700;0000000000000;00125980;
20170505;DOL;*;M17 ;0050566210500;0015919345958;00433063;03211000;03189500;03217500;03196000;0000031968460;0000032085130;0000000058335;00116670;
20170505;DOL;*;N17 ;0000000809250;0000000254770;00039930;03237000;03237000;03237000;03237000;0000032183760;0000032299950;0000000058095;00116190;
20170505;DOL;*;N18 ;0000000000000;0000000000000;00000620;00000000;00000000;00000000;00000000;0000034308230;0000034441110;0000000066440;00132880;
20170505;DOL;*;N19 ;0000000000000;0000000000000;00000400;00000000;00000000;00000000;00000000;0000036636730;0000036798350;0000000080810;00161620;
20170505;DOL;*;N21 ;0000000000000;0000000000000;00000000;00000000;00000000;00000000;00000000;0000041567400;0000041820230;0000000000000;00252830;
20170505;DOL;*;Q17 ;0000000812375;0000000255753;00005205;03249500;03249500;03249500;03249500;0000032378950;0000032493530;0000000057290;00114580;
20170505;DOL;*;U17 ;0000000818750;0000000257760;00001040;03275000;03275000;03275000;03275000;0000032595420;0000032711290;0000000057935;00115870;
20170505;DOL;*;V17 ;0000000000000;0000000000000;00003910;00000000;00000000;00000000;00000000;0000032756300;0000032873660;0000000058680;00117360;
20170505;DOL;*;V18 ;0000000000000;0000000000000;00000035;00000000;00000000;00000000;00000000;0000034892130;0000035032370;0000000070120;00140240;
20170505;DOL;*;V19 ;0000000000000;0000000000000;00000000;00000000;00000000;00000000;00000000;0000037311300;0000037469520;0000000000000;00158220;
20170505;DOL;*;X17 ;0000000000000;0000000000000;00000105;00000000;00000000;00000000;00000000;0000032934310;0000033046620;0000000056155;00112310;
20170505;DOL;*;Z17 ;0000000000000;0000000000000;00000005;00000000;00000000;00000000;00000000;0000033100980;0000033218120;0000000058570;00117140;
20170505;DR1;*;M7N7;0000000000000;0000000000000;00000000;00021450;00021450;00021450;00021450;0000000000000;0000000000000;0000000000000;00000000;
20170505;ETH;*;F18 ;0000000000000;0000000000000;00000000;00000000;00000000;00000000;00000000;0000000168700;0000000168700;0000000000000;00000000;
20170505;ETH;*;K17 ;0000000000000;0000000000000;00000227;00000000;00000000;00000000;00000000;0000000143500;0000000146000;0000000075000;00002500;
20170505;ETH;*;M17 ;0000000000000;0000000000000;00000380;00000000;00000000;00000000;00000000;0000000143500;0000000146000;0000000075000;00002500;
20170505;ETH;*;N17 ;0000000000000;0000000000000;00000210;00000000;00000000;00000000;00000000;0000000144000;0000000148000;0000000120000;00004000;
20170505;ETH;*;Q17 ;0000000000000;0000000000000;00000185;00000000;00000000;00000000;00000000;0000000148000;0000000155000;0000000210000;00007000;
20170505;ETH;*;U17 ;0000000000000;0000000000000;00000000;00000000;00000000;00000000;00000000;0000000163000;0000000163000;0000000000000;00000000;
20170505;ETH;*;V17 ;0000000000000;0000000000000;00000050;00000000;00000000;00000000;00000000;0000000163000;0000000163000;0000000000000;00000000;
20170505;ETH;*;X17 ;0000000000000;0000000000000;00000100;00000000;00000000;00000000;00000000;0000000163000;0000000163000;0000000000000;00000000;
20170505;ETH;*;Z17 ;0000000000000;0000000000000;00000080;00000000;00000000;00000000;00000000;0000000165000;0000000165000;0000000000000;00000000;
20170505;EUR;*;M17 ;0000042245650;0000013299852;00011719;03519700;03515500;03522500;03518000;0000035166780;0000035257960;0000000045590;00091180;
20170505;EUR;*;N17 ;0000000000000;0000000000000;00003240;00000000;00000000;00000000;00000000;0000035450260;0000035540410;0000000045075;00090150;
20170505;EUR;*;Q17 ;0000000000000;0000000000000;00000037;00000000;00000000;00000000;00000000;0000035715630;0000035803830;0000000044100;00088200;
20170505;EUR;*;U17 ;0000000000000;0000000000000;00000000;00000000;00000000;00000000;00000000;0000036010770;0000036101190;0000000000000;00090420;
20170505;EUR;*;V17 ;0000000000000;0000000000000;00000000;00000000;00000000;00000000;00000000;0000036247710;0000036338150;0000000000000;00090440;
20170505;FRC;*;F18 ;0000000000000;0000000000000;00000000;00000192;00000192;00000192;00000192;0000000000192;0000000000197;0000000000002;00000005;
20170505;FRC;*;F19 ;0000000000000;0000000000000;00000000;00000227;00000225;00000227;00000225;0000000000225;0000000000230;0000000000002;00000005;
20170505;FRC;*;F20 ;0000000000000;0000000000000;00000000;00000264;00000261;00000264;00000261;0000000000261;0000000000264;0000000000001;00000003;
20170505;FRC;*;F21 ;0000000000000;0000000000000;00000000;00000304;00000304;00000306;00000304;0000000000304;0000000000304;0000000000000;00000000;
20170505;FRC;*;F22 ;0000000000000;0000000000000;00000000;00000000;00000000;00000000;00000000;0000000000342;0000000000342;0000000000000;00000000;
20170505;FRC;*;F23 ;0000000000000;0000000000000;00000000;00000000;00000000;00000000;00000000;0000000000385;0000000000383;0000000000000;00000002;
20170505;FRC;*;F24 ;0000000000000;0000000000000;00000000;00000416;00000416;00000420;00000420;0000000000420;0000000000416;0000000000002;00000004;
20170505;FRC;*;F25 ;0000000000000;0000000000000;00000000;00000453;00000453;00000454;00000454;0000000000453;0000000000447;0000000000003;00000006;
20170505;FRC;*;F26 ;0000000000000;0000000000000;00000000;00000000;00000000;00000000;00000000;0000000000491;0000000000485;0000000000000;00000006;
20170505;FRC;*;F27 ;0000000000000;0000000000000;00000000;00000000;00000000;00000000;00000000;0000000000525;0000000000519;0000000000000;00000006;
20170505;FRC;*;F28 ;0000000000000;0000000000000;00000000;00000000;00000000;00000000;00000000;0000000000555;0000000000549;0000000000000;00000006;
20170505;FRC;*;F29 ;0000000000000;0000000000000;00000000;00000000;00000000;00000000;00000000;0000000000586;0000000000580;0000000000000;00000006;
20170505;FRC;*;F30 ;0000000000000;0000000000000;00000000;00000000;00000000;00000000;00000000;0000000000615;0000000000609;0000000000000;00000006;
20170505;FRC;*;G18 ;0000000000000;0000000000000;00000000;00000191;00000191;00000191;00000191;0000000000191;0000000000195;0000000000002;00000004;
20170505;FRC;*;H18 ;0000000000000;0000000000000;00000000;00000000;00000000;00000000;00000000;0000000000191;0000000000195;0000000000000;00000004;
20170505;FRC;*;J18 ;0000000000000;0000000000000;00000000;00000196;00000196;00000196;00000196;0000000000196;0000000000200;0000000000002;00000004;
20170505;FRC;*;J19 ;0000000000000;0000000000000;00000000;00000232;00000232;00000232;00000232;0000000000232;0000000000235;0000000000001;00000003;
20170505;FRC;*;J20 ;0000000000000;0000000000000;00000000;00000000;00000000;00000000;00000000;0000000000273;0000000000275;0000000000000;00000002;
20170505;FRC;*;J21 ;0000000000000;0000000000000;00000000;00000000;00000000;00000000;00000000;0000000000314;0000000000314;0000000000000;00000000;
20170505;FRC;*;J22 ;0000000000000;0000000000000;00000000;00000000;00000000;00000000;00000000;0000000000354;0000000000354;0000000000000;00000000;
20170505;FRC;*;K18 ;0000000000000;0000000000000;00000000;00000000;00000000;00000000;00000000;0000000000196;0000000000200;0000000000000;00000004;
20170505;FRC;*;N17 ;0000000000000;0000000000000;00000000;00000146;00000141;00000146;00000143;0000000000143;0000000000149;0000000000003;00000006;
20170505;FRC;*;N18 ;0000000000000;0000000000000;00000000;00000000;00000000;00000000;00000000;0000000000206;0000000000210;0000000000000;00000004;
20170505;FRC;*;N19 ;0000000000000;0000000000000;00000000;00000239;00000239;00000241;00000241;0000000000239;0000000000241;0000000000001;00000002;
20170505;FRC;*;N20 ;0000000000000;0000000000000;00000000;00000000;00000000;00000000;00000000;0000000000282;0000000000285;0000000000000;00000003;
20170505;FRC;*;N21 ;0000000000000;0000000000000;00000000;00000323;00000323;00000323;00000323;0000000000323;0000000000323;0000000000000;00000000;
20170505;FRC;*;Q17 ;0000000000000;0000000000000;00000000;00000185;00000185;00000185;00000185;0000000000185;0000000000192;0000000000003;00000007;
20170505;FRC;*;U17 ;0000000000000;0000000000000;00000000;00000177;00000177;00000177;00000177;0000000000177;0000000000182;0000000000002;00000005;
20170505;FRC;*;V17 ;0000000000000;0000000000000;00000000;00000186;00000186;00000186;00000186;0000000000186;0000000000190;0000000000002;00000004;
20170505;FRC;*;V18 ;0000000000000;0000000000000;00000000;00000212;00000212;00000212;00000212;0000000000212;0000000000215;0000000000001;00000003;
20170505;FRC;*;V19 ;0000000000000;0000000000000;00000000;00000249;00000249;00000250;00000250;0000000000249;0000000000252;0000000000001;00000003;
20170505;FRC;*;V20 ;0000000000000;0000000000000;00000000;00000000;00000000;00000000;00000000;0000000000291;0000000000293;0000000000000;00000002;
20170505;FRC;*;V21 ;0000000000000;0000000000000;00000000;00000000;00000000;00000000;00000000;0000000000330;0000000000330;0000000000000;00000000;
20170505;FRC;*;X17 ;0000000000000;0000000000000;00000000;00000187;00000187;00000187;00000187;0000000000187;0000000000191;0000000000002;00000004;
20170505;FRC;*;Z17 ;0000000000000;0000000000000;00000000;00000192;00000189;00000192;00000189;0000000000189;0000000000194;0000000000002;00000005;
20170505;FRO;*;F18 ;0000000000000;0000000000000;00000000;00000000;00000000;00000000;00000000;0000000000193;0000000000198;0000000000000;00000005;
20170505;FRO;*;F19 ;0000000000000;0000000000000;00000000;00000000;00000000;00000000;00000000;0000000000227;0000000000232;0000000000000;00000005;
20170505;FRO;*;F20 ;0000000000000;0000000000000;00000000;00000000;00000000;00000000;00000000;0000000000263;0000000000266;0000000000000;00000003;
20170505;FRO;*;F21 ;0000000000000;0000000000000;00000000;00000000;00000000;00000000;00000000;0000000000306;0000000000306;0000000000000;00000000;
20170505;FRO;*;F22 ;0000000000000;0000000000000;00000000;00000000;00000000;00000000;00000000;0000000000344;0000000000344;0000000000000;00000000;
20170505;FRO;*;F23 ;0000000000000;0000000000000;00000000;00000000;00000000;00000000;00000000;0000000000387;0000000000385;0000000000000;00000002;
20170505;FRO;*;F24 ;0000000000000;0000000000000;00000000;00000000;00000000;00000000;00000000;0000000000422;0000000000418;0000000000000;00000004;
20170505;FRO;*;F25 ;0000000000000;0000000000000;00000000;00000000;00000000;00000000;00000000;0000000000455;0000000000449;0000000000000;00000006;
20170505;FRO;*;F26 ;0000000000000;0000000000000;00000000;00000000;00000000;00000000;00000000;0000000000493;0000000000487;0000000000000;00000006;
20170505;FRO;*;F27 ;0000000000000;0000000000000;00000000;00000000;00000000;00000000;00000000;0000000000528;0000000000522;0000000000000;00000006;
20170505;FRO;*;F28 ;0000000000000;0000000000000;00000000;00000000;00000000;00000000;00000000;0000000000558;0000000000552;0000000000000;00000006;
20170505;FRO;*;F29 ;0000000000000;0000000000000;00000000;00000000;00000000;00000000;00000000;0000000000589;0000000000583;0000000000000;00000006;
20170505;FRO;*;F30 ;0000000000000;0000000000000;00000000;00000000;00000000;00000000;00000000;0000000000618;0000000000612;0000000000000;00000006;
20170505;FRO;*;G18 ;0000000000000;0000000000000;00000000;00000000;00000000;00000000;00000000;0000000000193;0000000000197;0000000000000;00000004;
20170505;FRO;*;H18 ;0000000000000;0000000000000;00000000;00000000;00000000;00000000;00000000;0000000000193;0000000000197;0000000000000;00000004;
20170505;FRO;*;J18 ;0000000000000;0000000000000;00000000;00000000;00000000;00000000;00000000;0000000000198;0000000000202;0000000000000;00000004;
20170505;FRO;*;J19 ;0000000000000;0000000000000;00000000;00000000;00000000;00000000;00000000;0000000000234;0000000000237;0000000000000;00000003;
20170505;FRO;*;J20 ;0000000000000;0000000000000;00000000;00000000;00000000;00000000;00000000;0000000000275;0000000000277;0000000000000;00000002;
20170505;FRO;*;J21 ;0000000000000;0000000000000;00000000;00000000;00000000;00000000;00000000;0000000000316;0000000000316;0000000000000;00000000;
20170505;FRO;*;J22 ;0000000000000;0000000000000;00000000;00000000;00000000;00000000;00000000;0000000000356;0000000000356;0000000000000;00000000;
20170505;FRO;*;K18 ;0000000000000;0000000000000;00000000;00000000;00000000;00000000;00000000;0000000000198;0000000000202;0000000000000;00000004;
20170505;FRO;*;N17 ;0000000000000;0000000000000;00000000;00000000;00000000;00000000;00000000;0000000000145;0000000000151;0000000000000;00000006;
20170505;FRO;*;N18 ;0000000000000;0000000000000;00000000;00000000;00000000;00000000;00000000;0000000000208;0000000000212;0000000000000;00000004;
20170505;FRO;*;N19 ;0000000000000;0000000000000;00000000;00000000;00000000;00000000;00000000;0000000000241;0000000000243;0000000000000;00000002;
20170505;FRO;*;N20 ;0000000000000;0000000000000;00000000;00000000;00000000;00000000;00000000;0000000000284;0000000000287;0000000000000;00000003;
20170505;FRO;*;N21 ;0000000000000;0000000000000;00000000;00000000;00000000;00000000;00000000;0000000000325;0000000000325;0000000000000;00000000;
20170505;FRO;*;Q17 ;0000000000000;0000000000000;00000000;00000000;00000000;00000000;00000000;0000000000187;0000000000194;0000000000000;00000007;
20170505;FRO;*;U17 ;0000000000000;0000000000000;00000000;00000000;00000000;00000000;00000000;0000000000179;0000000000184;0000000000000;00000005;
20170505;FRO;*;V17 ;0000000000000;0000000000000;00000000;00000000;00000000;00000000;00000000;0000000000188;0000000000192;0000000000000;00000004;
20170505;FRO;*;V18 ;0000000000000;0000000000000;00000000;00000000;00000000;00000000;00000000;0000000000214;0000000000217;0000000000000;00000003;
20170505;FRO;*;V19 ;0000000000000;0000000000000;00000000;00000000;00000000;00000000;00000000;0000000000251;0000000000254;0000000000000;00000003;
20170505;FRO;*;V20 ;0000000000000;0000000000000;00000000;00000000;00000000;00000000;00000000;0000000000293;0000000000295;0000000000000;00000002;
20170505;FRO;*;V21 ;0000000000000;0000000000000;00000000;00000000;00000000;00000000;00000000;0000000000332;0000000000332;0000000000000;00000000;
20170505;FRO;*;X17 ;0000000000000;0000000000000;00000000;00000000;00000000;00000000;00000000;0000000000189;0000000000193;0000000000000;00000004;
20170505;FRO;*;Z17 ;0000000000000;0000000000000;00000000;00000000;00000000;00000000;00000000;0000000000191;0000000000196;0000000000000;00000005;
20170505;FRP;*;FRP0;0000000000000;0000000000000;00000000;00002070;00002000;00002070;00002000;0000000000000;0000000000000;0000000000000;00000000;
20170505;FRP;*;FRP1;0000000000000;0000000000000;00000000;00002030;00002030;00002030;00002030;0000000000000;0000000000000;0000000000000;00000000;
20170505;GBP;*;M17 ;0000000000000;0000000000000;00000966;00000000;00000000;00000000;00000000;0000041495690;0000041477860;0000000006240;00017830;
20170505;GBP;*;N17 ;0000000000000;0000000000000;00000012;00000000;00000000;00000000;00000000;0000041805270;0000041784520;0000000007262;00020750;
20170505;GBP;*;Q17 ;0000000000000;0000000000000;00000000;00000000;00000000;00000000;00000000;0000042093640;0000042070350;0000000000000;00023290;
20170505;HSI;*;K17 ;0000000000000;0000000000000;00000000;00000000;00000000;00000000;00000000;0000000024355;0000000024568;0000000000000;00000213;
20170505;HSI;*;M17 ;0000000000000;0000000000000;00000000;00000000;00000000;00000000;00000000;0000000024150;0000000024367;0000000000000;00000217;
20170505;IAP;*;K17 ;0000000000000;0000000000000;00000000;00000000;00000000;00000000;00000000;0000000482853;0000000482851;0000000000050;00000002;
20170505;IAP;*;K19 ;0000000000000;0000000000000;00000000;00000000;00000000;00000000;00000000;0000000526662;0000000527490;0000000000000;00000828;
20170505;IAP;*;K21 ;0000000000000;0000000000000;00000000;00000000;00000000;00000000;00000000;0000000577168;0000000578808;0000000000000;00001640;
20170505;IAP;*;M17 ;0000000000000;0000000000000;00000000;00000000;00000000;00000000;00000000;0000000485177;0000000485222;0000000000000;00000045;
20170505;IAP;*;N17 ;0000000000000;0000000000000;00000000;00000000;00000000;00000000;00000000;0000000486130;0000000486212;0000000000000;00000082;
20170505;IAP;*;Q18 ;0000000000000;0000000000000;00000000;00000000;00000000;00000000;00000000;0000000508057;0000000508574;0000000000000;00000517;
20170505;IAP;*;Q20 ;0000000000000;0000000000000;00000000;00000000;00000000;00000000;00000000;0000000559285;0000000560627;0000000000000;00001342;
20170505;IAP;*;Q22 ;0000000000000;0000000000000;00000000;00000000;00000000;00000000;00000000;0000000611982;0000000613545;0000000000000;00001563;
20170505;ICF;*;H18 ;0000000000000;0000000000000;00000000;00000000;00000000;00000000;00000000;0000000017395;0000000017295;0000000000000;00000100;
20170505;ICF;*;K17 ;0000000000000;0000000000000;00000002;00000000;00000000;00000000;00000000;0000000015810;0000000015760;0000000015877;00000050;
20170505;ICF;*;N17 ;0000000000000;0000000000000;00000177;00000000;00000000;00000000;00000000;0000000016075;0000000015975;0000000031755;00000100;
20170505;ICF;*;U17 ;0000010964843;0000003452950;00005509;00016400;00016315;00016565;00016565;0000000016545;0000000016370;0000000055571;00000175;
20170505;ICF;*;U18 ;0000000055889;0000000017600;00000819;00017600;00017600;00017600;00017600;0000000017610;0000000017530;0000000025404;00000080;
20170505;ICF;*;U19 ;0000000000000;0000000000000;00000362;00000000;00000000;00000000;00000000;0000000018035;0000000017935;0000000031755;00000100;
20170505;ICF;*;Z17 ;0000000053666;0000000016900;00000262;00016900;00016900;00016900;00016900;0000000016930;0000000016835;0000000030167;00000095;
20170505;ICF;*;Z18 ;0000000000000;0000000000000;00000032;00000000;00000000;00000000;00000000;0000000017495;0000000017400;0000000030167;00000095;
20170505;IGM;*;K19 ;0000000000000;0000000000000;00000000;00000000;00000000;00000000;00000000;0000000713532;0000000714489;0000000000000;00000957;
20170505;IGM;*;K21 ;0000000000000;0000000000000;00000000;00000000;00000000;00000000;00000000;0000000785142;0000000787228;0000000000000;00002086;
20170505;IGM;*;Q18 ;0000000000000;0000000000000;00000000;00000000;00000000;00000000;00000000;0000000690737;0000000691297;0000000011200;00000560;
20170505;IGM;*;Q20 ;0000000000000;0000000000000;00000000;00000000;00000000;00000000;00000000;0000000757646;0000000759367;0000000000000;00001721;
20170505;IND;*;G18 ;0000000000000;0000000000000;00000000;00000000;00000000;00000000;00000000;0000000069957;0000000068951;0000000000000;00001006;
20170505;IND;*;G19 ;0000000000000;0000000000000;00000000;00000000;00000000;00000000;00000000;0000000075782;0000000074740;0000000000000;00001042;
20170505;IND;*;J18 ;0000000000000;0000000000000;00000000;00000000;00000000;00000000;00000000;0000000070884;0000000069872;0000000000000;00001012;
20170505;IND;*;M17 ;0004120796850;0001297316726;00258219;00065355;00065115;00066510;00066445;0000000066465;0000000065492;0000000097300;00000973;
20170505;IND;*;M18 ;0000000000000;0000000000000;00001080;00000000;00000000;00000000;00000000;0000000071721;0000000070708;0000000101300;00001013;
20170505;IND;*;Q17 ;0000067644175;0000021295862;00005810;00066300;00066300;00067380;00067380;0000000067475;0000000066502;0000000097300;00000973;
20170505;IND;*;Q18 ;0000000000000;0000000000000;00000000;00000000;00000000;00000000;00000000;0000000072752;0000000071732;0000000000000;00001020;
20170505;IND;*;V17 ;0000000000000;0000000000000;00001740;00000000;00000000;00000000;00000000;0000000068365;0000000067341;0000000102400;00001024;
20170505;IND;*;V18 ;0000000000000;0000000000000;00000000;00000000;00000000;00000000;00000000;0000000073764;0000000072737;0000000000000;00001027;
20170505;IND;*;Z17 ;0000112655650;0000035466456;00014835;00068900;00068850;00068920;00068920;0000000069165;0000000068110;0000000105500;00001055;
20170505;IND;*;Z18 ;0000000000000;0000000000000;00000150;00000000;00000000;00000000;00000000;0000000074685;0000000073651;0000000103400;00001034;
20170505;ISP;*;M17 ;0000287777820;0000090624412;00003909;00238625;00238550;00239900;00239900;0000000239775;0000000238675;0000000174652;00001100;
20170505;ISP;*;M18 ;0000000000000;0000000000000;00000000;00000000;00000000;00000000;00000000;0000000239225;0000000238125;0000000000000;00001100;
20170505;ISP;*;U17 ;0000000000000;0000000000000;00000004;00000000;00000000;00000000;00000000;0000000239525;0000000238425;0000000174652;00001100;
20170505;ISP;*;Z17 ;0000000000000;0000000000000;00000000;00000000;00000000;00000000;00000000;0000000239325;0000000238225;0000000000000;00001100;
20170505;JPY;*;M17 ;0000028076625;0000008839134;00002079;02857300;02840500;02857300;02840500;0000028405300;0000028562800;0000000078750;00157500;
20170505;JPY;*;N17 ;0000000000000;0000000000000;00000260;00000000;00000000;00000000;00000000;0000028624900;0000028782400;0000000078750;00157500;
20170505;JPY;*;Q17 ;0000000000000;0000000000000;00000129;00000000;00000000;00000000;00000000;0000028831200;0000028987700;0000000078250;00156500;
20170505;JPY;*;U17 ;0000000000000;0000000000000;00000000;00000000;00000000;00000000;00000000;0000029064200;0000029223300;0000000000000;00159100;
20170505;JSE;*;M17 ;0000000000000;0000000000000;00000000;00000000;00000000;00000000;00000000;0000000047400;0000000047153;0000000000000;00000247;
20170505;JSE;*;U17 ;0000000000000;0000000000000;00000000;00000000;00000000;00000000;00000000;0000000047770;0000000047524;0000000000000;00000246;
20170505;MIX;*;M17 ;0000000000000;0000000000000;00000000;00000000;00000000;00000000;00000000;0000000002008;0000000002014;0000000000000;00000006;
20170505;MIX;*;U17 ;0000000000000;0000000000000;00000000;00000000;00000000;00000000;00000000;0000000002004;0000000002020;0000000000000;00000016;
20170505;MXN;*;M17 ;0000010450702;0000003290109;00000803;01678900;01678800;01678900;01678800;0000016775300;0000016750620;0000000018510;00024680;
20170505;MXN;*;N17 ;0000000000000;0000000000000;00000019;00000000;00000000;00000000;00000000;0000016799680;0000016774110;0000000019177;00025570;
20170505;MXN;*;Q17 ;0000000000000;0000000000000;00000000;00000000;00000000;00000000;00000000;0000016823240;0000016796800;0000000000000;00026440;
20170505;NZD;*;M17 ;0000004975200;0000001566301;00000060;02211200;02211200;02211200;02211200;0000022091470;0000021988850;0000000076965;00102620;
20170505;NZD;*;N17 ;0000000000000;0000000000000;00000000;00000000;00000000;00000000;00000000;0000022223600;0000022119040;0000000000000;00104560;
20170505;NZD;*;Q17 ;0000000000000;0000000000000;00000000;00000000;00000000;00000000;00000000;0000022342910;0000022236220;0000000000000;00106690;
20170505;OC1;*;F18 ;0000000000000;0000000000000;00000000;00000000;00000000;00000000;00000000;0000009428047;0000009426083;0000000000000;00001964;
20170505;OC1;*;F19 ;0000000000000;0000000000000;00000000;00000000;00000000;00000000;00000000;0000008636813;0000008629565;0000000000000;00007248;
20170505;OC1;*;F20 ;0000000000000;0000000000000;00000000;00000000;00000000;00000000;00000000;0000007828011;0000007813285;0000000000000;00014726;
20170505;OC1;*;F21 ;0000000000000;0000000000000;00000000;00000000;00000000;00000000;00000000;0000007071457;0000007057688;0000000000000;00013769;
20170505;OC1;*;F22 ;0000000000000;0000000000000;00000000;00000000;00000000;00000000;00000000;0000006384231;0000006370741;0000000000000;00013490;
20170505;OC1;*;F23 ;0000000000000;0000000000000;00000000;00000000;00000000;00000000;00000000;0000005765432;0000005745004;0000000000000;00020428;
20170505;OC1;*;F24 ;0000000000000;0000000000000;00000000;00000000;00000000;00000000;00000000;0000005211536;0000005186700;0000000000000;00024836;
20170505;OC1;*;F25 ;0000000000000;0000000000000;00000000;00000000;00000000;00000000;00000000;0000004701808;0000004675988;0000000000000;00025820;
20170505;OC1;*;F26 ;0000000000000;0000000000000;00000000;00000000;00000000;00000000;00000000;0000004244334;0000004217960;0000000000000;00026374;
20170505;OC1;*;F27 ;0000000000000;0000000000000;00000000;00000000;00000000;00000000;00000000;0000003823119;0000003799950;0000000000000;00023169;
20170505;OC1;*;F28 ;0000000000000;0000000000000;00000000;00000000;00000000;00000000;00000000;0000003458909;0000003435781;0000000000000;00023128;
20170505;OC1;*;F29 ;0000000000000;0000000000000;00000000;00000000;00000000;00000000;00000000;0000003131155;0000003108274;0000000000000;00022881;
20170505;OC1;*;F30 ;0000000000000;0000000000000;00000000;00000000;00000000;00000000;00000000;0000002817784;0000002795441;0000000000000;00022343;
20170505;OC1;*;G18 ;0000000000000;0000000000000;00000000;00000000;00000000;00000000;00000000;0000009357284;0000009354885;0000000000000;00002399;
20170505;OC1;*;H18 ;0000000000000;0000000000000;00000000;00000000;00000000;00000000;00000000;0000009301931;0000009299210;0000000000000;00002721;
20170505;OC1;*;J18 ;0000000000000;0000000000000;00000000;00000000;00000000;00000000;00000000;0000009235961;0000009232781;0000000000000;00003180;
20170505;OC1;*;J19 ;0000000000000;0000000000000;00000000;00000000;00000000;00000000;00000000;0000008438167;0000008429943;0000000000000;00008224;
20170505;OC1;*;J20 ;0000000000000;0000000000000;00000000;00000000;00000000;00000000;00000000;0000007629913;0000007619209;0000000000000;00010704;
20170505;OC1;*;J21 ;0000000000000;0000000000000;00000000;00000000;00000000;00000000;00000000;0000006897240;0000006880461;0000000000000;00016779;
20170505;OC1;*;J22 ;0000000000000;0000000000000;00000000;00000000;00000000;00000000;00000000;0000006225909;0000006210665;0000000000000;00015244;
20170505;OC1;*;K18 ;0000000000000;0000000000000;00000000;00000000;00000000;00000000;00000000;0000009170716;0000009166971;0000000000000;00003745;
20170505;OC1;*;M17 ;0000000000000;0000000000000;00000000;00000000;00000000;00000000;00000000;0000009920614;0000009920600;0000000000000;00000014;
20170505;OC1;*;N17 ;0000000000000;0000000000000;00000000;00000000;00000000;00000000;00000000;0000009841535;0000009841487;0000000000000;00000048;
20170505;OC1;*;N18 ;0000000000000;0000000000000;00000000;00000000;00000000;00000000;00000000;0000009037372;0000009032287;0000000000000;00005085;
20170505;OC1;*;N19 ;0000000000000;0000000000000;00000000;00000000;00000000;00000000;00000000;0000008237486;0000008228326;0000000000000;00009160;
20170505;OC1;*;N20 ;0000000000000;0000000000000;00000000;00000000;00000000;00000000;00000000;0000007444471;0000007429928;0000000000000;00014543;
20170505;OC1;*;N21 ;0000000000000;0000000000000;00000000;00000000;00000000;00000000;00000000;0000006724395;0000006709503;0000000000000;00014892;
20170505;OC1;*;N22 ;0000000000000;0000000000000;00000000;00000000;00000000;00000000;00000000;0000006070137;0000006053386;0000000000000;00016751;
20170505;OC1;*;N23 ;0000000000000;0000000000000;00000000;00000000;00000000;00000000;00000000;0000005483325;0000005460673;0000000000000;00022652;
20170505;OC1;*;N24 ;0000000000000;0000000000000;00000000;00000000;00000000;00000000;00000000;0000004956390;0000004931013;0000000000000;00025377;
20170505;OC1;*;Q17 ;0000000000000;0000000000000;00000000;00000000;00000000;00000000;00000000;0000009764011;0000009763783;0000000000000;00000228;
20170505;OC1;*;U17 ;0000000000000;0000000000000;00000000;00000000;00000000;00000000;00000000;0000009685591;0000009685376;0000000000000;00000215;
20170505;OC1;*;V17 ;0000000000000;0000000000000;00000000;00000000;00000000;00000000;00000000;0000009620322;0000009619682;0000000000000;00000640;
20170505;OC1;*;V18 ;0000000000000;0000000000000;00000000;00000000;00000000;00000000;00000000;0000008833656;0000008827448;0000000000000;00006208;
20170505;OC1;*;V19 ;0000000000000;0000000000000;00000000;00000000;00000000;00000000;00000000;0000008024530;0000008014261;0000000000000;00010269;
20170505;OC1;*;V20 ;0000000000000;0000000000000;00000000;00000000;00000000;00000000;00000000;0000007249284;0000007235042;0000000000000;00014242;
20170505;OC1;*;V21 ;0000000000000;0000000000000;00000000;00000000;00000000;00000000;00000000;0000006552127;0000006532523;0000000000000;00019604;
20170505;OC1;*;X17 ;0000000000000;0000000000000;00000000;00000000;00000000;00000000;00000000;0000009553193;0000009553489;0000000000000;00000296;
20170505;OC1;*;Z17 ;0000000000000;0000000000000;00000000;00000000;00000000;00000000;00000000;0000009489358;0000009488152;0000000000000;00001206;
20170505;OZ1;*;0000;0000001245078;0000000391978;00000000;00124200;00124200;00125800;00125100;0000000124632;0000000124852;0000000000000;00000500;
20170505;OZ1;*;M17 ;0000000000000;0000000000000;00000000;00000000;00000000;00000000;00000000;0000000126047;0000000125596;0000000000000;00000451;
20170505;OZ1;*;N17 ;0000000000000;0000000000000;00000000;00000000;00000000;00000000;00000000;0000000127062;0000000126608;0000000000000;00000454;
20170505;OZ2;*;0000;0000000072488;0000000022821;00000000;00125400;00124500;00125800;00125500;0000000125105;0000000125148;0000000000000;00001000;
20170505;OZ3;*;0000;0000000000448;0000000000141;00000000;00124500;00124500;00124500;00124500;0000000124500;0000000125000;0000000000000;00000500;
20170505;SCS;*;M701;0000000000000;0000000000000;00088700;00000000;00000000;00000000;00000000;0000000000000;0000000000000;0000000000000;00000000;
20170505;SCS;*;N703;0000000000000;0000000000000;00138770;00000000;00000000;00000000;00000000;0000000000000;0000000000000;0000000000000;00000000;
20170505;SCS;*;Q701;0000000000000;0000000000000;00051500;00000000;00000000;00000000;00000000;0000000000000;0000000000000;0000000000000;00000000;
20170505;SCS;*;V702;0000000000000;0000000000000;00076285;00000000;00000000;00000000;00000000;0000000000000;0000000000000;0000000000000;00000000;
20170505;SFI;*;K18 ;0000000000000;0000000000000;00000000;00000000;00000000;00000000;00000000;0000000002087;0000000002084;0000000000000;00000003;
20170505;SFI;*;N17 ;0000000000000;0000000000000;00000000;00000000;00000000;00000000;00000000;0000000002081;0000000002084;0000000000000;00000003;
20170505;SFI;*;X17 ;0000000000000;0000000000000;00000000;00000000;00000000;00000000;00000000;0000000002060;0000000002056;0000000000000;00000004;
20170505;SJC;*;F18 ;0000000000000;0000000000000;00000000;00000000;00000000;00000000;00000000;0000000214561;0000000214231;0000000000000;00000330;
20170505;SJC;*;H18 ;0000000000000;0000000000000;00000000;00000000;00000000;00000000;00000000;0000000215223;0000000214892;0000000000000;00000331;
20170505;SJC;*;K18 ;0000000000000;0000000000000;00000000;00000000;00000000;00000000;00000000;0000000216049;0000000215774;0000000000000;00000275;
20170505;SJC;*;N17 ;0000003418651;0000001076571;00002813;00002162;00002147;00002165;00002147;0000000214506;0000000214782;0000000003943;00000276;
20170505;SJC;*;N18 ;0000000000000;0000000000000;00000000;00000000;00000000;00000000;00000000;0000000217317;0000000217097;0000000000000;00000220;
20170505;SJC;*;Q17 ;0000000740438;0000000233172;00000027;00002159;00002150;00002163;00002150;0000000214672;0000000214727;0000000000785;00000055;
20170505;SJC;*;U17 ;0000000000000;0000000000000;00000000;00000000;00000000;00000000;00000000;0000000213514;0000000213294;0000000000000;00000220;
20170505;SJC;*;X17 ;0000000000000;0000000000000;00001094;00000000;00000000;00000000;00000000;0000000213073;0000000212687;0000000005515;00000386;
20170505;TRY;*;M17 ;0000000000000;0000000000000;00000066;00000000;00000000;00000000;00000000;0000008948730;0000008953320;0000000003442;00004590;
20170505;TRY;*;N17 ;0000000000000;0000000000000;00000000;00000000;00000000;00000000;00000000;0000008927990;0000008932520;0000000000000;00004530;
20170505;TRY;*;Q17 ;0000000000000;0000000000000;00000000;00000000;00000000;00000000;00000000;0000008915140;0000008909720;0000000000000;00005420;
20170505;T10;*;M17 ;0000015912779;0000005009690;00002934;00125281;00125172;00125344;00125172;0000001252187;0000001251718;0000000014897;00000469;
20170505;T10;*;U17 ;0000000000000;0000000000000;00000000;00000000;00000000;00000000;00000000;0000001248906;0000001248437;0000000000000;00000469;
20170505;WDO;*;F18 ;0000000000000;0000000000000;00000000;00000000;00000000;00000000;00000000;0000033255170;0000033371780;0000000000000;00116610;
20170505;WDO;*;F19 ;0000000000000;0000000000000;00000000;00000000;00000000;00000000;00000000;0000035424710;0000035558760;0000000000000;00134050;
20170505;WDO;*;F20 ;0000000000000;0000000000000;00000000;00000000;00000000;00000000;00000000;0000037899150;0000038078220;0000000000000;00179070;
20170505;WDO;*;F21 ;0000000000000;0000000000000;00000000;00000000;00000000;00000000;00000000;0000040348730;0000040573330;0000000000000;00224600;
20170505;WDO;*;F25 ;0000000000000;0000000000000;00000000;00000000;00000000;00000000;00000000;0000049948750;0000050566630;0000000000000;00617880;
20170505;WDO;*;G18 ;0000000000000;0000000000000;00000000;00000000;00000000;00000000;00000000;0000033455900;0000033576500;0000000000000;00120600;
20170505;WDO;*;H18 ;0000000000000;0000000000000;00000000;00000000;00000000;00000000;00000000;0000033603370;0000033725280;0000000000000;00121910;
20170505;WDO;*;J18 ;0000000000000;0000000000000;00000000;00000000;00000000;00000000;00000000;0000033771930;0000033895710;0000000000000;00123780;
20170505;WDO;*;J19 ;0000000000000;0000000000000;00000000;00000000;00000000;00000000;00000000;0000036021540;0000036168010;0000000000000;00146470;
20170505;WDO;*;J20 ;0000000000000;0000000000000;00000000;00000000;00000000;00000000;00000000;0000038518610;0000038697990;0000000000000;00179380;
20170505;WDO;*;J22 ;0000000000000;0000000000000;00000000;00000000;00000000;00000000;00000000;0000043381240;0000043638120;0000000000000;00256880;
20170505;WDO;*;K18 ;0000000000000;0000000000000;00000000;00000000;00000000;00000000;00000000;0000033958720;0000034084700;0000000000000;00125980;
20170505;WDO;*;M17 ;0017343175600;0005460009948;00022873;03209500;03189500;03217000;03197000;0000031968460;0000032085130;0000000011667;00116670;
20170505;WDO;*;N17 ;0000000000000;0000000000000;00000146;00000000;00000000;00000000;00000000;0000032183760;0000032299950;0000000011619;00116190;
20170505;WDO;*;N18 ;0000000000000;0000000000000;00000000;00000000;00000000;00000000;00000000;0000034308230;0000034441110;0000000000000;00132880;
20170505;WDO;*;N19 ;0000000000000;0000000000000;00000000;00000000;00000000;00000000;00000000;0000036636730;0000036798350;0000000000000;00161620;
20170505;WDO;*;N21 ;0000000000000;0000000000000;00000000;00000000;00000000;00000000;00000000;0000041567400;0000041820230;0000000000000;00252830;
20170505;WDO;*;Q17 ;0000000000000;0000000000000;00000000;00000000;00000000;00000000;00000000;0000032378950;0000032493530;0000000000000;00114580;
20170505;WDO;*;U17 ;0000000000000;0000000000000;00000063;00000000;00000000;00000000;00000000;0000032595420;0000032711290;0000000011587;00115870;
20170505;WDO;*;V17 ;0000000000000;0000000000000;00000000;00000000;00000000;00000000;00000000;0000032756300;0000032873660;0000000000000;00117360;
20170505;WDO;*;V18 ;0000000000000;0000000000000;00000000;00000000;00000000;00000000;00000000;0000034892130;0000035032370;0000000000000;00140240;
20170505;WDO;*;V19 ;0000000000000;0000000000000;00000000;00000000;00000000;00000000;00000000;0000037311300;0000037469520;0000000000000;00158220;
20170505;WDO;*;X17 ;0000000000000;0000000000000;00000024;00000000;00000000;00000000;00000000;0000032934310;0000033046620;0000000011231;00112310;
20170505;WDO;*;Z17 ;0000000000000;0000000000000;00000000;00000000;00000000;00000000;00000000;0000033100980;0000033218120;0000000000000;00117140;
20170505;WEU;*;M17 ;0000000000000;0000000000000;00000000;00000000;00000000;00000000;00000000;0000035166780;0000035257960;0000000000000;00091180;
20170505;WEU;*;N17 ;0000000000000;0000000000000;00000000;00000000;00000000;00000000;00000000;0000035450260;0000035540410;0000000000000;00090150;
20170505;WEU;*;Q17 ;0000000000000;0000000000000;00000000;00000000;00000000;00000000;00000000;0000035715630;0000035803830;0000000000000;00088200;
20170505;WEU;*;U17 ;0000000000000;0000000000000;00000000;00000000;00000000;00000000;00000000;0000036010770;0000036101190;0000000000000;00090420;
20170505;WEU;*;V17 ;0000000000000;0000000000000;00000000;00000000;00000000;00000000;00000000;0000036247710;0000036338150;0000000000000;00090440;
20170505;WIN;*;G18 ;0000000000000;0000000000000;00000000;00000000;00000000;00000000;00000000;0000000069957;0000000068951;0000000000000;00001006;
20170505;WIN;*;G19 ;0000000000000;0000000000000;00000000;00000000;00000000;00000000;00000000;0000000075782;0000000074740;0000000000000;00001042;
20170505;WIN;*;J18 ;0000000000000;0000000000000;00000000;00000000;00000000;00000000;00000000;0000000070884;0000000069872;0000000000000;00001012;
20170505;WIN;*;M17 ;0013514578507;0004254684079;00069556;00065425;00065105;00066525;00066440;0000000066465;0000000065492;0000000019460;00000973;
20170505;WIN;*;M18 ;0000000000000;0000000000000;00000000;00000000;00000000;00000000;00000000;0000000071721;0000000070708;0000000000000;00001013;
20170505;WIN;*;Q17 ;0000000040336;0000000012699;00000011;00067115;00067115;00067415;00067150;0000000067475;0000000066502;0000000019460;00000973;
20170505;WIN;*;Q18 ;0000000000000;0000000000000;00000000;00000000;00000000;00000000;00000000;0000000072752;0000000071732;0000000000000;00001020;
20170505;WIN;*;V17 ;0000000000000;0000000000000;00000000;00000000;00000000;00000000;00000000;0000000068365;0000000067341;0000000000000;00001024;
20170505;WIN;*;V18 ;0000000000000;0000000000000;00000000;00000000;00000000;00000000;00000000;0000000073764;0000000072737;0000000000000;00001027;
20170505;WIN;*;Z17 ;0000000000000;0000000000000;00000000;00000000;00000000;00000000;00000000;0000000069165;0000000068110;0000000000000;00001055;
20170505;WIN;*;Z18 ;0000000000000;0000000000000;00000000;00000000;00000000;00000000;00000000;0000000074685;0000000073651;0000000000000;00001034;
20170505;WTI;*;M17 ;0000020646602;0000006501843;00001415;00004535;00004491;00004645;00004624;0000000004622;0000000004552;0000000022228;00000070;
20170505;WTI;*;N17 ;0000000370136;0000000116560;00000263;00004652;00004652;00004665;00004665;0000000004660;0000000004590;0000000022228;00000070;
20170505;ZAR;*;M17 ;0000000000000;0000000000000;00000013;00000000;00000000;00000000;00000000;0000023625550;0000023377990;0000000086646;00247560;
20170505;ZAR;*;N17 ;0000000000000;0000000000000;00000030;00000000;00000000;00000000;00000000;0000023652780;0000023396640;0000000089649;00256140;
20170505;ZAR;*;Q17 ;0000000000000;0000000000000;00000000;00000000;00000000;00000000;00000000;0000023678140;0000023427710;0000000000000;00250430;
