Data;Código do Contrato;Pregão;Vencimento;Volume(R$);Volume(U$);Número de contas em Aberto;Preço de Abertura;Preço Mínimo;Preço Máximo;Último Preço;Preço de Ajuste Atual; Preço de Ajuste Anterior;Valor de Ajuste por Contrato;Variação
20170605;AUD;*;N17 ;0000011305140;0000003444589;00001318;02447000;02447000;02447000;02447000;0000024795430;0000024332780;0000000277590;00462650;
20170605;AUD;*;Q17 ;0000002991480;0000000911481;00000741;02492900;02492900;02492900;02492900;0000024938340;0000024473140;0000000279120;00465200;
20170605;AUD;*;U17 ;0000000000000;0000000000000;00000150;00000000;00000000;00000000;00000000;0000025096420;0000024628150;0000000280962;00468270;
20170605;BGI;*;F18 ;0000000000000;0000000000000;00000000;00000000;00000000;00000000;00000000;0000000013102;0000000013119;0000000000000;00000017;
20170605;BGI;*;K18 ;0000000000000;0000000000000;00000058;00000000;00000000;00000000;00000000;0000000013469;0000000013485;0000000005280;00000016;
20170605;BGI;*;M17 ;0000004999932;0000001518859;00001607;00012850;00012800;00012890;00012830;0000000012836;0000000012817;0000000006270;00000019;
20170605;BGI;*;N17 ;0000003270217;0000000993413;00000332;00012890;00012850;00012900;00012850;0000000012850;0000000012934;0000000027720;00000084;
20170605;BGI;*;Q17 ;0000003797659;0000001153637;00000305;00012951;00012900;00013000;00012900;0000000012900;0000000013000;0000000033000;00000100;
20170605;BGI;*;U17 ;0000000000000;0000000000000;00000047;00000000;00000000;00000000;00000000;0000000013125;0000000013142;0000000005610;00000017;
20170605;BGI;*;V17 ;0000049994392;0000015187093;00004550;00013200;00013131;00013300;00013145;0000000013171;0000000013188;0000000005610;00000017;
20170605;BGI;*;V18 ;0000002313135;0000000702675;00000065;00014019;00014019;00014019;00014019;0000000014071;0000000014089;0000000005940;00000018;
20170605;BGI;*;X17 ;0000000569659;0000000173049;00000058;00013264;00013264;00013280;00013280;0000000013238;0000000013255;0000000005610;00000017;
20170605;BGI;*;Z17 ;0000000000000;0000000000000;00000002;00000000;00000000;00000000;00000000;0000000013280;0000000013297;0000000005610;00000017;
20170605;BRI;*;Q17 ;0000000000000;0000000000000;00000923;00000000;00000000;00000000;00000000;0000000010589;0000000010604;0000000015000;00000015;
20170605;BRI;*;V17 ;0000000000000;0000000000000;00000001;00000000;00000000;00000000;00000000;0000000010742;0000000010756;0000000014000;00000014;
20170605;BSE;*;M17 ;0000000000000;0000000000000;00000000;00000000;00000000;00000000;00000000;0000000031495;0000000031482;0000000000000;00000013;
20170605;BSE;*;N17 ;0000000000000;0000000000000;00000000;00000000;00000000;00000000;00000000;0000000031713;0000000031700;0000000000000;00000013;
20170605;CAD;*;N17 ;0000000000000;0000000000000;00000054;00000000;00000000;00000000;00000000;0000024596110;0000024260450;0000000201396;00335660;
20170605;CAD;*;Q17 ;0000001485180;0000000452523;00000735;02475300;02475300;02475300;02475300;0000024761560;0000024424720;0000000202104;00336840;
20170605;CAD;*;U17 ;0000000000000;0000000000000;00000105;00000000;00000000;00000000;00000000;0000024943790;0000024603050;0000000204444;00340740;
20170605;CCM;*;F18 ;0000000837063;0000000254280;00000757;00002850;00002840;00002880;00002879;0000000002872;0000000002850;0000000009900;00000022;
20170605;CCM;*;H18 ;0000000040765;0000000012383;00000198;00003000;00003000;00003039;00003039;0000000003011;0000000002964;0000000021150;00000047;
20170605;CCM;*;K18 ;0000000000000;0000000000000;00000000;00000000;00000000;00000000;00000000;0000000002952;0000000002906;0000000000000;00000046;
20170605;CCM;*;N17 ;0000000351265;0000000106706;00000802;00002601;00002601;00002602;00002602;0000000002602;0000000002621;0000000008550;00000019;
20170605;CCM;*;N18 ;0000000000000;0000000000000;00000000;00000000;00000000;00000000;00000000;0000000002937;0000000002891;0000000000000;00000046;
20170605;CCM;*;U17 ;0000028389667;0000008624098;00020930;00002671;00002670;00002711;00002695;0000000002698;0000000002678;0000000009000;00000020;
20170605;CCM;*;U18 ;0000000328612;0000000099824;00000000;00002921;00002921;00002921;00002921;0000000002923;0000000002876;0000000021150;00000047;
20170605;CCM;*;X17 ;0000002783574;0000000845583;00001029;00002739;00002735;00002789;00002789;0000000002789;0000000002746;0000000019350;00000043;
20170605;CCM;*;X18 ;0000000000000;0000000000000;00000000;00000000;00000000;00000000;00000000;0000000002996;0000000002948;0000000000000;00000048;
20170605;CHF;*;N17 ;0000000000000;0000000000000;00000009;00000000;00000000;00000000;00000000;0000034379930;0000034030720;0000000174605;00349210;
20170605;CHF;*;Q17 ;0000000000000;0000000000000;00000000;00000000;00000000;00000000;00000000;0000034656640;0000034305050;0000000000000;00351590;
20170605;CHF;*;U17 ;0000000000000;0000000000000;00000160;00000000;00000000;00000000;00000000;0000034964270;0000034608820;0000000177725;00355450;
20170605;CLP;*;N17 ;0000000000000;0000000000000;00000072;00000000;00000000;00000000;00000000;0000049478000;0000048792000;0000000171500;00686000;
20170605;CLP;*;Q17 ;0000000000000;0000000000000;00000000;00000000;00000000;00000000;00000000;0000049733000;0000049039000;0000000000000;00694000;
20170605;CLP;*;U17 ;0000000623125;0000000189861;00000460;04985000;04985000;04985000;04985000;0000050004000;0000049315000;0000000172250;00689000;
20170605;CNY;*;N17 ;0000000000000;0000000000000;00000090;00000000;00000000;00000000;00000000;0000048642860;0000048029560;0000000214655;00613300;
20170605;CNY;*;Q17 ;0000000000000;0000000000000;00000000;00000000;00000000;00000000;00000000;0000048835310;0000048212910;0000000000000;00622400;
20170605;CNY;*;U17 ;0000000000000;0000000000000;00000000;00000000;00000000;00000000;00000000;0000049049440;0000048417280;0000000000000;00632160;
20170605;CR1;*;U7Z7;0000000000000;0000000000000;00000000;00000000;00000000;00000000;00000000;0000000000000;0000000000000;0000000000000;00000000;
20170605;DAP;*;F18 ;0000000000000;0000000000000;00025410;00000000;00000000;00000000;00000000;0000009676817;0000009681475;0000000005640;00004658;
20170605;DAP;*;F19 ;0000000000000;0000000000000;00000000;00000000;00000000;00000000;00000000;0000009215699;0000009223870;0000000000000;00008171;
20170605;DAP;*;K19 ;0000000549163;0000000167326;00042555;00000520;00000520;00000520;00000520;0000009065466;0000009071865;0000000007748;00006399;
20170605;DAP;*;K21 ;0000006829065;0000002080763;00012874;00000566;00000566;00000566;00000566;0000008053767;0000008068399;0000000017717;00014632;
20170605;DAP;*;K23 ;0000000000000;0000000000000;00012953;00000000;00000000;00000000;00000000;0000007157119;0000007180819;0000000028697;00023700;
20170605;DAP;*;M17 ;0000000000000;0000000000000;00000000;00000000;00000000;00000000;00000000;0000009984282;0000009984029;0000000000000;00000253;
20170605;DAP;*;N17 ;0000000000000;0000000000000;00002800;00000000;00000000;00000000;00000000;0000009896416;0000009902368;0000000007207;00005952;
20170605;DAP;*;Q17 ;0000000000000;0000000000000;00000000;00000000;00000000;00000000;00000000;0000009857531;0000009864236;0000000000000;00006705;
20170605;DAP;*;Q18 ;0000569276600;0000173454174;00053096;00000531;00000531;00000531;00000531;0000009402654;0000009407701;0000000006111;00005047;
20170605;DAP;*;Q20 ;0000000000000;0000000000000;00005785;00000000;00000000;00000000;00000000;0000008416258;0000008426104;0000000011922;00009846;
20170605;DAP;*;Q22 ;0000000905365;0000000275858;00016356;00000578;00000578;00000578;00000578;0000007458633;0000007476533;0000000021674;00017900;
20170605;DAP;*;Q24 ;0000000000000;0000000000000;00008370;00000000;00000000;00000000;00000000;0000006707788;0000006734834;0000000032749;00027046;
20170605;DAP;*;Q26 ;0000000000000;0000000000000;00002375;00000000;00000000;00000000;00000000;0000005952482;0000005983238;0000000037241;00030756;
20170605;DAP;*;Q30 ;0000000000000;0000000000000;00000235;00000000;00000000;00000000;00000000;0000004742756;0000004778004;0000000042681;00035248;
20170605;DCO;*;F18 ;0000000000000;0000000000000;00000000;00000000;00000000;00000000;00000000;0000010029392;0000009908844;0000000000000;00120548;
20170605;DCO;*;F19 ;0000000000000;0000000000000;00000000;00000000;00000000;00000000;00000000;0000009767151;0000009650423;0000000000000;00116728;
20170605;DCO;*;F20 ;0000000000000;0000000000000;00000000;00000000;00000000;00000000;00000000;0000009444543;0000009335867;0000000000000;00108676;
20170605;DCO;*;F21 ;0000000000000;0000000000000;00000000;00000000;00000000;00000000;00000000;0000009081960;0000008976974;0000000000000;00104986;
20170605;DCO;*;F22 ;0000000000000;0000000000000;00000000;00000000;00000000;00000000;00000000;0000008698371;0000008604763;0000000000000;00093608;
20170605;DCO;*;F23 ;0000000000000;0000000000000;00000000;00000000;00000000;00000000;00000000;0000008276593;0000008188382;0000000000000;00088211;
20170605;DCO;*;F24 ;0000000000000;0000000000000;00000000;00000000;00000000;00000000;00000000;0000007864359;0000007777102;0000000000000;00087257;
20170605;DCO;*;F25 ;0000000000000;0000000000000;00000000;00000000;00000000;00000000;00000000;0000007450701;0000007366530;0000000000000;00084171;
20170605;DCO;*;F26 ;0000000000000;0000000000000;00000000;00000000;00000000;00000000;00000000;0000007027629;0000006948400;0000000000000;00079229;
20170605;DCO;*;F27 ;0000000000000;0000000000000;00000000;00000000;00000000;00000000;00000000;0000006633499;0000006555659;0000000000000;00077840;
20170605;DCO;*;F28 ;0000000000000;0000000000000;00000000;00000000;00000000;00000000;00000000;0000006271060;0000006203326;0000000000000;00067734;
20170605;DCO;*;F29 ;0000000000000;0000000000000;00000000;00000000;00000000;00000000;00000000;0000005926936;0000005861308;0000000000000;00065628;
20170605;DCO;*;F30 ;0000000000000;0000000000000;00000000;00000000;00000000;00000000;00000000;0000005606851;0000005543512;0000000000000;00063339;
20170605;DCO;*;G18 ;0000000000000;0000000000000;00000000;00000000;00000000;00000000;00000000;0000010011394;0000009891680;0000000000000;00119714;
20170605;DCO;*;H18 ;0000000000000;0000000000000;00000000;00000000;00000000;00000000;00000000;0000009993280;0000009873360;0000000000000;00119920;
20170605;DCO;*;J18 ;0000000000000;0000000000000;00000000;00000000;00000000;00000000;00000000;0000009969159;0000009850047;0000000000000;00119112;
20170605;DCO;*;J19 ;0000000000000;0000000000000;00000000;00000000;00000000;00000000;00000000;0000009693797;0000009576761;0000000000000;00117036;
20170605;DCO;*;J20 ;0000000000000;0000000000000;00000000;00000000;00000000;00000000;00000000;0000009359379;0000009249542;0000000000000;00109837;
20170605;DCO;*;J21 ;0000000000000;0000000000000;00000000;00000000;00000000;00000000;00000000;0000008995394;0000008896182;0000000000000;00099212;
20170605;DCO;*;J22 ;0000000000000;0000000000000;00000000;00000000;00000000;00000000;00000000;0000008595631;0000008503895;0000000000000;00091736;
20170605;DCO;*;K18 ;0000000000000;0000000000000;00000000;00000000;00000000;00000000;00000000;0000009947865;0000009828909;0000000000000;00118956;
20170605;DCO;*;M18 ;0000000000000;0000000000000;00000000;00000000;00000000;00000000;00000000;0000009927329;0000009809180;0000000000000;00118149;
20170605;DCO;*;N17 ;0000000000000;0000000000000;00000000;00000000;00000000;00000000;00000000;0000010149113;0000010027226;0000000000000;00121887;
20170605;DCO;*;N18 ;0000000000000;0000000000000;00000000;00000000;00000000;00000000;00000000;0000009906156;0000009789000;0000000000000;00117156;
20170605;DCO;*;N19 ;0000000000000;0000000000000;00000000;00000000;00000000;00000000;00000000;0000009616309;0000009498209;0000000000000;00118100;
20170605;DCO;*;N20 ;0000000000000;0000000000000;00000000;00000000;00000000;00000000;00000000;0000009269115;0000009161712;0000000000000;00107403;
20170605;DCO;*;N21 ;0000000000000;0000000000000;00000000;00000000;00000000;00000000;00000000;0000008894188;0000008798568;0000000000000;00095620;
20170605;DCO;*;Q17 ;0000000000000;0000000000000;00000000;00000000;00000000;00000000;00000000;0000010130241;0000010008509;0000000000000;00121732;
20170605;DCO;*;U17 ;0000000000000;0000000000000;00000000;00000000;00000000;00000000;00000000;0000010113973;0000009993001;0000000000000;00120972;
20170605;DCO;*;V17 ;0000000000000;0000000000000;00000000;00000000;00000000;00000000;00000000;0000010093083;0000009972111;0000000000000;00120972;
20170605;DCO;*;V18 ;0000000000000;0000000000000;00000000;00000000;00000000;00000000;00000000;0000009841551;0000009724079;0000000000000;00117472;
20170605;DCO;*;V19 ;0000000000000;0000000000000;00000000;00000000;00000000;00000000;00000000;0000009532929;0000009420326;0000000000000;00112603;
20170605;DCO;*;V20 ;0000000000000;0000000000000;00000000;00000000;00000000;00000000;00000000;0000009179669;0000009070269;0000000000000;00109400;
20170605;DCO;*;V21 ;0000000000000;0000000000000;00000000;00000000;00000000;00000000;00000000;0000008799656;0000008704820;0000000000000;00094836;
20170605;DCO;*;X17 ;0000000000000;0000000000000;00000000;00000000;00000000;00000000;00000000;0000010073379;0000009953381;0000000000000;00119998;
20170605;DCO;*;Z17 ;0000000000000;0000000000000;00000000;00000000;00000000;00000000;00000000;0000010053487;0000009933133;0000000000000;00120354;
20170605;DDI;*;F18 ;0000000000000;0000000000000;00397038;00000000;00000000;00000000;00000000;0000010029981;0000009909425;0000000195306;00120556;
20170605;DDI;*;F19 ;0000000000000;0000000000000;00116599;00000000;00000000;00000000;00000000;0000009768678;0000009651922;0000000189150;00116756;
20170605;DDI;*;F20 ;0000000000000;0000000000000;00099955;00000000;00000000;00000000;00000000;0000009449208;0000009340449;0000000176195;00108759;
20170605;DDI;*;F21 ;0000000000000;0000000000000;00091321;00000000;00000000;00000000;00000000;0000009087962;0000008982863;0000000170265;00105099;
20170605;DDI;*;F22 ;0000000000000;0000000000000;00034834;00000000;00000000;00000000;00000000;0000008705409;0000008611678;0000000151848;00093731;
20170605;DDI;*;F23 ;0000000000000;0000000000000;00030696;00000000;00000000;00000000;00000000;0000008284352;0000008196005;0000000143126;00088347;
20170605;DDI;*;F24 ;0000000000000;0000000000000;00033255;00000000;00000000;00000000;00000000;0000007872621;0000007785210;0000000141610;00087411;
20170605;DDI;*;F25 ;0000000000000;0000000000000;00020100;00000000;00000000;00000000;00000000;0000007459248;0000007374912;0000000136628;00084336;
20170605;DDI;*;F26 ;0000000000000;0000000000000;00013830;00000000;00000000;00000000;00000000;0000007036236;0000006956841;0000000128623;00079395;
20170605;DDI;*;F27 ;0000000000000;0000000000000;00010950;00000000;00000000;00000000;00000000;0000006642066;0000006568258;0000000119572;00073808;
20170605;DDI;*;F28 ;0000000000000;0000000000000;00000110;00000000;00000000;00000000;00000000;0000006283749;0000006211623;0000000116847;00072126;
20170605;DDI;*;F29 ;0000000000000;0000000000000;00000000;00000000;00000000;00000000;00000000;0000005939342;0000005873479;0000000000000;00065863;
20170605;DDI;*;F30 ;0000000000000;0000000000000;00000500;00000000;00000000;00000000;00000000;0000005618912;0000005555337;0000000102994;00063575;
20170605;DDI;*;G18 ;0000000000000;0000000000000;00029510;00000000;00000000;00000000;00000000;0000010012065;0000009892342;0000000193957;00119723;
20170605;DDI;*;H18 ;0000000000000;0000000000000;00016920;00000000;00000000;00000000;00000000;0000009994026;0000009874095;0000000194294;00119931;
20170605;DDI;*;J18 ;0000000000000;0000000000000;00094866;00000000;00000000;00000000;00000000;0000009969990;0000009850865;0000000192988;00119125;
20170605;DDI;*;J19 ;0000000000000;0000000000000;00050406;00000000;00000000;00000000;00000000;0000009695533;0000009580172;0000000186890;00115361;
20170605;DDI;*;J20 ;0000000000000;0000000000000;00027995;00000000;00000000;00000000;00000000;0000009364399;0000009254469;0000000178092;00109930;
20170605;DDI;*;J21 ;0000000000000;0000000000000;00005347;00000000;00000000;00000000;00000000;0000009001674;0000008902350;0000000160909;00099324;
20170605;DDI;*;J22 ;0000000000000;0000000000000;00000120;00000000;00000000;00000000;00000000;0000008602866;0000008511003;0000000148822;00091863;
20170605;DDI;*;K18 ;0000000000000;0000000000000;00017120;00000000;00000000;00000000;00000000;0000009948775;0000009829805;0000000192737;00118970;
20170605;DDI;*;M18 ;0000000000000;0000000000000;00002900;00000000;00000000;00000000;00000000;0000009928318;0000009810153;0000000191433;00118165;
20170605;DDI;*;N17 ;0000000000000;0000000000000;00601661;00000000;00000000;00000000;00000000;0000010149193;0000010027396;0000000197317;00121797;
20170605;DDI;*;N18 ;0000064048784;0000019515169;00092639;00000108;00000108;00000108;00000108;0000009907224;0000009790051;0000000189826;00117173;
20170605;DDI;*;N19 ;0000000000000;0000000000000;00056974;00000000;00000000;00000000;00000000;0000009620195;0000009502022;0000000191446;00118173;
20170605;DDI;*;N20 ;0000000000000;0000000000000;00042535;00000000;00000000;00000000;00000000;0000009274473;0000009166972;0000000174156;00107501;
20170605;DDI;*;N21 ;0000000000000;0000000000000;00004910;00000000;00000000;00000000;00000000;0000008900728;0000008804994;0000000155093;00095734;
20170605;DDI;*;Q17 ;0000000000000;0000000000000;00429794;00000000;00000000;00000000;00000000;0000010130404;0000010008841;0000000196938;00121563;
20170605;DDI;*;U17 ;0000000000000;0000000000000;00095175;00000000;00000000;00000000;00000000;0000010114473;0000009993505;0000000195974;00120968;
20170605;DDI;*;V17 ;0000000000000;0000000000000;00240284;00000000;00000000;00000000;00000000;0000010093420;0000009972783;0000000195437;00120637;
20170605;DDI;*;V18 ;0000000000000;0000000000000;00057498;00000000;00000000;00000000;00000000;0000009842851;0000009725356;0000000190347;00117495;
20170605;DDI;*;V19 ;0000000000000;0000000000000;00032114;00000000;00000000;00000000;00000000;0000009537212;0000009424531;0000000182548;00112681;
20170605;DDI;*;V20 ;0000000000000;0000000000000;00023920;00000000;00000000;00000000;00000000;0000009185356;0000009075846;0000000177411;00109510;
20170605;DDI;*;V21 ;0000000000000;0000000000000;00002042;00000000;00000000;00000000;00000000;0000008806454;0000008711498;0000000153833;00094956;
20170605;DDI;*;X17 ;0000000000000;0000000000000;00082320;00000000;00000000;00000000;00000000;0000010073799;0000009953797;0000000194409;00120002;
20170605;DDI;*;Z17 ;0000000000000;0000000000000;00067020;00000000;00000000;00000000;00000000;0000010053990;0000009933631;0000000194987;00120359;
20170605;DDM;*;K25 ;0000000000000;0000000000000;00000000;00000000;00000000;00000000;00000000;0000006472980;0000006527428;0000000000000;00054448;
20170605;DI1;*;F18 ;0024130333512;0007352325872;03099420;00009410;00009395;00009450;00009405;0000009498587;0000009499584;0000000000997;00000997;
20170605;DI1;*;F19 ;0031549678821;0009612942968;01920410;00009600;00009550;00009650;00009560;0000008669706;0000008671128;0000000001422;00001422;
20170605;DI1;*;F20 ;0010861963784;0003309556302;01524057;00010140;00010080;00010190;00010130;0000007803828;0000007811120;0000000007292;00007292;
20170605;DI1;*;F21 ;0011948598152;0003640645385;01371937;00010600;00010550;00010650;00010600;0000006981344;0000006992495;0000000011151;00011151;
20170605;DI1;*;F22 ;0000301334188;0000091814195;00089086;00010850;00010820;00010910;00010860;0000006246968;0000006262254;0000000015286;00015286;
20170605;DI1;*;F23 ;0001763256035;0000537250468;00627892;00010980;00010970;00011060;00011010;0000005591826;0000005611287;0000000019461;00019461;
20170605;DI1;*;F24 ;0000010535977;0000003210231;00056350;00011100;00011080;00011160;00011100;0000005011503;0000005033525;0000000022022;00022022;
20170605;DI1;*;F25 ;0001302918750;0000396989260;00540709;00011150;00011120;00011230;00011170;0000004485756;0000004510043;0000000024287;00024287;
20170605;DI1;*;F26 ;0000002214949;0000000674878;00062718;00011230;00011210;00011230;00011210;0000004024507;0000004047653;0000000023146;00023146;
20170605;DI1;*;F27 ;0000516324688;0000157320137;00402490;00011230;00011190;00011320;00011270;0000003604351;0000003625930;0000000021579;00021579;
20170605;DI1;*;F28 ;0000000000000;0000000000000;00000010;00000000;00000000;00000000;00000000;0000003242516;0000003263978;0000000021462;00021462;
20170605;DI1;*;F29 ;0000000584332;0000000178041;00003583;00011260;00011260;00011260;00011260;0000002916518;0000002937646;0000000021128;00021128;
20170605;DI1;*;F30 ;0000000000000;0000000000000;00000720;00000000;00000000;00000000;00000000;0000002607580;0000002628095;0000000020515;00020515;
20170605;DI1;*;G18 ;0000226248461;0000068936155;00022515;00009360;00009360;00009380;00009380;0000009426499;0000009430300;0000000003801;00003801;
20170605;DI1;*;H18 ;0000029035726;0000008846961;00011380;00009380;00009360;00009380;00009360;0000009366323;0000009369033;0000000002710;00002710;
20170605;DI1;*;J18 ;0000846614192;0000257956792;00715874;00009350;00009320;00009375;00009340;0000009299370;0000009301030;0000000001660;00001660;
20170605;DI1;*;J19 ;0000304037961;0000092638014;00492764;00009730;00009690;00009770;00009710;0000008459277;0000008463595;0000000004318;00004318;
20170605;DI1;*;J20 ;0000003417219;0000001041200;00076308;00010280;00010270;00010280;00010280;0000007592422;0000007603060;0000000010638;00010638;
20170605;DI1;*;J21 ;0000005777002;0000001760208;00030565;00010650;00010650;00010700;00010680;0000006795442;0000006807016;0000000011574;00011574;
20170605;DI1;*;J22 ;0000000000000;0000000000000;00001365;00000000;00000000;00000000;00000000;0000006078767;0000006094967;0000000016200;00016200;
20170605;DI1;*;K18 ;0000102894173;0000031351058;00017005;00009370;00009360;00009370;00009360;0000009230809;0000009232598;0000000001789;00001789;
20170605;DI1;*;M18 ;0000141044241;0000042975089;00001800;00009380;00009380;00009380;00009380;0000009160770;0000009162679;0000000001909;00001909;
20170605;DI1;*;N17 ;0021951927312;0006688582362;02956818;00010150;00010145;00010151;00010145;0000009927377;0000009927409;0000000000032;00000032;
20170605;DI1;*;N18 ;0003125667626;0000952366736;00705786;00009420;00009360;00009440;00009380;0000009090543;0000009092567;0000000002024;00002024;
20170605;DI1;*;N19 ;0000605496734;0000184490169;00492073;00009860;00009830;00009930;00009850;0000008245443;0000008251701;0000000006258;00006258;
20170605;DI1;*;N20 ;0002969921722;0000904912164;01243662;00010390;00010340;00010450;00010400;0000007391041;0000007399171;0000000008130;00008130;
20170605;DI1;*;N21 ;0000101746745;0000031001446;00059767;00010760;00010720;00010800;00010750;0000006604819;0000006620407;0000000015588;00015588;
20170605;DI1;*;N22 ;0000013908627;0000004237851;00004390;00010940;00010940;00010960;00010960;0000005916100;0000005933480;0000000017380;00017380;
20170605;DI1;*;N23 ;0000000000000;0000000000000;00003180;00000000;00000000;00000000;00000000;0000005299084;0000005319741;0000000020657;00020657;
20170605;DI1;*;N24 ;0000000000000;0000000000000;00003010;00000000;00000000;00000000;00000000;0000004749679;0000004772729;0000000023050;00023050;
20170605;DI1;*;Q17 ;0007573165957;0002307485057;00317863;00010130;00010114;00010130;00010115;0000009848219;0000009848300;0000000000081;00000081;
20170605;DI1;*;U17 ;0001005485602;0000306363681;00179260;00009890;00009890;00009905;00009900;0000009766650;0000009767071;0000000000421;00000421;
20170605;DI1;*;V17 ;0012533555804;0003818877454;01480127;00009715;00009700;00009735;00009715;0000009698805;0000009699537;0000000000732;00000732;
20170605;DI1;*;V18 ;0000978337845;0000298091970;00589714;00009510;00009450;00009520;00009450;0000008876265;0000008878623;0000000002358;00002358;
20170605;DI1;*;V19 ;0000033694362;0000010266411;00078924;00009980;00009980;00010010;00009990;0000008016123;0000008024603;0000000008480;00008480;
20170605;DI1;*;V20 ;0000007532917;0000002295222;00046595;00010560;00010500;00010560;00010530;0000007172465;0000007187446;0000000014981;00014981;
20170605;DI1;*;V21 ;0000000642394;0000000195732;00012112;00010810;00010810;00010820;00010820;0000006421442;0000006437053;0000000015611;00015611;
20170605;DI1;*;X17 ;0000064510246;0000019655773;00101385;00009610;00009610;00009610;00009610;0000009628395;0000009629677;0000000001282;00001282;
20170605;DI1;*;Z17 ;0000155388397;0000047345642;00080850;00009520;00009510;00009530;00009510;0000009562396;0000009563909;0000000001513;00001513;
20170605;DOL;*;F18 ;0000000000000;0000000000000;00007905;00000000;00000000;00000000;00000000;0000034213660;0000033798880;0000000207390;00414780;
20170605;DOL;*;F19 ;0000000000000;0000000000000;00000000;00000000;00000000;00000000;00000000;0000036508150;0000036065890;0000000000000;00442260;
20170605;DOL;*;F20 ;0000000000000;0000000000000;00000000;00000000;00000000;00000000;00000000;0000039232510;0000038744750;0000000000000;00487760;
20170605;DOL;*;F21 ;0000000000000;0000000000000;00003100;00000000;00000000;00000000;00000000;0000042177990;0000041623730;0000000277130;00554260;
20170605;DOL;*;F25 ;0000000000000;0000000000000;00000000;00000000;00000000;00000000;00000000;0000053878780;0000052982760;0000000000000;00896020;
20170605;DOL;*;G18 ;0000000000000;0000000000000;00000000;00000000;00000000;00000000;00000000;0000034413720;0000033988500;0000000000000;00425220;
20170605;DOL;*;H18 ;0000000000000;0000000000000;00000000;00000000;00000000;00000000;00000000;0000034572420;0000034147660;0000000000000;00424760;
20170605;DOL;*;J18 ;0000000000000;0000000000000;00000180;00000000;00000000;00000000;00000000;0000034737580;0000034316400;0000000210590;00421180;
20170605;DOL;*;J19 ;0000000000000;0000000000000;00000050;00000000;00000000;00000000;00000000;0000037136150;0000036675570;0000000230290;00460580;
20170605;DOL;*;J20 ;0000000000000;0000000000000;00000000;00000000;00000000;00000000;00000000;0000039962990;0000039438600;0000000000000;00524390;
20170605;DOL;*;J22 ;0000000000000;0000000000000;00000000;00000000;00000000;00000000;00000000;0000045854930;0000045244710;0000000000000;00610220;
20170605;DOL;*;K18 ;0000000000000;0000000000000;00000000;00000000;00000000;00000000;00000000;0000034921130;0000034496840;0000000000000;00424290;
20170605;DOL;*;M18 ;0000000000000;0000000000000;00000000;00000000;00000000;00000000;00000000;0000035115760;0000034690590;0000000000000;00425170;
20170605;DOL;*;N17 ;0042326929500;0012896687843;00510164;03273500;03268500;03318000;03318000;0000033125020;0000032727220;0000000198900;00397800;
20170605;DOL;*;N18 ;0000000000000;0000000000000;00000620;00000000;00000000;00000000;00000000;0000035311860;0000034886450;0000000212705;00425410;
20170605;DOL;*;N19 ;0000000000000;0000000000000;00000400;00000000;00000000;00000000;00000000;0000037803170;0000037310490;0000000246340;00492680;
20170605;DOL;*;N21 ;0000000000000;0000000000000;00000000;00000000;00000000;00000000;00000000;0000043663950;0000043092610;0000000000000;00571340;
20170605;DOL;*;Q17 ;0000019937750;0000006074878;00013590;03315000;03315000;03335000;03335000;0000033329400;0000032929180;0000000200110;00400220;
20170605;DOL;*;U17 ;0000000838750;0000000255561;00001595;03355000;03355000;03355000;03355000;0000033554910;0000033152160;0000000201375;00402750;
20170605;DOL;*;V17 ;0000003368625;0000001026394;00003940;03365500;03365500;03371000;03371000;0000033719300;0000033313770;0000000202765;00405530;
20170605;DOL;*;V18 ;0000000893500;0000000272243;00000035;03574000;03574000;03574000;03574000;0000035929330;0000035491000;0000000219165;00438330;
20170605;DOL;*;V19 ;0000000000000;0000000000000;00000000;00000000;00000000;00000000;00000000;0000038549210;0000038053500;0000000000000;00495710;
20170605;DOL;*;X17 ;0000000000000;0000000000000;00000230;00000000;00000000;00000000;00000000;0000033899850;0000033491570;0000000204140;00408280;
20170605;DOL;*;Z17 ;0000000000000;0000000000000;00000005;00000000;00000000;00000000;00000000;0000034066710;0000033653550;0000000206580;00413160;
20170605;DR1;*;N7Q7;0000000000000;0000000000000;00000000;00000000;00000000;00000000;00000000;0000000000000;0000000000000;0000000000000;00000000;
20170605;ETH;*;F18 ;0000000000000;0000000000000;00000000;00000000;00000000;00000000;00000000;0000000168700;0000000168700;0000000000000;00000000;
20170605;ETH;*;K18 ;0000000000000;0000000000000;00000000;00000000;00000000;00000000;00000000;0000000150050;0000000150050;0000000000000;00000000;
20170605;ETH;*;M17 ;0000000000000;0000000000000;00000360;00000000;00000000;00000000;00000000;0000000139000;0000000139000;0000000000000;00000000;
20170605;ETH;*;N17 ;0000000372600;0000000113187;00000291;00138000;00138000;00138000;00138000;0000000139000;0000000139000;0000000000000;00000000;
20170605;ETH;*;Q17 ;0000000000000;0000000000000;00000550;00000000;00000000;00000000;00000000;0000000141000;0000000141000;0000000000000;00000000;
20170605;ETH;*;U17 ;0000000000000;0000000000000;00000000;00000000;00000000;00000000;00000000;0000000150000;0000000150000;0000000000000;00000000;
20170605;ETH;*;V17 ;0000000000000;0000000000000;00000330;00000000;00000000;00000000;00000000;0000000150000;0000000150000;0000000000000;00000000;
20170605;ETH;*;X17 ;0000002373000;0000000720860;00000102;00158200;00158200;00158200;00158200;0000000160000;0000000162000;0000000060000;00002000;
20170605;ETH;*;Z17 ;0000002403000;0000000729974;00000117;00160200;00160200;00160200;00160200;0000000162000;0000000165000;0000000090000;00003000;
20170605;EUR;*;N17 ;0000002798000;0000000852529;00014635;03731000;03730000;03731000;03730000;0000037332140;0000036953720;0000000189210;00378420;
20170605;EUR;*;Q17 ;0000002818625;0000000858813;00001800;03757500;03757500;03759500;03759500;0000037609890;0000037228810;0000000190540;00381080;
20170605;EUR;*;U17 ;0000000000000;0000000000000;00000130;00000000;00000000;00000000;00000000;0000037920490;0000037536140;0000000192175;00384350;
20170605;EUR;*;V17 ;0000000000000;0000000000000;00000000;00000000;00000000;00000000;00000000;0000038166290;0000037779540;0000000000000;00386750;
20170605;FRC;*;F18 ;0000000000000;0000000000000;00000000;00000232;00000232;00000234;00000234;0000000000234;0000000000234;0000000000000;00000000;
20170605;FRC;*;F19 ;0000000000000;0000000000000;00000000;00000256;00000256;00000257;00000257;0000000000256;0000000000256;0000000000000;00000000;
20170605;FRC;*;F20 ;0000000000000;0000000000000;00000000;00000295;00000292;00000295;00000292;0000000000292;0000000000290;0000000000001;00000002;
20170605;FRC;*;F21 ;0000000000000;0000000000000;00000000;00000328;00000328;00000328;00000328;0000000000328;0000000000327;0000000000000;00000001;
20170605;FRC;*;F22 ;0000000000000;0000000000000;00000000;00000000;00000000;00000000;00000000;0000000000363;0000000000360;0000000000000;00000003;
20170605;FRC;*;F23 ;0000000000000;0000000000000;00000000;00000000;00000000;00000000;00000000;0000000000403;0000000000400;0000000000000;00000003;
20170605;FRC;*;F24 ;0000000000000;0000000000000;00000000;00000000;00000000;00000000;00000000;0000000000439;0000000000437;0000000000000;00000002;
20170605;FRC;*;F25 ;0000000000000;0000000000000;00000000;00000000;00000000;00000000;00000000;0000000000474;0000000000473;0000000000000;00000001;
20170605;FRC;*;F26 ;0000000000000;0000000000000;00000000;00000513;00000513;00000513;00000513;0000000000513;0000000000512;0000000000000;00000001;
20170605;FRC;*;F27 ;0000000000000;0000000000000;00000000;00000000;00000000;00000000;00000000;0000000000547;0000000000546;0000000000000;00000001;
20170605;FRC;*;F28 ;0000000000000;0000000000000;00000000;00000000;00000000;00000000;00000000;0000000000577;0000000000576;0000000000000;00000001;
20170605;FRC;*;F29 ;0000000000000;0000000000000;00000000;00000000;00000000;00000000;00000000;0000000000607;0000000000606;0000000000000;00000001;
20170605;FRC;*;F30 ;0000000000000;0000000000000;00000000;00000000;00000000;00000000;00000000;0000000000636;0000000000635;0000000000000;00000001;
20170605;FRC;*;G18 ;0000000000000;0000000000000;00000000;00000000;00000000;00000000;00000000;0000000000231;0000000000231;0000000000000;00000000;
20170605;FRC;*;H18 ;0000000000000;0000000000000;00000000;00000000;00000000;00000000;00000000;0000000000232;0000000000232;0000000000000;00000000;
20170605;FRC;*;J18 ;0000000000000;0000000000000;00000000;00000237;00000237;00000237;00000237;0000000000237;0000000000236;0000000000000;00000001;
20170605;FRC;*;J19 ;0000000000000;0000000000000;00000000;00000264;00000264;00000264;00000264;0000000000264;0000000000264;0000000000000;00000000;
20170605;FRC;*;J20 ;0000000000000;0000000000000;00000000;00000301;00000301;00000301;00000301;0000000000301;0000000000300;0000000000000;00000001;
20170605;FRC;*;J21 ;0000000000000;0000000000000;00000000;00000000;00000000;00000000;00000000;0000000000335;0000000000333;0000000000000;00000002;
20170605;FRC;*;J22 ;0000000000000;0000000000000;00000000;00000000;00000000;00000000;00000000;0000000000373;0000000000370;0000000000000;00000003;
20170605;FRC;*;K18 ;0000000000000;0000000000000;00000000;00000000;00000000;00000000;00000000;0000000000239;0000000000239;0000000000000;00000000;
20170605;FRC;*;M18 ;0000000000000;0000000000000;00000000;00000240;00000240;00000240;00000240;0000000000240;0000000000239;0000000000000;00000001;
20170605;FRC;*;N18 ;0000000000000;0000000000000;00000000;00000240;00000240;00000242;00000240;0000000000242;0000000000240;0000000000001;00000002;
20170605;FRC;*;N19 ;0000000000000;0000000000000;00000000;00000272;00000272;00000272;00000272;0000000000272;0000000000273;0000000000000;00000001;
20170605;FRC;*;N20 ;0000000000000;0000000000000;00000000;00000310;00000310;00000310;00000310;0000000000310;0000000000309;0000000000000;00000001;
20170605;FRC;*;N21 ;0000000000000;0000000000000;00000000;00000346;00000346;00000346;00000346;0000000000346;0000000000343;0000000000001;00000003;
20170605;FRC;*;Q17 ;0000000000000;0000000000000;00000000;00000230;00000228;00000231;00000230;0000000000230;0000000000231;0000000000000;00000001;
20170605;FRC;*;U17 ;0000000000000;0000000000000;00000000;00000204;00000204;00000206;00000205;0000000000206;0000000000204;0000000000001;00000002;
20170605;FRC;*;V17 ;0000000000000;0000000000000;00000000;00000216;00000216;00000219;00000219;0000000000219;0000000000216;0000000000001;00000003;
20170605;FRC;*;V18 ;0000000000000;0000000000000;00000000;00000246;00000246;00000246;00000246;0000000000246;0000000000246;0000000000000;00000000;
20170605;FRC;*;V19 ;0000000000000;0000000000000;00000000;00000282;00000282;00000282;00000282;0000000000282;0000000000281;0000000000000;00000001;
20170605;FRC;*;V20 ;0000000000000;0000000000000;00000000;00000000;00000000;00000000;00000000;0000000000319;0000000000318;0000000000000;00000001;
20170605;FRC;*;V21 ;0000000000000;0000000000000;00000000;00000000;00000000;00000000;00000000;0000000000354;0000000000351;0000000000000;00000003;
20170605;FRC;*;X17 ;0000000000000;0000000000000;00000000;00000220;00000220;00000223;00000223;0000000000223;0000000000220;0000000000001;00000003;
20170605;FRC;*;Z17 ;0000000000000;0000000000000;00000000;00000226;00000226;00000226;00000226;0000000000226;0000000000225;0000000000000;00000001;
20170605;FRO;*;F18 ;0000000000000;0000000000000;00000000;00000000;00000000;00000000;00000000;0000000000235;0000000000235;0000000000000;00000000;
20170605;FRO;*;F19 ;0000000000000;0000000000000;00000000;00000000;00000000;00000000;00000000;0000000000257;0000000000257;0000000000000;00000000;
20170605;FRO;*;F20 ;0000000000000;0000000000000;00000000;00000000;00000000;00000000;00000000;0000000000294;0000000000292;0000000000000;00000002;
20170605;FRO;*;F21 ;0000000000000;0000000000000;00000000;00000000;00000000;00000000;00000000;0000000000330;0000000000329;0000000000000;00000001;
20170605;FRO;*;F22 ;0000000000000;0000000000000;00000000;00000000;00000000;00000000;00000000;0000000000365;0000000000362;0000000000000;00000003;
20170605;FRO;*;F23 ;0000000000000;0000000000000;00000000;00000000;00000000;00000000;00000000;0000000000405;0000000000402;0000000000000;00000003;
20170605;FRO;*;F24 ;0000000000000;0000000000000;00000000;00000000;00000000;00000000;00000000;0000000000441;0000000000439;0000000000000;00000002;
20170605;FRO;*;F25 ;0000000000000;0000000000000;00000000;00000000;00000000;00000000;00000000;0000000000476;0000000000475;0000000000000;00000001;
20170605;FRO;*;F26 ;0000000000000;0000000000000;00000000;00000000;00000000;00000000;00000000;0000000000515;0000000000514;0000000000000;00000001;
20170605;FRO;*;F27 ;0000000000000;0000000000000;00000000;00000000;00000000;00000000;00000000;0000000000550;0000000000549;0000000000000;00000001;
20170605;FRO;*;F28 ;0000000000000;0000000000000;00000000;00000000;00000000;00000000;00000000;0000000000580;0000000000579;0000000000000;00000001;
20170605;FRO;*;F29 ;0000000000000;0000000000000;00000000;00000000;00000000;00000000;00000000;0000000000610;0000000000609;0000000000000;00000001;
20170605;FRO;*;F30 ;0000000000000;0000000000000;00000000;00000000;00000000;00000000;00000000;0000000000639;0000000000638;0000000000000;00000001;
20170605;FRO;*;G18 ;0000000000000;0000000000000;00000000;00000000;00000000;00000000;00000000;0000000000232;0000000000232;0000000000000;00000000;
20170605;FRO;*;H18 ;0000000000000;0000000000000;00000000;00000000;00000000;00000000;00000000;0000000000233;0000000000233;0000000000000;00000000;
20170605;FRO;*;J18 ;0000000000000;0000000000000;00000000;00000000;00000000;00000000;00000000;0000000000238;0000000000237;0000000000000;00000001;
20170605;FRO;*;J19 ;0000000000000;0000000000000;00000000;00000000;00000000;00000000;00000000;0000000000265;0000000000266;0000000000000;00000001;
20170605;FRO;*;J20 ;0000000000000;0000000000000;00000000;00000000;00000000;00000000;00000000;0000000000303;0000000000302;0000000000000;00000001;
20170605;FRO;*;J21 ;0000000000000;0000000000000;00000000;00000000;00000000;00000000;00000000;0000000000337;0000000000335;0000000000000;00000002;
20170605;FRO;*;J22 ;0000000000000;0000000000000;00000000;00000000;00000000;00000000;00000000;0000000000375;0000000000372;0000000000000;00000003;
20170605;FRO;*;K18 ;0000000000000;0000000000000;00000000;00000000;00000000;00000000;00000000;0000000000240;0000000000240;0000000000000;00000000;
20170605;FRO;*;M18 ;0000000000000;0000000000000;00000000;00000000;00000000;00000000;00000000;0000000000241;0000000000240;0000000000000;00000001;
20170605;FRO;*;N18 ;0000000000000;0000000000000;00000000;00000000;00000000;00000000;00000000;0000000000243;0000000000241;0000000000000;00000002;
20170605;FRO;*;N19 ;0000000000000;0000000000000;00000000;00000000;00000000;00000000;00000000;0000000000274;0000000000275;0000000000000;00000001;
20170605;FRO;*;N20 ;0000000000000;0000000000000;00000000;00000000;00000000;00000000;00000000;0000000000312;0000000000311;0000000000000;00000001;
20170605;FRO;*;N21 ;0000000000000;0000000000000;00000000;00000000;00000000;00000000;00000000;0000000000348;0000000000345;0000000000000;00000003;
20170605;FRO;*;Q17 ;0000000000000;0000000000000;00000000;00000000;00000000;00000000;00000000;0000000000232;0000000000233;0000000000000;00000001;
20170605;FRO;*;U17 ;0000000000000;0000000000000;00000000;00000000;00000000;00000000;00000000;0000000000208;0000000000206;0000000000000;00000002;
20170605;FRO;*;V17 ;0000000000000;0000000000000;00000000;00000000;00000000;00000000;00000000;0000000000220;0000000000218;0000000000000;00000002;
20170605;FRO;*;V18 ;0000000000000;0000000000000;00000000;00000000;00000000;00000000;00000000;0000000000247;0000000000247;0000000000000;00000000;
20170605;FRO;*;V19 ;0000000000000;0000000000000;00000000;00000000;00000000;00000000;00000000;0000000000284;0000000000283;0000000000000;00000001;
20170605;FRO;*;V20 ;0000000000000;0000000000000;00000000;00000000;00000000;00000000;00000000;0000000000321;0000000000320;0000000000000;00000001;
20170605;FRO;*;V21 ;0000000000000;0000000000000;00000000;00000000;00000000;00000000;00000000;0000000000356;0000000000353;0000000000000;00000003;
20170605;FRO;*;X17 ;0000000000000;0000000000000;00000000;00000000;00000000;00000000;00000000;0000000000224;0000000000221;0000000000000;00000003;
20170605;FRO;*;Z17 ;0000000000000;0000000000000;00000000;00000000;00000000;00000000;00000000;0000000000227;0000000000226;0000000000000;00000001;
20170605;FRP;*;FRP0;0000000000000;0000000000000;00000000;00002040;00001970;00002050;00001970;0000000000000;0000000000000;0000000000000;00000000;
20170605;FRP;*;FRP1;0000000000000;0000000000000;00000000;00001970;00001950;00001970;00001950;0000000000000;0000000000000;0000000000000;00000000;
20170605;GBP;*;N17 ;0000000149450;0000000045536;00000610;04270000;04270000;04270000;04270000;0000042782470;0000042179330;0000000211099;00603140;
20170605;GBP;*;Q17 ;0000000000000;0000000000000;00000017;00000000;00000000;00000000;00000000;0000043078140;0000042471370;0000000212369;00606770;
20170605;GBP;*;U17 ;0000000000000;0000000000000;00000120;00000000;00000000;00000000;00000000;0000043408390;0000042796800;0000000214056;00611590;
20170605;HSI;*;M17 ;0000000000000;0000000000000;00000000;00000000;00000000;00000000;00000000;0000000025665;0000000025713;0000000000000;00000048;
20170605;HSI;*;N17 ;0000000000000;0000000000000;00000000;00000000;00000000;00000000;00000000;0000000025552;0000000025606;0000000000000;00000054;
20170605;IAP;*;K19 ;0000000000000;0000000000000;00000000;00000000;00000000;00000000;00000000;0000000526107;0000000526343;0000000000000;00000236;
20170605;IAP;*;K21 ;0000000000000;0000000000000;00000000;00000000;00000000;00000000;00000000;0000000580912;0000000580802;0000000000000;00000110;
20170605;IAP;*;M17 ;0000000000000;0000000000000;00000000;00000000;00000000;00000000;00000000;0000000485123;0000000485116;0000000000175;00000007;
20170605;IAP;*;N17 ;0000000000000;0000000000000;00000000;00000000;00000000;00000000;00000000;0000000485639;0000000485968;0000000000000;00000329;
20170605;IAP;*;Q17 ;0000000000000;0000000000000;00000000;00000000;00000000;00000000;00000000;0000000486721;0000000487045;0000000000000;00000324;
20170605;IAP;*;Q18 ;0000000000000;0000000000000;00000000;00000000;00000000;00000000;00000000;0000000507627;0000000507836;0000000000000;00000209;
20170605;IAP;*;Q20 ;0000000000000;0000000000000;00000000;00000000;00000000;00000000;00000000;0000000561022;0000000560779;0000000000000;00000243;
20170605;IAP;*;Q22 ;0000000000000;0000000000000;00000000;00000000;00000000;00000000;00000000;0000000619406;0000000619002;0000000000000;00000404;
20170605;ICF;*;H18 ;0000000000000;0000000000000;00000000;00000000;00000000;00000000;00000000;0000000016440;0000000016055;0000000000000;00000385;
20170605;ICF;*;N17 ;0000000000000;0000000000000;00000087;00000000;00000000;00000000;00000000;0000000015115;0000000014735;0000000125092;00000380;
20170605;ICF;*;U17 ;0000011926603;0000003623015;00006108;00015250;00015215;00015670;00015520;0000000015520;0000000015185;0000000110278;00000335;
20170605;ICF;*;U18 ;0000003091999;0000000939275;00001311;00016425;00016425;00016865;00016785;0000000016695;0000000016325;0000000121800;00000370;
20170605;ICF;*;U19 ;0000000000000;0000000000000;00000377;00000000;00000000;00000000;00000000;0000000017090;0000000016710;0000000125092;00000380;
20170605;ICF;*;Z17 ;0000000052374;0000000015910;00000300;00015910;00015910;00015910;00015910;0000000015975;0000000015600;0000000123446;00000375;
20170605;ICF;*;Z18 ;0000000000000;0000000000000;00000032;00000000;00000000;00000000;00000000;0000000016590;0000000016220;0000000121800;00000370;
20170605;IND;*;G18 ;0000000000000;0000000000000;00000000;00000000;00000000;00000000;00000000;0000000065965;0000000065980;0000000000000;00000015;
20170605;IND;*;G19 ;0000000000000;0000000000000;00000000;00000000;00000000;00000000;00000000;0000000071756;0000000071775;0000000000000;00000019;
20170605;IND;*;J18 ;0000000000000;0000000000000;00000000;00000000;00000000;00000000;00000000;0000000066875;0000000066902;0000000000000;00000027;
20170605;IND;*;M17 ;0003431838625;0001045654669;00266644;00062510;00062055;00062960;00062640;0000000062570;0000000062607;0000000003700;00000037;
20170605;IND;*;M18 ;0000000000000;0000000000000;00001785;00000000;00000000;00000000;00000000;0000000067705;0000000067731;0000000002600;00000026;
20170605;IND;*;Q17 ;0000006963000;0000002121572;00040945;00063300;00063300;00063300;00063300;0000000063523;0000000063556;0000000003300;00000033;
20170605;IND;*;Q18 ;0000000000000;0000000000000;00000000;00000000;00000000;00000000;00000000;0000000068733;0000000068756;0000000000000;00000023;
20170605;IND;*;V17 ;0000000000000;0000000000000;00001880;00000000;00000000;00000000;00000000;0000000064426;0000000064458;0000000003200;00000032;
20170605;IND;*;V18 ;0000000000000;0000000000000;00000000;00000000;00000000;00000000;00000000;0000000069739;0000000069763;0000000000000;00000024;
20170605;IND;*;Z17 ;0000005862000;0000001786106;00015890;00065400;00065000;00065400;00065000;0000000065165;0000000065195;0000000003000;00000030;
20170605;IND;*;Z18 ;0000000000000;0000000000000;00000150;00000000;00000000;00000000;00000000;0000000070655;0000000070684;0000000002900;00000029;
20170605;IR1;*;M7Q7;0000000000000;0000000000000;00000000;00000935;00000935;00000935;00000935;0000000000000;0000000000000;0000000000000;00000000;
20170605;ISP;*;M17 ;0000139559564;0000042394837;00004149;00240000;00240000;00244000;00243500;0000000243525;0000000243775;0000000041148;00000250;
20170605;ISP;*;M18 ;0000000000000;0000000000000;00000000;00000000;00000000;00000000;00000000;0000000242900;0000000243100;0000000000000;00000200;
20170605;ISP;*;U17 ;0000053274875;0000016183625;00000025;00243325;00243200;00243500;00243200;0000000243275;0000000243525;0000000041148;00000250;
20170605;ISP;*;Z17 ;0000000000000;0000000000000;00000000;00000000;00000000;00000000;00000000;0000000243025;0000000243250;0000000000000;00000225;
20170605;JPY;*;N17 ;0000000000000;0000000000000;00000565;00000000;00000000;00000000;00000000;0000030011400;0000029653600;0000000178900;00357800;
20170605;JPY;*;Q17 ;0000001510650;0000000460283;00001819;03021300;03021300;03021300;03021300;0000030225900;0000029865700;0000000180100;00360200;
20170605;JPY;*;U17 ;0000000000000;0000000000000;00000000;00000000;00000000;00000000;00000000;0000030466500;0000030103300;0000000000000;00363200;
20170605;JPY;*;V17 ;0000000000000;0000000000000;00000000;00000000;00000000;00000000;00000000;0000030657500;0000030291100;0000000000000;00366400;
20170605;JSE;*;M17 ;0000000000000;0000000000000;00000000;00000000;00000000;00000000;00000000;0000000046579;0000000046675;0000000000000;00000096;
20170605;JSE;*;U17 ;0000000000000;0000000000000;00000000;00000000;00000000;00000000;00000000;0000000047009;0000000047103;0000000000000;00000094;
20170605;MIX;*;M17 ;0000000000000;0000000000000;00000000;00000000;00000000;00000000;00000000;0000000001872;0000000001878;0000000000000;00000006;
20170605;MIX;*;U17 ;0000000000000;0000000000000;00000000;00000000;00000000;00000000;00000000;0000000001857;0000000001862;0000000000000;00000005;
20170605;MXN;*;N17 ;0000000000000;0000000000000;00000362;00000000;00000000;00000000;00000000;0000017955340;0000017384440;0000000428175;00570900;
20170605;MXN;*;Q17 ;0000000000000;0000000000000;00000144;00000000;00000000;00000000;00000000;0000017978540;0000017406680;0000000428895;00571860;
20170605;MXN;*;U17 ;0000000000000;0000000000000;00000000;00000000;00000000;00000000;00000000;0000018007620;0000017434590;0000000000000;00573030;
20170605;NZD;*;N17 ;0000011205495;0000003414228;00000064;02334500;02334400;02334500;02334400;0000023643670;0000023354230;0000000217080;00289440;
20170605;NZD;*;Q17 ;0000000000000;0000000000000;00000005;00000000;00000000;00000000;00000000;0000023775600;0000023485260;0000000217755;00290340;
20170605;NZD;*;U17 ;0000000000000;0000000000000;00000000;00000000;00000000;00000000;00000000;0000023922150;0000023629810;0000000000000;00292340;
20170605;OC1;*;F18 ;0000000000000;0000000000000;00000000;00000000;00000000;00000000;00000000;0000009497794;0000009498787;0000000000000;00000993;
20170605;OC1;*;F19 ;0000000000000;0000000000000;00000000;00000000;00000000;00000000;00000000;0000008667727;0000008669146;0000000000000;00001419;
20170605;OC1;*;F20 ;0000000000000;0000000000000;00000000;00000000;00000000;00000000;00000000;0000007800736;0000007808022;0000000000000;00007286;
20170605;OC1;*;F21 ;0000000000000;0000000000000;00000000;00000000;00000000;00000000;00000000;0000006977297;0000006988438;0000000000000;00011141;
20170605;OC1;*;F22 ;0000000000000;0000000000000;00000000;00000000;00000000;00000000;00000000;0000006242346;0000006257358;0000000000000;00015012;
20170605;OC1;*;F23 ;0000000000000;0000000000000;00000000;00000000;00000000;00000000;00000000;0000005586513;0000005605950;0000000000000;00019437;
20170605;OC1;*;F24 ;0000000000000;0000000000000;00000000;00000000;00000000;00000000;00000000;0000005005900;0000005027891;0000000000000;00021991;
20170605;OC1;*;F25 ;0000000000000;0000000000000;00000000;00000000;00000000;00000000;00000000;0000004479973;0000004504222;0000000000000;00024249;
20170605;OC1;*;F26 ;0000000000000;0000000000000;00000000;00000000;00000000;00000000;00000000;0000004018630;0000004041737;0000000000000;00023107;
20170605;OC1;*;F27 ;0000000000000;0000000000000;00000000;00000000;00000000;00000000;00000000;0000003598480;0000003620020;0000000000000;00021540;
20170605;OC1;*;F28 ;0000000000000;0000000000000;00000000;00000000;00000000;00000000;00000000;0000003236684;0000003258101;0000000000000;00021417;
20170605;OC1;*;F29 ;0000000000000;0000000000000;00000000;00000000;00000000;00000000;00000000;0000002910781;0000002931863;0000000000000;00021082;
20170605;OC1;*;F30 ;0000000000000;0000000000000;00000000;00000000;00000000;00000000;00000000;0000002602013;0000002622480;0000000000000;00020467;
20170605;OC1;*;G18 ;0000000000000;0000000000000;00000000;00000000;00000000;00000000;00000000;0000009425591;0000009429389;0000000000000;00003798;
20170605;OC1;*;H18 ;0000000000000;0000000000000;00000000;00000000;00000000;00000000;00000000;0000009365323;0000009368029;0000000000000;00002706;
20170605;OC1;*;J18 ;0000000000000;0000000000000;00000000;00000000;00000000;00000000;00000000;0000009298263;0000009299920;0000000000000;00001657;
20170605;OC1;*;J19 ;0000000000000;0000000000000;00000000;00000000;00000000;00000000;00000000;0000008457049;0000008461224;0000000000000;00004175;
20170605;OC1;*;J20 ;0000000000000;0000000000000;00000000;00000000;00000000;00000000;00000000;0000007589130;0000007599565;0000000000000;00010435;
20170605;OC1;*;J21 ;0000000000000;0000000000000;00000000;00000000;00000000;00000000;00000000;0000006791239;0000006802801;0000000000000;00011562;
20170605;OC1;*;J22 ;0000000000000;0000000000000;00000000;00000000;00000000;00000000;00000000;0000006074029;0000006089947;0000000000000;00015918;
20170605;OC1;*;K18 ;0000000000000;0000000000000;00000000;00000000;00000000;00000000;00000000;0000009229598;0000009231384;0000000000000;00001786;
20170605;OC1;*;M18 ;0000000000000;0000000000000;00000000;00000000;00000000;00000000;00000000;0000009159456;0000009161362;0000000000000;00001906;
20170605;OC1;*;N17 ;0000000000000;0000000000000;00000000;00000000;00000000;00000000;00000000;0000009927261;0000009927290;0000000000000;00000029;
20170605;OC1;*;N18 ;0000000000000;0000000000000;00000000;00000000;00000000;00000000;00000000;0000009089129;0000009091150;0000000000000;00002021;
20170605;OC1;*;N19 ;0000000000000;0000000000000;00000000;00000000;00000000;00000000;00000000;0000008242826;0000008249078;0000000000000;00006252;
20170605;OC1;*;N20 ;0000000000000;0000000000000;00000000;00000000;00000000;00000000;00000000;0000007387564;0000007395482;0000000000000;00007918;
20170605;OC1;*;N21 ;0000000000000;0000000000000;00000000;00000000;00000000;00000000;00000000;0000006600473;0000006616045;0000000000000;00015572;
20170605;OC1;*;N22 ;0000000000000;0000000000000;00000000;00000000;00000000;00000000;00000000;0000005911253;0000005928344;0000000000000;00017091;
20170605;OC1;*;N23 ;0000000000000;0000000000000;00000000;00000000;00000000;00000000;00000000;0000005293605;0000005314235;0000000000000;00020630;
20170605;OC1;*;N24 ;0000000000000;0000000000000;00000000;00000000;00000000;00000000;00000000;0000004743971;0000004766988;0000000000000;00023017;
20170605;OC1;*;Q17 ;0000000000000;0000000000000;00000000;00000000;00000000;00000000;00000000;0000009847978;0000009848056;0000000000000;00000078;
20170605;OC1;*;U17 ;0000000000000;0000000000000;00000000;00000000;00000000;00000000;00000000;0000009766273;0000009766690;0000000000000;00000417;
20170605;OC1;*;V17 ;0000000000000;0000000000000;00000000;00000000;00000000;00000000;00000000;0000009698339;0000009699039;0000000000000;00000700;
20170605;OC1;*;V18 ;0000000000000;0000000000000;00000000;00000000;00000000;00000000;00000000;0000008874556;0000008876911;0000000000000;00002355;
20170605;OC1;*;V19 ;0000000000000;0000000000000;00000000;00000000;00000000;00000000;00000000;0000008013258;0000008021731;0000000000000;00008473;
20170605;OC1;*;V20 ;0000000000000;0000000000000;00000000;00000000;00000000;00000000;00000000;0000007168597;0000007183565;0000000000000;00014968;
20170605;OC1;*;V21 ;0000000000000;0000000000000;00000000;00000000;00000000;00000000;00000000;0000006416950;0000006432545;0000000000000;00015595;
20170605;OC1;*;X17 ;0000000000000;0000000000000;00000000;00000000;00000000;00000000;00000000;0000009627815;0000009629094;0000000000000;00001279;
20170605;OC1;*;Z17 ;0000000000000;0000000000000;00000000;00000000;00000000;00000000;00000000;0000009561709;0000009563219;0000000000000;00001510;
20170605;OZ1;*;0000;0000000402709;0000000122702;00000000;00133000;00133000;00135080;00135080;0000000134371;0000000132000;0000000000000;00003080;
20170605;OZ1;*;N17 ;0000000000000;0000000000000;00000000;00000000;00000000;00000000;00000000;0000000136016;0000000132965;0000000000000;00003051;
20170605;OZ1;*;Q17 ;0000000000000;0000000000000;00000000;00000000;00000000;00000000;00000000;0000000137110;0000000134034;0000000000000;00003076;
20170605;OZ2;*;0000;0000000056142;0000000017106;00000000;00133000;00133000;00134500;00134000;0000000133806;0000000131721;0000000000000;00002000;
20170605;OZ3;*;0000;0000000000598;0000000000182;00000000;00133000;00133000;00133000;00133000;0000000133000;0000000130857;0000000000000;00001000;
20170605;RSP;*;M7U7;0000000000000;0000000000000;00000000;00000000;00000000;00000000;00000000;0000000000000;0000000000000;0000000000000;00000000;
20170605;SCS;*;F802;0000000000000;0000000000000;00149220;00000000;00000000;00000000;00000000;0000000000000;0000000000000;0000000000000;00000000;
20170605;SCS;*;N703;0000000000000;0000000000000;00138770;00000000;00000000;00000000;00000000;0000000000000;0000000000000;0000000000000;00000000;
20170605;SCS;*;Q701;0000000000000;0000000000000;00123620;00000000;00000000;00000000;00000000;0000000000000;0000000000000;0000000000000;00000000;
20170605;SCS;*;V702;0000000000000;0000000000000;00143645;00000000;00000000;00000000;00000000;0000000000000;0000000000000;0000000000000;00000000;
20170605;SFI;*;K18 ;0000000000000;0000000000000;00000000;00000000;00000000;00000000;00000000;0000000002017;0000000002008;0000000000000;00000009;
20170605;SFI;*;N17 ;0000000000000;0000000000000;00000000;00000000;00000000;00000000;00000000;0000000001972;0000000001970;0000000000000;00000002;
20170605;SFI;*;X17 ;0000000000000;0000000000000;00000000;00000000;00000000;00000000;00000000;0000000001977;0000000001971;0000000000000;00000006;
20170605;SJC;*;F18 ;0000000000000;0000000000000;00000000;00000000;00000000;00000000;00000000;0000000206294;0000000205578;0000000000000;00000716;
20170605;SJC;*;H18 ;0000000000000;0000000000000;00000000;00000000;00000000;00000000;00000000;0000000207507;0000000206680;0000000000000;00000827;
20170605;SJC;*;K18 ;0000000000000;0000000000000;00000000;00000000;00000000;00000000;00000000;0000000208884;0000000208003;0000000000000;00000881;
20170605;SJC;*;N17 ;0000000000000;0000000000000;00002188;00000000;00000000;00000000;00000000;0000000203263;0000000203097;0000000002459;00000166;
20170605;SJC;*;N18 ;0000000000000;0000000000000;00000000;00000000;00000000;00000000;00000000;0000000210262;0000000209491;0000000000000;00000771;
20170605;SJC;*;Q17 ;0000000030279;0000000009198;00000110;00002044;00002044;00002044;00002044;0000000203924;0000000203538;0000000005718;00000386;
20170605;SJC;*;U17 ;0000000000000;0000000000000;00000010;00000000;00000000;00000000;00000000;0000000204034;0000000203538;0000000007347;00000496;
20170605;SJC;*;X17 ;0000000121708;0000000036972;00001261;00002058;00002050;00002058;00002050;0000000204586;0000000203924;0000000009806;00000662;
20170605;TRY;*;N17 ;0000000000000;0000000000000;00000066;00000000;00000000;00000000;00000000;0000009332320;0000009243970;0000000066262;00088350;
20170605;TRY;*;Q17 ;0000000000000;0000000000000;00000000;00000000;00000000;00000000;00000000;0000009309080;0000009215920;0000000000000;00093160;
20170605;TRY;*;U17 ;0000000000000;0000000000000;00000000;00000000;00000000;00000000;00000000;0000009287870;0000009202440;0000000000000;00085430;
20170605;T10;*;U17 ;0000008711121;0000002654211;00001602;00126391;00126391;00126391;00126391;0000001264687;0000001266406;0000000056417;00001719;
20170605;T10;*;Z17 ;0000000000000;0000000000000;00000000;00000000;00000000;00000000;00000000;0000001261562;0000001263281;0000000000000;00001719;
20170605;WDO;*;F18 ;0000000000000;0000000000000;00000000;00000000;00000000;00000000;00000000;0000034213660;0000033798880;0000000000000;00414780;
20170605;WDO;*;F19 ;0000000000000;0000000000000;00000000;00000000;00000000;00000000;00000000;0000036508150;0000036065890;0000000000000;00442260;
20170605;WDO;*;F20 ;0000000000000;0000000000000;00000000;00000000;00000000;00000000;00000000;0000039232510;0000038744750;0000000000000;00487760;
20170605;WDO;*;F21 ;0000000000000;0000000000000;00000000;00000000;00000000;00000000;00000000;0000042177990;0000041623730;0000000000000;00554260;
20170605;WDO;*;F25 ;0000000000000;0000000000000;00000000;00000000;00000000;00000000;00000000;0000053878780;0000052982760;0000000000000;00896020;
20170605;WDO;*;G18 ;0000000000000;0000000000000;00000000;00000000;00000000;00000000;00000000;0000034413720;0000033988500;0000000000000;00425220;
20170605;WDO;*;H18 ;0000000000000;0000000000000;00000000;00000000;00000000;00000000;00000000;0000034572420;0000034147660;0000000000000;00424760;
20170605;WDO;*;J18 ;0000000000000;0000000000000;00000000;00000000;00000000;00000000;00000000;0000034737580;0000034316400;0000000000000;00421180;
20170605;WDO;*;J19 ;0000000000000;0000000000000;00000000;00000000;00000000;00000000;00000000;0000037136150;0000036675570;0000000000000;00460580;
20170605;WDO;*;J20 ;0000000000000;0000000000000;00000000;00000000;00000000;00000000;00000000;0000039962990;0000039438600;0000000000000;00524390;
20170605;WDO;*;J22 ;0000000000000;0000000000000;00000000;00000000;00000000;00000000;00000000;0000045854930;0000045244710;0000000000000;00610220;
20170605;WDO;*;K18 ;0000000000000;0000000000000;00000000;00000000;00000000;00000000;00000000;0000034921130;0000034496840;0000000000000;00424290;
20170605;WDO;*;M18 ;0000000000000;0000000000000;00000000;00000000;00000000;00000000;00000000;0000035115760;0000034690590;0000000000000;00425170;
20170605;WDO;*;N17 ;0019035652605;0005800016028;00025179;03273000;03268500;03319000;03318500;0000033125020;0000032727220;0000000039780;00397800;
20170605;WDO;*;N18 ;0000000000000;0000000000000;00000000;00000000;00000000;00000000;00000000;0000035311860;0000034886450;0000000000000;00425410;
20170605;WDO;*;N19 ;0000000000000;0000000000000;00000000;00000000;00000000;00000000;00000000;0000037803170;0000037310490;0000000000000;00492680;
20170605;WDO;*;N21 ;0000000000000;0000000000000;00000000;00000000;00000000;00000000;00000000;0000043663950;0000043092610;0000000000000;00571340;
20170605;WDO;*;Q17 ;0000000166320;0000000050676;00000045;03317500;03317500;03338000;03338000;0000033329400;0000032929180;0000000040022;00400220;
20170605;WDO;*;U17 ;0000000000000;0000000000000;00000079;00000000;00000000;00000000;00000000;0000033554910;0000033152160;0000000040275;00402750;
20170605;WDO;*;V17 ;0000000707160;0000000215466;00000000;03366000;03366000;03367500;03367500;0000033719300;0000033313770;0000000040553;00405530;
20170605;WDO;*;V18 ;0000000000000;0000000000000;00000000;00000000;00000000;00000000;00000000;0000035929330;0000035491000;0000000000000;00438330;
20170605;WDO;*;V19 ;0000000000000;0000000000000;00000000;00000000;00000000;00000000;00000000;0000038549210;0000038053500;0000000000000;00495710;
20170605;WDO;*;X17 ;0000000000000;0000000000000;00000024;00000000;00000000;00000000;00000000;0000033899850;0000033491570;0000000040828;00408280;
20170605;WDO;*;Z17 ;0000000000000;0000000000000;00000012;00000000;00000000;00000000;00000000;0000034066710;0000033653550;0000000041316;00413160;
20170605;WEU;*;N17 ;0000000000000;0000000000000;00000015;00000000;00000000;00000000;00000000;0000037332140;0000036953720;0000000037842;00378420;
20170605;WEU;*;Q17 ;0000000000000;0000000000000;00000000;00000000;00000000;00000000;00000000;0000037609890;0000037228810;0000000000000;00381080;
20170605;WEU;*;U17 ;0000000000000;0000000000000;00000000;00000000;00000000;00000000;00000000;0000037920490;0000037536140;0000000000000;00384350;
20170605;WEU;*;V17 ;0000000000000;0000000000000;00000000;00000000;00000000;00000000;00000000;0000038166290;0000037779540;0000000000000;00386750;
20170605;WIN;*;G18 ;0000000000000;0000000000000;00000000;00000000;00000000;00000000;00000000;0000000065965;0000000065980;0000000000000;00000015;
20170605;WIN;*;G19 ;0000000000000;0000000000000;00000000;00000000;00000000;00000000;00000000;0000000071756;0000000071775;0000000000000;00000019;
20170605;WIN;*;J18 ;0000000000000;0000000000000;00000000;00000000;00000000;00000000;00000000;0000000066875;0000000066902;0000000000000;00000027;
20170605;WIN;*;M17 ;0011283028972;0003437851606;00121322;00062500;00062050;00062950;00062645;0000000062570;0000000062607;0000000000740;00000037;
20170605;WIN;*;M18 ;0000000000000;0000000000000;00000000;00000000;00000000;00000000;00000000;0000000067705;0000000067731;0000000000000;00000026;
20170605;WIN;*;Q17 ;0000000050858;0000000015496;00000022;00063395;00063395;00063795;00063415;0000000063523;0000000063556;0000000000660;00000033;
20170605;WIN;*;Q18 ;0000000000000;0000000000000;00000000;00000000;00000000;00000000;00000000;0000000068733;0000000068756;0000000000000;00000023;
20170605;WIN;*;V17 ;0000000000000;0000000000000;00000000;00000000;00000000;00000000;00000000;0000000064426;0000000064458;0000000000000;00000032;
20170605;WIN;*;V18 ;0000000000000;0000000000000;00000000;00000000;00000000;00000000;00000000;0000000069739;0000000069763;0000000000000;00000024;
20170605;WIN;*;Z17 ;0000000000000;0000000000000;00000000;00000000;00000000;00000000;00000000;0000000065165;0000000065195;0000000000000;00000030;
20170605;WIN;*;Z18 ;0000000000000;0000000000000;00000000;00000000;00000000;00000000;00000000;0000000070655;0000000070684;0000000000000;00000029;
20170605;WTI;*;N17 ;0000000093510;0000000028406;00000659;00004735;00004733;00004735;00004733;0000000004740;0000000004766;0000000008558;00000026;
20170605;WTI;*;Q17 ;0000000015637;0000000004750;00000025;00004750;00004750;00004750;00004750;0000000004758;0000000004787;0000000009546;00000029;
20170605;ZAR;*;N17 ;0000000000000;0000000000000;00000287;00000000;00000000;00000000;00000000;0000025949510;0000025444000;0000000176928;00505510;
20170605;ZAR;*;Q17 ;0000000000000;0000000000000;00000030;00000000;00000000;00000000;00000000;0000025977630;0000025463120;0000000180078;00514510;
20170605;ZAR;*;U17 ;0000000000000;0000000000000;00000000;00000000;00000000;00000000;00000000;0000026010990;0000025504320;0000000000000;00506670;
