Data;Código do Contrato;Pregão;Vencimento;Volume(R$);Volume(U$);Número de contas em Aberto;Preço de Abertura;Preço Mínimo;Preço Máximo;Último Preço;Preço de Ajuste Atual; Preço de Ajuste Anterior;Valor de Ajuste por Contrato;Variação
20170606;AUD;*;N17 ;0000000742092;0000000226130;00001241;02473600;02473600;02473700;02473700;0000024719720;0000024795430;0000000045426;00075710;
20170606;AUD;*;Q17 ;0000000000000;0000000000000;00000721;00000000;00000000;00000000;00000000;0000024862890;0000024938340;0000000045270;00075450;
20170606;AUD;*;U17 ;0000000000000;0000000000000;00000150;00000000;00000000;00000000;00000000;0000025017650;0000025096420;0000000047262;00078770;
20170606;BGI;*;F18 ;0000000000000;0000000000000;00000000;00000000;00000000;00000000;00000000;0000000012939;0000000013102;0000000000000;00000163;
20170606;BGI;*;K18 ;0000000000000;0000000000000;00000058;00000000;00000000;00000000;00000000;0000000013301;0000000013469;0000000055440;00000168;
20170606;BGI;*;M17 ;0000059392103;0000018097968;00001613;00012820;00012615;00012996;00012700;0000000012698;0000000012836;0000000045540;00000138;
20170606;BGI;*;N17 ;0000009221160;0000002809873;00000353;00012849;00012655;00012880;00012655;0000000012699;0000000012850;0000000049830;00000151;
20170606;BGI;*;Q17 ;0000002782012;0000000847735;00000380;00012900;00012656;00012900;00012750;0000000012750;0000000012900;0000000049500;00000150;
20170606;BGI;*;U17 ;0000006394472;0000001948524;00000047;00013101;00012859;00013101;00012859;0000000012959;0000000013125;0000000054780;00000166;
20170606;BGI;*;V17 ;0000104207472;0000031754113;00004703;00013160;00012985;00013186;00013030;0000000013004;0000000013171;0000000055110;00000167;
20170606;BGI;*;V18 ;0000001139325;0000000347175;00000115;00013810;00013810;00013810;00013810;0000000013896;0000000014071;0000000057750;00000175;
20170606;BGI;*;X17 ;0000000778133;0000000237113;00000057;00013105;00013070;00013111;00013070;0000000013073;0000000013238;0000000054450;00000165;
20170606;BGI;*;Z17 ;0000000085882;0000000026170;00000002;00013025;00013000;00013025;00013000;0000000013114;0000000013280;0000000054780;00000166;
20170606;BRI;*;Q17 ;0000000959220;0000000292294;00000923;00010658;00010658;00010658;00010658;0000000010671;0000000010589;0000000082000;00000082;
20170606;BRI;*;V17 ;0000000000000;0000000000000;00000001;00000000;00000000;00000000;00000000;0000000010822;0000000010742;0000000080000;00000080;
20170606;BSE;*;M17 ;0000000000000;0000000000000;00000000;00000000;00000000;00000000;00000000;0000000031368;0000000031495;0000000000000;00000127;
20170606;BSE;*;N17 ;0000000000000;0000000000000;00000000;00000000;00000000;00000000;00000000;0000000031585;0000000031713;0000000000000;00000128;
20170606;CAD;*;N17 ;0000000000000;0000000000000;00000054;00000000;00000000;00000000;00000000;0000024489910;0000024596110;0000000063720;00106200;
20170606;CAD;*;Q17 ;0000000000000;0000000000000;00000725;00000000;00000000;00000000;00000000;0000024655980;0000024761560;0000000063348;00105580;
20170606;CAD;*;U17 ;0000000000000;0000000000000;00000105;00000000;00000000;00000000;00000000;0000024835660;0000024943790;0000000064878;00108130;
20170606;CCM;*;F18 ;0000000375133;0000000114311;00000777;00002878;00002870;00002880;00002870;0000000002873;0000000002872;0000000000450;00000001;
20170606;CCM;*;H18 ;0000000000000;0000000000000;00000200;00000000;00000000;00000000;00000000;0000000003015;0000000003011;0000000001800;00000004;
20170606;CCM;*;K18 ;0000000000000;0000000000000;00000000;00000000;00000000;00000000;00000000;0000000002956;0000000002952;0000000000000;00000004;
20170606;CCM;*;N17 ;0000000023499;0000000007161;00000832;00002611;00002611;00002611;00002611;0000000002600;0000000002602;0000000000900;00000002;
20170606;CCM;*;N18 ;0000000000000;0000000000000;00000000;00000000;00000000;00000000;00000000;0000000002969;0000000002937;0000000000000;00000032;
20170606;CCM;*;U17 ;0000018759726;0000005716466;00020937;00002700;00002690;00002710;00002697;0000000002699;0000000002698;0000000000450;00000001;
20170606;CCM;*;U18 ;0000000080055;0000000024394;00000025;00002965;00002965;00002965;00002965;0000000002984;0000000002923;0000000027450;00000061;
20170606;CCM;*;X17 ;0000001206193;0000000367551;00001111;00002783;00002783;00002795;00002790;0000000002790;0000000002789;0000000000450;00000001;
20170606;CCM;*;X18 ;0000000000000;0000000000000;00000000;00000000;00000000;00000000;00000000;0000000003058;0000000002996;0000000000000;00000062;
20170606;CHF;*;N17 ;0000000000000;0000000000000;00000009;00000000;00000000;00000000;00000000;0000034272630;0000034379930;0000000053650;00107300;
20170606;CHF;*;Q17 ;0000000000000;0000000000000;00000000;00000000;00000000;00000000;00000000;0000034546260;0000034656640;0000000000000;00110380;
20170606;CHF;*;U17 ;0000000000000;0000000000000;00000160;00000000;00000000;00000000;00000000;0000034853340;0000034964270;0000000055465;00110930;
20170606;CLP;*;N17 ;0000000000000;0000000000000;00000072;00000000;00000000;00000000;00000000;0000049212000;0000049478000;0000000066500;00266000;
20170606;CLP;*;Q17 ;0000000000000;0000000000000;00000000;00000000;00000000;00000000;00000000;0000049461000;0000049733000;0000000000000;00272000;
20170606;CLP;*;U17 ;0000000000000;0000000000000;00000460;00000000;00000000;00000000;00000000;0000049726000;0000050004000;0000000069500;00278000;
20170606;CNY;*;N17 ;0000000000000;0000000000000;00000090;00000000;00000000;00000000;00000000;0000048463640;0000048642860;0000000062727;00179220;
20170606;CNY;*;Q17 ;0000000000000;0000000000000;00000000;00000000;00000000;00000000;00000000;0000048666760;0000048835310;0000000000000;00168550;
20170606;CNY;*;U17 ;0000000000000;0000000000000;00000000;00000000;00000000;00000000;00000000;0000048870380;0000049049440;0000000000000;00179060;
20170606;DAP;*;F18 ;0000000000000;0000000000000;00025410;00000000;00000000;00000000;00000000;0000009678342;0000009678508;0000000000201;00000166;
20170606;DAP;*;F19 ;0000000000000;0000000000000;00000000;00000000;00000000;00000000;00000000;0000009227355;0000009217309;0000000000000;00010046;
20170606;DAP;*;K19 ;0000234124616;0000071342480;00042555;00000519;00000515;00000519;00000515;0000009080554;0000009067050;0000000016355;00013504;
20170606;DAP;*;K21 ;0000085409744;0000026026067;00012944;00000567;00000565;00000567;00000565;0000008076485;0000008055174;0000000025810;00021311;
20170606;DAP;*;K23 ;0000003485562;0000001062121;00012953;00000575;00000571;00000575;00000571;0000007174736;0000007158369;0000000019822;00016367;
20170606;DAP;*;M17 ;0000000000000;0000000000000;00000000;00000000;00000000;00000000;00000000;0000009985981;0000009986026;0000000000000;00000045;
20170606;DAP;*;N17 ;0000000000000;0000000000000;00002800;00000000;00000000;00000000;00000000;0000009897962;0000009898145;0000000000221;00000183;
20170606;DAP;*;Q17 ;0000000000000;0000000000000;00000000;00000000;00000000;00000000;00000000;0000009858044;0000009859253;0000000000000;00001209;
20170606;DAP;*;Q18 ;0000382311233;0000116497923;00052465;00000523;00000523;00000528;00000528;0000009407765;0000009404297;0000000004200;00003468;
20170606;DAP;*;Q20 ;0000000000000;0000000000000;00005785;00000000;00000000;00000000;00000000;0000008433311;0000008417728;0000000018873;00015583;
20170606;DAP;*;Q22 ;0000045332611;0000013813758;00016366;00000578;00000572;00000578;00000572;0000007478562;0000007459936;0000000022558;00018626;
20170606;DAP;*;Q24 ;0000000000000;0000000000000;00008370;00000000;00000000;00000000;00000000;0000006727480;0000006708960;0000000022430;00018520;
20170606;DAP;*;Q26 ;0000000000000;0000000000000;00002375;00000000;00000000;00000000;00000000;0000005979668;0000005953522;0000000031666;00026146;
20170606;DAP;*;Q30 ;0000000000000;0000000000000;00000235;00000000;00000000;00000000;00000000;0000004761527;0000004743585;0000000021730;00017942;
20170606;DAP;*;U17 ;0000000000000;0000000000000;00000000;00000000;00000000;00000000;00000000;0000009801128;0000000000000;0000000000000;00000000;
20170606;DCO;*;F18 ;0000000000000;0000000000000;00000000;00000000;00000000;00000000;00000000;0000009850599;0000009905149;0000000000000;00054550;
20170606;DCO;*;F19 ;0000000000000;0000000000000;00000000;00000000;00000000;00000000;00000000;0000009590984;0000009646157;0000000000000;00055173;
20170606;DCO;*;F20 ;0000000000000;0000000000000;00000000;00000000;00000000;00000000;00000000;0000009278064;0000009327545;0000000000000;00049481;
20170606;DCO;*;F21 ;0000000000000;0000000000000;00000000;00000000;00000000;00000000;00000000;0000008920686;0000008969454;0000000000000;00048768;
20170606;DCO;*;F22 ;0000000000000;0000000000000;00000000;00000000;00000000;00000000;00000000;0000008530175;0000008590616;0000000000000;00060441;
20170606;DCO;*;F23 ;0000000000000;0000000000000;00000000;00000000;00000000;00000000;00000000;0000008117688;0000008174063;0000000000000;00056375;
20170606;DCO;*;F24 ;0000000000000;0000000000000;00000000;00000000;00000000;00000000;00000000;0000007719287;0000007766936;0000000000000;00047649;
20170606;DCO;*;F25 ;0000000000000;0000000000000;00000000;00000000;00000000;00000000;00000000;0000007304958;0000007358402;0000000000000;00053444;
20170606;DCO;*;F26 ;0000000000000;0000000000000;00000000;00000000;00000000;00000000;00000000;0000006885156;0000006940571;0000000000000;00055415;
20170606;DCO;*;F27 ;0000000000000;0000000000000;00000000;00000000;00000000;00000000;00000000;0000006491816;0000006551324;0000000000000;00059508;
20170606;DCO;*;F28 ;0000000000000;0000000000000;00000000;00000000;00000000;00000000;00000000;0000006135407;0000006193375;0000000000000;00057968;
20170606;DCO;*;F29 ;0000000000000;0000000000000;00000000;00000000;00000000;00000000;00000000;0000005798338;0000005853514;0000000000000;00055176;
20170606;DCO;*;F30 ;0000000000000;0000000000000;00000000;00000000;00000000;00000000;00000000;0000005481890;0000005537394;0000000000000;00055504;
20170606;DCO;*;G18 ;0000000000000;0000000000000;00000000;00000000;00000000;00000000;00000000;0000009832842;0000009887374;0000000000000;00054532;
20170606;DCO;*;H18 ;0000000000000;0000000000000;00000000;00000000;00000000;00000000;00000000;0000009814420;0000009869484;0000000000000;00055064;
20170606;DCO;*;J18 ;0000000000000;0000000000000;00000000;00000000;00000000;00000000;00000000;0000009788727;0000009845662;0000000000000;00056935;
20170606;DCO;*;J19 ;0000000000000;0000000000000;00000000;00000000;00000000;00000000;00000000;0000009522278;0000009573711;0000000000000;00051433;
20170606;DCO;*;J20 ;0000000000000;0000000000000;00000000;00000000;00000000;00000000;00000000;0000009192561;0000009243436;0000000000000;00050875;
20170606;DCO;*;J21 ;0000000000000;0000000000000;00000000;00000000;00000000;00000000;00000000;0000008835874;0000008883960;0000000000000;00048086;
20170606;DCO;*;J22 ;0000000000000;0000000000000;00000000;00000000;00000000;00000000;00000000;0000008429808;0000008489149;0000000000000;00059341;
20170606;DCO;*;K18 ;0000000000000;0000000000000;00000000;00000000;00000000;00000000;00000000;0000009768964;0000009824632;0000000000000;00055668;
20170606;DCO;*;M18 ;0000000000000;0000000000000;00000000;00000000;00000000;00000000;00000000;0000009749439;0000009804350;0000000000000;00054911;
20170606;DCO;*;N17 ;0000000000000;0000000000000;00000000;00000000;00000000;00000000;00000000;0000009967258;0000010023387;0000000000000;00056129;
20170606;DCO;*;N18 ;0000000000000;0000000000000;00000000;00000000;00000000;00000000;00000000;0000009729477;0000009783440;0000000000000;00053963;
20170606;DCO;*;N19 ;0000000000000;0000000000000;00000000;00000000;00000000;00000000;00000000;0000009443478;0000009497183;0000000000000;00053705;
20170606;DCO;*;N20 ;0000000000000;0000000000000;00000000;00000000;00000000;00000000;00000000;0000009106742;0000009154290;0000000000000;00047548;
20170606;DCO;*;N21 ;0000000000000;0000000000000;00000000;00000000;00000000;00000000;00000000;0000008731354;0000008784008;0000000000000;00052654;
20170606;DCO;*;Q17 ;0000000000000;0000000000000;00000000;00000000;00000000;00000000;00000000;0000009948929;0000010004749;0000000000000;00055820;
20170606;DCO;*;U17 ;0000000000000;0000000000000;00000000;00000000;00000000;00000000;00000000;0000009933503;0000009988682;0000000000000;00055179;
20170606;DCO;*;V17 ;0000000000000;0000000000000;00000000;00000000;00000000;00000000;00000000;0000009913243;0000009968051;0000000000000;00054808;
20170606;DCO;*;V18 ;0000000000000;0000000000000;00000000;00000000;00000000;00000000;00000000;0000009664850;0000009719635;0000000000000;00054785;
20170606;DCO;*;V19 ;0000000000000;0000000000000;00000000;00000000;00000000;00000000;00000000;0000009363337;0000009414836;0000000000000;00051499;
20170606;DCO;*;V20 ;0000000000000;0000000000000;00000000;00000000;00000000;00000000;00000000;0000009015751;0000009065952;0000000000000;00050201;
20170606;DCO;*;V21 ;0000000000000;0000000000000;00000000;00000000;00000000;00000000;00000000;0000008633802;0000008690647;0000000000000;00056845;
20170606;DCO;*;X17 ;0000000000000;0000000000000;00000000;00000000;00000000;00000000;00000000;0000009893839;0000009948591;0000000000000;00054752;
20170606;DCO;*;Z17 ;0000000000000;0000000000000;00000000;00000000;00000000;00000000;00000000;0000009874522;0000009928945;0000000000000;00054423;
20170606;DDI;*;F18 ;0000000000000;0000000000000;00402078;00000000;00000000;00000000;00000000;0000009851165;0000009905728;0000000089537;00054563;
20170606;DDI;*;F19 ;0000000000000;0000000000000;00116659;00000000;00000000;00000000;00000000;0000009592454;0000009647662;0000000090596;00055208;
20170606;DDI;*;F20 ;0000000000000;0000000000000;00099955;00000000;00000000;00000000;00000000;0000009282561;0000009332149;0000000081373;00049588;
20170606;DDI;*;F21 ;0000000000000;0000000000000;00091721;00000000;00000000;00000000;00000000;0000008926473;0000008975379;0000000080254;00048906;
20170606;DDI;*;F22 ;0000000000000;0000000000000;00034834;00000000;00000000;00000000;00000000;0000008536939;0000008597565;0000000099487;00060626;
20170606;DDI;*;F23 ;0000000000000;0000000000000;00030696;00000000;00000000;00000000;00000000;0000008125149;0000008181724;0000000092839;00056575;
20170606;DDI;*;F24 ;0000000000000;0000000000000;00033255;00000000;00000000;00000000;00000000;0000007727244;0000007775093;0000000078520;00047849;
20170606;DDI;*;F25 ;0000000000000;0000000000000;00020100;00000000;00000000;00000000;00000000;0000007313170;0000007366841;0000000088074;00053671;
20170606;DDI;*;F26 ;0000000000000;0000000000000;00013930;00000000;00000000;00000000;00000000;0000006893414;0000006949070;0000000091331;00055656;
20170606;DDI;*;F27 ;0000000000000;0000000000000;00010950;00000000;00000000;00000000;00000000;0000006500018;0000006559783;0000000098074;00059765;
20170606;DDI;*;F28 ;0000000000000;0000000000000;00000110;00000000;00000000;00000000;00000000;0000006147549;0000006205905;0000000095762;00058356;
20170606;DDI;*;F29 ;0000000000000;0000000000000;00000000;00000000;00000000;00000000;00000000;0000005810208;0000005865764;0000000000000;00055556;
20170606;DDI;*;F30 ;0000000000000;0000000000000;00000500;00000000;00000000;00000000;00000000;0000005493416;0000005549304;0000000091712;00055888;
20170606;DDI;*;G18 ;0000000000000;0000000000000;00029510;00000000;00000000;00000000;00000000;0000009833486;0000009888034;0000000089513;00054548;
20170606;DDI;*;H18 ;0000000000000;0000000000000;00016920;00000000;00000000;00000000;00000000;0000009815137;0000009870218;0000000090387;00055081;
20170606;DDI;*;J18 ;0000000000000;0000000000000;00095116;00000000;00000000;00000000;00000000;0000009789525;0000009846480;0000000093463;00056955;
20170606;DDI;*;J19 ;0000000000000;0000000000000;00050606;00000000;00000000;00000000;00000000;0000009523951;0000009575423;0000000084465;00051472;
20170606;DDI;*;J20 ;0000000000000;0000000000000;00027895;00000000;00000000;00000000;00000000;0000009197399;0000009248391;0000000083677;00050992;
20170606;DDI;*;J21 ;0000000000000;0000000000000;00005347;00000000;00000000;00000000;00000000;0000008841928;0000008890159;0000000079147;00048231;
20170606;DDI;*;J22 ;0000000000000;0000000000000;00000120;00000000;00000000;00000000;00000000;0000008436762;0000008496292;0000000097688;00059530;
20170606;DDI;*;K18 ;0000000000000;0000000000000;00017120;00000000;00000000;00000000;00000000;0000009769839;0000009825528;0000000091385;00055689;
20170606;DDI;*;M18 ;0000000000000;0000000000000;00003020;00000000;00000000;00000000;00000000;0000009750390;0000009805324;0000000090146;00054934;
20170606;DDI;*;N17 ;0000000000000;0000000000000;00608869;00000000;00000000;00000000;00000000;0000009967332;0000010023463;0000000092110;00056131;
20170606;DDI;*;N18 ;0000000000000;0000000000000;00092629;00000000;00000000;00000000;00000000;0000009730506;0000009784491;0000000088589;00053985;
20170606;DDI;*;N19 ;0000000000000;0000000000000;00056774;00000000;00000000;00000000;00000000;0000009447220;0000009501018;0000000088282;00053798;
20170606;DDI;*;N20 ;0000000000000;0000000000000;00042735;00000000;00000000;00000000;00000000;0000009111910;0000009159579;0000000078224;00047669;
20170606;DDI;*;N21 ;0000000000000;0000000000000;00004910;00000000;00000000;00000000;00000000;0000008737652;0000008790464;0000000086664;00052812;
20170606;DDI;*;Q17 ;0000000000000;0000000000000;00432684;00000000;00000000;00000000;00000000;0000009949237;0000010004907;0000000091354;00055670;
20170606;DDI;*;U17 ;0000000000000;0000000000000;00098565;00000000;00000000;00000000;00000000;0000009933742;0000009989173;0000000090962;00055431;
20170606;DDI;*;V17 ;0000000000000;0000000000000;00241184;00000000;00000000;00000000;00000000;0000009913565;0000009968381;0000000089953;00054816;
20170606;DDI;*;V18 ;0000000000000;0000000000000;00057668;00000000;00000000;00000000;00000000;0000009666101;0000009720916;0000000089951;00054815;
20170606;DDI;*;V19 ;0000000000000;0000000000000;00032214;00000000;00000000;00000000;00000000;0000009367465;0000009419063;0000000084672;00051598;
20170606;DDI;*;V20 ;0000000000000;0000000000000;00023920;00000000;00000000;00000000;00000000;0000009021231;0000009071566;0000000082599;00050335;
20170606;DDI;*;V21 ;0000000000000;0000000000000;00002042;00000000;00000000;00000000;00000000;0000008640341;0000008697358;0000000093564;00057017;
20170606;DDI;*;X17 ;0000000000000;0000000000000;00082420;00000000;00000000;00000000;00000000;0000009894242;0000009949003;0000000089862;00054761;
20170606;DDI;*;Z17 ;0000000000000;0000000000000;00067720;00000000;00000000;00000000;00000000;0000009875004;0000009929439;0000000089327;00054435;
20170606;DDM;*;K25 ;0000000000000;0000000000000;00000000;00000000;00000000;00000000;00000000;0000006474399;0000006475531;0000000000000;00001132;
20170606;DI1;*;F18 ;0022697242157;0006916306231;03168123;00009360;00009290;00009360;00009300;0000009507159;0000009502228;0000000004931;00004931;
20170606;DI1;*;F19 ;0023903523837;0007283884522;01945904;00009490;00009350;00009510;00009370;0000008693877;0000008673029;0000000020848;00020848;
20170606;DI1;*;F20 ;0008783428329;0002676487287;01532888;00010090;00009910;00010100;00009930;0000007837794;0000007806819;0000000030975;00030975;
20170606;DI1;*;F21 ;0013208252170;0004024820115;01373422;00010530;00010400;00010590;00010420;0000007020218;0000006984020;0000000036198;00036198;
20170606;DI1;*;F22 ;0000239099052;0000072858291;00089376;00010800;00010700;00010820;00010700;0000006280434;0000006249362;0000000031072;00031072;
20170606;DI1;*;F23 ;0002084079249;0000635060868;00634934;00010980;00010860;00010980;00010870;0000005627833;0000005593969;0000000033864;00033864;
20170606;DI1;*;F24 ;0000075866331;0000023117997;00056350;00011030;00011000;00011060;00011050;0000005044394;0000005013424;0000000030970;00030970;
20170606;DI1;*;F25 ;0001514789344;0000461586782;00539035;00011140;00011040;00011160;00011070;0000004518223;0000004487475;0000000030748;00030748;
20170606;DI1;*;F26 ;0000018493124;0000005635227;00062718;00011140;00011100;00011160;00011100;0000004052615;0000004026050;0000000026565;00026565;
20170606;DI1;*;F27 ;0000627458046;0000191199088;00402382;00011210;00011140;00011240;00011140;0000003630714;0000003605733;0000000024981;00024981;
20170606;DI1;*;F28 ;0000000000000;0000000000000;00000010;00000000;00000000;00000000;00000000;0000003268574;0000003243759;0000000024815;00024815;
20170606;DI1;*;F29 ;0000024581102;0000007490356;00003563;00011180;00011180;00011350;00011200;0000002942045;0000002917636;0000000024409;00024409;
20170606;DI1;*;F30 ;0000000000000;0000000000000;00000720;00000000;00000000;00000000;00000000;0000002632274;0000002608579;0000000023695;00023695;
20170606;DI1;*;G18 ;0000000943493;0000000287501;00022295;00009290;00009290;00009290;00009290;0000009435502;0000009430112;0000000005390;00005390;
20170606;DI1;*;H18 ;0000382103446;0000116434606;00011690;00009260;00009230;00009275;00009230;0000009376443;0000009369913;0000000006530;00006530;
20170606;DI1;*;J18 ;0001106482883;0000337167591;00714890;00009255;00009210;00009260;00009210;0000009310939;0000009302934;0000000008005;00008005;
20170606;DI1;*;J19 ;0000891369953;0000271618354;00493825;00009620;00009500;00009630;00009500;0000008486063;0000008462519;0000000023544;00023544;
20170606;DI1;*;J20 ;0000027060521;0000008245885;00076338;00010210;00010100;00010210;00010100;0000007627389;0000007595332;0000000032057;00032057;
20170606;DI1;*;J21 ;0000008531846;0000002599825;00030605;00010600;00010540;00010600;00010540;0000006833318;0000006798047;0000000035271;00035271;
20170606;DI1;*;J22 ;0000000000000;0000000000000;00001365;00000000;00000000;00000000;00000000;0000006112958;0000006081097;0000000031861;00031861;
20170606;DI1;*;K18 ;0000411373050;0000125353643;00015915;00009230;00009190;00009230;00009190;0000009243666;0000009234347;0000000009319;00009319;
20170606;DI1;*;M18 ;0000000000000;0000000000000;00001800;00000000;00000000;00000000;00000000;0000009174914;0000009164281;0000000010633;00010633;
20170606;DI1;*;N17 ;0007256243316;0002211123295;02932777;00010148;00010145;00010150;00010145;0000009931218;0000009931182;0000000000036;00000036;
20170606;DI1;*;N18 ;0002835400079;0000864003437;00698367;00009280;00009200;00009310;00009210;0000009106127;0000009094027;0000000012100;00012100;
20170606;DI1;*;N19 ;0000683486952;0000208272222;00491746;00009780;00009640;00009800;00009650;0000008276263;0000008248603;0000000027660;00027660;
20170606;DI1;*;N20 ;0004533408537;0001381420769;01247842;00010350;00010190;00010350;00010210;0000007426740;0000007393874;0000000032866;00032866;
20170606;DI1;*;N21 ;0000078336400;0000023870677;00059093;00010690;00010580;00010710;00010580;0000006641410;0000006607351;0000000034059;00034059;
20170606;DI1;*;N22 ;0000000297547;0000000090669;00004615;00010830;00010830;00010830;00010830;0000005950957;0000005918368;0000000032589;00032589;
20170606;DI1;*;N23 ;0000000000000;0000000000000;00003180;00000000;00000000;00000000;00000000;0000005333714;0000005301115;0000000032599;00032599;
20170606;DI1;*;N24 ;0000134739571;0000041057858;00003010;00011050;00011020;00011090;00011090;0000004780932;0000004751500;0000000029432;00029432;
20170606;DI1;*;Q17 ;0011155580196;0003399329675;00378661;00010080;00010080;00010105;00010100;0000009852124;0000009851994;0000000000130;00000130;
20170606;DI1;*;U17 ;0001361622352;0000414913719;00187965;00009870;00009855;00009870;00009856;0000009771405;0000009770394;0000000001011;00001011;
20170606;DI1;*;V17 ;0019289663459;0005877948459;01468302;00009650;00009650;00009680;00009660;0000009704106;0000009702523;0000000001583;00001583;
20170606;DI1;*;V18 ;0000598220481;0000182289814;00592649;00009350;00009290;00009360;00009290;0000008896528;0000008879667;0000000016861;00016861;
20170606;DI1;*;V19 ;0000047089750;0000014349194;00078994;00009870;00009800;00009880;00009800;0000008049544;0000008019196;0000000030348;00030348;
20170606;DI1;*;V20 ;0000011527688;0000003512718;00046625;00010450;00010360;00010460;00010360;0000007207636;0000007175214;0000000032422;00032422;
20170606;DI1;*;V21 ;0000009058111;0000002760189;00012102;00010680;00010640;00010680;00010640;0000006456608;0000006423903;0000000032705;00032705;
20170606;DI1;*;X17 ;0000220636766;0000067232461;00102005;00009530;00009520;00009535;00009520;0000009634776;0000009632086;0000000002690;00002690;
20170606;DI1;*;Z17 ;0001763755494;0000537451776;00080425;00009420;00009410;00009435;00009410;0000009570113;0000009566061;0000000004052;00004052;
20170606;DOL;*;F18 ;0000000000000;0000000000000;00007905;00000000;00000000;00000000;00000000;0000034007560;0000034213660;0000000103050;00206100;
20170606;DOL;*;F19 ;0000000000000;0000000000000;00000000;00000000;00000000;00000000;00000000;0000036212190;0000036508150;0000000000000;00295960;
20170606;DOL;*;F20 ;0000000000000;0000000000000;00000000;00000000;00000000;00000000;00000000;0000038869820;0000039232510;0000000000000;00362690;
20170606;DOL;*;F21 ;0000000000000;0000000000000;00003100;00000000;00000000;00000000;00000000;0000041731870;0000042177990;0000000223060;00446120;
20170606;DOL;*;F25 ;0000000000000;0000000000000;00000000;00000000;00000000;00000000;00000000;0000053122260;0000053878780;0000000000000;00756520;
20170606;DOL;*;G18 ;0000000000000;0000000000000;00000000;00000000;00000000;00000000;00000000;0000034204330;0000034413720;0000000000000;00209390;
20170606;DOL;*;H18 ;0000000000000;0000000000000;00000000;00000000;00000000;00000000;00000000;0000034355550;0000034572420;0000000000000;00216870;
20170606;DOL;*;J18 ;0000000000000;0000000000000;00000180;00000000;00000000;00000000;00000000;0000034506960;0000034737580;0000000115310;00230620;
20170606;DOL;*;J19 ;0000000000000;0000000000000;00000050;00000000;00000000;00000000;00000000;0000036834050;0000037136150;0000000151050;00302100;
20170606;DOL;*;J20 ;0000000000000;0000000000000;00000000;00000000;00000000;00000000;00000000;0000039575620;0000039962990;0000000000000;00387370;
20170606;DOL;*;J22 ;0000000000000;0000000000000;00000000;00000000;00000000;00000000;00000000;0000045296330;0000045854930;0000000000000;00558600;
20170606;DOL;*;K18 ;0000000000000;0000000000000;00000000;00000000;00000000;00000000;00000000;0000034688200;0000034921130;0000000000000;00232930;
20170606;DOL;*;M18 ;0000000000000;0000000000000;00000000;00000000;00000000;00000000;00000000;0000034878560;0000035115760;0000000000000;00237200;
20170606;DOL;*;N17 ;0039617477250;0012072242207;00521591;03320000;03292000;03321500;03297000;0000032939360;0000033125020;0000000092830;00185660;
20170606;DOL;*;N18 ;0000000000000;0000000000000;00000620;00000000;00000000;00000000;00000000;0000035070370;0000035311860;0000000120745;00241490;
20170606;DOL;*;N19 ;0000000000000;0000000000000;00000400;00000000;00000000;00000000;00000000;0000037463500;0000037803170;0000000169835;00339670;
20170606;DOL;*;N21 ;0000000000000;0000000000000;00000000;00000000;00000000;00000000;00000000;0000043179050;0000043663950;0000000000000;00484900;
20170606;DOL;*;Q17 ;0000006635875;0000002022085;00013585;03335000;03314000;03335000;03314000;0000033143510;0000033329400;0000000092945;00185890;
20170606;DOL;*;U17 ;0000000839875;0000000255927;00001595;03359500;03359500;03359500;03359500;0000033365250;0000033554910;0000000094830;00189660;
20170606;DOL;*;V17 ;0000000000000;0000000000000;00003955;00000000;00000000;00000000;00000000;0000033528400;0000033719300;0000000095450;00190900;
20170606;DOL;*;V18 ;0000000000000;0000000000000;00000040;00000000;00000000;00000000;00000000;0000035659020;0000035929330;0000000135155;00270310;
20170606;DOL;*;V19 ;0000000000000;0000000000000;00000000;00000000;00000000;00000000;00000000;0000038193490;0000038549210;0000000000000;00355720;
20170606;DOL;*;X17 ;0000001684000;0000000513149;00000230;03370000;03366000;03370000;03366000;0000033703850;0000033899850;0000000098000;00196000;
20170606;DOL;*;Z17 ;0000000000000;0000000000000;00000005;00000000;00000000;00000000;00000000;0000033865600;0000034066710;0000000100555;00201110;
20170606;DR1;*;N7Q7;0000000000000;0000000000000;00000000;00000000;00000000;00000000;00000000;0000000000000;0000000000000;0000000000000;00000000;
20170606;ETH;*;F18 ;0000000000000;0000000000000;00000000;00000000;00000000;00000000;00000000;0000000168700;0000000168700;0000000000000;00000000;
20170606;ETH;*;K18 ;0000000000000;0000000000000;00000000;00000000;00000000;00000000;00000000;0000000150050;0000000150050;0000000000000;00000000;
20170606;ETH;*;M17 ;0000000000000;0000000000000;00000360;00000000;00000000;00000000;00000000;0000000139000;0000000139000;0000000000000;00000000;
20170606;ETH;*;N17 ;0000000000000;0000000000000;00000291;00000000;00000000;00000000;00000000;0000000139250;0000000139000;0000000007500;00000250;
20170606;ETH;*;Q17 ;0000004260000;0000001298108;00000550;00142000;00142000;00142000;00142000;0000000141750;0000000141000;0000000022500;00000750;
20170606;ETH;*;U17 ;0000000000000;0000000000000;00000000;00000000;00000000;00000000;00000000;0000000150000;0000000150000;0000000000000;00000000;
20170606;ETH;*;V17 ;0000000000000;0000000000000;00000330;00000000;00000000;00000000;00000000;0000000150000;0000000150000;0000000000000;00000000;
20170606;ETH;*;X17 ;0000000000000;0000000000000;00000147;00000000;00000000;00000000;00000000;0000000160000;0000000160000;0000000000000;00000000;
20170606;ETH;*;Z17 ;0000009570000;0000002916171;00000167;00159500;00159500;00159500;00159500;0000000162000;0000000162000;0000000000000;00000000;
20170606;EUR;*;N17 ;0000007457000;0000002272298;00014620;03728500;03728500;03728500;03728500;0000037160690;0000037332140;0000000085725;00171450;
20170606;EUR;*;Q17 ;0000001874000;0000000571045;00001785;03748000;03748000;03748000;03748000;0000037438140;0000037609890;0000000085875;00171750;
20170606;EUR;*;U17 ;0000000000000;0000000000000;00000130;00000000;00000000;00000000;00000000;0000037744170;0000037920490;0000000088160;00176320;
20170606;EUR;*;V17 ;0000000000000;0000000000000;00000000;00000000;00000000;00000000;00000000;0000037988210;0000038166290;0000000000000;00178080;
20170606;FRC;*;F18 ;0000000000000;0000000000000;00000000;00000234;00000232;00000236;00000232;0000000000232;0000000000234;0000000000001;00000002;
20170606;FRC;*;F19 ;0000000000000;0000000000000;00000000;00000255;00000255;00000257;00000257;0000000000257;0000000000256;0000000000000;00000001;
20170606;FRC;*;F20 ;0000000000000;0000000000000;00000000;00000000;00000000;00000000;00000000;0000000000291;0000000000292;0000000000000;00000001;
20170606;FRC;*;F21 ;0000000000000;0000000000000;00000000;00000328;00000328;00000328;00000328;0000000000328;0000000000328;0000000000000;00000000;
20170606;FRC;*;F22 ;0000000000000;0000000000000;00000000;00000367;00000367;00000367;00000367;0000000000367;0000000000363;0000000000002;00000004;
20170606;FRC;*;F23 ;0000000000000;0000000000000;00000000;00000000;00000000;00000000;00000000;0000000000406;0000000000403;0000000000000;00000003;
20170606;FRC;*;F24 ;0000000000000;0000000000000;00000000;00000000;00000000;00000000;00000000;0000000000440;0000000000439;0000000000000;00000001;
20170606;FRC;*;F25 ;0000000000000;0000000000000;00000000;00000000;00000000;00000000;00000000;0000000000477;0000000000474;0000000000000;00000003;
20170606;FRC;*;F26 ;0000000000000;0000000000000;00000000;00000000;00000000;00000000;00000000;0000000000517;0000000000513;0000000000000;00000004;
20170606;FRC;*;F27 ;0000000000000;0000000000000;00000000;00000000;00000000;00000000;00000000;0000000000553;0000000000547;0000000000000;00000006;
20170606;FRC;*;F28 ;0000000000000;0000000000000;00000000;00000000;00000000;00000000;00000000;0000000000583;0000000000577;0000000000000;00000006;
20170606;FRC;*;F29 ;0000000000000;0000000000000;00000000;00000000;00000000;00000000;00000000;0000000000613;0000000000607;0000000000000;00000006;
20170606;FRC;*;F30 ;0000000000000;0000000000000;00000000;00000000;00000000;00000000;00000000;0000000000642;0000000000636;0000000000000;00000006;
20170606;FRC;*;G18 ;0000000000000;0000000000000;00000000;00000000;00000000;00000000;00000000;0000000000230;0000000000231;0000000000000;00000001;
20170606;FRC;*;H18 ;0000000000000;0000000000000;00000000;00000233;00000232;00000234;00000232;0000000000232;0000000000232;0000000000000;00000000;
20170606;FRC;*;J18 ;0000000000000;0000000000000;00000000;00000237;00000237;00000239;00000239;0000000000239;0000000000237;0000000000001;00000002;
20170606;FRC;*;J19 ;0000000000000;0000000000000;00000000;00000263;00000263;00000263;00000263;0000000000263;0000000000264;0000000000000;00000001;
20170606;FRC;*;J20 ;0000000000000;0000000000000;00000000;00000000;00000000;00000000;00000000;0000000000300;0000000000301;0000000000000;00000001;
20170606;FRC;*;J21 ;0000000000000;0000000000000;00000000;00000335;00000335;00000335;00000335;0000000000335;0000000000335;0000000000000;00000000;
20170606;FRC;*;J22 ;0000000000000;0000000000000;00000000;00000000;00000000;00000000;00000000;0000000000377;0000000000373;0000000000000;00000004;
20170606;FRC;*;K18 ;0000000000000;0000000000000;00000000;00000240;00000240;00000240;00000240;0000000000240;0000000000239;0000000000000;00000001;
20170606;FRC;*;M18 ;0000000000000;0000000000000;00000000;00000000;00000000;00000000;00000000;0000000000240;0000000000240;0000000000000;00000000;
20170606;FRC;*;N18 ;0000000000000;0000000000000;00000000;00000245;00000241;00000245;00000241;0000000000241;0000000000242;0000000000000;00000001;
20170606;FRC;*;N19 ;0000000000000;0000000000000;00000000;00000272;00000272;00000272;00000272;0000000000272;0000000000272;0000000000000;00000000;
20170606;FRC;*;N20 ;0000000000000;0000000000000;00000000;00000000;00000000;00000000;00000000;0000000000309;0000000000310;0000000000000;00000001;
20170606;FRC;*;N21 ;0000000000000;0000000000000;00000000;00000000;00000000;00000000;00000000;0000000000347;0000000000346;0000000000000;00000001;
20170606;FRC;*;Q17 ;0000000000000;0000000000000;00000000;00000230;00000226;00000230;00000226;0000000000226;0000000000230;0000000000002;00000004;
20170606;FRC;*;U17 ;0000000000000;0000000000000;00000000;00000205;00000203;00000206;00000203;0000000000203;0000000000206;0000000000001;00000003;
20170606;FRC;*;V17 ;0000000000000;0000000000000;00000000;00000219;00000215;00000220;00000215;0000000000215;0000000000219;0000000000002;00000004;
20170606;FRC;*;V18 ;0000000000000;0000000000000;00000000;00000247;00000247;00000247;00000247;0000000000247;0000000000246;0000000000000;00000001;
20170606;FRC;*;V19 ;0000000000000;0000000000000;00000000;00000281;00000281;00000281;00000281;0000000000281;0000000000282;0000000000000;00000001;
20170606;FRC;*;V20 ;0000000000000;0000000000000;00000000;00000000;00000000;00000000;00000000;0000000000318;0000000000319;0000000000000;00000001;
20170606;FRC;*;V21 ;0000000000000;0000000000000;00000000;00000000;00000000;00000000;00000000;0000000000356;0000000000354;0000000000000;00000002;
20170606;FRC;*;X17 ;0000000000000;0000000000000;00000000;00000222;00000220;00000222;00000220;0000000000220;0000000000223;0000000000001;00000003;
20170606;FRC;*;Z17 ;0000000000000;0000000000000;00000000;00000228;00000223;00000228;00000223;0000000000223;0000000000226;0000000000001;00000003;
20170606;FRO;*;F18 ;0000000000000;0000000000000;00000000;00000000;00000000;00000000;00000000;0000000000233;0000000000235;0000000000000;00000002;
20170606;FRO;*;F19 ;0000000000000;0000000000000;00000000;00000000;00000000;00000000;00000000;0000000000258;0000000000257;0000000000000;00000001;
20170606;FRO;*;F20 ;0000000000000;0000000000000;00000000;00000000;00000000;00000000;00000000;0000000000293;0000000000294;0000000000000;00000001;
20170606;FRO;*;F21 ;0000000000000;0000000000000;00000000;00000000;00000000;00000000;00000000;0000000000330;0000000000330;0000000000000;00000000;
20170606;FRO;*;F22 ;0000000000000;0000000000000;00000000;00000000;00000000;00000000;00000000;0000000000369;0000000000365;0000000000000;00000004;
20170606;FRO;*;F23 ;0000000000000;0000000000000;00000000;00000000;00000000;00000000;00000000;0000000000408;0000000000405;0000000000000;00000003;
20170606;FRO;*;F24 ;0000000000000;0000000000000;00000000;00000000;00000000;00000000;00000000;0000000000442;0000000000441;0000000000000;00000001;
20170606;FRO;*;F25 ;0000000000000;0000000000000;00000000;00000000;00000000;00000000;00000000;0000000000479;0000000000476;0000000000000;00000003;
20170606;FRO;*;F26 ;0000000000000;0000000000000;00000000;00000000;00000000;00000000;00000000;0000000000519;0000000000515;0000000000000;00000004;
20170606;FRO;*;F27 ;0000000000000;0000000000000;00000000;00000000;00000000;00000000;00000000;0000000000555;0000000000550;0000000000000;00000005;
20170606;FRO;*;F28 ;0000000000000;0000000000000;00000000;00000000;00000000;00000000;00000000;0000000000586;0000000000580;0000000000000;00000006;
20170606;FRO;*;F29 ;0000000000000;0000000000000;00000000;00000000;00000000;00000000;00000000;0000000000616;0000000000610;0000000000000;00000006;
20170606;FRO;*;F30 ;0000000000000;0000000000000;00000000;00000000;00000000;00000000;00000000;0000000000645;0000000000639;0000000000000;00000006;
20170606;FRO;*;G18 ;0000000000000;0000000000000;00000000;00000000;00000000;00000000;00000000;0000000000231;0000000000232;0000000000000;00000001;
20170606;FRO;*;H18 ;0000000000000;0000000000000;00000000;00000000;00000000;00000000;00000000;0000000000233;0000000000233;0000000000000;00000000;
20170606;FRO;*;J18 ;0000000000000;0000000000000;00000000;00000000;00000000;00000000;00000000;0000000000240;0000000000238;0000000000000;00000002;
20170606;FRO;*;J19 ;0000000000000;0000000000000;00000000;00000000;00000000;00000000;00000000;0000000000264;0000000000265;0000000000000;00000001;
20170606;FRO;*;J20 ;0000000000000;0000000000000;00000000;00000000;00000000;00000000;00000000;0000000000302;0000000000303;0000000000000;00000001;
20170606;FRO;*;J21 ;0000000000000;0000000000000;00000000;00000000;00000000;00000000;00000000;0000000000337;0000000000337;0000000000000;00000000;
20170606;FRO;*;J22 ;0000000000000;0000000000000;00000000;00000000;00000000;00000000;00000000;0000000000379;0000000000375;0000000000000;00000004;
20170606;FRO;*;K18 ;0000000000000;0000000000000;00000000;00000000;00000000;00000000;00000000;0000000000241;0000000000240;0000000000000;00000001;
20170606;FRO;*;M18 ;0000000000000;0000000000000;00000000;00000000;00000000;00000000;00000000;0000000000241;0000000000241;0000000000000;00000000;
20170606;FRO;*;N18 ;0000000000000;0000000000000;00000000;00000000;00000000;00000000;00000000;0000000000242;0000000000243;0000000000000;00000001;
20170606;FRO;*;N19 ;0000000000000;0000000000000;00000000;00000000;00000000;00000000;00000000;0000000000274;0000000000274;0000000000000;00000000;
20170606;FRO;*;N20 ;0000000000000;0000000000000;00000000;00000000;00000000;00000000;00000000;0000000000311;0000000000312;0000000000000;00000001;
20170606;FRO;*;N21 ;0000000000000;0000000000000;00000000;00000000;00000000;00000000;00000000;0000000000349;0000000000348;0000000000000;00000001;
20170606;FRO;*;Q17 ;0000000000000;0000000000000;00000000;00000000;00000000;00000000;00000000;0000000000228;0000000000232;0000000000000;00000004;
20170606;FRO;*;U17 ;0000000000000;0000000000000;00000000;00000000;00000000;00000000;00000000;0000000000204;0000000000208;0000000000000;00000004;
20170606;FRO;*;V17 ;0000000000000;0000000000000;00000000;00000000;00000000;00000000;00000000;0000000000216;0000000000220;0000000000000;00000004;
20170606;FRO;*;V18 ;0000000000000;0000000000000;00000000;00000000;00000000;00000000;00000000;0000000000248;0000000000247;0000000000000;00000001;
20170606;FRO;*;V19 ;0000000000000;0000000000000;00000000;00000000;00000000;00000000;00000000;0000000000283;0000000000284;0000000000000;00000001;
20170606;FRO;*;V20 ;0000000000000;0000000000000;00000000;00000000;00000000;00000000;00000000;0000000000320;0000000000321;0000000000000;00000001;
20170606;FRO;*;V21 ;0000000000000;0000000000000;00000000;00000000;00000000;00000000;00000000;0000000000358;0000000000356;0000000000000;00000002;
20170606;FRO;*;X17 ;0000000000000;0000000000000;00000000;00000000;00000000;00000000;00000000;0000000000221;0000000000224;0000000000000;00000003;
20170606;FRO;*;Z17 ;0000000000000;0000000000000;00000000;00000000;00000000;00000000;00000000;0000000000224;0000000000227;0000000000000;00000003;
20170606;FRP;*;FRP0;0000000000000;0000000000000;00000000;00001940;00001930;00002060;00002060;0000000000000;0000000000000;0000000000000;00000000;
20170606;FRP;*;FRP1;0000000000000;0000000000000;00000000;00001900;00001900;00001900;00001900;0000000000000;0000000000000;0000000000000;00000000;
20170606;GBP;*;N17 ;0000000000000;0000000000000;00000611;00000000;00000000;00000000;00000000;0000042482390;0000042782470;0000000105028;00300080;
20170606;GBP;*;Q17 ;0000000000000;0000000000000;00000017;00000000;00000000;00000000;00000000;0000042776790;0000043078140;0000000105472;00301350;
20170606;GBP;*;U17 ;0000000000000;0000000000000;00000120;00000000;00000000;00000000;00000000;0000043101150;0000043408390;0000000107534;00307240;
20170606;HSI;*;M17 ;0000000000000;0000000000000;00000000;00000000;00000000;00000000;00000000;0000000025829;0000000025665;0000000000000;00000164;
20170606;HSI;*;N17 ;0000000000000;0000000000000;00000000;00000000;00000000;00000000;00000000;0000000025710;0000000025552;0000000000000;00000158;
20170606;IAP;*;K19 ;0000000000000;0000000000000;00000000;00000000;00000000;00000000;00000000;0000000525381;0000000526107;0000000000000;00000726;
20170606;IAP;*;K21 ;0000000000000;0000000000000;00000000;00000000;00000000;00000000;00000000;0000000579452;0000000580912;0000000000000;00001460;
20170606;IAP;*;M17 ;0000000000000;0000000000000;00000000;00000000;00000000;00000000;00000000;0000000485115;0000000485123;0000000000200;00000008;
20170606;IAP;*;N17 ;0000000000000;0000000000000;00000000;00000000;00000000;00000000;00000000;0000000485592;0000000485639;0000000000000;00000047;
20170606;IAP;*;Q17 ;0000000000000;0000000000000;00000000;00000000;00000000;00000000;00000000;0000000486632;0000000486721;0000000000000;00000089;
20170606;IAP;*;Q18 ;0000000000000;0000000000000;00000000;00000000;00000000;00000000;00000000;0000000507051;0000000507627;0000000000000;00000576;
20170606;IAP;*;Q20 ;0000000000000;0000000000000;00000000;00000000;00000000;00000000;00000000;0000000559547;0000000561022;0000000000000;00001475;
20170606;IAP;*;Q22 ;0000000000000;0000000000000;00000000;00000000;00000000;00000000;00000000;0000000617470;0000000619406;0000000000000;00001936;
20170606;ICF;*;H18 ;0000000000000;0000000000000;00000000;00000000;00000000;00000000;00000000;0000000016055;0000000016440;0000000000000;00000385;
20170606;ICF;*;N17 ;0000000000000;0000000000000;00000087;00000000;00000000;00000000;00000000;0000000014735;0000000015115;0000000124704;00000380;
20170606;ICF;*;U17 ;0000006493549;0000001978715;00006090;00015550;00015165;00015575;00015230;0000000015200;0000000015520;0000000105014;00000320;
20170606;ICF;*;U18 ;0000003824887;0000001165520;00001311;00016700;00016405;00016750;00016515;0000000016315;0000000016695;0000000124704;00000380;
20170606;ICF;*;U19 ;0000002417267;0000000736590;00000377;00017130;00017130;00017130;00017130;0000000016710;0000000017090;0000000124704;00000380;
20170606;ICF;*;Z17 ;0000000000000;0000000000000;00000300;00000000;00000000;00000000;00000000;0000000015600;0000000015975;0000000123063;00000375;
20170606;ICF;*;Z18 ;0000000000000;0000000000000;00000032;00000000;00000000;00000000;00000000;0000000016205;0000000016590;0000000126345;00000385;
20170606;IND;*;G18 ;0000000000000;0000000000000;00000000;00000000;00000000;00000000;00000000;0000000066516;0000000065965;0000000000000;00000551;
20170606;IND;*;G19 ;0000000000000;0000000000000;00000000;00000000;00000000;00000000;00000000;0000000072214;0000000071756;0000000000000;00000458;
20170606;IND;*;J18 ;0000000000000;0000000000000;00000000;00000000;00000000;00000000;00000000;0000000067412;0000000066875;0000000000000;00000537;
20170606;IND;*;M17 ;0004171196800;0001271047567;00270230;00062200;00062200;00063460;00063135;0000000063132;0000000062570;0000000056200;00000562;
20170606;IND;*;M18 ;0000000000000;0000000000000;00001785;00000000;00000000;00000000;00000000;0000000068230;0000000067705;0000000052500;00000525;
20170606;IND;*;Q17 ;0000072434500;0000022072249;00043475;00063700;00063700;00064100;00064100;0000000064078;0000000063523;0000000055500;00000555;
20170606;IND;*;Q18 ;0000000000000;0000000000000;00000000;00000000;00000000;00000000;00000000;0000000069238;0000000068733;0000000000000;00000505;
20170606;IND;*;V17 ;0000000000000;0000000000000;00001880;00000000;00000000;00000000;00000000;0000000064991;0000000064426;0000000056500;00000565;
20170606;IND;*;V18 ;0000000000000;0000000000000;00000000;00000000;00000000;00000000;00000000;0000000070226;0000000069739;0000000000000;00000487;
20170606;IND;*;Z17 ;0000000000000;0000000000000;00015980;00000000;00000000;00000000;00000000;0000000065720;0000000065165;0000000055500;00000555;
20170606;IND;*;Z18 ;0000000000000;0000000000000;00000150;00000000;00000000;00000000;00000000;0000000071127;0000000070655;0000000047200;00000472;
20170606;IR1;*;M7Q7;0000000000000;0000000000000;00000000;00000000;00000000;00000000;00000000;0000000000000;0000000000000;0000000000000;00000000;
20170606;ISP;*;M17 ;0000195136567;0000059462037;00004113;00242900;00242800;00243550;00243100;0000000242975;0000000243525;0000000090246;00000550;
20170606;ISP;*;M18 ;0000000000000;0000000000000;00000000;00000000;00000000;00000000;00000000;0000000242350;0000000242900;0000000000000;00000550;
20170606;ISP;*;U17 ;0000000398727;0000000121500;00000144;00243000;00243000;00243000;00243000;0000000242750;0000000243275;0000000086144;00000525;
20170606;ISP;*;Z17 ;0000000000000;0000000000000;00000000;00000000;00000000;00000000;00000000;0000000242500;0000000243025;0000000000000;00000525;
20170606;JPY;*;N17 ;0000000000000;0000000000000;00000565;00000000;00000000;00000000;00000000;0000030095500;0000030011400;0000000042050;00084100;
20170606;JPY;*;Q17 ;0000003795350;0000001156519;00001809;03048600;03033200;03048600;03033200;0000030311400;0000030225900;0000000042750;00085500;
20170606;JPY;*;U17 ;0000000000000;0000000000000;00000000;00000000;00000000;00000000;00000000;0000030549400;0000030466500;0000000000000;00082900;
20170606;JPY;*;V17 ;0000000000000;0000000000000;00000000;00000000;00000000;00000000;00000000;0000030740000;0000030657500;0000000000000;00082500;
20170606;JSE;*;M17 ;0000000000000;0000000000000;00000000;00000000;00000000;00000000;00000000;0000000046008;0000000046579;0000000000000;00000571;
20170606;JSE;*;U17 ;0000000000000;0000000000000;00000000;00000000;00000000;00000000;00000000;0000000046426;0000000047009;0000000000000;00000583;
20170606;MIX;*;M17 ;0000000000000;0000000000000;00000000;00000000;00000000;00000000;00000000;0000000001875;0000000001872;0000000000000;00000003;
20170606;MIX;*;U17 ;0000000000000;0000000000000;00000000;00000000;00000000;00000000;00000000;0000000001855;0000000001857;0000000000000;00000002;
20170606;MXN;*;N17 ;0000000000000;0000000000000;00000362;00000000;00000000;00000000;00000000;0000017957330;0000017955340;0000000001492;00001990;
20170606;MXN;*;Q17 ;0000000000000;0000000000000;00000144;00000000;00000000;00000000;00000000;0000017981020;0000017978540;0000000001860;00002480;
20170606;MXN;*;U17 ;0000000000000;0000000000000;00000000;00000000;00000000;00000000;00000000;0000018008600;0000018007620;0000000000000;00000980;
20170606;NZD;*;N17 ;0000000177330;0000000054036;00000001;02364400;02364400;02364400;02364400;0000023650180;0000023643670;0000000004882;00006510;
20170606;NZD;*;Q17 ;0000000000000;0000000000000;00000005;00000000;00000000;00000000;00000000;0000023783000;0000023775600;0000000005550;00007400;
20170606;NZD;*;U17 ;0000000000000;0000000000000;00000000;00000000;00000000;00000000;00000000;0000023926780;0000023922150;0000000000000;00004630;
20170606;OC1;*;F18 ;0000000000000;0000000000000;00000000;00000000;00000000;00000000;00000000;0000009506419;0000009501437;0000000000000;00004982;
20170606;OC1;*;F19 ;0000000000000;0000000000000;00000000;00000000;00000000;00000000;00000000;0000008692018;0000008671052;0000000000000;00020966;
20170606;OC1;*;F20 ;0000000000000;0000000000000;00000000;00000000;00000000;00000000;00000000;0000007834872;0000007803728;0000000000000;00031144;
20170606;OC1;*;F21 ;0000000000000;0000000000000;00000000;00000000;00000000;00000000;00000000;0000007016373;0000006979973;0000000000000;00036400;
20170606;OC1;*;F22 ;0000000000000;0000000000000;00000000;00000000;00000000;00000000;00000000;0000006275786;0000006244741;0000000000000;00031045;
20170606;OC1;*;F23 ;0000000000000;0000000000000;00000000;00000000;00000000;00000000;00000000;0000005622765;0000005588656;0000000000000;00034109;
20170606;OC1;*;F24 ;0000000000000;0000000000000;00000000;00000000;00000000;00000000;00000000;0000005039050;0000005007820;0000000000000;00031230;
20170606;OC1;*;F25 ;0000000000000;0000000000000;00000000;00000000;00000000;00000000;00000000;0000004512702;0000004481692;0000000000000;00031010;
20170606;OC1;*;F26 ;0000000000000;0000000000000;00000000;00000000;00000000;00000000;00000000;0000004047006;0000004020172;0000000000000;00026834;
20170606;OC1;*;F27 ;0000000000000;0000000000000;00000000;00000000;00000000;00000000;00000000;0000003625110;0000003599860;0000000000000;00025250;
20170606;OC1;*;F28 ;0000000000000;0000000000000;00000000;00000000;00000000;00000000;00000000;0000003263003;0000003237926;0000000000000;00025077;
20170606;OC1;*;F29 ;0000000000000;0000000000000;00000000;00000000;00000000;00000000;00000000;0000002936561;0000002911898;0000000000000;00024663;
20170606;OC1;*;F30 ;0000000000000;0000000000000;00000000;00000000;00000000;00000000;00000000;0000002626652;0000002603011;0000000000000;00023641;
20170606;OC1;*;G18 ;0000000000000;0000000000000;00000000;00000000;00000000;00000000;00000000;0000009434654;0000009429207;0000000000000;00005447;
20170606;OC1;*;H18 ;0000000000000;0000000000000;00000000;00000000;00000000;00000000;00000000;0000009375508;0000009368916;0000000000000;00006592;
20170606;OC1;*;J18 ;0000000000000;0000000000000;00000000;00000000;00000000;00000000;00000000;0000009309904;0000009301830;0000000000000;00008074;
20170606;OC1;*;J19 ;0000000000000;0000000000000;00000000;00000000;00000000;00000000;00000000;0000008483831;0000008460293;0000000000000;00023538;
20170606;OC1;*;J20 ;0000000000000;0000000000000;00000000;00000000;00000000;00000000;00000000;0000007624082;0000007592041;0000000000000;00032041;
20170606;OC1;*;J21 ;0000000000000;0000000000000;00000000;00000000;00000000;00000000;00000000;0000006829325;0000006793844;0000000000000;00035481;
20170606;OC1;*;J22 ;0000000000000;0000000000000;00000000;00000000;00000000;00000000;00000000;0000006108191;0000006076359;0000000000000;00031832;
20170606;OC1;*;K18 ;0000000000000;0000000000000;00000000;00000000;00000000;00000000;00000000;0000009242532;0000009233138;0000000000000;00009394;
20170606;OC1;*;M18 ;0000000000000;0000000000000;00000000;00000000;00000000;00000000;00000000;0000009173685;0000009162970;0000000000000;00010715;
20170606;OC1;*;N17 ;0000000000000;0000000000000;00000000;00000000;00000000;00000000;00000000;0000009931109;0000009931069;0000000000000;00000040;
20170606;OC1;*;N18 ;0000000000000;0000000000000;00000000;00000000;00000000;00000000;00000000;0000009104802;0000009092616;0000000000000;00012186;
20170606;OC1;*;N19 ;0000000000000;0000000000000;00000000;00000000;00000000;00000000;00000000;0000008273791;0000008245988;0000000000000;00027803;
20170606;OC1;*;N20 ;0000000000000;0000000000000;00000000;00000000;00000000;00000000;00000000;0000007423246;0000007390398;0000000000000;00032848;
20170606;OC1;*;N21 ;0000000000000;0000000000000;00000000;00000000;00000000;00000000;00000000;0000006637038;0000006603005;0000000000000;00034033;
20170606;OC1;*;N22 ;0000000000000;0000000000000;00000000;00000000;00000000;00000000;00000000;0000005946081;0000005913521;0000000000000;00032560;
20170606;OC1;*;N23 ;0000000000000;0000000000000;00000000;00000000;00000000;00000000;00000000;0000005328488;0000005295636;0000000000000;00032852;
20170606;OC1;*;N24 ;0000000000000;0000000000000;00000000;00000000;00000000;00000000;00000000;0000004775487;0000004745791;0000000000000;00029696;
20170606;OC1;*;Q17 ;0000000000000;0000000000000;00000000;00000000;00000000;00000000;00000000;0000009851888;0000009851756;0000000000000;00000132;
20170606;OC1;*;U17 ;0000000000000;0000000000000;00000000;00000000;00000000;00000000;00000000;0000009771055;0000009770019;0000000000000;00001036;
20170606;OC1;*;V17 ;0000000000000;0000000000000;00000000;00000000;00000000;00000000;00000000;0000009703646;0000009702059;0000000000000;00001587;
20170606;OC1;*;V18 ;0000000000000;0000000000000;00000000;00000000;00000000;00000000;00000000;0000008894924;0000008877960;0000000000000;00016964;
20170606;OC1;*;V19 ;0000000000000;0000000000000;00000000;00000000;00000000;00000000;00000000;0000008046837;0000008016332;0000000000000;00030505;
20170606;OC1;*;V20 ;0000000000000;0000000000000;00000000;00000000;00000000;00000000;00000000;0000007203964;0000007171347;0000000000000;00032617;
20170606;OC1;*;V21 ;0000000000000;0000000000000;00000000;00000000;00000000;00000000;00000000;0000006452090;0000006419412;0000000000000;00032678;
20170606;OC1;*;X17 ;0000000000000;0000000000000;00000000;00000000;00000000;00000000;00000000;0000009634201;0000009631508;0000000000000;00002693;
20170606;OC1;*;Z17 ;0000000000000;0000000000000;00000000;00000000;00000000;00000000;00000000;0000009569430;0000009565377;0000000000000;00004053;
20170606;OZ1;*;0000;0000000641103;0000000195357;00000000;00134500;00134500;00135490;00135490;0000000135104;0000000134371;0000000000000;00000410;
20170606;OZ1;*;N17 ;0000000000000;0000000000000;00000000;00000000;00000000;00000000;00000000;0000000136376;0000000136016;0000000000000;00000360;
20170606;OZ1;*;Q17 ;0000000000000;0000000000000;00000000;00000000;00000000;00000000;00000000;0000000137471;0000000137110;0000000000000;00000361;
20170606;OZ2;*;0000;0000000177986;0000000054236;00000000;00134900;00134000;00135500;00135500;0000000134973;0000000133806;0000000000000;00001500;
20170606;OZ3;*;0000;0000000006885;0000000002098;00000000;00133000;00133000;00134000;00134000;0000000133643;0000000133000;0000000000000;00001000;
20170606;RSP;*;M7U7;0000000000000;0000000000000;00000000;00000000;00000000;00000000;00000000;0000000000000;0000000000000;0000000000000;00000000;
20170606;SCS;*;F802;0000000000000;0000000000000;00149220;00000000;00000000;00000000;00000000;0000000000000;0000000000000;0000000000000;00000000;
20170606;SCS;*;N703;0000000000000;0000000000000;00138770;00000000;00000000;00000000;00000000;0000000000000;0000000000000;0000000000000;00000000;
20170606;SCS;*;Q701;0000000000000;0000000000000;00123620;00000000;00000000;00000000;00000000;0000000000000;0000000000000;0000000000000;00000000;
20170606;SCS;*;V702;0000000000000;0000000000000;00143645;00000000;00000000;00000000;00000000;0000000000000;0000000000000;0000000000000;00000000;
20170606;SFI;*;K18 ;0000000000000;0000000000000;00000000;00000000;00000000;00000000;00000000;0000000002025;0000000002017;0000000000000;00000008;
20170606;SFI;*;N17 ;0000000000000;0000000000000;00000000;00000000;00000000;00000000;00000000;0000000001975;0000000001972;0000000000000;00000003;
20170606;SFI;*;X17 ;0000000000000;0000000000000;00000000;00000000;00000000;00000000;00000000;0000000001985;0000000001977;0000000000000;00000008;
20170606;SJC;*;F18 ;0000000000000;0000000000000;00000000;00000000;00000000;00000000;00000000;0000000207121;0000000206294;0000000000000;00000827;
20170606;SJC;*;H18 ;0000000000000;0000000000000;00000000;00000000;00000000;00000000;00000000;0000000208278;0000000207507;0000000000000;00000771;
20170606;SJC;*;K18 ;0000000000000;0000000000000;00000000;00000000;00000000;00000000;00000000;0000000209711;0000000208884;0000000000000;00000827;
20170606;SJC;*;N17 ;0000004741669;0000001444882;00002188;00002040;00002040;00002055;00002040;0000000203593;0000000203263;0000000004873;00000330;
20170606;SJC;*;N18 ;0000000000000;0000000000000;00000000;00000000;00000000;00000000;00000000;0000000211089;0000000210262;0000000000000;00000827;
20170606;SJC;*;Q17 ;0000000030257;0000000009220;00000110;00002049;00002049;00002049;00002049;0000000204365;0000000203924;0000000006512;00000441;
20170606;SJC;*;U17 ;0000000000000;0000000000000;00000010;00000000;00000000;00000000;00000000;0000000204641;0000000204034;0000000008963;00000607;
20170606;SJC;*;X17 ;0000000122188;0000000037233;00001263;00002070;00002064;00002070;00002064;0000000205412;0000000204586;0000000012198;00000826;
20170606;TRY;*;N17 ;0000000000000;0000000000000;00000066;00000000;00000000;00000000;00000000;0000009298880;0000009332320;0000000025080;00033440;
20170606;TRY;*;Q17 ;0000000000000;0000000000000;00000000;00000000;00000000;00000000;00000000;0000009278230;0000009309080;0000000000000;00030850;
20170606;TRY;*;U17 ;0000000000000;0000000000000;00000000;00000000;00000000;00000000;00000000;0000009251120;0000009287870;0000000000000;00036750;
20170606;T10;*;U17 ;0000023293201;0000007097907;00001602;00126844;00126672;00126859;00126859;0000001267656;0000001264687;0000000097433;00002969;
20170606;T10;*;Z17 ;0000000000000;0000000000000;00000000;00000000;00000000;00000000;00000000;0000001264531;0000001261562;0000000000000;00002969;
20170606;WDO;*;F18 ;0000000000000;0000000000000;00000000;00000000;00000000;00000000;00000000;0000034007560;0000034213660;0000000000000;00206100;
20170606;WDO;*;F19 ;0000000000000;0000000000000;00000000;00000000;00000000;00000000;00000000;0000036212190;0000036508150;0000000000000;00295960;
20170606;WDO;*;F20 ;0000000000000;0000000000000;00000000;00000000;00000000;00000000;00000000;0000038869820;0000039232510;0000000000000;00362690;
20170606;WDO;*;F21 ;0000000000000;0000000000000;00000000;00000000;00000000;00000000;00000000;0000041731870;0000042177990;0000000000000;00446120;
20170606;WDO;*;F25 ;0000000000000;0000000000000;00000000;00000000;00000000;00000000;00000000;0000053122260;0000053878780;0000000000000;00756520;
20170606;WDO;*;G18 ;0000000000000;0000000000000;00000000;00000000;00000000;00000000;00000000;0000034204330;0000034413720;0000000000000;00209390;
20170606;WDO;*;H18 ;0000000000000;0000000000000;00000000;00000000;00000000;00000000;00000000;0000034355550;0000034572420;0000000000000;00216870;
20170606;WDO;*;J18 ;0000000000000;0000000000000;00000000;00000000;00000000;00000000;00000000;0000034506960;0000034737580;0000000000000;00230620;
20170606;WDO;*;J19 ;0000000000000;0000000000000;00000000;00000000;00000000;00000000;00000000;0000036834050;0000037136150;0000000000000;00302100;
20170606;WDO;*;J20 ;0000000000000;0000000000000;00000000;00000000;00000000;00000000;00000000;0000039575620;0000039962990;0000000000000;00387370;
20170606;WDO;*;J22 ;0000000000000;0000000000000;00000000;00000000;00000000;00000000;00000000;0000045296330;0000045854930;0000000000000;00558600;
20170606;WDO;*;K18 ;0000000000000;0000000000000;00000000;00000000;00000000;00000000;00000000;0000034688200;0000034921130;0000000000000;00232930;
20170606;WDO;*;M18 ;0000000000000;0000000000000;00000000;00000000;00000000;00000000;00000000;0000034878560;0000035115760;0000000000000;00237200;
20170606;WDO;*;N17 ;0018527673910;0005645754917;00026791;03320000;03292000;03321500;03297500;0000032939360;0000033125020;0000000018566;00185660;
20170606;WDO;*;N18 ;0000000000000;0000000000000;00000000;00000000;00000000;00000000;00000000;0000035070370;0000035311860;0000000000000;00241490;
20170606;WDO;*;N19 ;0000000000000;0000000000000;00000000;00000000;00000000;00000000;00000000;0000037463500;0000037803170;0000000000000;00339670;
20170606;WDO;*;N21 ;0000000000000;0000000000000;00000000;00000000;00000000;00000000;00000000;0000043179050;0000043663950;0000000000000;00484900;
20170606;WDO;*;Q17 ;0000001027590;0000000313127;00000045;03315000;03314000;03319000;03316000;0000033143510;0000033329400;0000000018589;00185890;
20170606;WDO;*;U17 ;0000000000000;0000000000000;00000079;00000000;00000000;00000000;00000000;0000033365250;0000033554910;0000000018966;00189660;
20170606;WDO;*;V17 ;0000000000000;0000000000000;00000021;00000000;00000000;00000000;00000000;0000033528400;0000033719300;0000000019090;00190900;
20170606;WDO;*;V18 ;0000000000000;0000000000000;00000000;00000000;00000000;00000000;00000000;0000035659020;0000035929330;0000000000000;00270310;
20170606;WDO;*;V19 ;0000000000000;0000000000000;00000000;00000000;00000000;00000000;00000000;0000038193490;0000038549210;0000000000000;00355720;
20170606;WDO;*;X17 ;0000000000000;0000000000000;00000024;00000000;00000000;00000000;00000000;0000033703850;0000033899850;0000000019600;00196000;
20170606;WDO;*;Z17 ;0000000000000;0000000000000;00000012;00000000;00000000;00000000;00000000;0000033865600;0000034066710;0000000020111;00201110;
20170606;WEU;*;N17 ;0000000000000;0000000000000;00000015;00000000;00000000;00000000;00000000;0000037160690;0000037332140;0000000017145;00171450;
20170606;WEU;*;Q17 ;0000000000000;0000000000000;00000000;00000000;00000000;00000000;00000000;0000037438140;0000037609890;0000000000000;00171750;
20170606;WEU;*;U17 ;0000000000000;0000000000000;00000000;00000000;00000000;00000000;00000000;0000037744170;0000037920490;0000000000000;00176320;
20170606;WEU;*;V17 ;0000000000000;0000000000000;00000000;00000000;00000000;00000000;00000000;0000037988210;0000038166290;0000000000000;00178080;
20170606;WIN;*;G18 ;0000000000000;0000000000000;00000000;00000000;00000000;00000000;00000000;0000000066516;0000000065965;0000000000000;00000551;
20170606;WIN;*;G19 ;0000000000000;0000000000000;00000000;00000000;00000000;00000000;00000000;0000000072214;0000000071756;0000000000000;00000458;
20170606;WIN;*;J18 ;0000000000000;0000000000000;00000000;00000000;00000000;00000000;00000000;0000000067412;0000000066875;0000000000000;00000537;
20170606;WIN;*;M17 ;0012055315553;0003673497137;00125999;00062265;00062225;00063455;00063130;0000000063132;0000000062570;0000000011240;00000562;
20170606;WIN;*;M18 ;0000000000000;0000000000000;00000000;00000000;00000000;00000000;00000000;0000000068230;0000000067705;0000000000000;00000525;
20170606;WIN;*;Q17 ;0000000114968;0000000035033;00000024;00063585;00063585;00064200;00064200;0000000064078;0000000063523;0000000011100;00000555;
20170606;WIN;*;Q18 ;0000000000000;0000000000000;00000000;00000000;00000000;00000000;00000000;0000000069238;0000000068733;0000000000000;00000505;
20170606;WIN;*;V17 ;0000000064990;0000000019804;00000000;00064990;00064990;00064990;00064990;0000000064991;0000000064426;0000000011300;00000565;
20170606;WIN;*;V18 ;0000000000000;0000000000000;00000000;00000000;00000000;00000000;00000000;0000000070226;0000000069739;0000000000000;00000487;
20170606;WIN;*;Z17 ;0000000000000;0000000000000;00000000;00000000;00000000;00000000;00000000;0000000065720;0000000065165;0000000000000;00000555;
20170606;WIN;*;Z18 ;0000000000000;0000000000000;00000000;00000000;00000000;00000000;00000000;0000000071127;0000000070655;0000000000000;00000472;
20170606;WTI;*;N17 ;0000002200708;0000000670600;00000659;00004790;00004790;00004790;00004790;0000000004819;0000000004740;0000000025925;00000079;
20170606;WTI;*;Q17 ;0000000000000;0000000000000;00000026;00000000;00000000;00000000;00000000;0000000004834;0000000004758;0000000024940;00000076;
20170606;ZAR;*;N17 ;0000000000000;0000000000000;00000287;00000000;00000000;00000000;00000000;0000025539980;0000025949510;0000000143335;00409530;
20170606;ZAR;*;Q17 ;0000000000000;0000000000000;00000030;00000000;00000000;00000000;00000000;0000025576200;0000025977630;0000000140500;00401430;
20170606;ZAR;*;U17 ;0000000000000;0000000000000;00000000;00000000;00000000;00000000;00000000;0000025601460;0000026010990;0000000000000;00409530;
