Data;Código do Contrato;Pregão;Vencimento;Volume(R$);Volume(U$);Número de contas em Aberto;Preço de Abertura;Preço Mínimo;Preço Máximo;Último Preço;Preço de Ajuste Atual; Preço de Ajuste Anterior;Valor de Ajuste por Contrato;Variação
20170306;AUD;*;J17 ;0000000000000;0000000000000;00002213;00000000;00000000;00000000;00000000;0000023821240;0000023766320;0000000032952;00054920;
20170306;AUD;*;K17 ;0000000000000;0000000000000;00000011;00000000;00000000;00000000;00000000;0000023953650;0000023901060;0000000031554;00052590;
20170306;AUD;*;M17 ;0000000000000;0000000000000;00000180;00000000;00000000;00000000;00000000;0000024125420;0000024070540;0000000032928;00054880;
20170306;BGI;*;F18 ;0000000000000;0000000000000;00000002;00000000;00000000;00000000;00000000;0000000014498;0000000014493;0000000001650;00000005;
20170306;BGI;*;H17 ;0000002406310;0000000770957;00001185;00014295;00014270;00014329;00014301;0000000014301;0000000014318;0000000005610;00000017;
20170306;BGI;*;J17 ;0000000046860;0000000015013;00000018;00014200;00014200;00014200;00014200;0000000014238;0000000014240;0000000000660;00000002;
20170306;BGI;*;K17 ;0000011460243;0000003671743;00004883;00014140;00014089;00014140;00014128;0000000014127;0000000014129;0000000000660;00000002;
20170306;BGI;*;M17 ;0000000000000;0000000000000;00000004;00000000;00000000;00000000;00000000;0000000014201;0000000014215;0000000004620;00000014;
20170306;BGI;*;N17 ;0000000000000;0000000000000;00000002;00000000;00000000;00000000;00000000;0000000014268;0000000014293;0000000008250;00000025;
20170306;BGI;*;Q17 ;0000000000000;0000000000000;00000000;00000000;00000000;00000000;00000000;0000000014333;0000000014371;0000000000000;00000038;
20170306;BGI;*;U17 ;0000000000000;0000000000000;00000000;00000000;00000000;00000000;00000000;0000000014392;0000000014442;0000000000000;00000050;
20170306;BGI;*;V17 ;0000000382143;0000000122435;00001794;00014500;00014450;00014500;00014451;0000000014450;0000000014513;0000000020790;00000063;
20170306;BGI;*;X17 ;0000000000000;0000000000000;00000077;00000000;00000000;00000000;00000000;0000000014533;0000000014528;0000000001650;00000005;
20170306;BGI;*;Z17 ;0000000000000;0000000000000;00000087;00000000;00000000;00000000;00000000;0000000014583;0000000014578;0000000001650;00000005;
20170306;BRI;*;J17 ;0000001001070;0000000321774;00000695;00011123;00011123;00011123;00011123;0000000011131;0000000011209;0000000078000;00000078;
20170306;BRI;*;M17 ;0000000000000;0000000000000;00000000;00000000;00000000;00000000;00000000;0000000011314;0000000011394;0000000000000;00000080;
20170306;BSE;*;H17 ;0000000000000;0000000000000;00000000;00000000;00000000;00000000;00000000;0000000029220;0000000029025;0000000000000;00000195;
20170306;BSE;*;J17 ;0000000000000;0000000000000;00000000;00000000;00000000;00000000;00000000;0000000029423;0000000029226;0000000000000;00000197;
20170306;CAD;*;J17 ;0000000140400;0000000045129;00002199;02340000;02340000;02340000;02340000;0000023449410;0000023439250;0000000006096;00010160;
20170306;CAD;*;K17 ;0000000000000;0000000000000;00000000;00000000;00000000;00000000;00000000;0000023602780;0000023593410;0000000000000;00009370;
20170306;CAD;*;M17 ;0000000000000;0000000000000;00000000;00000000;00000000;00000000;00000000;0000023792470;0000023782150;0000000000000;00010320;
20170306;CCM;*;F18 ;0000000014202;0000000004550;00000144;00003156;00003156;00003156;00003156;0000000003100;0000000003071;0000000013050;00000029;
20170306;CCM;*;F19 ;0000000000000;0000000000000;00000000;00000000;00000000;00000000;00000000;0000000002711;0000000002689;0000000000000;00000022;
20170306;CCM;*;H17 ;0000024251080;0000007769794;00005997;00003546;00003540;00003595;00003582;0000000003580;0000000003546;0000000015300;00000034;
20170306;CCM;*;H18 ;0000000000000;0000000000000;00000034;00000000;00000000;00000000;00000000;0000000003150;0000000003129;0000000009450;00000021;
20170306;CCM;*;H19 ;0000000000000;0000000000000;00000000;00000000;00000000;00000000;00000000;0000000002595;0000000002574;0000000000000;00000021;
20170306;CCM;*;K17 ;0000007328925;0000002348111;00008561;00003178;00003161;00003220;00003211;0000000003211;0000000003181;0000000013500;00000030;
20170306;CCM;*;K18 ;0000000000000;0000000000000;00000000;00000000;00000000;00000000;00000000;0000000002824;0000000002799;0000000000000;00000025;
20170306;CCM;*;K19 ;0000000000000;0000000000000;00000000;00000000;00000000;00000000;00000000;0000000002484;0000000002464;0000000000000;00000020;
20170306;CCM;*;N17 ;0000000000000;0000000000000;00000000;00000000;00000000;00000000;00000000;0000000003127;0000000003110;0000000000000;00000017;
20170306;CCM;*;N18 ;0000000000000;0000000000000;00000000;00000000;00000000;00000000;00000000;0000000002698;0000000002674;0000000000000;00000024;
20170306;CCM;*;U17 ;0000003526434;0000001129833;00011176;00003030;00003030;00003044;00003043;0000000003043;0000000003038;0000000002250;00000005;
20170306;CCM;*;U18 ;0000000000000;0000000000000;00000000;00000000;00000000;00000000;00000000;0000000002576;0000000002554;0000000000000;00000022;
20170306;CCM;*;X17 ;0000000247207;0000000079203;00000445;00003050;00003045;00003075;00003060;0000000003072;0000000003055;0000000007650;00000017;
20170306;CCM;*;X18 ;0000000000000;0000000000000;00000000;00000000;00000000;00000000;00000000;0000000002642;0000000002620;0000000000000;00000022;
20170306;CHF;*;J17 ;0000004359050;0000001401128;00000178;03114000;03103000;03114000;03103000;0000031111770;0000031115380;0000000001805;00003610;
20170306;CHF;*;K17 ;0000000000000;0000000000000;00000000;00000000;00000000;00000000;00000000;0000031355280;0000031364250;0000000000000;00008970;
20170306;CHF;*;M17 ;0000000000000;0000000000000;00000000;00000000;00000000;00000000;00000000;0000031654340;0000031656750;0000000000000;00002410;
20170306;CLP;*;J17 ;0000000000000;0000000000000;00000062;00000000;00000000;00000000;00000000;0000047465000;0000047738000;0000000068250;00273000;
20170306;CLP;*;K17 ;0000000000000;0000000000000;00000000;00000000;00000000;00000000;00000000;0000047681000;0000047956000;0000000000000;00275000;
20170306;CLP;*;M17 ;0000000000000;0000000000000;00000775;00000000;00000000;00000000;00000000;0000047953000;0000048233000;0000000070000;00280000;
20170306;CNY;*;J17 ;0000000000000;0000000000000;00000175;00000000;00000000;00000000;00000000;0000045477020;0000045378180;0000000034594;00098840;
20170306;CNY;*;K17 ;0000000000000;0000000000000;00000000;00000000;00000000;00000000;00000000;0000045622850;0000045521530;0000000000000;00101320;
20170306;CNY;*;M17 ;0000000000000;0000000000000;00000000;00000000;00000000;00000000;00000000;0000045830020;0000045700780;0000000000000;00129240;
20170306;CR1;*;U7Z7;0000000000000;0000000000000;00000000;00000000;00000000;00000000;00000000;0000000000000;0000000000000;0000000000000;00000000;
20170306;DAP;*;F18 ;0000000000000;0000000000000;00000000;00000000;00000000;00000000;00000000;0000009523452;0000009523297;0000000000000;00000155;
20170306;DAP;*;H17 ;0000000000000;0000000000000;00000485;00000000;00000000;00000000;00000000;0000009984168;0000009984043;0000000000150;00000125;
20170306;DAP;*;J17 ;0000000000000;0000000000000;00000085;00000000;00000000;00000000;00000000;0000009917225;0000009917463;0000000000286;00000238;
20170306;DAP;*;K17 ;0000000000000;0000000000000;00026113;00000000;00000000;00000000;00000000;0000009885486;0000009885856;0000000000444;00000370;
20170306;DAP;*;K19 ;0000112045252;0000036014674;00048435;00000516;00000516;00000516;00000516;0000008965415;0000008959955;0000000006561;00005460;
20170306;DAP;*;K21 ;0000000000000;0000000000000;00009990;00000000;00000000;00000000;00000000;0000008043178;0000008046396;0000000003867;00003218;
20170306;DAP;*;K23 ;0000058302587;0000018740184;00010210;00000538;00000538;00000542;00000542;0000007245899;0000007254404;0000000010220;00008505;
20170306;DAP;*;Q18 ;0000279941911;0000089981650;00031055;00000530;00000530;00000533;00000533;0000009281192;0000009276162;0000000006044;00005030;
20170306;DAP;*;Q20 ;0000000000000;0000000000000;00002860;00000000;00000000;00000000;00000000;0000008375558;0000008370143;0000000006507;00005415;
20170306;DAP;*;Q22 ;0000000000000;0000000000000;00009220;00000000;00000000;00000000;00000000;0000007500201;0000007500202;0000000000001;00000001;
20170306;DAP;*;Q24 ;0000000000000;0000000000000;00005853;00000000;00000000;00000000;00000000;0000006795431;0000006805034;0000000011539;00009603;
20170306;DAP;*;Q26 ;0000000000000;0000000000000;00001532;00000000;00000000;00000000;00000000;0000006083334;0000006110590;0000000032753;00027256;
20170306;DAP;*;Q30 ;0000000000000;0000000000000;00000235;00000000;00000000;00000000;00000000;0000005092044;0000005072686;0000000023262;00019358;
20170306;DCO;*;F18 ;0000000000000;0000000000000;00000000;00000000;00000000;00000000;00000000;0000009772104;0000009760460;0000000000000;00011644;
20170306;DCO;*;F19 ;0000000000000;0000000000000;00000000;00000000;00000000;00000000;00000000;0000009496771;0000009472342;0000000000000;00024429;
20170306;DCO;*;F20 ;0000000000000;0000000000000;00000000;00000000;00000000;00000000;00000000;0000009154938;0000009124488;0000000000000;00030450;
20170306;DCO;*;F21 ;0000000000000;0000000000000;00000000;00000000;00000000;00000000;00000000;0000008751033;0000008716351;0000000000000;00034682;
20170306;DCO;*;F22 ;0000000000000;0000000000000;00000000;00000000;00000000;00000000;00000000;0000008357780;0000008316067;0000000000000;00041713;
20170306;DCO;*;F23 ;0000000000000;0000000000000;00000000;00000000;00000000;00000000;00000000;0000007954606;0000007917238;0000000000000;00037368;
20170306;DCO;*;F24 ;0000000000000;0000000000000;00000000;00000000;00000000;00000000;00000000;0000007548409;0000007510935;0000000000000;00037474;
20170306;DCO;*;F25 ;0000000000000;0000000000000;00000000;00000000;00000000;00000000;00000000;0000007137483;0000007099229;0000000000000;00038254;
20170306;DCO;*;F26 ;0000000000000;0000000000000;00000000;00000000;00000000;00000000;00000000;0000006728177;0000006684732;0000000000000;00043445;
20170306;DCO;*;F27 ;0000000000000;0000000000000;00000000;00000000;00000000;00000000;00000000;0000006311000;0000006274349;0000000000000;00036651;
20170306;DCO;*;F28 ;0000000000000;0000000000000;00000000;00000000;00000000;00000000;00000000;0000005963938;0000005925729;0000000000000;00038209;
20170306;DCO;*;F29 ;0000000000000;0000000000000;00000000;00000000;00000000;00000000;00000000;0000005629363;0000005593426;0000000000000;00035937;
20170306;DCO;*;F30 ;0000000000000;0000000000000;00000000;00000000;00000000;00000000;00000000;0000005319888;0000005286036;0000000000000;00033852;
20170306;DCO;*;G18 ;0000000000000;0000000000000;00000000;00000000;00000000;00000000;00000000;0000009752662;0000009740307;0000000000000;00012355;
20170306;DCO;*;H18 ;0000000000000;0000000000000;00000000;00000000;00000000;00000000;00000000;0000009736150;0000009723622;0000000000000;00012528;
20170306;DCO;*;J17 ;0000000000000;0000000000000;00000000;00000000;00000000;00000000;00000000;0000009935935;0000009927161;0000000000000;00008774;
20170306;DCO;*;J18 ;0000000000000;0000000000000;00000000;00000000;00000000;00000000;00000000;0000009715424;0000009703552;0000000000000;00011872;
20170306;DCO;*;J19 ;0000000000000;0000000000000;00000000;00000000;00000000;00000000;00000000;0000009420365;0000009395633;0000000000000;00024732;
20170306;DCO;*;J20 ;0000000000000;0000000000000;00000000;00000000;00000000;00000000;00000000;0000009059735;0000009029510;0000000000000;00030225;
20170306;DCO;*;J21 ;0000000000000;0000000000000;00000000;00000000;00000000;00000000;00000000;0000008649509;0000008610322;0000000000000;00039187;
20170306;DCO;*;K17 ;0000000000000;0000000000000;00000000;00000000;00000000;00000000;00000000;0000009919274;0000009910164;0000000000000;00009110;
20170306;DCO;*;M17 ;0000000000000;0000000000000;00000000;00000000;00000000;00000000;00000000;0000009902363;0000009893135;0000000000000;00009228;
20170306;DCO;*;N17 ;0000000000000;0000000000000;00000000;00000000;00000000;00000000;00000000;0000009886598;0000009877563;0000000000000;00009035;
20170306;DCO;*;N18 ;0000000000000;0000000000000;00000000;00000000;00000000;00000000;00000000;0000009649164;0000009637131;0000000000000;00012033;
20170306;DCO;*;N19 ;0000000000000;0000000000000;00000000;00000000;00000000;00000000;00000000;0000009338650;0000009312409;0000000000000;00026241;
20170306;DCO;*;N20 ;0000000000000;0000000000000;00000000;00000000;00000000;00000000;00000000;0000008958600;0000008928216;0000000000000;00030384;
20170306;DCO;*;N21 ;0000000000000;0000000000000;00000000;00000000;00000000;00000000;00000000;0000008559299;0000008518370;0000000000000;00040929;
20170306;DCO;*;Q17 ;0000000000000;0000000000000;00000000;00000000;00000000;00000000;00000000;0000009866149;0000009857623;0000000000000;00008526;
20170306;DCO;*;U17 ;0000000000000;0000000000000;00000000;00000000;00000000;00000000;00000000;0000009850613;0000009840918;0000000000000;00009695;
20170306;DCO;*;V17 ;0000000000000;0000000000000;00000000;00000000;00000000;00000000;00000000;0000009829700;0000009819746;0000000000000;00009954;
20170306;DCO;*;V18 ;0000000000000;0000000000000;00000000;00000000;00000000;00000000;00000000;0000009574096;0000009557170;0000000000000;00016926;
20170306;DCO;*;V19 ;0000000000000;0000000000000;00000000;00000000;00000000;00000000;00000000;0000009249674;0000009222941;0000000000000;00026733;
20170306;DCO;*;V20 ;0000000000000;0000000000000;00000000;00000000;00000000;00000000;00000000;0000008854161;0000008823259;0000000000000;00030902;
20170306;DCO;*;V21 ;0000000000000;0000000000000;00000000;00000000;00000000;00000000;00000000;0000008464673;0000008425065;0000000000000;00039608;
20170306;DCO;*;X17 ;0000000000000;0000000000000;00000000;00000000;00000000;00000000;00000000;0000009810975;0000009800811;0000000000000;00010164;
20170306;DCO;*;Z17 ;0000000000000;0000000000000;00000000;00000000;00000000;00000000;00000000;0000009792161;0000009781877;0000000000000;00010284;
20170306;DDI;*;F18 ;0000000000000;0000000000000;00248749;00000000;00000000;00000000;00000000;0000009773706;0000009762079;0000000018233;00011627;
20170306;DDI;*;F19 ;0000000000000;0000000000000;00105057;00000000;00000000;00000000;00000000;0000009500115;0000009475699;0000000038289;00024416;
20170306;DDI;*;F20 ;0000000000000;0000000000000;00096010;00000000;00000000;00000000;00000000;0000009159746;0000009129304;0000000047739;00030442;
20170306;DDI;*;F21 ;0000000000000;0000000000000;00100231;00000000;00000000;00000000;00000000;0000008756993;0000008722311;0000000054388;00034682;
20170306;DDI;*;F22 ;0000000000000;0000000000000;00037734;00000000;00000000;00000000;00000000;0000008364631;0000008322902;0000000065439;00041729;
20170306;DDI;*;F23 ;0000000000000;0000000000000;00029316;00000000;00000000;00000000;00000000;0000007962093;0000007924711;0000000058622;00037382;
20170306;DDI;*;F24 ;0000000000000;0000000000000;00025235;00000000;00000000;00000000;00000000;0000007556309;0000007518814;0000000058799;00037495;
20170306;DDI;*;F25 ;0000000000000;0000000000000;00018125;00000000;00000000;00000000;00000000;0000007145584;0000007107302;0000000060033;00038282;
20170306;DDI;*;F26 ;0000000000000;0000000000000;00014530;00000000;00000000;00000000;00000000;0000006736295;0000006696848;0000000061860;00039447;
20170306;DDI;*;F27 ;0000000000000;0000000000000;00010100;00000000;00000000;00000000;00000000;0000006322941;0000006286237;0000000057559;00036704;
20170306;DDI;*;F28 ;0000000000000;0000000000000;00000110;00000000;00000000;00000000;00000000;0000005975684;0000005937409;0000000060022;00038275;
20170306;DDI;*;F29 ;0000000000000;0000000000000;00000000;00000000;00000000;00000000;00000000;0000005640794;0000005604792;0000000000000;00036002;
20170306;DDI;*;F30 ;0000000000000;0000000000000;00000500;00000000;00000000;00000000;00000000;0000005330960;0000005297045;0000000053185;00033915;
20170306;DDI;*;G18 ;0000000000000;0000000000000;00013230;00000000;00000000;00000000;00000000;0000009754416;0000009742078;0000000019348;00012338;
20170306;DDI;*;H18 ;0000000000000;0000000000000;00001500;00000000;00000000;00000000;00000000;0000009737098;0000009725535;0000000018133;00011563;
20170306;DDI;*;J17 ;0000000000000;0000000000000;00746250;00000000;00000000;00000000;00000000;0000009936012;0000009927325;0000000013622;00008687;
20170306;DDI;*;J18 ;0000000000000;0000000000000;00054417;00000000;00000000;00000000;00000000;0000009716452;0000009705626;0000000016977;00010826;
20170306;DDI;*;J19 ;0000000000000;0000000000000;00043019;00000000;00000000;00000000;00000000;0000009424094;0000009399376;0000000038762;00024718;
20170306;DDI;*;J20 ;0000000000000;0000000000000;00020955;00000000;00000000;00000000;00000000;0000009064855;0000009034637;0000000047387;00030218;
20170306;DDI;*;J21 ;0000000000000;0000000000000;00005397;00000000;00000000;00000000;00000000;0000008655694;0000008616499;0000000061465;00039195;
20170306;DDI;*;K17 ;0000000000000;0000000000000;00228610;00000000;00000000;00000000;00000000;0000009919429;0000009910485;0000000014025;00008944;
20170306;DDI;*;M17 ;0000000000000;0000000000000;00095703;00000000;00000000;00000000;00000000;0000009902837;0000009893621;0000000014452;00009216;
20170306;DDI;*;N17 ;0000000000000;0000000000000;00330972;00000000;00000000;00000000;00000000;0000009887244;0000009878223;0000000014146;00009021;
20170306;DDI;*;N18 ;0000000000000;0000000000000;00043729;00000000;00000000;00000000;00000000;0000009651663;0000009639649;0000000018840;00012014;
20170306;DDI;*;N19 ;0000000000000;0000000000000;00053934;00000000;00000000;00000000;00000000;0000009342755;0000009316528;0000000041129;00026227;
20170306;DDI;*;N20 ;0000000000000;0000000000000;00030915;00000000;00000000;00000000;00000000;0000008964012;0000008933635;0000000047637;00030377;
20170306;DDI;*;N21 ;0000000000000;0000000000000;00004457;00000000;00000000;00000000;00000000;0000008565726;0000008524785;0000000064203;00040941;
20170306;DDI;*;Q17 ;0000000000000;0000000000000;00099714;00000000;00000000;00000000;00000000;0000009866950;0000009858436;0000000013351;00008514;
20170306;DDI;*;U17 ;0000000000000;0000000000000;00046380;00000000;00000000;00000000;00000000;0000009851578;0000009841898;0000000015180;00009680;
20170306;DDI;*;V17 ;0000000000000;0000000000000;00122252;00000000;00000000;00000000;00000000;0000009830828;0000009820889;0000000015586;00009939;
20170306;DDI;*;V18 ;0000000000000;0000000000000;00049248;00000000;00000000;00000000;00000000;0000009577020;0000009560111;0000000026516;00016909;
20170306;DDI;*;V19 ;0000000000000;0000000000000;00031584;00000000;00000000;00000000;00000000;0000009254139;0000009227418;0000000041903;00026721;
20170306;DDI;*;V20 ;0000000000000;0000000000000;00021570;00000000;00000000;00000000;00000000;0000008859848;0000008828952;0000000048451;00030896;
20170306;DDI;*;V21 ;0000000000000;0000000000000;00002172;00000000;00000000;00000000;00000000;0000008471326;0000008431706;0000000062132;00039620;
20170306;DDI;*;X17 ;0000000000000;0000000000000;00027959;00000000;00000000;00000000;00000000;0000009812259;0000009802110;0000000015915;00010149;
20170306;DDI;*;Z17 ;0000000000000;0000000000000;00027400;00000000;00000000;00000000;00000000;0000009793600;0000009783331;0000000016103;00010269;
20170306;DDM;*;K17 ;0000000000000;0000000000000;00000000;00000000;00000000;00000000;00000000;0000009878285;0000009879309;0000000000000;00001024;
20170306;DDM;*;K19 ;0000000000000;0000000000000;00000000;00000000;00000000;00000000;00000000;0000008871315;0000008872358;0000000000000;00001043;
20170306;DDM;*;K21 ;0000000000000;0000000000000;00000000;00000000;00000000;00000000;00000000;0000007978215;0000007982323;0000000000000;00004108;
20170306;DDM;*;K25 ;0000000000000;0000000000000;00000000;00000000;00000000;00000000;00000000;0000006474589;0000006480404;0000000000000;00005815;
20170306;DDM;*;Q18 ;0000000000000;0000000000000;00000000;00000000;00000000;00000000;00000000;0000009196506;0000009197447;0000000000000;00000941;
20170306;DDM;*;Q20 ;0000000000000;0000000000000;00000000;00000000;00000000;00000000;00000000;0000008298779;0000008302461;0000000000000;00003682;
20170306;DI1;*;F18 ;0017839626187;0005734186039;02463121;00010240;00010195;00010240;00010205;0000009236044;0000009234612;0000000001432;00001432;
20170306;DI1;*;F19 ;0012119672080;0003895622796;01542181;00009730;00009650;00009730;00009670;0000008463144;0000008455500;0000000007644;00007644;
20170306;DI1;*;F20 ;0003292141232;0001058192032;01128629;00009850;00009800;00009850;00009810;0000007685186;0000007675971;0000000009215;00009215;
20170306;DI1;*;F21 ;0006712979343;0002157751067;01547944;00009990;00009950;00010010;00009970;0000006964907;0000006955792;0000000009115;00009115;
20170306;DI1;*;F22 ;0000134054225;0000043089012;00084795;00010110;00010100;00010140;00010140;0000006297798;0000006287261;0000000010537;00010537;
20170306;DI1;*;F23 ;0001910982895;0000614246696;00677496;00010230;00010190;00010240;00010230;0000005689200;0000005680606;0000000008594;00008594;
20170306;DI1;*;F24 ;0000000515540;0000000165710;00047625;00010240;00010240;00010260;00010260;0000005153818;0000005141477;0000000012341;00012341;
20170306;DI1;*;F25 ;0001153780495;0000370859341;00542750;00010320;00010270;00010340;00010320;0000004652703;0000004643145;0000000009558;00009558;
20170306;DI1;*;F26 ;0000023992526;0000007711911;00063223;00010330;00010300;00010350;00010350;0000004206123;0000004199683;0000000006440;00006440;
20170306;DI1;*;F27 ;0000617115847;0000198359374;00299841;00010380;00010340;00010410;00010400;0000003801426;0000003791554;0000000009872;00009872;
20170306;DI1;*;F28 ;0000000000000;0000000000000;00000010;00000000;00000000;00000000;00000000;0000003439238;0000003429379;0000000009859;00009859;
20170306;DI1;*;F29 ;0000000000000;0000000000000;00003310;00000000;00000000;00000000;00000000;0000003113992;0000003104231;0000000009761;00009761;
20170306;DI1;*;F30 ;0000000000000;0000000000000;00000170;00000000;00000000;00000000;00000000;0000002818617;0000002809024;0000000009593;00009593;
20170306;DI1;*;G18 ;0000000000000;0000000000000;00013210;00000000;00000000;00000000;00000000;0000009165964;0000009164358;0000000001606;00001606;
20170306;DI1;*;H18 ;0000000000000;0000000000000;00000000;00000000;00000000;00000000;00000000;0000009108976;0000009107224;0000000000000;00001752;
20170306;DI1;*;J17 ;0017079080287;0005489723984;02325524;00012133;00012131;00012133;00012132;0000009909533;0000009909540;0000000000007;00000007;
20170306;DI1;*;J18 ;0002069874380;0000665319141;00651057;00009980;00009950;00009980;00009960;0000009042964;0000009041042;0000000001922;00001922;
20170306;DI1;*;J19 ;0000885698353;0000284689773;00213849;00009740;00009690;00009740;00009690;0000008271682;0000008261562;0000000010120;00010120;
20170306;DI1;*;J20 ;0000002999924;0000000964265;00073644;00009860;00009860;00009860;00009860;0000007499810;0000007488927;0000000010883;00010883;
20170306;DI1;*;J21 ;0000001019495;0000000327696;00025455;00010000;00010000;00010000;00010000;0000006794132;0000006786636;0000000007496;00007496;
20170306;DI1;*;K17 ;0000033919540;0000010902748;00238861;00011910;00011910;00011910;00011910;0000009831804;0000009831828;0000000000024;00000024;
20170306;DI1;*;M17 ;0000331681162;0000106612183;00187735;00011648;00011648;00011660;00011655;0000009741013;0000009740693;0000000000320;00000320;
20170306;DI1;*;N17 ;0017319225156;0005566913682;02247870;00011330;00011300;00011335;00011330;0000009661038;0000009660608;0000000000430;00000430;
20170306;DI1;*;N18 ;0004133486100;0001328625277;00694949;00009830;00009780;00009830;00009800;0000008847698;0000008844202;0000000003496;00003496;
20170306;DI1;*;N19 ;0000601434787;0000193319015;00438699;00009770;00009710;00009780;00009740;0000008080506;0000008071041;0000000009465;00009465;
20170306;DI1;*;N20 ;0003006693075;0000966440511;00886966;00009940;00009900;00009960;00009920;0000007317818;0000007309600;0000000008218;00008218;
20170306;DI1;*;N21 ;0000004307650;0000001384607;00053865;00010080;00010040;00010080;00010060;0000006627452;0000006618885;0000000008567;00008567;
20170306;DI1;*;N22 ;0000000000000;0000000000000;00004140;00000000;00000000;00000000;00000000;0000005989549;0000005979891;0000000009658;00009658;
20170306;DI1;*;N23 ;0000000000000;0000000000000;00003135;00000000;00000000;00000000;00000000;0000005415715;0000005405264;0000000010451;00010451;
20170306;DI1;*;N24 ;0000000000000;0000000000000;00001550;00000000;00000000;00000000;00000000;0000004902693;0000004891694;0000000010999;00010999;
20170306;DI1;*;Q17 ;0000333957057;0000107343723;00111913;00011060;00011060;00011120;00011105;0000009582894;0000009581483;0000000001411;00001411;
20170306;DI1;*;U17 ;0000000000000;0000000000000;00032982;00000000;00000000;00000000;00000000;0000009503074;0000009501802;0000000001272;00001272;
20170306;DI1;*;V17 ;0001321731731;0000424843859;00640495;00010670;00010635;00010670;00010660;0000009434072;0000009433086;0000000000986;00000986;
20170306;DI1;*;V18 ;0000184688154;0000059364262;00602305;00009750;00009710;00009750;00009710;0000008651180;0000008645752;0000000005428;00005428;
20170306;DI1;*;V19 ;0000005120288;0000001645813;00056682;00009770;00009770;00009770;00009770;0000007877367;0000007867923;0000000009444;00009444;
20170306;DI1;*;V20 ;0000002497889;0000000802896;00045288;00009940;00009940;00009940;00009940;0000007135672;0000007124676;0000000010996;00010996;
20170306;DI1;*;V21 ;0000001614785;0000000519040;00015357;00010070;00010070;00010070;00010070;0000006459140;0000006448389;0000000010751;00010751;
20170306;DI1;*;X17 ;0000000000000;0000000000000;00015142;00000000;00000000;00000000;00000000;0000009365406;0000009364276;0000000001130;00001130;
20170306;DI1;*;Z17 ;0000102301199;0000032882646;00021235;00010330;00010330;00010330;00010330;0000009300482;0000009299205;0000000001277;00001277;
20170306;DOL;*;F18 ;0000000000000;0000000000000;00003870;00000000;00000000;00000000;00000000;0000033189810;0000033155460;0000000017175;00034350;
20170306;DOL;*;F19 ;0000000000000;0000000000000;00000000;00000000;00000000;00000000;00000000;0000035206960;0000035148220;0000000000000;00058740;
20170306;DOL;*;F20 ;0000000000000;0000000000000;00000000;00000000;00000000;00000000;00000000;0000037381830;0000037302310;0000000000000;00079520;
20170306;DOL;*;F21 ;0000000000000;0000000000000;00003100;00000000;00000000;00000000;00000000;0000039434030;0000039329320;0000000052355;00104710;
20170306;DOL;*;F25 ;0000000000000;0000000000000;00000000;00000000;00000000;00000000;00000000;0000048168570;0000048009140;0000000000000;00159430;
20170306;DOL;*;G18 ;0000000000000;0000000000000;00000000;00000000;00000000;00000000;00000000;0000033377560;0000033341180;0000000000000;00036380;
20170306;DOL;*;H18 ;0000000000000;0000000000000;00000000;00000000;00000000;00000000;00000000;0000033526750;0000033493380;0000000000000;00033370;
20170306;DOL;*;J17 ;0033923986875;0010904177582;00540219;03146500;03123500;03163000;03161000;0000031447920;0000031420330;0000000013795;00027590;
20170306;DOL;*;J18 ;0000000000000;0000000000000;00000000;00000000;00000000;00000000;00000000;0000033699880;0000033669490;0000000000000;00030390;
20170306;DOL;*;J19 ;0000000000000;0000000000000;00000050;00000000;00000000;00000000;00000000;0000035733640;0000035683570;0000000025035;00050070;
20170306;DOL;*;K17 ;0000000000000;0000000000000;00004605;00000000;00000000;00000000;00000000;0000031643530;0000031614920;0000000014305;00028610;
20170306;DOL;*;M17 ;0000000000000;0000000000000;00003560;00000000;00000000;00000000;00000000;0000031885040;0000031856410;0000000014315;00028630;
20170306;DOL;*;N17 ;0000000000000;0000000000000;00030865;00000000;00000000;00000000;00000000;0000032098370;0000032070510;0000000013930;00027860;
20170306;DOL;*;N18 ;0000000000000;0000000000000;00000170;00000000;00000000;00000000;00000000;0000034213960;0000034184880;0000000014540;00029080;
20170306;DOL;*;N19 ;0000000000000;0000000000000;00000400;00000000;00000000;00000000;00000000;0000036263340;0000036203950;0000000029695;00059390;
20170306;DOL;*;N21 ;0000000000000;0000000000000;00000000;00000000;00000000;00000000;00000000;0000040536760;0000040395220;0000000000000;00141540;
20170306;DOL;*;Q17 ;0000000000000;0000000000000;00002905;00000000;00000000;00000000;00000000;0000032293690;0000032270580;0000000011555;00023110;
20170306;DOL;*;U17 ;0000000000000;0000000000000;00000840;00000000;00000000;00000000;00000000;0000032514210;0000032486610;0000000013800;00027600;
20170306;DOL;*;V17 ;0000000000000;0000000000000;00001035;00000000;00000000;00000000;00000000;0000032683030;0000032653400;0000000014815;00029630;
20170306;DOL;*;V18 ;0000000000000;0000000000000;00000000;00000000;00000000;00000000;00000000;0000034720540;0000034681000;0000000000000;00039540;
20170306;DOL;*;V19 ;0000000000000;0000000000000;00000000;00000000;00000000;00000000;00000000;0000036845660;0000036783370;0000000000000;00062290;
20170306;DOL;*;X17 ;0000000000000;0000000000000;00000000;00000000;00000000;00000000;00000000;0000032860480;0000032830450;0000000000000;00030030;
20170306;DOL;*;Z17 ;0000000000000;0000000000000;00000000;00000000;00000000;00000000;00000000;0000033026940;0000032996840;0000000000000;00030100;
20170306;DR1;*;J7K7;0000000000000;0000000000000;00000000;00000000;00000000;00000000;00000000;0000000000000;0000000000000;0000000000000;00000000;
20170306;ETH;*;H17 ;0000001132500;0000000362841;00000764;00151000;00151000;00151000;00151000;0000000159300;0000000159300;0000000000000;00000000;
20170306;ETH;*;J17 ;0000000000000;0000000000000;00000000;00000000;00000000;00000000;00000000;0000000155100;0000000155100;0000000000000;00000000;
20170306;ETH;*;K17 ;0000000000000;0000000000000;00000110;00000000;00000000;00000000;00000000;0000000155500;0000000155500;0000000000000;00000000;
20170306;ETH;*;M17 ;0000000000000;0000000000000;00000200;00000000;00000000;00000000;00000000;0000000161500;0000000161500;0000000000000;00000000;
20170306;ETH;*;N17 ;0000000000000;0000000000000;00000205;00000000;00000000;00000000;00000000;0000000165000;0000000165000;0000000000000;00000000;
20170306;ETH;*;Q17 ;0000000000000;0000000000000;00000205;00000000;00000000;00000000;00000000;0000000165000;0000000165000;0000000000000;00000000;
20170306;ETH;*;U17 ;0000000000000;0000000000000;00000000;00000000;00000000;00000000;00000000;0000000163000;0000000163000;0000000000000;00000000;
20170306;ETH;*;V17 ;0000000000000;0000000000000;00000000;00000000;00000000;00000000;00000000;0000000163000;0000000163000;0000000000000;00000000;
20170306;ETH;*;X17 ;0000000000000;0000000000000;00000000;00000000;00000000;00000000;00000000;0000000163000;0000000163000;0000000000000;00000000;
20170306;ETH;*;Z17 ;0000000000000;0000000000000;00000000;00000000;00000000;00000000;00000000;0000000165000;0000000165000;0000000000000;00000000;
20170306;EUR;*;J17 ;0000011662250;0000003748594;00012471;03328000;03324000;03349000;03349000;0000033309910;0000033287080;0000000011415;00022830;
20170306;EUR;*;K17 ;0000000000000;0000000000000;00000050;00000000;00000000;00000000;00000000;0000033553410;0000033529300;0000000012055;00024110;
20170306;EUR;*;M17 ;0000000000000;0000000000000;00000000;00000000;00000000;00000000;00000000;0000033858980;0000033836910;0000000000000;00022070;
20170306;EUR;*;N17 ;0000000000000;0000000000000;00003190;00000000;00000000;00000000;00000000;0000034142240;0000034120890;0000000010675;00021350;
20170306;EUR;*;V17 ;0000000000000;0000000000000;00000000;00000000;00000000;00000000;00000000;0000034940810;0000034919290;0000000000000;00021520;
20170306;FRC;*;F18 ;0000000000000;0000000000000;00000000;00000220;00000218;00000220;00000218;0000000000218;0000000000222;0000000000002;00000004;
20170306;FRC;*;F19 ;0000000000000;0000000000000;00000000;00000259;00000259;00000260;00000260;0000000000259;0000000000268;0000000000004;00000009;
20170306;FRC;*;F20 ;0000000000000;0000000000000;00000000;00000000;00000000;00000000;00000000;0000000000304;0000000000313;0000000000000;00000009;
20170306;FRC;*;F21 ;0000000000000;0000000000000;00000000;00000353;00000353;00000353;00000353;0000000000353;0000000000363;0000000000005;00000010;
20170306;FRC;*;F22 ;0000000000000;0000000000000;00000000;00000000;00000000;00000000;00000000;0000000000390;0000000000400;0000000000000;00000010;
20170306;FRC;*;F23 ;0000000000000;0000000000000;00000000;00000000;00000000;00000000;00000000;0000000000425;0000000000433;0000000000000;00000008;
20170306;FRC;*;F24 ;0000000000000;0000000000000;00000000;00000462;00000462;00000462;00000462;0000000000460;0000000000468;0000000000004;00000008;
20170306;FRC;*;F25 ;0000000000000;0000000000000;00000000;00000000;00000000;00000000;00000000;0000000000497;0000000000505;0000000000000;00000008;
20170306;FRC;*;F26 ;0000000000000;0000000000000;00000000;00000000;00000000;00000000;00000000;0000000000535;0000000000543;0000000000000;00000008;
20170306;FRC;*;F27 ;0000000000000;0000000000000;00000000;00000000;00000000;00000000;00000000;0000000000577;0000000000585;0000000000000;00000008;
20170306;FRC;*;F28 ;0000000000000;0000000000000;00000000;00000000;00000000;00000000;00000000;0000000000608;0000000000616;0000000000000;00000008;
20170306;FRC;*;F29 ;0000000000000;0000000000000;00000000;00000000;00000000;00000000;00000000;0000000000639;0000000000647;0000000000000;00000008;
20170306;FRC;*;F30 ;0000000000000;0000000000000;00000000;00000000;00000000;00000000;00000000;0000000000668;0000000000676;0000000000000;00000008;
20170306;FRC;*;G18 ;0000000000000;0000000000000;00000000;00000220;00000220;00000220;00000220;0000000000220;0000000000225;0000000000002;00000005;
20170306;FRC;*;H18 ;0000000000000;0000000000000;00000000;00000000;00000000;00000000;00000000;0000000000221;0000000000225;0000000000000;00000004;
20170306;FRC;*;J18 ;0000000000000;0000000000000;00000000;00000221;00000221;00000223;00000223;0000000000223;0000000000226;0000000000001;00000003;
20170306;FRC;*;J19 ;0000000000000;0000000000000;00000000;00000000;00000000;00000000;00000000;0000000000269;0000000000278;0000000000000;00000009;
20170306;FRC;*;J20 ;0000000000000;0000000000000;00000000;00000000;00000000;00000000;00000000;0000000000316;0000000000325;0000000000000;00000009;
20170306;FRC;*;J21 ;0000000000000;0000000000000;00000000;00000000;00000000;00000000;00000000;0000000000365;0000000000375;0000000000000;00000010;
20170306;FRC;*;K17 ;0000000000000;0000000000000;00000000;00000212;00000207;00000212;00000207;0000000000207;0000000000210;0000000000001;00000003;
20170306;FRC;*;M17 ;0000000000000;0000000000000;00000000;00000208;00000205;00000208;00000205;0000000000205;0000000000208;0000000000001;00000003;
20170306;FRC;*;N17 ;0000000000000;0000000000000;00000000;00000198;00000193;00000198;00000193;0000000000195;0000000000197;0000000000001;00000002;
20170306;FRC;*;N18 ;0000000000000;0000000000000;00000000;00000000;00000000;00000000;00000000;0000000000233;0000000000236;0000000000000;00000003;
20170306;FRC;*;N19 ;0000000000000;0000000000000;00000000;00000000;00000000;00000000;00000000;0000000000279;0000000000288;0000000000000;00000009;
20170306;FRC;*;N20 ;0000000000000;0000000000000;00000000;00000000;00000000;00000000;00000000;0000000000329;0000000000338;0000000000000;00000009;
20170306;FRC;*;N21 ;0000000000000;0000000000000;00000000;00000000;00000000;00000000;00000000;0000000000372;0000000000382;0000000000000;00000010;
20170306;FRC;*;Q17 ;0000000000000;0000000000000;00000000;00000210;00000210;00000210;00000210;0000000000210;0000000000210;0000000000000;00000000;
20170306;FRC;*;U17 ;0000000000000;0000000000000;00000000;00000204;00000204;00000204;00000204;0000000000204;0000000000207;0000000000001;00000003;
20170306;FRC;*;V17 ;0000000000000;0000000000000;00000000;00000212;00000212;00000215;00000212;0000000000212;0000000000214;0000000000001;00000002;
20170306;FRC;*;V18 ;0000000000000;0000000000000;00000000;00000000;00000000;00000000;00000000;0000000000247;0000000000253;0000000000000;00000006;
20170306;FRC;*;V19 ;0000000000000;0000000000000;00000000;00000000;00000000;00000000;00000000;0000000000291;0000000000300;0000000000000;00000009;
20170306;FRC;*;V20 ;0000000000000;0000000000000;00000000;00000000;00000000;00000000;00000000;0000000000342;0000000000351;0000000000000;00000009;
20170306;FRC;*;V21 ;0000000000000;0000000000000;00000000;00000000;00000000;00000000;00000000;0000000000379;0000000000389;0000000000000;00000010;
20170306;FRC;*;X17 ;0000000000000;0000000000000;00000000;00000214;00000214;00000214;00000214;0000000000214;0000000000217;0000000000001;00000003;
20170306;FRC;*;Z17 ;0000000000000;0000000000000;00000000;00000000;00000000;00000000;00000000;0000000000216;0000000000219;0000000000000;00000003;
20170306;FRO;*;F18 ;0000000000000;0000000000000;00000000;00000000;00000000;00000000;00000000;0000000000220;0000000000224;0000000000000;00000004;
20170306;FRO;*;F19 ;0000000000000;0000000000000;00000000;00000000;00000000;00000000;00000000;0000000000261;0000000000270;0000000000000;00000009;
20170306;FRO;*;F20 ;0000000000000;0000000000000;00000000;00000000;00000000;00000000;00000000;0000000000306;0000000000315;0000000000000;00000009;
20170306;FRO;*;F21 ;0000000000000;0000000000000;00000000;00000000;00000000;00000000;00000000;0000000000355;0000000000365;0000000000000;00000010;
20170306;FRO;*;F22 ;0000000000000;0000000000000;00000000;00000000;00000000;00000000;00000000;0000000000392;0000000000402;0000000000000;00000010;
20170306;FRO;*;F23 ;0000000000000;0000000000000;00000000;00000000;00000000;00000000;00000000;0000000000427;0000000000435;0000000000000;00000008;
20170306;FRO;*;F24 ;0000000000000;0000000000000;00000000;00000000;00000000;00000000;00000000;0000000000462;0000000000470;0000000000000;00000008;
20170306;FRO;*;F25 ;0000000000000;0000000000000;00000000;00000000;00000000;00000000;00000000;0000000000499;0000000000507;0000000000000;00000008;
20170306;FRO;*;F26 ;0000000000000;0000000000000;00000000;00000000;00000000;00000000;00000000;0000000000537;0000000000546;0000000000000;00000009;
20170306;FRO;*;F27 ;0000000000000;0000000000000;00000000;00000000;00000000;00000000;00000000;0000000000580;0000000000588;0000000000000;00000008;
20170306;FRO;*;F28 ;0000000000000;0000000000000;00000000;00000000;00000000;00000000;00000000;0000000000611;0000000000619;0000000000000;00000008;
20170306;FRO;*;F29 ;0000000000000;0000000000000;00000000;00000000;00000000;00000000;00000000;0000000000642;0000000000650;0000000000000;00000008;
20170306;FRO;*;F30 ;0000000000000;0000000000000;00000000;00000000;00000000;00000000;00000000;0000000000671;0000000000679;0000000000000;00000008;
20170306;FRO;*;G18 ;0000000000000;0000000000000;00000000;00000000;00000000;00000000;00000000;0000000000222;0000000000227;0000000000000;00000005;
20170306;FRO;*;H18 ;0000000000000;0000000000000;00000000;00000000;00000000;00000000;00000000;0000000000223;0000000000227;0000000000000;00000004;
20170306;FRO;*;J18 ;0000000000000;0000000000000;00000000;00000000;00000000;00000000;00000000;0000000000225;0000000000228;0000000000000;00000003;
20170306;FRO;*;J19 ;0000000000000;0000000000000;00000000;00000000;00000000;00000000;00000000;0000000000271;0000000000280;0000000000000;00000009;
20170306;FRO;*;J20 ;0000000000000;0000000000000;00000000;00000000;00000000;00000000;00000000;0000000000318;0000000000327;0000000000000;00000009;
20170306;FRO;*;J21 ;0000000000000;0000000000000;00000000;00000000;00000000;00000000;00000000;0000000000367;0000000000377;0000000000000;00000010;
20170306;FRO;*;K17 ;0000000000000;0000000000000;00000000;00000000;00000000;00000000;00000000;0000000000209;0000000000212;0000000000000;00000003;
20170306;FRO;*;M17 ;0000000000000;0000000000000;00000000;00000000;00000000;00000000;00000000;0000000000207;0000000000210;0000000000000;00000003;
20170306;FRO;*;N17 ;0000000000000;0000000000000;00000000;00000000;00000000;00000000;00000000;0000000000197;0000000000199;0000000000000;00000002;
20170306;FRO;*;N18 ;0000000000000;0000000000000;00000000;00000000;00000000;00000000;00000000;0000000000235;0000000000238;0000000000000;00000003;
20170306;FRO;*;N19 ;0000000000000;0000000000000;00000000;00000000;00000000;00000000;00000000;0000000000281;0000000000290;0000000000000;00000009;
20170306;FRO;*;N20 ;0000000000000;0000000000000;00000000;00000000;00000000;00000000;00000000;0000000000331;0000000000340;0000000000000;00000009;
20170306;FRO;*;N21 ;0000000000000;0000000000000;00000000;00000000;00000000;00000000;00000000;0000000000374;0000000000384;0000000000000;00000010;
20170306;FRO;*;Q17 ;0000000000000;0000000000000;00000000;00000000;00000000;00000000;00000000;0000000000212;0000000000212;0000000000000;00000000;
20170306;FRO;*;U17 ;0000000000000;0000000000000;00000000;00000000;00000000;00000000;00000000;0000000000206;0000000000209;0000000000000;00000003;
20170306;FRO;*;V17 ;0000000000000;0000000000000;00000000;00000000;00000000;00000000;00000000;0000000000214;0000000000216;0000000000000;00000002;
20170306;FRO;*;V18 ;0000000000000;0000000000000;00000000;00000000;00000000;00000000;00000000;0000000000249;0000000000255;0000000000000;00000006;
20170306;FRO;*;V19 ;0000000000000;0000000000000;00000000;00000000;00000000;00000000;00000000;0000000000293;0000000000302;0000000000000;00000009;
20170306;FRO;*;V20 ;0000000000000;0000000000000;00000000;00000000;00000000;00000000;00000000;0000000000344;0000000000353;0000000000000;00000009;
20170306;FRO;*;V21 ;0000000000000;0000000000000;00000000;00000000;00000000;00000000;00000000;0000000000381;0000000000391;0000000000000;00000010;
20170306;FRO;*;X17 ;0000000000000;0000000000000;00000000;00000000;00000000;00000000;00000000;0000000000216;0000000000219;0000000000000;00000003;
20170306;FRO;*;Z17 ;0000000000000;0000000000000;00000000;00000000;00000000;00000000;00000000;0000000000218;0000000000221;0000000000000;00000003;
20170306;FRP;*;FRP0;0000000000000;0000000000000;00000000;00002290;00002100;00002480;00002480;0000000000000;0000000000000;0000000000000;00000000;
20170306;GBP;*;J17 ;0000000808920;0000000260011;00001003;03852000;03852000;03852000;03852000;0000038487430;0000038577940;0000000031678;00090510;
20170306;GBP;*;K17 ;0000000000000;0000000000000;00000000;00000000;00000000;00000000;00000000;0000038746600;0000038836320;0000000000000;00089720;
20170306;GBP;*;M17 ;0000000000000;0000000000000;00000000;00000000;00000000;00000000;00000000;0000039075310;0000039167360;0000000000000;00092050;
20170306;HSI;*;H17 ;0000000000000;0000000000000;00000000;00000000;00000000;00000000;00000000;0000000023581;0000000023550;0000000000000;00000031;
20170306;HSI;*;J17 ;0000000000000;0000000000000;00000000;00000000;00000000;00000000;00000000;0000000023586;0000000023556;0000000000000;00000030;
20170306;IAP;*;H17 ;0000000000000;0000000000000;00000000;00000000;00000000;00000000;00000000;0000000481516;0000000481520;0000000000100;00000004;
20170306;IAP;*;J17 ;0000000000000;0000000000000;00000000;00000000;00000000;00000000;00000000;0000000482965;0000000482976;0000000000000;00000011;
20170306;IAP;*;K17 ;0000000000000;0000000000000;00000000;00000000;00000000;00000000;00000000;0000000485195;0000000485220;0000000000000;00000025;
20170306;IAP;*;K19 ;0000000000000;0000000000000;00000000;00000000;00000000;00000000;00000000;0000000527019;0000000527332;0000000000000;00000313;
20170306;IAP;*;K21 ;0000000000000;0000000000000;00000000;00000000;00000000;00000000;00000000;0000000575456;0000000576614;0000000000000;00001158;
20170306;IAP;*;Q18 ;0000000000000;0000000000000;00000000;00000000;00000000;00000000;00000000;0000000509988;0000000510109;0000000000000;00000121;
20170306;IAP;*;Q20 ;0000000000000;0000000000000;00000000;00000000;00000000;00000000;00000000;0000000557779;0000000558159;0000000000000;00000380;
20170306;IAP;*;Q22 ;0000000000000;0000000000000;00000000;00000000;00000000;00000000;00000000;0000000608876;0000000609853;0000000000000;00000977;
20170306;ICF;*;H17 ;0000000000000;0000000000000;00000170;00000000;00000000;00000000;00000000;0000000015920;0000000016135;0000000067105;00000215;
20170306;ICF;*;H18 ;0000000000000;0000000000000;00000000;00000000;00000000;00000000;00000000;0000000018380;0000000018610;0000000000000;00000230;
20170306;ICF;*;K17 ;0000000000000;0000000000000;00000100;00000000;00000000;00000000;00000000;0000000016915;0000000017160;0000000076469;00000245;
20170306;ICF;*;N17 ;0000000000000;0000000000000;00000100;00000000;00000000;00000000;00000000;0000000017140;0000000017385;0000000076469;00000245;
20170306;ICF;*;U17 ;0000016702836;0000005351415;00004508;00017800;00017500;00017845;00017540;0000000017505;0000000017715;0000000065545;00000210;
20170306;ICF;*;U18 ;0000002230097;0000000714500;00000350;00018350;00018300;00018350;00018305;0000000018035;0000000018255;0000000068666;00000220;
20170306;ICF;*;Z17 ;0000000000000;0000000000000;00000192;00000000;00000000;00000000;00000000;0000000017960;0000000018195;0000000073348;00000235;
20170306;ICF;*;Z18 ;0000000000000;0000000000000;00000029;00000000;00000000;00000000;00000000;0000000018335;0000000018555;0000000068666;00000220;
20170306;IGM;*;K17 ;0000000000000;0000000000000;00000000;00000000;00000000;00000000;00000000;0000000669475;0000000669543;0000000001360;00000068;
20170306;IGM;*;K19 ;0000000000000;0000000000000;00000000;00000000;00000000;00000000;00000000;0000000720312;0000000721261;0000000000000;00000949;
20170306;IGM;*;K21 ;0000000000000;0000000000000;00000000;00000000;00000000;00000000;00000000;0000000788754;0000000790080;0000000000000;00001326;
20170306;IGM;*;Q18 ;0000000000000;0000000000000;00000000;00000000;00000000;00000000;00000000;0000000697959;0000000698363;0000000000000;00000404;
20170306;IGM;*;Q20 ;0000000000000;0000000000000;00000000;00000000;00000000;00000000;00000000;0000000762410;0000000763725;0000000000000;00001315;
20170306;IND;*;G18 ;0000000000000;0000000000000;00000000;00000000;00000000;00000000;00000000;0000000071758;0000000072409;0000000000000;00000651;
20170306;IND;*;J17 ;0003536729200;0001136809874;00258254;00067205;00066830;00067630;00067090;0000000066975;0000000067570;0000000059500;00000595;
20170306;IND;*;J18 ;0000000000000;0000000000000;00000000;00000000;00000000;00000000;00000000;0000000072731;0000000073396;0000000000000;00000665;
20170306;IND;*;M17 ;0000010228500;0000003287744;00025285;00068100;00068100;00068200;00068200;0000000068076;0000000068684;0000000060800;00000608;
20170306;IND;*;M18 ;0000000000000;0000000000000;00001080;00000000;00000000;00000000;00000000;0000000073582;0000000074263;0000000068100;00000681;
20170306;IND;*;Q17 ;0000000000000;0000000000000;00002205;00000000;00000000;00000000;00000000;0000000069097;0000000069721;0000000062400;00000624;
20170306;IND;*;Q18 ;0000000000000;0000000000000;00000000;00000000;00000000;00000000;00000000;0000000074614;0000000075316;0000000000000;00000702;
20170306;IND;*;V17 ;0000000000000;0000000000000;00000950;00000000;00000000;00000000;00000000;0000000070029;0000000070659;0000000063000;00000630;
20170306;IND;*;V18 ;0000000000000;0000000000000;00000000;00000000;00000000;00000000;00000000;0000000075621;0000000076344;0000000000000;00000723;
20170306;IND;*;Z17 ;0000000000000;0000000000000;00011050;00000000;00000000;00000000;00000000;0000000070863;0000000071503;0000000064000;00000640;
20170306;IND;*;Z18 ;0000000000000;0000000000000;00000025;00000000;00000000;00000000;00000000;0000000076529;0000000077274;0000000074500;00000745;
20170306;ISP;*;H17 ;0000180669414;0000057884600;00002781;00237575;00236750;00237775;00237700;0000000237550;0000000238125;0000000089734;00000575;
20170306;ISP;*;M17 ;0000053917363;0000017274562;00000027;00237250;00236525;00237250;00236725;0000000237200;0000000237775;0000000089734;00000575;
20170306;ISP;*;U17 ;0000000000000;0000000000000;00000000;00000000;00000000;00000000;00000000;0000000236900;0000000237475;0000000000000;00000575;
20170306;ISP;*;Z17 ;0000000000000;0000000000000;00000000;00000000;00000000;00000000;00000000;0000000236650;0000000237225;0000000000000;00000575;
20170306;JPY;*;J17 ;0000003449675;0000001108828;00002351;02759500;02759500;02760700;02760700;0000027607500;0000027524600;0000000041450;00082900;
20170306;JPY;*;K17 ;0000000000000;0000000000000;00000029;00000000;00000000;00000000;00000000;0000027801900;0000027717300;0000000042300;00084600;
20170306;JPY;*;M17 ;0000000000000;0000000000000;00000000;00000000;00000000;00000000;00000000;0000028046600;0000027962900;0000000000000;00083700;
20170306;JPY;*;N17 ;0000000000000;0000000000000;00000000;00000000;00000000;00000000;00000000;0000028276400;0000028192500;0000000000000;00083900;
20170306;JSE;*;H17 ;0000000000000;0000000000000;00000000;00000000;00000000;00000000;00000000;0000000044316;0000000044530;0000000000000;00000214;
20170306;JSE;*;M17 ;0000000000000;0000000000000;00000000;00000000;00000000;00000000;00000000;0000000044808;0000000045025;0000000000000;00000217;
20170306;MIX;*;H17 ;0000000000000;0000000000000;00000000;00000000;00000000;00000000;00000000;0000000002051;0000000002063;0000000000000;00000012;
20170306;MIX;*;M17 ;0000000000000;0000000000000;00000000;00000000;00000000;00000000;00000000;0000000002074;0000000002088;0000000000000;00000014;
20170306;MXN;*;J17 ;0000005277007;0000001696187;00000575;01598000;01598000;01599300;01599300;0000016029360;0000016013550;0000000011857;00015810;
20170306;MXN;*;K17 ;0000000000000;0000000000000;00000013;00000000;00000000;00000000;00000000;0000016053700;0000016037230;0000000012352;00016470;
20170306;MXN;*;M17 ;0000000000000;0000000000000;00000000;00000000;00000000;00000000;00000000;0000016101240;0000016085280;0000000000000;00015960;
20170306;NZD;*;J17 ;0000000000000;0000000000000;00000005;00000000;00000000;00000000;00000000;0000021978700;0000022044490;0000000049342;00065790;
20170306;NZD;*;K17 ;0000000000000;0000000000000;00000000;00000000;00000000;00000000;00000000;0000022099320;0000022162230;0000000000000;00062910;
20170306;NZD;*;M17 ;0000000000000;0000000000000;00000000;00000000;00000000;00000000;00000000;0000022248280;0000022312080;0000000000000;00063800;
20170306;OC1;*;F18 ;0000000000000;0000000000000;00000000;00000000;00000000;00000000;00000000;0000009234811;0000009233311;0000000000000;00001500;
20170306;OC1;*;F19 ;0000000000000;0000000000000;00000000;00000000;00000000;00000000;00000000;0000008460631;0000008452852;0000000000000;00007779;
20170306;OC1;*;F20 ;0000000000000;0000000000000;00000000;00000000;00000000;00000000;00000000;0000007681642;0000007672238;0000000000000;00009404;
20170306;OC1;*;F21 ;0000000000000;0000000000000;00000000;00000000;00000000;00000000;00000000;0000006960565;0000006951218;0000000000000;00009347;
20170306;OC1;*;F22 ;0000000000000;0000000000000;00000000;00000000;00000000;00000000;00000000;0000006292852;0000006281778;0000000000000;00011074;
20170306;OC1;*;F23 ;0000000000000;0000000000000;00000000;00000000;00000000;00000000;00000000;0000005683513;0000005674631;0000000000000;00008882;
20170306;OC1;*;F24 ;0000000000000;0000000000000;00000000;00000000;00000000;00000000;00000000;0000005147791;0000005135151;0000000000000;00012640;
20170306;OC1;*;F25 ;0000000000000;0000000000000;00000000;00000000;00000000;00000000;00000000;0000004646459;0000004636587;0000000000000;00009872;
20170306;OC1;*;F26 ;0000000000000;0000000000000;00000000;00000000;00000000;00000000;00000000;0000004199753;0000004192990;0000000000000;00006763;
20170306;OC1;*;F27 ;0000000000000;0000000000000;00000000;00000000;00000000;00000000;00000000;0000003795023;0000003784835;0000000000000;00010188;
20170306;OC1;*;F28 ;0000000000000;0000000000000;00000000;00000000;00000000;00000000;00000000;0000003432858;0000003422684;0000000000000;00010174;
20170306;OC1;*;F29 ;0000000000000;0000000000000;00000000;00000000;00000000;00000000;00000000;0000003107688;0000003097618;0000000000000;00010070;
20170306;OC1;*;F30 ;0000000000000;0000000000000;00000000;00000000;00000000;00000000;00000000;0000002812431;0000002802537;0000000000000;00009894;
20170306;OC1;*;G18 ;0000000000000;0000000000000;00000000;00000000;00000000;00000000;00000000;0000009164609;0000009162928;0000000000000;00001681;
20170306;OC1;*;H18 ;0000000000000;0000000000000;00000000;00000000;00000000;00000000;00000000;0000009107521;0000009105690;0000000000000;00001831;
20170306;OC1;*;J17 ;0000000000000;0000000000000;00029800;00000000;00000000;00000000;00000000;0000009909393;0000009909400;0000000000007;00000007;
20170306;OC1;*;J18 ;0000000000000;0000000000000;00000000;00000000;00000000;00000000;00000000;0000009041396;0000009039388;0000000000000;00002008;
20170306;OC1;*;J19 ;0000000000000;0000000000000;00000000;00000000;00000000;00000000;00000000;0000008268898;0000008258630;0000000000000;00010268;
20170306;OC1;*;J20 ;0000000000000;0000000000000;00000000;00000000;00000000;00000000;00000000;0000007496052;0000007484968;0000000000000;00011084;
20170306;OC1;*;J21 ;0000000000000;0000000000000;00000000;00000000;00000000;00000000;00000000;0000006789630;0000006781891;0000000000000;00007739;
20170306;OC1;*;K17 ;0000000000000;0000000000000;00000000;00000000;00000000;00000000;00000000;0000009831539;0000009831562;0000000000000;00000023;
20170306;OC1;*;M17 ;0000000000000;0000000000000;00000000;00000000;00000000;00000000;00000000;0000009740598;0000009740278;0000000000000;00000320;
20170306;OC1;*;N17 ;0000000000000;0000000000000;00000000;00000000;00000000;00000000;00000000;0000009660480;0000009660050;0000000000000;00000430;
20170306;OC1;*;N18 ;0000000000000;0000000000000;00000000;00000000;00000000;00000000;00000000;0000008845799;0000008842199;0000000000000;00003600;
20170306;OC1;*;N19 ;0000000000000;0000000000000;00000000;00000000;00000000;00000000;00000000;0000008077461;0000008067833;0000000000000;00009628;
20170306;OC1;*;N20 ;0000000000000;0000000000000;00000000;00000000;00000000;00000000;00000000;0000007313863;0000007305431;0000000000000;00008432;
20170306;OC1;*;N21 ;0000000000000;0000000000000;00000000;00000000;00000000;00000000;00000000;0000006622796;0000006613979;0000000000000;00008817;
20170306;OC1;*;N22 ;0000000000000;0000000000000;00000000;00000000;00000000;00000000;00000000;0000005984079;0000005974145;0000000000000;00009934;
20170306;OC1;*;N23 ;0000000000000;0000000000000;00000000;00000000;00000000;00000000;00000000;0000005409844;0000005399098;0000000000000;00010746;
20170306;OC1;*;N24 ;0000000000000;0000000000000;00000000;00000000;00000000;00000000;00000000;0000004896547;0000004885241;0000000000000;00011306;
20170306;OC1;*;Q17 ;0000000000000;0000000000000;00000000;00000000;00000000;00000000;00000000;0000009582196;0000009580784;0000000000000;00001412;
20170306;OC1;*;U17 ;0000000000000;0000000000000;00000000;00000000;00000000;00000000;00000000;0000009502266;0000009500951;0000000000000;00001315;
20170306;OC1;*;V17 ;0000000000000;0000000000000;00000000;00000000;00000000;00000000;00000000;0000009433140;0000009432106;0000000000000;00001034;
20170306;OC1;*;V18 ;0000000000000;0000000000000;00000000;00000000;00000000;00000000;00000000;0000008648962;0000008643413;0000000000000;00005549;
20170306;OC1;*;V19 ;0000000000000;0000000000000;00000000;00000000;00000000;00000000;00000000;0000007874062;0000007864439;0000000000000;00009623;
20170306;OC1;*;V20 ;0000000000000;0000000000000;00000000;00000000;00000000;00000000;00000000;0000007131515;0000007120298;0000000000000;00011217;
20170306;OC1;*;V21 ;0000000000000;0000000000000;00000000;00000000;00000000;00000000;00000000;0000006454330;0000006443322;0000000000000;00011008;
20170306;OC1;*;X17 ;0000000000000;0000000000000;00000000;00000000;00000000;00000000;00000000;0000009364345;0000009363215;0000000000000;00001130;
20170306;OC1;*;Z17 ;0000000000000;0000000000000;00000000;00000000;00000000;00000000;00000000;0000009299300;0000009298024;0000000000000;00001276;
20170306;OZ1;*;0000;0000001763611;0000000566877;00000000;00122999;00121500;00123000;00121700;0000000121750;0000000123221;0000000000000;00002000;
20170306;OZ1;*;J17 ;0000000000000;0000000000000;00000000;00000000;00000000;00000000;00000000;0000000122755;0000000124829;0000000000000;00002074;
20170306;OZ1;*;K17 ;0000000000000;0000000000000;00000000;00000000;00000000;00000000;00000000;0000000123728;0000000125818;0000000000000;00002090;
20170306;OZ2;*;0000;0000000206091;0000000066244;00000000;00122250;00121800;00123500;00121900;0000000122070;0000000123189;0000000000000;00002000;
20170306;OZ3;*;0000;0000000014611;0000000004696;00000000;00122250;00121000;00122250;00121000;0000000121161;0000000122310;0000000000000;00001700;
20170306;SCS;*;J703;0000000000000;0000000000000;00194220;00000000;00000000;00000000;00000000;0000000000000;0000000000000;0000000000000;00000000;
20170306;SCS;*;K702;0000000000000;0000000000000;00127785;00000000;00000000;00000000;00000000;0000000000000;0000000000000;0000000000000;00000000;
20170306;SCS;*;M701;0000000000000;0000000000000;00026000;00000000;00000000;00000000;00000000;0000000000000;0000000000000;0000000000000;00000000;
20170306;SCS;*;N703;0000000000000;0000000000000;00091470;00000000;00000000;00000000;00000000;0000000000000;0000000000000;0000000000000;00000000;
20170306;SFI;*;K17 ;0000000000000;0000000000000;00000000;00000000;00000000;00000000;00000000;0000000002219;0000000002220;0000000000000;00000001;
20170306;SFI;*;N17 ;0000000000000;0000000000000;00000000;00000000;00000000;00000000;00000000;0000000002236;0000000002236;0000000000000;00000000;
20170306;SFI;*;X17 ;0000000000000;0000000000000;00000000;00000000;00000000;00000000;00000000;0000000002180;0000000002181;0000000000000;00000001;
20170306;SJC;*;F18 ;0000000000000;0000000000000;00000000;00000000;00000000;00000000;00000000;0000000226356;0000000226356;0000000000000;00000000;
20170306;SJC;*;H18 ;0000000000000;0000000000000;00000000;00000000;00000000;00000000;00000000;0000000227017;0000000226907;0000000000000;00000110;
20170306;SJC;*;K17 ;0000000968134;0000000310180;00000806;00002300;00002283;00002309;00002283;0000000228671;0000000228726;0000000000772;00000055;
20170306;SJC;*;K18 ;0000000000000;0000000000000;00000000;00000000;00000000;00000000;00000000;0000000227458;0000000227403;0000000000000;00000055;
20170306;SJC;*;N17 ;0000000000000;0000000000000;00000122;00000000;00000000;00000000;00000000;0000000230600;0000000230600;0000000000000;00000000;
20170306;SJC;*;Q17 ;0000000000000;0000000000000;00000000;00000000;00000000;00000000;00000000;0000000230600;0000000230600;0000000000000;00000000;
20170306;SJC;*;U17 ;0000000000000;0000000000000;00000000;00000000;00000000;00000000;00000000;0000000227458;0000000227513;0000000000000;00000055;
20170306;SJC;*;X17 ;0000000636257;0000000203850;00000445;00002265;00002265;00002265;00002265;0000000225254;0000000225309;0000000000772;00000055;
20170306;TRY;*;J17 ;0000018937665;0000006087128;00000054;00836100;00836100;00836100;00836100;0000008386750;0000008383220;0000000002647;00003530;
20170306;TRY;*;K17 ;0000000000000;0000000000000;00000000;00000000;00000000;00000000;00000000;0000008370030;0000008360920;0000000000000;00009110;
20170306;TRY;*;M17 ;0000000000000;0000000000000;00000000;00000000;00000000;00000000;00000000;0000008358780;0000008357700;0000000000000;00001080;
20170306;T10;*;M17 ;0000012313706;0000003957991;00002656;00123656;00123578;00123734;00123578;0000001235937;0000001235781;0000000004853;00000156;
20170306;T10;*;U17 ;0000000000000;0000000000000;00000000;00000000;00000000;00000000;00000000;0000001232343;0000001232187;0000000000000;00000156;
20170306;WDO;*;F18 ;0000000000000;0000000000000;00000000;00000000;00000000;00000000;00000000;0000033189810;0000033155460;0000000000000;00034350;
20170306;WDO;*;F19 ;0000000000000;0000000000000;00000000;00000000;00000000;00000000;00000000;0000035206960;0000035148220;0000000000000;00058740;
20170306;WDO;*;F20 ;0000000000000;0000000000000;00000000;00000000;00000000;00000000;00000000;0000037381830;0000037302310;0000000000000;00079520;
20170306;WDO;*;F21 ;0000000000000;0000000000000;00000000;00000000;00000000;00000000;00000000;0000039434030;0000039329320;0000000000000;00104710;
20170306;WDO;*;F25 ;0000000000000;0000000000000;00000000;00000000;00000000;00000000;00000000;0000048168570;0000048009140;0000000000000;00159430;
20170306;WDO;*;G18 ;0000000000000;0000000000000;00000000;00000000;00000000;00000000;00000000;0000033377560;0000033341180;0000000000000;00036380;
20170306;WDO;*;H18 ;0000000000000;0000000000000;00000000;00000000;00000000;00000000;00000000;0000033526750;0000033493380;0000000000000;00033370;
20170306;WDO;*;J17 ;0013171118360;0004233588879;00024871;03146000;03123500;03164000;03161000;0000031447920;0000031420330;0000000002759;00027590;
20170306;WDO;*;J18 ;0000000000000;0000000000000;00000000;00000000;00000000;00000000;00000000;0000033699880;0000033669490;0000000000000;00030390;
20170306;WDO;*;J19 ;0000000000000;0000000000000;00000000;00000000;00000000;00000000;00000000;0000035733640;0000035683570;0000000000000;00050070;
20170306;WDO;*;K17 ;0000000821240;0000000263971;00000138;03163000;03145000;03174000;03174000;0000031643530;0000031614920;0000000002861;00028610;
20170306;WDO;*;M17 ;0000000000000;0000000000000;00000000;00000000;00000000;00000000;00000000;0000031885040;0000031856410;0000000000000;00028630;
20170306;WDO;*;N17 ;0000000000000;0000000000000;00000001;00000000;00000000;00000000;00000000;0000032098370;0000032070510;0000000002786;00027860;
20170306;WDO;*;N18 ;0000000000000;0000000000000;00000000;00000000;00000000;00000000;00000000;0000034213960;0000034184880;0000000000000;00029080;
20170306;WDO;*;N19 ;0000000000000;0000000000000;00000000;00000000;00000000;00000000;00000000;0000036263340;0000036203950;0000000000000;00059390;
20170306;WDO;*;N21 ;0000000000000;0000000000000;00000000;00000000;00000000;00000000;00000000;0000040536760;0000040395220;0000000000000;00141540;
20170306;WDO;*;Q17 ;0000000000000;0000000000000;00000000;00000000;00000000;00000000;00000000;0000032293690;0000032270580;0000000000000;00023110;
20170306;WDO;*;U17 ;0000000000000;0000000000000;00000000;00000000;00000000;00000000;00000000;0000032514210;0000032486610;0000000000000;00027600;
20170306;WDO;*;V17 ;0000000000000;0000000000000;00000000;00000000;00000000;00000000;00000000;0000032683030;0000032653400;0000000000000;00029630;
20170306;WDO;*;V18 ;0000000000000;0000000000000;00000000;00000000;00000000;00000000;00000000;0000034720540;0000034681000;0000000000000;00039540;
20170306;WDO;*;V19 ;0000000000000;0000000000000;00000000;00000000;00000000;00000000;00000000;0000036845660;0000036783370;0000000000000;00062290;
20170306;WDO;*;X17 ;0000000000000;0000000000000;00000000;00000000;00000000;00000000;00000000;0000032860480;0000032830450;0000000000000;00030030;
20170306;WDO;*;Z17 ;0000000000000;0000000000000;00000000;00000000;00000000;00000000;00000000;0000033026940;0000032996840;0000000000000;00030100;
20170306;WEU;*;J17 ;0000000000000;0000000000000;00000000;00000000;00000000;00000000;00000000;0000033309910;0000033287080;0000000000000;00022830;
20170306;WEU;*;K17 ;0000000000000;0000000000000;00000000;00000000;00000000;00000000;00000000;0000033553410;0000033529300;0000000000000;00024110;
20170306;WEU;*;M17 ;0000000000000;0000000000000;00000000;00000000;00000000;00000000;00000000;0000033858980;0000033836910;0000000000000;00022070;
20170306;WEU;*;N17 ;0000000000000;0000000000000;00000000;00000000;00000000;00000000;00000000;0000034142240;0000034120890;0000000000000;00021350;
20170306;WEU;*;V17 ;0000000000000;0000000000000;00000000;00000000;00000000;00000000;00000000;0000034940810;0000034919290;0000000000000;00021520;
20170306;WIN;*;G18 ;0000000000000;0000000000000;00000000;00000000;00000000;00000000;00000000;0000000071758;0000000072409;0000000000000;00000651;
20170306;WIN;*;J17 ;0011346887404;0003647226834;00054032;00067150;00066825;00067635;00067130;0000000066975;0000000067570;0000000011900;00000595;
20170306;WIN;*;J18 ;0000000000000;0000000000000;00000000;00000000;00000000;00000000;00000000;0000000072731;0000000073396;0000000000000;00000665;
20170306;WIN;*;M17 ;0000000218300;0000000070168;00000005;00068150;00068100;00068400;00068100;0000000068076;0000000068684;0000000012160;00000608;
20170306;WIN;*;M18 ;0000000000000;0000000000000;00000000;00000000;00000000;00000000;00000000;0000000073582;0000000074263;0000000000000;00000681;
20170306;WIN;*;Q17 ;0000000000000;0000000000000;00000000;00000000;00000000;00000000;00000000;0000000069097;0000000069721;0000000000000;00000624;
20170306;WIN;*;Q18 ;0000000000000;0000000000000;00000000;00000000;00000000;00000000;00000000;0000000074614;0000000075316;0000000000000;00000702;
20170306;WIN;*;V17 ;0000000000000;0000000000000;00000000;00000000;00000000;00000000;00000000;0000000070029;0000000070659;0000000000000;00000630;
20170306;WIN;*;V18 ;0000000000000;0000000000000;00000000;00000000;00000000;00000000;00000000;0000000075621;0000000076344;0000000000000;00000723;
20170306;WIN;*;Z17 ;0000000000000;0000000000000;00000000;00000000;00000000;00000000;00000000;0000000070863;0000000071503;0000000000000;00000640;
20170306;WIN;*;Z18 ;0000000000000;0000000000000;00000000;00000000;00000000;00000000;00000000;0000000076529;0000000077274;0000000000000;00000745;
20170306;WTI;*;J17 ;0000000000000;0000000000000;00000238;00000000;00000000;00000000;00000000;0000000005320;0000000005333;0000000004057;00000013;
20170306;WTI;*;K17 ;0000000000000;0000000000000;00000030;00000000;00000000;00000000;00000000;0000000005371;0000000005378;0000000002184;00000007;
20170306;ZAR;*;J17 ;0000001848000;0000000594002;00000126;02394000;02394000;02405000;02405000;0000024056990;0000023910860;0000000051145;00146130;
20170306;ZAR;*;K17 ;0000000000000;0000000000000;00000010;00000000;00000000;00000000;00000000;0000024094830;0000023930390;0000000057554;00164440;
20170306;ZAR;*;M17 ;0000000000000;0000000000000;00000000;00000000;00000000;00000000;00000000;0000024143730;0000023987730;0000000000000;00156000;
