Data;Código do Contrato;Pregão;Vencimento;Volume(R$);Volume(U$);Número de contas em Aberto;Preço de Abertura;Preço Mínimo;Preço Máximo;Último Preço;Preço de Ajuste Atual; Preço de Ajuste Anterior;Valor de Ajuste por Contrato;Variação
20170406;AUD;*;K17 ;0000025590600;0000008212644;00001716;02369500;02369500;02369500;02369500;0000023781890;0000023558330;0000000134136;00223560;
20170406;AUD;*;M17 ;0000005045460;0000001619211;00000540;02402600;02402600;02402600;02402600;0000023940370;0000023718870;0000000132900;00221500;
20170406;AUD;*;N17 ;0000000000000;0000000000000;00000000;00000000;00000000;00000000;00000000;0000024093060;0000023869500;0000000000000;00223560;
20170406;BGI;*;F18 ;0000000000000;0000000000000;00000000;00000000;00000000;00000000;00000000;0000000014070;0000000013923;0000000000000;00000147;
20170406;BGI;*;J17 ;0000000178530;0000000056967;00000231;00013550;00013500;00013550;00013525;0000000013616;0000000013520;0000000031680;00000096;
20170406;BGI;*;K17 ;0000074217138;0000023682038;00004630;00013380;00013380;00013489;00013480;0000000013475;0000000013380;0000000031350;00000095;
20170406;BGI;*;M17 ;0000000000000;0000000000000;00000004;00000000;00000000;00000000;00000000;0000000013600;0000000013504;0000000031680;00000096;
20170406;BGI;*;N17 ;0000000000000;0000000000000;00000011;00000000;00000000;00000000;00000000;0000000013713;0000000013617;0000000031680;00000096;
20170406;BGI;*;Q17 ;0000000000000;0000000000000;00000000;00000000;00000000;00000000;00000000;0000000013830;0000000013734;0000000000000;00000096;
20170406;BGI;*;U17 ;0000000000000;0000000000000;00000000;00000000;00000000;00000000;00000000;0000000013935;0000000013838;0000000000000;00000097;
20170406;BGI;*;V17 ;0000018647316;0000005950195;00001914;00013981;00013926;00014050;00014050;0000000014045;0000000013948;0000000032010;00000097;
20170406;BGI;*;X17 ;0000000046200;0000000014742;00000011;00014000;00014000;00014000;00014000;0000000014100;0000000013953;0000000048510;00000147;
20170406;BGI;*;Z17 ;0000000000000;0000000000000;00000038;00000000;00000000;00000000;00000000;0000000014100;0000000013953;0000000048510;00000147;
20170406;BRI;*;M17 ;0000001198780;0000000384718;00000683;00010898;00010898;00010898;00010898;0000000010896;0000000010990;0000000094000;00000094;
20170406;BRI;*;Q17 ;0000000000000;0000000000000;00000000;00000000;00000000;00000000;00000000;0000000011065;0000000011160;0000000000000;00000095;
20170406;BSE;*;J17 ;0000000000000;0000000000000;00000000;00000000;00000000;00000000;00000000;0000000030082;0000000030137;0000000000000;00000055;
20170406;BSE;*;K17 ;0000000000000;0000000000000;00000000;00000000;00000000;00000000;00000000;0000000030291;0000000030346;0000000000000;00000055;
20170406;CAD;*;K17 ;0000024663138;0000007914999;00001769;02335500;02335500;02339800;02339800;0000023529110;0000023186710;0000000205440;00342400;
20170406;CAD;*;M17 ;0000019260990;0000006181319;00000410;02377900;02377900;02377900;02377900;0000023712290;0000023370130;0000000205296;00342160;
20170406;CAD;*;N17 ;0000000000000;0000000000000;00000000;00000000;00000000;00000000;00000000;0000023884280;0000023539730;0000000000000;00344550;
20170406;CCM;*;F18 ;0000000000000;0000000000000;00000173;00000000;00000000;00000000;00000000;0000000002930;0000000002921;0000000004050;00000009;
20170406;CCM;*;H18 ;0000000000000;0000000000000;00000114;00000000;00000000;00000000;00000000;0000000002945;0000000002936;0000000004050;00000009;
20170406;CCM;*;K17 ;0000026788221;0000008547886;00005761;00002713;00002695;00002743;00002707;0000000002703;0000000002726;0000000010350;00000023;
20170406;CCM;*;K18 ;0000000000000;0000000000000;00000000;00000000;00000000;00000000;00000000;0000000002670;0000000002661;0000000000000;00000009;
20170406;CCM;*;N17 ;0000000000000;0000000000000;00000000;00000000;00000000;00000000;00000000;0000000002712;0000000002719;0000000000000;00000007;
20170406;CCM;*;N18 ;0000000000000;0000000000000;00000000;00000000;00000000;00000000;00000000;0000000002652;0000000002643;0000000000000;00000009;
20170406;CCM;*;U17 ;0000034803720;0000011105562;00016222;00002696;00002696;00002745;00002713;0000000002717;0000000002708;0000000004050;00000009;
20170406;CCM;*;U18 ;0000000000000;0000000000000;00000000;00000000;00000000;00000000;00000000;0000000002634;0000000002625;0000000000000;00000009;
20170406;CCM;*;X17 ;0000000000000;0000000000000;00000577;00000000;00000000;00000000;00000000;0000000002824;0000000002815;0000000004050;00000009;
20170406;CCM;*;X18 ;0000000000000;0000000000000;00000000;00000000;00000000;00000000;00000000;0000000002703;0000000002693;0000000000000;00000010;
20170406;CHF;*;K17 ;0000000000000;0000000000000;00000204;00000000;00000000;00000000;00000000;0000031426310;0000030972230;0000000227040;00454080;
20170406;CHF;*;M17 ;0000033220815;0000010661366;00000210;03163800;03163800;03163900;03163900;0000031725670;0000031263180;0000000231245;00462490;
20170406;CHF;*;N17 ;0000000000000;0000000000000;00000000;00000000;00000000;00000000;00000000;0000032002330;0000031541680;0000000000000;00460650;
20170406;CLP;*;K17 ;0000000000000;0000000000000;00000067;00000000;00000000;00000000;00000000;0000047979000;0000047162000;0000000204250;00817000;
20170406;CLP;*;M17 ;0000000000000;0000000000000;00000775;00000000;00000000;00000000;00000000;0000048253000;0000047446000;0000000201750;00807000;
20170406;CLP;*;N17 ;0000000000000;0000000000000;00000000;00000000;00000000;00000000;00000000;0000048516000;0000047698000;0000000000000;00818000;
20170406;CNY;*;K17 ;0000000000000;0000000000000;00000000;00000000;00000000;00000000;00000000;0000045621000;0000044970630;0000000000000;00650370;
20170406;CNY;*;M17 ;0000000000000;0000000000000;00000000;00000000;00000000;00000000;00000000;0000045812360;0000045172860;0000000000000;00639500;
20170406;CNY;*;N17 ;0000000000000;0000000000000;00000090;00000000;00000000;00000000;00000000;0000046015600;0000045352730;0000000232004;00662870;
20170406;DAP;*;F18 ;0000000000000;0000000000000;00000000;00000000;00000000;00000000;00000000;0000009595428;0000009598081;0000000000000;00002653;
20170406;DAP;*;J17 ;0000000000000;0000000000000;00000085;00000000;00000000;00000000;00000000;0000009976664;0000009976386;0000000000334;00000278;
20170406;DAP;*;K17 ;0000173343550;0000055630151;00043280;00000823;00000823;00000825;00000823;0000009925485;0000009925556;0000000000085;00000071;
20170406;DAP;*;K19 ;0000112641193;0000036149292;00045650;00000494;00000494;00000500;00000500;0000009035240;0000009049185;0000000016796;00013945;
20170406;DAP;*;K21 ;0000000000000;0000000000000;00011755;00000000;00000000;00000000;00000000;0000008122404;0000008145678;0000000028033;00023274;
20170406;DAP;*;K23 ;0000000000000;0000000000000;00011695;00000000;00000000;00000000;00000000;0000007288964;0000007327908;0000000046908;00038944;
20170406;DAP;*;M17 ;0000000000000;0000000000000;00000000;00000000;00000000;00000000;00000000;0000009881331;0000009880479;0000000000000;00000852;
20170406;DAP;*;Q18 ;0000385183642;0000123614776;00052585;00000522;00000522;00000526;00000525;0000009333628;0000009342146;0000000010260;00008518;
20170406;DAP;*;Q20 ;0000000000000;0000000000000;00003010;00000000;00000000;00000000;00000000;0000008457993;0000008480808;0000000027481;00022815;
20170406;DAP;*;Q22 ;0000054049876;0000017345917;00018160;00000527;00000527;00000527;00000527;0000007582488;0000007614345;0000000038372;00031857;
20170406;DAP;*;Q24 ;0000000000000;0000000000000;00005853;00000000;00000000;00000000;00000000;0000006832579;0000006871673;0000000047089;00039094;
20170406;DAP;*;Q26 ;0000000000000;0000000000000;00001345;00000000;00000000;00000000;00000000;0000006134382;0000006178855;0000000053568;00044473;
20170406;DAP;*;Q30 ;0000000000000;0000000000000;00000235;00000000;00000000;00000000;00000000;0000005044906;0000005096900;0000000062627;00051994;
20170406;DCO;*;F18 ;0000000000000;0000000000000;00000000;00000000;00000000;00000000;00000000;0000009993230;0000009848231;0000000000000;00144999;
20170406;DCO;*;F19 ;0000000000000;0000000000000;00000000;00000000;00000000;00000000;00000000;0000009721763;0000009593258;0000000000000;00128505;
20170406;DCO;*;F20 ;0000000000000;0000000000000;00000000;00000000;00000000;00000000;00000000;0000009374414;0000009263646;0000000000000;00110768;
20170406;DCO;*;F21 ;0000000000000;0000000000000;00000000;00000000;00000000;00000000;00000000;0000008960696;0000008857073;0000000000000;00103623;
20170406;DCO;*;F22 ;0000000000000;0000000000000;00000000;00000000;00000000;00000000;00000000;0000008547518;0000008451458;0000000000000;00096060;
20170406;DCO;*;F23 ;0000000000000;0000000000000;00000000;00000000;00000000;00000000;00000000;0000008129503;0000008045772;0000000000000;00083731;
20170406;DCO;*;F24 ;0000000000000;0000000000000;00000000;00000000;00000000;00000000;00000000;0000007723462;0000007645670;0000000000000;00077792;
20170406;DCO;*;F25 ;0000000000000;0000000000000;00000000;00000000;00000000;00000000;00000000;0000007286753;0000007221394;0000000000000;00065359;
20170406;DCO;*;F26 ;0000000000000;0000000000000;00000000;00000000;00000000;00000000;00000000;0000006868653;0000006806817;0000000000000;00061836;
20170406;DCO;*;F27 ;0000000000000;0000000000000;00000000;00000000;00000000;00000000;00000000;0000006473004;0000006416562;0000000000000;00056442;
20170406;DCO;*;F28 ;0000000000000;0000000000000;00000000;00000000;00000000;00000000;00000000;0000006110378;0000006060398;0000000000000;00049980;
20170406;DCO;*;F29 ;0000000000000;0000000000000;00000000;00000000;00000000;00000000;00000000;0000005767360;0000005716876;0000000000000;00050484;
20170406;DCO;*;F30 ;0000000000000;0000000000000;00000000;00000000;00000000;00000000;00000000;0000005449192;0000005406399;0000000000000;00042793;
20170406;DCO;*;G18 ;0000000000000;0000000000000;00000000;00000000;00000000;00000000;00000000;0000009974979;0000009830411;0000000000000;00144568;
20170406;DCO;*;H18 ;0000000000000;0000000000000;00000000;00000000;00000000;00000000;00000000;0000009958137;0000009814507;0000000000000;00143630;
20170406;DCO;*;J18 ;0000000000000;0000000000000;00000000;00000000;00000000;00000000;00000000;0000009934252;0000009793974;0000000000000;00140278;
20170406;DCO;*;J19 ;0000000000000;0000000000000;00000000;00000000;00000000;00000000;00000000;0000009646431;0000009520526;0000000000000;00125905;
20170406;DCO;*;J20 ;0000000000000;0000000000000;00000000;00000000;00000000;00000000;00000000;0000009272211;0000009167105;0000000000000;00105106;
20170406;DCO;*;J21 ;0000000000000;0000000000000;00000000;00000000;00000000;00000000;00000000;0000008863607;0000008763512;0000000000000;00100095;
20170406;DCO;*;J22 ;0000000000000;0000000000000;00000000;00000000;00000000;00000000;00000000;0000008441460;0000008346836;0000000000000;00094624;
20170406;DCO;*;K17 ;0000000000000;0000000000000;00000000;00000000;00000000;00000000;00000000;0000010136459;0000009985125;0000000000000;00151334;
20170406;DCO;*;K18 ;0000000000000;0000000000000;00000000;00000000;00000000;00000000;00000000;0000009913860;0000009774263;0000000000000;00139597;
20170406;DCO;*;M17 ;0000000000000;0000000000000;00000000;00000000;00000000;00000000;00000000;0000010117885;0000009967371;0000000000000;00150514;
20170406;DCO;*;N17 ;0000000000000;0000000000000;00000000;00000000;00000000;00000000;00000000;0000010103981;0000009954327;0000000000000;00149654;
20170406;DCO;*;N18 ;0000000000000;0000000000000;00000000;00000000;00000000;00000000;00000000;0000009871105;0000009734279;0000000000000;00136826;
20170406;DCO;*;N19 ;0000000000000;0000000000000;00000000;00000000;00000000;00000000;00000000;0000009560108;0000009438063;0000000000000;00122045;
20170406;DCO;*;N20 ;0000000000000;0000000000000;00000000;00000000;00000000;00000000;00000000;0000009166337;0000009064620;0000000000000;00101717;
20170406;DCO;*;N21 ;0000000000000;0000000000000;00000000;00000000;00000000;00000000;00000000;0000008761335;0000008662647;0000000000000;00098688;
20170406;DCO;*;Q17 ;0000000000000;0000000000000;00000000;00000000;00000000;00000000;00000000;0000010084890;0000009935825;0000000000000;00149065;
20170406;DCO;*;U17 ;0000000000000;0000000000000;00000000;00000000;00000000;00000000;00000000;0000010071632;0000009923480;0000000000000;00148152;
20170406;DCO;*;V17 ;0000000000000;0000000000000;00000000;00000000;00000000;00000000;00000000;0000010050975;0000009904620;0000000000000;00146355;
20170406;DCO;*;V18 ;0000000000000;0000000000000;00000000;00000000;00000000;00000000;00000000;0000009803337;0000009670199;0000000000000;00133138;
20170406;DCO;*;V19 ;0000000000000;0000000000000;00000000;00000000;00000000;00000000;00000000;0000009472019;0000009355371;0000000000000;00116648;
20170406;DCO;*;V20 ;0000000000000;0000000000000;00000000;00000000;00000000;00000000;00000000;0000009072155;0000008964410;0000000000000;00107745;
20170406;DCO;*;V21 ;0000000000000;0000000000000;00000000;00000000;00000000;00000000;00000000;0000008666383;0000008569900;0000000000000;00096483;
20170406;DCO;*;X17 ;0000000000000;0000000000000;00000000;00000000;00000000;00000000;00000000;0000010033786;0000009889594;0000000000000;00144192;
20170406;DCO;*;Z17 ;0000000000000;0000000000000;00000000;00000000;00000000;00000000;00000000;0000010014627;0000009869951;0000000000000;00144676;
20170406;DDI;*;F18 ;0000000000000;0000000000000;00275127;00000000;00000000;00000000;00000000;0000009993981;0000009848950;0000000224239;00145031;
20170406;DDI;*;F19 ;0000000000000;0000000000000;00123397;00000000;00000000;00000000;00000000;0000009723433;0000009594864;0000000198786;00128569;
20170406;DDI;*;F20 ;0000000000000;0000000000000;00097254;00000000;00000000;00000000;00000000;0000009379304;0000009268369;0000000171522;00110935;
20170406;DDI;*;F21 ;0000000000000;0000000000000;00102061;00000000;00000000;00000000;00000000;0000008966807;0000008862980;0000000160532;00103827;
20170406;DDI;*;F22 ;0000000000000;0000000000000;00040124;00000000;00000000;00000000;00000000;0000008554558;0000008458269;0000000148877;00096289;
20170406;DDI;*;F23 ;0000000000000;0000000000000;00031036;00000000;00000000;00000000;00000000;0000008137210;0000008053241;0000000129828;00083969;
20170406;DDI;*;F24 ;0000000000000;0000000000000;00029415;00000000;00000000;00000000;00000000;0000007731630;0000007653588;0000000120664;00078042;
20170406;DDI;*;F25 ;0000000000000;0000000000000;00018425;00000000;00000000;00000000;00000000;0000007295105;0000007229509;0000000101421;00065596;
20170406;DDI;*;F26 ;0000000000000;0000000000000;00014730;00000000;00000000;00000000;00000000;0000006877033;0000006814959;0000000095975;00062074;
20170406;DDI;*;F27 ;0000000000000;0000000000000;00010850;00000000;00000000;00000000;00000000;0000006481301;0000006424630;0000000087621;00056671;
20170406;DDI;*;F28 ;0000000000000;0000000000000;00000110;00000000;00000000;00000000;00000000;0000006118528;0000006068331;0000000077612;00050197;
20170406;DDI;*;F29 ;0000000000000;0000000000000;00000000;00000000;00000000;00000000;00000000;0000005779273;0000005732332;0000000000000;00046941;
20170406;DDI;*;F30 ;0000000000000;0000000000000;00000500;00000000;00000000;00000000;00000000;0000005460733;0000005417640;0000000066628;00043093;
20170406;DDI;*;G18 ;0000000000000;0000000000000;00024860;00000000;00000000;00000000;00000000;0000009975811;0000009831206;0000000223581;00144605;
20170406;DDI;*;H18 ;0000000000000;0000000000000;00007070;00000000;00000000;00000000;00000000;0000009959043;0000009815374;0000000222133;00143669;
20170406;DDI;*;J18 ;0000000000000;0000000000000;00074180;00000000;00000000;00000000;00000000;0000009935242;0000009794922;0000000216955;00140320;
20170406;DDI;*;J19 ;0000000000000;0000000000000;00046726;00000000;00000000;00000000;00000000;0000009648306;0000009522329;0000000194779;00125977;
20170406;DDI;*;J20 ;0000000000000;0000000000000;00025135;00000000;00000000;00000000;00000000;0000009277425;0000009172148;0000000162774;00105277;
20170406;DDI;*;J21 ;0000000000000;0000000000000;00005297;00000000;00000000;00000000;00000000;0000008869966;0000008769663;0000000155083;00100303;
20170406;DDI;*;J22 ;0000000000000;0000000000000;00000000;00000000;00000000;00000000;00000000;0000008448675;0000008353816;0000000000000;00094859;
20170406;DDI;*;K17 ;0000000000000;0000000000000;00652712;00000000;00000000;00000000;00000000;0000010136608;0000009985193;0000000234110;00151415;
20170406;DDI;*;K18 ;0000000000000;0000000000000;00003000;00000000;00000000;00000000;00000000;0000009914927;0000009775285;0000000215907;00139642;
20170406;DDI;*;M17 ;0000000000000;0000000000000;00213683;00000000;00000000;00000000;00000000;0000010118203;0000009967675;0000000232738;00150528;
20170406;DDI;*;N17 ;0000000000000;0000000000000;00400762;00000000;00000000;00000000;00000000;0000010104480;0000009954563;0000000231794;00149917;
20170406;DDI;*;N18 ;0000000000000;0000000000000;00045449;00000000;00000000;00000000;00000000;0000009872329;0000009735453;0000000211630;00136876;
20170406;DDI;*;N19 ;0000000000000;0000000000000;00056504;00000000;00000000;00000000;00000000;0000009564253;0000009442058;0000000188931;00122195;
20170406;DDI;*;N20 ;0000000000000;0000000000000;00036325;00000000;00000000;00000000;00000000;0000009171858;0000009069961;0000000157548;00101897;
20170406;DDI;*;N21 ;0000000000000;0000000000000;00004357;00000000;00000000;00000000;00000000;0000008767937;0000008669033;0000000152920;00098904;
20170406;DDI;*;Q17 ;0000000000000;0000000000000;00131954;00000000;00000000;00000000;00000000;0000010085551;0000009936458;0000000230520;00149093;
20170406;DDI;*;U17 ;0000000000000;0000000000000;00071990;00000000;00000000;00000000;00000000;0000010072466;0000009924281;0000000229116;00148185;
20170406;DDI;*;V17 ;0000000000000;0000000000000;00142397;00000000;00000000;00000000;00000000;0000010051980;0000009905584;0000000226350;00146396;
20170406;DDI;*;V18 ;0000000000000;0000000000000;00052258;00000000;00000000;00000000;00000000;0000009804787;0000009671591;0000000205940;00133196;
20170406;DDI;*;V19 ;0000000000000;0000000000000;00032504;00000000;00000000;00000000;00000000;0000009476547;0000009359740;0000000180601;00116807;
20170406;DDI;*;V20 ;0000000000000;0000000000000;00023940;00000000;00000000;00000000;00000000;0000009077984;0000008970041;0000000166896;00107943;
20170406;DDI;*;V21 ;0000000000000;0000000000000;00002072;00000000;00000000;00000000;00000000;0000008673227;0000008576522;0000000149520;00096705;
20170406;DDI;*;X17 ;0000000000000;0000000000000;00046679;00000000;00000000;00000000;00000000;0000010034371;0000009890152;0000000222984;00144219;
20170406;DDI;*;Z17 ;0000000000000;0000000000000;00044490;00000000;00000000;00000000;00000000;0000010015293;0000009870587;0000000223737;00144706;
20170406;DDM;*;K17 ;0000000000000;0000000000000;00000000;00000000;00000000;00000000;00000000;0000009941924;0000009941892;0000000000000;00000032;
20170406;DDM;*;K19 ;0000000000000;0000000000000;00000000;00000000;00000000;00000000;00000000;0000008930651;0000008938196;0000000000000;00007545;
20170406;DDM;*;K21 ;0000000000000;0000000000000;00000000;00000000;00000000;00000000;00000000;0000008048870;0000008060302;0000000000000;00011432;
20170406;DDM;*;K25 ;0000000000000;0000000000000;00000000;00000000;00000000;00000000;00000000;0000006531112;0000006547838;0000000000000;00016726;
20170406;DDM;*;Q18 ;0000000000000;0000000000000;00000000;00000000;00000000;00000000;00000000;0000009274336;0000009280132;0000000000000;00005796;
20170406;DDM;*;Q20 ;0000000000000;0000000000000;00000000;00000000;00000000;00000000;00000000;0000008366630;0000008376745;0000000000000;00010115;
20170406;DI1;*;F18 ;0029005261173;0009308492032;02898601;00009790;00009770;00009810;00009800;0000009343307;0000009346569;0000000003262;00003262;
20170406;DI1;*;F19 ;0024463223110;0007850841820;01645777;00009520;00009470;00009550;00009540;0000008549405;0000008565000;0000000015595;00015595;
20170406;DI1;*;F20 ;0009253559617;0002969691790;01157080;00009710;00009670;00009790;00009780;0000007756875;0000007784561;0000000027686;00027686;
20170406;DI1;*;F21 ;0018226411731;0005849297731;01339414;00009930;00009870;00010000;00009970;0000007016031;0000007052294;0000000036263;00036263;
20170406;DI1;*;F22 ;0000302960784;0000097227466;00087797;00010090;00010020;00010150;00010120;0000006338950;0000006386585;0000000047635;00047635;
20170406;DI1;*;F23 ;0003305855336;0001060929184;00640685;00010160;00010100;00010250;00010210;0000005730991;0000005782144;0000000051153;00051153;
20170406;DI1;*;F24 ;0000011938895;0000003831481;00047190;00010220;00010220;00010290;00010290;0000005188901;0000005239981;0000000051080;00051080;
20170406;DI1;*;F25 ;0003267315345;0001048560765;00536202;00010250;00010180;00010360;00010300;0000004684732;0000004744380;0000000059648;00059648;
20170406;DI1;*;F26 ;0000015985631;0000005130177;00061493;00010260;00010200;00010360;00010320;0000004237372;0000004291556;0000000054184;00054184;
20170406;DI1;*;F27 ;0001498268820;0000480830815;00333828;00010290;00010250;00010450;00010360;0000003829109;0000003883633;0000000054524;00054524;
20170406;DI1;*;F28 ;0000000000000;0000000000000;00000010;00000000;00000000;00000000;00000000;0000003464382;0000003518783;0000000054401;00054401;
20170406;DI1;*;F29 ;0000000000000;0000000000000;00003310;00000000;00000000;00000000;00000000;0000003135297;0000003189085;0000000053788;00053788;
20170406;DI1;*;F30 ;0000000000000;0000000000000;00000270;00000000;00000000;00000000;00000000;0000002836092;0000002888890;0000000052798;00052798;
20170406;DI1;*;G18 ;0000046825993;0000015027597;00018700;00009730;00009730;00009730;00009730;0000009272474;0000009276725;0000000004251;00004251;
20170406;DI1;*;H18 ;0000000460819;0000000147888;00009315;00009660;00009660;00009660;00009660;0000009215862;0000009220560;0000000004698;00004698;
20170406;DI1;*;J18 ;0002761130284;0000886113698;00631470;00009605;00009585;00009625;00009615;0000009149466;0000009154755;0000000005289;00005289;
20170406;DI1;*;J19 ;0002365603299;0000759179493;00373970;00009560;00009540;00009610;00009600;0000008353741;0000008373991;0000000020250;00020250;
20170406;DI1;*;J20 ;0000035226482;0000011305033;00073988;00009800;00009800;00009840;00009840;0000007568545;0000007599971;0000000031426;00031426;
20170406;DI1;*;J21 ;0000000000000;0000000000000;00029825;00000000;00000000;00000000;00000000;0000006841964;0000006882545;0000000040581;00040581;
20170406;DI1;*;J22 ;0000000000000;0000000000000;00000000;00000000;00000000;00000000;00000000;0000006182954;0000006231528;0000000000000;00048574;
20170406;DI1;*;K17 ;0006708002254;0002152760672;00618088;00011468;00011465;00011475;00011467;0000009935548;0000009935553;0000000000005;00000005;
20170406;DI1;*;K18 ;0000006358560;0000002040616;00004200;00009570;00009570;00009570;00009570;0000009082524;0000009088868;0000000006344;00006344;
20170406;DI1;*;M17 ;0000804792697;0000258277502;00305407;00011260;00011260;00011261;00011261;0000009844559;0000009844489;0000000000070;00000070;
20170406;DI1;*;N17 ;0018629222026;0005978569328;02823349;00010910;00010875;00010910;00010890;0000009764693;0000009765141;0000000000448;00000448;
20170406;DI1;*;N18 ;0003031083113;0000972748111;00650043;00009520;00009500;00009550;00009540;0000008948331;0000008957151;0000000008820;00008820;
20170406;DI1;*;N19 ;0000798618683;0000256296111;00437351;00009630;00009570;00009660;00009660;0000008159050;0000008182844;0000000023794;00023794;
20170406;DI1;*;N20 ;0003943987342;0001265721227;01034293;00009880;00009810;00009930;00009910;0000007381263;0000007416490;0000000035227;00035227;
20170406;DI1;*;N21 ;0000010039669;0000003221973;00057394;00010010;00009970;00010090;00010090;0000006672843;0000006718174;0000000045331;00045331;
20170406;DI1;*;N22 ;0000000000000;0000000000000;00004170;00000000;00000000;00000000;00000000;0000006030410;0000006079819;0000000049409;00049409;
20170406;DI1;*;N23 ;0000000000000;0000000000000;00003120;00000000;00000000;00000000;00000000;0000005454575;0000005505872;0000000051297;00051297;
20170406;DI1;*;N24 ;0000000000000;0000000000000;00001535;00000000;00000000;00000000;00000000;0000004936383;0000004991782;0000000055399;00055399;
20170406;DI1;*;Q17 ;0000213596907;0000068548430;00126243;00010675;00010670;00010685;00010680;0000009687034;0000009687675;0000000000641;00000641;
20170406;DI1;*;U17 ;0000072537507;0000023279046;00057082;00010395;00010395;00010400;00010395;0000009607618;0000009608746;0000000001128;00001128;
20170406;DI1;*;V17 ;0010912681803;0003502144353;00981665;00010190;00010180;00010200;00010190;0000009540877;0000009542592;0000000001715;00001715;
20170406;DI1;*;V18 ;0000664817341;0000213356014;00604419;00009510;00009480;00009530;00009530;0000008746955;0000008758395;0000000011440;00011440;
20170406;DI1;*;V19 ;0000020279386;0000006508147;00057593;00009690;00009690;00009730;00009720;0000007951823;0000007977645;0000000025822;00025822;
20170406;DI1;*;V20 ;0000000000000;0000000000000;00046773;00000000;00000000;00000000;00000000;0000007190880;0000007229023;0000000038143;00038143;
20170406;DI1;*;V21 ;0000000000000;0000000000000;00011932;00000000;00000000;00000000;00000000;0000006503017;0000006549600;0000000046583;00046583;
20170406;DI1;*;X17 ;0000114135286;0000036628782;00048742;00010035;00010035;00010035;00010035;0000009471808;0000009475076;0000000003268;00003268;
20170406;DI1;*;Z17 ;0000075734441;0000024305020;00057030;00009890;00009890;00009900;00009900;0000009406941;0000009410249;0000000003308;00003308;
20170406;DOL;*;F18 ;0000000000000;0000000000000;00007825;00000000;00000000;00000000;00000000;0000033076500;0000032585120;0000000245690;00491380;
20170406;DOL;*;F19 ;0000000000000;0000000000000;00000000;00000000;00000000;00000000;00000000;0000035169430;0000034641210;0000000000000;00528220;
20170406;DOL;*;F20 ;0000000000000;0000000000000;00000000;00000000;00000000;00000000;00000000;0000037390860;0000036817210;0000000000000;00573650;
20170406;DOL;*;F21 ;0000000000000;0000000000000;00003100;00000000;00000000;00000000;00000000;0000039521000;0000038862520;0000000329240;00658480;
20170406;DOL;*;F25 ;0000000000000;0000000000000;00000000;00000000;00000000;00000000;00000000;0000048153560;0000047120620;0000000000000;01032940;
20170406;DOL;*;G18 ;0000000000000;0000000000000;00000000;00000000;00000000;00000000;00000000;0000033268580;0000032771300;0000000000000;00497280;
20170406;DOL;*;H18 ;0000000000000;0000000000000;00000000;00000000;00000000;00000000;00000000;0000033416680;0000032917830;0000000000000;00498850;
20170406;DOL;*;J18 ;0000000000000;0000000000000;00000000;00000000;00000000;00000000;00000000;0000033578730;0000033085360;0000000000000;00493370;
20170406;DOL;*;J19 ;0000000000000;0000000000000;00000050;00000000;00000000;00000000;00000000;0000035715080;0000035163520;0000000275780;00551560;
20170406;DOL;*;J20 ;0000000000000;0000000000000;00000000;00000000;00000000;00000000;00000000;0000037905010;0000037319920;0000000000000;00585090;
20170406;DOL;*;J22 ;0000000000000;0000000000000;00000000;00000000;00000000;00000000;00000000;0000042254620;0000041454530;0000000000000;00800090;
20170406;DOL;*;K17 ;0055767271875;0017897070563;00586202;03140000;03124000;03167000;03159000;0000031548700;0000031077540;0000000235580;00471160;
20170406;DOL;*;K18 ;0000000000000;0000000000000;00000000;00000000;00000000;00000000;00000000;0000033757060;0000033258400;0000000000000;00498660;
20170406;DOL;*;M17 ;0000195183375;0000062639081;00009078;03163500;03149500;03188500;03188500;0000031782550;0000031309950;0000000236300;00472600;
20170406;DOL;*;N17 ;0000009583125;0000003075457;00034545;03190000;03171000;03209000;03209000;0000031999040;0000031522840;0000000238100;00476200;
20170406;DOL;*;N18 ;0000000000000;0000000000000;00000650;00000000;00000000;00000000;00000000;0000034116080;0000033609950;0000000253065;00506130;
20170406;DOL;*;N19 ;0000000000000;0000000000000;00000400;00000000;00000000;00000000;00000000;0000036248750;0000035681580;0000000283585;00567170;
20170406;DOL;*;N21 ;0000000000000;0000000000000;00000000;00000000;00000000;00000000;00000000;0000040631990;0000039902580;0000000000000;00729410;
20170406;DOL;*;Q17 ;0000000000000;0000000000000;00002905;00000000;00000000;00000000;00000000;0000032195150;0000031717120;0000000239015;00478030;
20170406;DOL;*;U17 ;0000000000000;0000000000000;00000855;00000000;00000000;00000000;00000000;0000032419160;0000031938460;0000000240350;00480700;
20170406;DOL;*;V17 ;0000000000000;0000000000000;00003905;00000000;00000000;00000000;00000000;0000032579540;0000032099280;0000000240130;00480260;
20170406;DOL;*;V18 ;0000000000000;0000000000000;00000005;00000000;00000000;00000000;00000000;0000034662740;0000034147200;0000000257770;00515540;
20170406;DOL;*;V19 ;0000000000000;0000000000000;00000000;00000000;00000000;00000000;00000000;0000036852340;0000036280290;0000000000000;00572050;
20170406;DOL;*;X17 ;0000000000000;0000000000000;00000090;00000000;00000000;00000000;00000000;0000032759620;0000032277650;0000000240985;00481970;
20170406;DOL;*;Z17 ;0000000000000;0000000000000;00000005;00000000;00000000;00000000;00000000;0000032922810;0000032435720;0000000243545;00487090;
20170406;DR1;*;K7M7;0000000000000;0000000000000;00000000;00023250;00022600;00023800;00023540;0000000000000;0000000000000;0000000000000;00000000;
20170406;DR1;*;K7N7;0000000000000;0000000000000;00000000;00044500;00044500;00044740;00044740;0000000000000;0000000000000;0000000000000;00000000;
20170406;ETH;*;F18 ;0000000000000;0000000000000;00000000;00000000;00000000;00000000;00000000;0000000168700;0000000168700;0000000000000;00000000;
20170406;ETH;*;J17 ;0000000000000;0000000000000;00000050;00000000;00000000;00000000;00000000;0000000148000;0000000148000;0000000000000;00000000;
20170406;ETH;*;K17 ;0000000000000;0000000000000;00000150;00000000;00000000;00000000;00000000;0000000149000;0000000149000;0000000000000;00000000;
20170406;ETH;*;M17 ;0000000000000;0000000000000;00000205;00000000;00000000;00000000;00000000;0000000149500;0000000149500;0000000000000;00000000;
20170406;ETH;*;N17 ;0000000000000;0000000000000;00000190;00000000;00000000;00000000;00000000;0000000153500;0000000153500;0000000000000;00000000;
20170406;ETH;*;Q17 ;0000000000000;0000000000000;00000185;00000000;00000000;00000000;00000000;0000000155000;0000000155000;0000000000000;00000000;
20170406;ETH;*;U17 ;0000000000000;0000000000000;00000000;00000000;00000000;00000000;00000000;0000000163000;0000000163000;0000000000000;00000000;
20170406;ETH;*;V17 ;0000000000000;0000000000000;00000000;00000000;00000000;00000000;00000000;0000000163000;0000000163000;0000000000000;00000000;
20170406;ETH;*;X17 ;0000000000000;0000000000000;00000000;00000000;00000000;00000000;00000000;0000000163000;0000000163000;0000000000000;00000000;
20170406;ETH;*;Z17 ;0000000000000;0000000000000;00000000;00000000;00000000;00000000;00000000;0000000165000;0000000165000;0000000000000;00000000;
20170406;EUR;*;K17 ;0000014239050;0000004569657;00012014;03333900;03333900;03365000;03365000;0000033623600;0000033185000;0000000219300;00438600;
20170406;EUR;*;M17 ;0000000000000;0000000000000;00000840;00000000;00000000;00000000;00000000;0000033912970;0000033472660;0000000220155;00440310;
20170406;EUR;*;N17 ;0000000000000;0000000000000;00003190;00000000;00000000;00000000;00000000;0000034195690;0000033751310;0000000222190;00444380;
20170406;EUR;*;Q17 ;0000000000000;0000000000000;00000000;00000000;00000000;00000000;00000000;0000034454820;0000034011120;0000000000000;00443700;
20170406;EUR;*;V17 ;0000000000000;0000000000000;00000000;00000000;00000000;00000000;00000000;0000034978780;0000034530760;0000000000000;00448020;
20170406;FRC;*;F18 ;0000000000000;0000000000000;00000000;00000206;00000205;00000210;00000210;0000000000210;0000000000203;0000000000003;00000007;
20170406;FRC;*;F19 ;0000000000000;0000000000000;00000000;00000245;00000245;00000251;00000251;0000000000251;0000000000240;0000000000005;00000011;
20170406;FRC;*;F20 ;0000000000000;0000000000000;00000000;00000298;00000298;00000300;00000300;0000000000298;0000000000286;0000000000006;00000012;
20170406;FRC;*;F21 ;0000000000000;0000000000000;00000000;00000344;00000344;00000350;00000350;0000000000350;0000000000339;0000000000005;00000011;
20170406;FRC;*;F22 ;0000000000000;0000000000000;00000000;00000383;00000383;00000390;00000390;0000000000390;0000000000381;0000000000004;00000009;
20170406;FRC;*;F23 ;0000000000000;0000000000000;00000000;00000427;00000427;00000427;00000427;0000000000427;0000000000417;0000000000005;00000010;
20170406;FRC;*;F24 ;0000000000000;0000000000000;00000000;00000000;00000000;00000000;00000000;0000000000460;0000000000450;0000000000000;00000010;
20170406;FRC;*;F25 ;0000000000000;0000000000000;00000000;00000492;00000492;00000500;00000500;0000000000500;0000000000490;0000000000005;00000010;
20170406;FRC;*;F26 ;0000000000000;0000000000000;00000000;00000000;00000000;00000000;00000000;0000000000539;0000000000529;0000000000000;00000010;
20170406;FRC;*;F27 ;0000000000000;0000000000000;00000000;00000000;00000000;00000000;00000000;0000000000575;0000000000565;0000000000000;00000010;
20170406;FRC;*;F28 ;0000000000000;0000000000000;00000000;00000000;00000000;00000000;00000000;0000000000606;0000000000596;0000000000000;00000010;
20170406;FRC;*;F29 ;0000000000000;0000000000000;00000000;00000000;00000000;00000000;00000000;0000000000637;0000000000627;0000000000000;00000010;
20170406;FRC;*;F30 ;0000000000000;0000000000000;00000000;00000000;00000000;00000000;00000000;0000000000666;0000000000656;0000000000000;00000010;
20170406;FRC;*;G18 ;0000000000000;0000000000000;00000000;00000000;00000000;00000000;00000000;0000000000211;0000000000205;0000000000000;00000006;
20170406;FRC;*;H18 ;0000000000000;0000000000000;00000000;00000212;00000212;00000212;00000212;0000000000212;0000000000206;0000000000003;00000006;
20170406;FRC;*;J18 ;0000000000000;0000000000000;00000000;00000218;00000218;00000218;00000218;0000000000218;0000000000209;0000000000004;00000009;
20170406;FRC;*;J19 ;0000000000000;0000000000000;00000000;00000000;00000000;00000000;00000000;0000000000261;0000000000250;0000000000000;00000011;
20170406;FRC;*;J20 ;0000000000000;0000000000000;00000000;00000000;00000000;00000000;00000000;0000000000313;0000000000300;0000000000000;00000013;
20170406;FRC;*;J21 ;0000000000000;0000000000000;00000000;00000000;00000000;00000000;00000000;0000000000360;0000000000349;0000000000000;00000011;
20170406;FRC;*;J22 ;0000000000000;0000000000000;00000000;00000000;00000000;00000000;00000000;0000000000401;0000000000392;0000000000000;00000009;
20170406;FRC;*;K18 ;0000000000000;0000000000000;00000000;00000000;00000000;00000000;00000000;0000000000221;0000000000212;0000000000000;00000009;
20170406;FRC;*;M17 ;0000000000000;0000000000000;00000000;00000211;00000211;00000218;00000218;0000000000218;0000000000211;0000000000003;00000007;
20170406;FRC;*;N17 ;0000000000000;0000000000000;00000000;00000179;00000179;00000184;00000184;0000000000184;0000000000178;0000000000003;00000006;
20170406;FRC;*;N18 ;0000000000000;0000000000000;00000000;00000220;00000220;00000226;00000226;0000000000226;0000000000217;0000000000004;00000009;
20170406;FRC;*;N19 ;0000000000000;0000000000000;00000000;00000273;00000273;00000273;00000273;0000000000273;0000000000262;0000000000005;00000011;
20170406;FRC;*;N20 ;0000000000000;0000000000000;00000000;00000000;00000000;00000000;00000000;0000000000328;0000000000314;0000000000000;00000014;
20170406;FRC;*;N21 ;0000000000000;0000000000000;00000000;00000000;00000000;00000000;00000000;0000000000369;0000000000359;0000000000000;00000010;
20170406;FRC;*;Q17 ;0000000000000;0000000000000;00000000;00000200;00000200;00000200;00000200;0000000000200;0000000000194;0000000000003;00000006;
20170406;FRC;*;U17 ;0000000000000;0000000000000;00000000;00000188;00000188;00000188;00000188;0000000000188;0000000000181;0000000000003;00000007;
20170406;FRC;*;V17 ;0000000000000;0000000000000;00000000;00000192;00000192;00000199;00000199;0000000000198;0000000000189;0000000000004;00000009;
20170406;FRC;*;V18 ;0000000000000;0000000000000;00000000;00000000;00000000;00000000;00000000;0000000000236;0000000000226;0000000000000;00000010;
20170406;FRC;*;V19 ;0000000000000;0000000000000;00000000;00000000;00000000;00000000;00000000;0000000000284;0000000000273;0000000000000;00000011;
20170406;FRC;*;V20 ;0000000000000;0000000000000;00000000;00000336;00000336;00000336;00000336;0000000000336;0000000000326;0000000000005;00000010;
20170406;FRC;*;V21 ;0000000000000;0000000000000;00000000;00000000;00000000;00000000;00000000;0000000000377;0000000000367;0000000000000;00000010;
20170406;FRC;*;X17 ;0000000000000;0000000000000;00000000;00000000;00000000;00000000;00000000;0000000000200;0000000000189;0000000000000;00000011;
20170406;FRC;*;Z17 ;0000000000000;0000000000000;00000000;00000000;00000000;00000000;00000000;0000000000205;0000000000196;0000000000000;00000009;
20170406;FRO;*;F18 ;0000000000000;0000000000000;00000000;00000000;00000000;00000000;00000000;0000000000211;0000000000204;0000000000000;00000007;
20170406;FRO;*;F19 ;0000000000000;0000000000000;00000000;00000000;00000000;00000000;00000000;0000000000252;0000000000241;0000000000000;00000011;
20170406;FRO;*;F20 ;0000000000000;0000000000000;00000000;00000000;00000000;00000000;00000000;0000000000300;0000000000288;0000000000000;00000012;
20170406;FRO;*;F21 ;0000000000000;0000000000000;00000000;00000000;00000000;00000000;00000000;0000000000352;0000000000341;0000000000000;00000011;
20170406;FRO;*;F22 ;0000000000000;0000000000000;00000000;00000000;00000000;00000000;00000000;0000000000392;0000000000383;0000000000000;00000009;
20170406;FRO;*;F23 ;0000000000000;0000000000000;00000000;00000000;00000000;00000000;00000000;0000000000429;0000000000419;0000000000000;00000010;
20170406;FRO;*;F24 ;0000000000000;0000000000000;00000000;00000000;00000000;00000000;00000000;0000000000462;0000000000452;0000000000000;00000010;
20170406;FRO;*;F25 ;0000000000000;0000000000000;00000000;00000000;00000000;00000000;00000000;0000000000502;0000000000492;0000000000000;00000010;
20170406;FRO;*;F26 ;0000000000000;0000000000000;00000000;00000000;00000000;00000000;00000000;0000000000541;0000000000531;0000000000000;00000010;
20170406;FRO;*;F27 ;0000000000000;0000000000000;00000000;00000000;00000000;00000000;00000000;0000000000577;0000000000567;0000000000000;00000010;
20170406;FRO;*;F28 ;0000000000000;0000000000000;00000000;00000000;00000000;00000000;00000000;0000000000609;0000000000598;0000000000000;00000011;
20170406;FRO;*;F29 ;0000000000000;0000000000000;00000000;00000000;00000000;00000000;00000000;0000000000640;0000000000630;0000000000000;00000010;
20170406;FRO;*;F30 ;0000000000000;0000000000000;00000000;00000000;00000000;00000000;00000000;0000000000669;0000000000659;0000000000000;00000010;
20170406;FRO;*;G18 ;0000000000000;0000000000000;00000000;00000000;00000000;00000000;00000000;0000000000212;0000000000206;0000000000000;00000006;
20170406;FRO;*;H18 ;0000000000000;0000000000000;00000000;00000000;00000000;00000000;00000000;0000000000213;0000000000207;0000000000000;00000006;
20170406;FRO;*;J18 ;0000000000000;0000000000000;00000000;00000000;00000000;00000000;00000000;0000000000219;0000000000210;0000000000000;00000009;
20170406;FRO;*;J19 ;0000000000000;0000000000000;00000000;00000000;00000000;00000000;00000000;0000000000262;0000000000251;0000000000000;00000011;
20170406;FRO;*;J20 ;0000000000000;0000000000000;00000000;00000000;00000000;00000000;00000000;0000000000315;0000000000302;0000000000000;00000013;
20170406;FRO;*;J21 ;0000000000000;0000000000000;00000000;00000000;00000000;00000000;00000000;0000000000362;0000000000351;0000000000000;00000011;
20170406;FRO;*;J22 ;0000000000000;0000000000000;00000000;00000000;00000000;00000000;00000000;0000000000403;0000000000394;0000000000000;00000009;
20170406;FRO;*;K18 ;0000000000000;0000000000000;00000000;00000000;00000000;00000000;00000000;0000000000222;0000000000213;0000000000000;00000009;
20170406;FRO;*;M17 ;0000000000000;0000000000000;00000000;00000000;00000000;00000000;00000000;0000000000220;0000000000213;0000000000000;00000007;
20170406;FRO;*;N17 ;0000000000000;0000000000000;00000000;00000000;00000000;00000000;00000000;0000000000186;0000000000180;0000000000000;00000006;
20170406;FRO;*;N18 ;0000000000000;0000000000000;00000000;00000000;00000000;00000000;00000000;0000000000227;0000000000218;0000000000000;00000009;
20170406;FRO;*;N19 ;0000000000000;0000000000000;00000000;00000000;00000000;00000000;00000000;0000000000275;0000000000264;0000000000000;00000011;
20170406;FRO;*;N20 ;0000000000000;0000000000000;00000000;00000000;00000000;00000000;00000000;0000000000330;0000000000316;0000000000000;00000014;
20170406;FRO;*;N21 ;0000000000000;0000000000000;00000000;00000000;00000000;00000000;00000000;0000000000371;0000000000361;0000000000000;00000010;
20170406;FRO;*;Q17 ;0000000000000;0000000000000;00000000;00000000;00000000;00000000;00000000;0000000000202;0000000000196;0000000000000;00000006;
20170406;FRO;*;U17 ;0000000000000;0000000000000;00000000;00000000;00000000;00000000;00000000;0000000000190;0000000000183;0000000000000;00000007;
20170406;FRO;*;V17 ;0000000000000;0000000000000;00000000;00000000;00000000;00000000;00000000;0000000000200;0000000000191;0000000000000;00000009;
20170406;FRO;*;V18 ;0000000000000;0000000000000;00000000;00000000;00000000;00000000;00000000;0000000000237;0000000000227;0000000000000;00000010;
20170406;FRO;*;V19 ;0000000000000;0000000000000;00000000;00000000;00000000;00000000;00000000;0000000000286;0000000000275;0000000000000;00000011;
20170406;FRO;*;V20 ;0000000000000;0000000000000;00000000;00000000;00000000;00000000;00000000;0000000000338;0000000000328;0000000000000;00000010;
20170406;FRO;*;V21 ;0000000000000;0000000000000;00000000;00000000;00000000;00000000;00000000;0000000000379;0000000000369;0000000000000;00000010;
20170406;FRO;*;X17 ;0000000000000;0000000000000;00000000;00000000;00000000;00000000;00000000;0000000000201;0000000000190;0000000000000;00000011;
20170406;FRO;*;Z17 ;0000000000000;0000000000000;00000000;00000000;00000000;00000000;00000000;0000000000206;0000000000197;0000000000000;00000009;
20170406;FRP;*;FRP0;0000000000000;0000000000000;00000000;00001500;00001500;00001750;00001750;0000000000000;0000000000000;0000000000000;00000000;
20170406;FRP;*;FRP1;0000000000000;0000000000000;00000000;00001470;00001470;00001470;00001470;0000000000000;0000000000000;0000000000000;00000000;
20170406;GBP;*;K17 ;0000000136920;0000000043941;00000663;03912000;03912000;03912000;03912000;0000039381140;0000038824670;0000000194764;00556470;
20170406;GBP;*;M17 ;0000002090287;0000000670824;00000472;03981500;03981500;03981500;03981500;0000039697270;0000039139000;0000000195394;00558270;
20170406;GBP;*;N17 ;0000000000000;0000000000000;00000000;00000000;00000000;00000000;00000000;0000040001320;0000039438280;0000000000000;00563040;
20170406;HSI;*;J17 ;0000000000000;0000000000000;00000000;00000000;00000000;00000000;00000000;0000000024289;0000000024400;0000000000000;00000111;
20170406;HSI;*;K17 ;0000000000000;0000000000000;00000000;00000000;00000000;00000000;00000000;0000000024180;0000000024297;0000000000000;00000117;
20170406;IAP;*;J17 ;0000000000000;0000000000000;00000000;00000000;00000000;00000000;00000000;0000000481891;0000000481863;0000000000700;00000028;
20170406;IAP;*;K17 ;0000000000000;0000000000000;00000000;00000000;00000000;00000000;00000000;0000000483103;0000000483107;0000000000000;00000004;
20170406;IAP;*;K19 ;0000000000000;0000000000000;00000000;00000000;00000000;00000000;00000000;0000000527722;0000000527136;0000000000000;00000586;
20170406;IAP;*;K21 ;0000000000000;0000000000000;00000000;00000000;00000000;00000000;00000000;0000000578719;0000000576929;0000000000000;00001790;
20170406;IAP;*;M17 ;0000000000000;0000000000000;00000000;00000000;00000000;00000000;00000000;0000000485502;0000000485452;0000000000000;00000050;
20170406;IAP;*;Q18 ;0000000000000;0000000000000;00000000;00000000;00000000;00000000;00000000;0000000509022;0000000508967;0000000000000;00000055;
20170406;IAP;*;Q20 ;0000000000000;0000000000000;00000000;00000000;00000000;00000000;00000000;0000000559996;0000000558684;0000000000000;00001312;
20170406;IAP;*;Q22 ;0000000000000;0000000000000;00000000;00000000;00000000;00000000;00000000;0000000612770;0000000610227;0000000000000;00002543;
20170406;ICF;*;H18 ;0000000000000;0000000000000;00000000;00000000;00000000;00000000;00000000;0000000017930;0000000017850;0000000000000;00000080;
20170406;ICF;*;K17 ;0000000000000;0000000000000;00000102;00000000;00000000;00000000;00000000;0000000016425;0000000016365;0000000018803;00000060;
20170406;ICF;*;N17 ;0000000000000;0000000000000;00000133;00000000;00000000;00000000;00000000;0000000016660;0000000016590;0000000021937;00000070;
20170406;ICF;*;U17 ;0000006791600;0000002167140;00004697;00016880;00016850;00016990;00016925;0000000016915;0000000016880;0000000010968;00000035;
20170406;ICF;*;U18 ;0000000056144;0000000017915;00000413;00017915;00017915;00017915;00017915;0000000017755;0000000017665;0000000028205;00000090;
20170406;ICF;*;U19 ;0000004859989;0000001550780;00000250;00018475;00018435;00018475;00018435;0000000018345;0000000018285;0000000018803;00000060;
20170406;ICF;*;Z17 ;0000000000000;0000000000000;00000202;00000000;00000000;00000000;00000000;0000000017505;0000000017430;0000000023504;00000075;
20170406;ICF;*;Z18 ;0000000000000;0000000000000;00000029;00000000;00000000;00000000;00000000;0000000017910;0000000017825;0000000026638;00000085;
20170406;IGM;*;K17 ;0000000000000;0000000000000;00000000;00000000;00000000;00000000;00000000;0000000666568;0000000666566;0000000000040;00000002;
20170406;IGM;*;K19 ;0000000000000;0000000000000;00000000;00000000;00000000;00000000;00000000;0000000717852;0000000716611;0000000000000;00001241;
20170406;IGM;*;K21 ;0000000000000;0000000000000;00000000;00000000;00000000;00000000;00000000;0000000790006;0000000786228;0000000000000;00003778;
20170406;IGM;*;Q18 ;0000000000000;0000000000000;00000000;00000000;00000000;00000000;00000000;0000000695830;0000000695501;0000000000000;00000329;
20170406;IGM;*;Q20 ;0000000000000;0000000000000;00000000;00000000;00000000;00000000;00000000;0000000762072;0000000759247;0000000000000;00002825;
20170406;IND;*;G18 ;0000000000000;0000000000000;00000000;00000000;00000000;00000000;00000000;0000000068785;0000000069326;0000000000000;00000541;
20170406;IND;*;J17 ;0006279684450;0002015303097;00282352;00064850;00063845;00065070;00064310;0000000064224;0000000064759;0000000053500;00000535;
20170406;IND;*;J18 ;0000000000000;0000000000000;00000000;00000000;00000000;00000000;00000000;0000000069725;0000000070261;0000000000000;00000536;
20170406;IND;*;M17 ;0000010516000;0000003374840;00044880;00065600;00065600;00065800;00065800;0000000065250;0000000065794;0000000054400;00000544;
20170406;IND;*;M18 ;0000000000000;0000000000000;00001080;00000000;00000000;00000000;00000000;0000000070570;0000000071095;0000000052500;00000525;
20170406;IND;*;Q17 ;0000000000000;0000000000000;00003810;00000000;00000000;00000000;00000000;0000000066231;0000000066777;0000000054600;00000546;
20170406;IND;*;Q18 ;0000000000000;0000000000000;00000000;00000000;00000000;00000000;00000000;0000000071590;0000000072105;0000000000000;00000515;
20170406;IND;*;V17 ;0000000000000;0000000000000;00001700;00000000;00000000;00000000;00000000;0000000067114;0000000067657;0000000054300;00000543;
20170406;IND;*;V18 ;0000000000000;0000000000000;00000000;00000000;00000000;00000000;00000000;0000000072590;0000000073093;0000000000000;00000503;
20170406;IND;*;Z17 ;0000000000000;0000000000000;00014475;00000000;00000000;00000000;00000000;0000000067926;0000000068469;0000000054300;00000543;
20170406;IND;*;Z18 ;0000000000000;0000000000000;00000150;00000000;00000000;00000000;00000000;0000000073512;0000000073998;0000000048600;00000486;
20170406;IR1;*;J7M7;0000000000000;0000000000000;00000000;00001061;00001050;00001079;00001054;0000000000000;0000000000000;0000000000000;00000000;
20170406;ISP;*;M17 ;0000344416588;0000109900312;00003355;00234900;00234500;00236050;00235300;0000000235475;0000000234650;0000000129273;00000825;
20170406;ISP;*;M18 ;0000000000000;0000000000000;00000000;00000000;00000000;00000000;00000000;0000000234900;0000000235000;0000000000000;00000100;
20170406;ISP;*;U17 ;0000000000000;0000000000000;00000003;00000000;00000000;00000000;00000000;0000000235200;0000000234375;0000000129273;00000825;
20170406;ISP;*;Z17 ;0000000000000;0000000000000;00000000;00000000;00000000;00000000;00000000;0000000235000;0000000234175;0000000000000;00000825;
20170406;JPY;*;K17 ;0000000000000;0000000000000;00000595;00000000;00000000;00000000;00000000;0000028506500;0000028040700;0000000232900;00465800;
20170406;JPY;*;M17 ;0000002161725;0000000693750;00001204;02882300;02882300;02882300;02882300;0000028742000;0000028274500;0000000233750;00467500;
20170406;JPY;*;N17 ;0000000000000;0000000000000;00000218;00000000;00000000;00000000;00000000;0000028971700;0000028500200;0000000235750;00471500;
20170406;JPY;*;Q17 ;0000000000000;0000000000000;00000000;00000000;00000000;00000000;00000000;0000029187500;0000028714000;0000000000000;00473500;
20170406;JSE;*;M17 ;0000000000000;0000000000000;00000000;00000000;00000000;00000000;00000000;0000000046788;0000000046690;0000000000000;00000098;
20170406;JSE;*;U17 ;0000000000000;0000000000000;00000000;00000000;00000000;00000000;00000000;0000000047136;0000000047035;0000000000000;00000101;
20170406;MIX;*;M17 ;0000000000000;0000000000000;00000000;00000000;00000000;00000000;00000000;0000000002081;0000000002078;0000000000000;00000003;
20170406;MIX;*;U17 ;0000000000000;0000000000000;00000000;00000000;00000000;00000000;00000000;0000000002080;0000000002072;0000000000000;00000008;
20170406;MXN;*;K17 ;0000000000000;0000000000000;00000463;00000000;00000000;00000000;00000000;0000016745570;0000016546460;0000000149332;00199110;
20170406;MXN;*;M17 ;0000000000000;0000000000000;00000144;00000000;00000000;00000000;00000000;0000016788720;0000016590390;0000000148747;00198330;
20170406;MXN;*;N17 ;0000000000000;0000000000000;00000000;00000000;00000000;00000000;00000000;0000016820550;0000016621810;0000000000000;00198740;
20170406;NZD;*;K17 ;0000000000000;0000000000000;00000000;00000000;00000000;00000000;00000000;0000021973090;0000021626860;0000000000000;00346230;
20170406;NZD;*;M17 ;0000003327750;0000001067956;00000155;02218500;02218500;02218500;02218500;0000022113180;0000021771390;0000000256342;00341790;
20170406;NZD;*;N17 ;0000000000000;0000000000000;00000000;00000000;00000000;00000000;00000000;0000022247320;0000021902800;0000000000000;00344520;
20170406;OC1;*;F18 ;0000000000000;0000000000000;00000000;00000000;00000000;00000000;00000000;0000009342318;0000009345581;0000000000000;00003263;
20170406;OC1;*;F19 ;0000000000000;0000000000000;00000000;00000000;00000000;00000000;00000000;0000008547259;0000008562985;0000000000000;00015726;
20170406;OC1;*;F20 ;0000000000000;0000000000000;00000000;00000000;00000000;00000000;00000000;0000007753798;0000007781470;0000000000000;00027672;
20170406;OC1;*;F21 ;0000000000000;0000000000000;00000000;00000000;00000000;00000000;00000000;0000007012238;0000007048476;0000000000000;00036238;
20170406;OC1;*;F22 ;0000000000000;0000000000000;00000000;00000000;00000000;00000000;00000000;0000006334340;0000006382207;0000000000000;00047867;
20170406;OC1;*;F23 ;0000000000000;0000000000000;00000000;00000000;00000000;00000000;00000000;0000005725947;0000005777348;0000000000000;00051401;
20170406;OC1;*;F24 ;0000000000000;0000000000000;00000000;00000000;00000000;00000000;00000000;0000005183547;0000005234567;0000000000000;00051020;
20170406;OC1;*;F25 ;0000000000000;0000000000000;00000000;00000000;00000000;00000000;00000000;0000004679173;0000004738742;0000000000000;00059569;
20170406;OC1;*;F26 ;0000000000000;0000000000000;00000000;00000000;00000000;00000000;00000000;0000004231691;0000004285795;0000000000000;00054104;
20170406;OC1;*;F27 ;0000000000000;0000000000000;00000000;00000000;00000000;00000000;00000000;0000003823392;0000003877828;0000000000000;00054436;
20170406;OC1;*;F28 ;0000000000000;0000000000000;00000000;00000000;00000000;00000000;00000000;0000003458681;0000003512984;0000000000000;00054303;
20170406;OC1;*;F29 ;0000000000000;0000000000000;00000000;00000000;00000000;00000000;00000000;0000003129663;0000003183346;0000000000000;00053683;
20170406;OC1;*;F30 ;0000000000000;0000000000000;00000000;00000000;00000000;00000000;00000000;0000002830563;0000002883251;0000000000000;00052688;
20170406;OC1;*;G18 ;0000000000000;0000000000000;00000000;00000000;00000000;00000000;00000000;0000009271374;0000009275625;0000000000000;00004251;
20170406;OC1;*;H18 ;0000000000000;0000000000000;00000000;00000000;00000000;00000000;00000000;0000009214672;0000009219371;0000000000000;00004699;
20170406;OC1;*;J18 ;0000000000000;0000000000000;00000000;00000000;00000000;00000000;00000000;0000009148173;0000009153462;0000000000000;00005289;
20170406;OC1;*;J19 ;0000000000000;0000000000000;00000000;00000000;00000000;00000000;00000000;0000008351351;0000008371744;0000000000000;00020393;
20170406;OC1;*;J20 ;0000000000000;0000000000000;00000000;00000000;00000000;00000000;00000000;0000007565274;0000007596683;0000000000000;00031409;
20170406;OC1;*;J21 ;0000000000000;0000000000000;00000000;00000000;00000000;00000000;00000000;0000006838027;0000006878579;0000000000000;00040552;
20170406;OC1;*;J22 ;0000000000000;0000000000000;00000000;00000000;00000000;00000000;00000000;0000006178224;0000006227036;0000000000000;00048812;
20170406;OC1;*;K17 ;0000000000000;0000000000000;00000000;00000000;00000000;00000000;00000000;0000009935447;0000009935452;0000000000000;00000005;
20170406;OC1;*;K18 ;0000000000000;0000000000000;00000000;00000000;00000000;00000000;00000000;0000009081130;0000009087473;0000000000000;00006343;
20170406;OC1;*;M17 ;0000000000000;0000000000000;00000000;00000000;00000000;00000000;00000000;0000009844325;0000009844256;0000000000000;00000069;
20170406;OC1;*;N17 ;0000000000000;0000000000000;00000000;00000000;00000000;00000000;00000000;0000009764329;0000009764777;0000000000000;00000448;
20170406;OC1;*;N18 ;0000000000000;0000000000000;00000000;00000000;00000000;00000000;00000000;0000008946739;0000008955658;0000000000000;00008919;
20170406;OC1;*;N19 ;0000000000000;0000000000000;00000000;00000000;00000000;00000000;00000000;0000008156424;0000008180208;0000000000000;00023784;
20170406;OC1;*;N20 ;0000000000000;0000000000000;00000000;00000000;00000000;00000000;00000000;0000007377815;0000007413021;0000000000000;00035206;
20170406;OC1;*;N21 ;0000000000000;0000000000000;00000000;00000000;00000000;00000000;00000000;0000006668765;0000006714063;0000000000000;00045298;
20170406;OC1;*;N22 ;0000000000000;0000000000000;00000000;00000000;00000000;00000000;00000000;0000006025569;0000006075219;0000000000000;00049650;
20170406;OC1;*;N23 ;0000000000000;0000000000000;00000000;00000000;00000000;00000000;00000000;0000005449362;0000005500603;0000000000000;00051241;
20170406;OC1;*;N24 ;0000000000000;0000000000000;00000000;00000000;00000000;00000000;00000000;0000004930916;0000004986246;0000000000000;00055330;
20170406;OC1;*;Q17 ;0000000000000;0000000000000;00000000;00000000;00000000;00000000;00000000;0000009686568;0000009687210;0000000000000;00000642;
20170406;OC1;*;U17 ;0000000000000;0000000000000;00000000;00000000;00000000;00000000;00000000;0000009607019;0000009608148;0000000000000;00001129;
20170406;OC1;*;V17 ;0000000000000;0000000000000;00000000;00000000;00000000;00000000;00000000;0000009540164;0000009541881;0000000000000;00001717;
20170406;OC1;*;V18 ;0000000000000;0000000000000;00000000;00000000;00000000;00000000;00000000;0000008745074;0000008756629;0000000000000;00011555;
20170406;OC1;*;V19 ;0000000000000;0000000000000;00000000;00000000;00000000;00000000;00000000;0000007948962;0000007974773;0000000000000;00025811;
20170406;OC1;*;V20 ;0000000000000;0000000000000;00000000;00000000;00000000;00000000;00000000;0000007187252;0000007225372;0000000000000;00038120;
20170406;OC1;*;V21 ;0000000000000;0000000000000;00000000;00000000;00000000;00000000;00000000;0000006498537;0000006545347;0000000000000;00046810;
20170406;OC1;*;X17 ;0000000000000;0000000000000;00000000;00000000;00000000;00000000;00000000;0000009471027;0000009474295;0000000000000;00003268;
20170406;OC1;*;Z17 ;0000000000000;0000000000000;00000000;00000000;00000000;00000000;00000000;0000009406055;0000009409364;0000000000000;00003309;
20170406;OZ1;*;0000;0000000473127;0000000151838;00000000;00126500;00125013;00126500;00126450;0000000126294;0000000124011;0000000000000;00002150;
20170406;OZ1;*;K17 ;0000000000000;0000000000000;00000000;00000000;00000000;00000000;00000000;0000000127216;0000000125109;0000000000000;00002107;
20170406;OZ1;*;M17 ;0000000000000;0000000000000;00000000;00000000;00000000;00000000;00000000;0000000128393;0000000126268;0000000000000;00002125;
20170406;OZ2;*;0000;0000000178035;0000000057136;00000000;00124001;00124000;00126990;00124000;0000000124625;0000000123973;0000000000000;00000000;
20170406;OZ3;*;0000;0000000011411;0000000003662;00000000;00124000;00124000;00124000;00124000;0000000124000;0000000124890;0000000000000;00000900;
20170406;SCS;*;K702;0000000000000;0000000000000;00127785;00000000;00000000;00000000;00000000;0000000000000;0000000000000;0000000000000;00000000;
20170406;SCS;*;M701;0000000000000;0000000000000;00088700;00000000;00000000;00000000;00000000;0000000000000;0000000000000;0000000000000;00000000;
20170406;SCS;*;N703;0000000000000;0000000000000;00138770;00000000;00000000;00000000;00000000;0000000000000;0000000000000;0000000000000;00000000;
20170406;SFI;*;K17 ;0000000000000;0000000000000;00000000;00000000;00000000;00000000;00000000;0000000002013;0000000002019;0000000000000;00000006;
20170406;SFI;*;N17 ;0000000000000;0000000000000;00000000;00000000;00000000;00000000;00000000;0000000002036;0000000002041;0000000000000;00000005;
20170406;SFI;*;X17 ;0000000000000;0000000000000;00000000;00000000;00000000;00000000;00000000;0000000002028;0000000002035;0000000000000;00000007;
20170406;SJC;*;F18 ;0000000000000;0000000000000;00000000;00000000;00000000;00000000;00000000;0000000210924;0000000211695;0000000000000;00000771;
20170406;SJC;*;H18 ;0000000000000;0000000000000;00000000;00000000;00000000;00000000;00000000;0000000211750;0000000212357;0000000000000;00000607;
20170406;SJC;*;K17 ;0000000117079;0000000037359;00001071;00002079;00002072;00002079;00002072;0000000207562;0000000208168;0000000008546;00000606;
20170406;SJC;*;K18 ;0000000000000;0000000000000;00000000;00000000;00000000;00000000;00000000;0000000212743;0000000213349;0000000000000;00000606;
20170406;SJC;*;N17 ;0000000000000;0000000000000;00000957;00000000;00000000;00000000;00000000;0000000210042;0000000210593;0000000007770;00000551;
20170406;SJC;*;Q17 ;0000000000000;0000000000000;00000000;00000000;00000000;00000000;00000000;0000000210483;0000000211144;0000000000000;00000661;
20170406;SJC;*;U17 ;0000000000000;0000000000000;00000000;00000000;00000000;00000000;00000000;0000000209932;0000000210703;0000000000000;00000771;
20170406;SJC;*;X17 ;0000000000000;0000000000000;00001034;00000000;00000000;00000000;00000000;0000000209601;0000000210317;0000000010097;00000716;
20170406;TRY;*;K17 ;0000000000000;0000000000000;00000106;00000000;00000000;00000000;00000000;0000008434180;0000008340950;0000000069922;00093230;
20170406;TRY;*;M17 ;0000000000000;0000000000000;00000000;00000000;00000000;00000000;00000000;0000008413480;0000008326480;0000000000000;00087000;
20170406;TRY;*;N17 ;0000000000000;0000000000000;00000000;00000000;00000000;00000000;00000000;0000008397180;0000008307490;0000000000000;00089690;
20170406;T10;*;M17 ;0000058486818;0000018769839;00002836;00125047;00124891;00125187;00125031;0000001251250;0000001250468;0000000024367;00000782;
20170406;T10;*;U17 ;0000000000000;0000000000000;00000000;00000000;00000000;00000000;00000000;0000001247500;0000001246718;0000000000000;00000782;
20170406;WDO;*;F18 ;0000000000000;0000000000000;00000000;00000000;00000000;00000000;00000000;0000033076500;0000032585120;0000000000000;00491380;
20170406;WDO;*;F19 ;0000000000000;0000000000000;00000000;00000000;00000000;00000000;00000000;0000035169430;0000034641210;0000000000000;00528220;
20170406;WDO;*;F20 ;0000000000000;0000000000000;00000000;00000000;00000000;00000000;00000000;0000037390860;0000036817210;0000000000000;00573650;
20170406;WDO;*;F21 ;0000000000000;0000000000000;00000000;00000000;00000000;00000000;00000000;0000039521000;0000038862520;0000000000000;00658480;
20170406;WDO;*;F25 ;0000000000000;0000000000000;00000000;00000000;00000000;00000000;00000000;0000048153560;0000047120620;0000000000000;01032940;
20170406;WDO;*;G18 ;0000000000000;0000000000000;00000000;00000000;00000000;00000000;00000000;0000033268580;0000032771300;0000000000000;00497280;
20170406;WDO;*;H18 ;0000000000000;0000000000000;00000000;00000000;00000000;00000000;00000000;0000033416680;0000032917830;0000000000000;00498850;
20170406;WDO;*;J18 ;0000000000000;0000000000000;00000000;00000000;00000000;00000000;00000000;0000033578730;0000033085360;0000000000000;00493370;
20170406;WDO;*;J19 ;0000000000000;0000000000000;00000000;00000000;00000000;00000000;00000000;0000035715080;0000035163520;0000000000000;00551560;
20170406;WDO;*;J20 ;0000000000000;0000000000000;00000000;00000000;00000000;00000000;00000000;0000037905010;0000037319920;0000000000000;00585090;
20170406;WDO;*;J22 ;0000000000000;0000000000000;00000000;00000000;00000000;00000000;00000000;0000042254620;0000041454530;0000000000000;00800090;
20170406;WDO;*;K17 ;0018384804545;0005900129828;00033397;03137000;03124000;03167000;03158500;0000031548700;0000031077540;0000000047116;00471160;
20170406;WDO;*;K18 ;0000000000000;0000000000000;00000000;00000000;00000000;00000000;00000000;0000033757060;0000033258400;0000000000000;00498660;
20170406;WDO;*;M17 ;0000003962440;0000001271643;00000098;03150500;03150000;03190000;03182000;0000031782550;0000031309950;0000000047260;00472600;
20170406;WDO;*;N17 ;0000000642000;0000000206033;00000024;03210000;03210000;03210000;03210000;0000031999040;0000031522840;0000000047620;00476200;
20170406;WDO;*;N18 ;0000000000000;0000000000000;00000000;00000000;00000000;00000000;00000000;0000034116080;0000033609950;0000000000000;00506130;
20170406;WDO;*;N19 ;0000000000000;0000000000000;00000000;00000000;00000000;00000000;00000000;0000036248750;0000035681580;0000000000000;00567170;
20170406;WDO;*;N21 ;0000000000000;0000000000000;00000000;00000000;00000000;00000000;00000000;0000040631990;0000039902580;0000000000000;00729410;
20170406;WDO;*;Q17 ;0000000000000;0000000000000;00000000;00000000;00000000;00000000;00000000;0000032195150;0000031717120;0000000000000;00478030;
20170406;WDO;*;U17 ;0000000000000;0000000000000;00000063;00000000;00000000;00000000;00000000;0000032419160;0000031938460;0000000048070;00480700;
20170406;WDO;*;V17 ;0000000000000;0000000000000;00000000;00000000;00000000;00000000;00000000;0000032579540;0000032099280;0000000000000;00480260;
20170406;WDO;*;V18 ;0000000000000;0000000000000;00000000;00000000;00000000;00000000;00000000;0000034662740;0000034147200;0000000000000;00515540;
20170406;WDO;*;V19 ;0000000000000;0000000000000;00000000;00000000;00000000;00000000;00000000;0000036852340;0000036280290;0000000000000;00572050;
20170406;WDO;*;X17 ;0000000000000;0000000000000;00000000;00000000;00000000;00000000;00000000;0000032759620;0000032277650;0000000000000;00481970;
20170406;WDO;*;Z17 ;0000000000000;0000000000000;00000000;00000000;00000000;00000000;00000000;0000032922810;0000032435720;0000000000000;00487090;
20170406;WEU;*;K17 ;0000000000000;0000000000000;00000000;00000000;00000000;00000000;00000000;0000033623600;0000033185000;0000000000000;00438600;
20170406;WEU;*;M17 ;0000000000000;0000000000000;00000000;00000000;00000000;00000000;00000000;0000033912970;0000033472660;0000000000000;00440310;
20170406;WEU;*;N17 ;0000000000000;0000000000000;00000000;00000000;00000000;00000000;00000000;0000034195690;0000033751310;0000000000000;00444380;
20170406;WEU;*;Q17 ;0000000000000;0000000000000;00000000;00000000;00000000;00000000;00000000;0000034454820;0000034011120;0000000000000;00443700;
20170406;WEU;*;V17 ;0000000000000;0000000000000;00000000;00000000;00000000;00000000;00000000;0000034978780;0000034530760;0000000000000;00448020;
20170406;WIN;*;G18 ;0000000000000;0000000000000;00000000;00000000;00000000;00000000;00000000;0000000068785;0000000069326;0000000000000;00000541;
20170406;WIN;*;J17 ;0012292945077;0003945104325;00096588;00064850;00063850;00065070;00064330;0000000064224;0000000064759;0000000010700;00000535;
20170406;WIN;*;J18 ;0000000000000;0000000000000;00000000;00000000;00000000;00000000;00000000;0000000069725;0000000070261;0000000000000;00000536;
20170406;WIN;*;M17 ;0000002748085;0000000881927;00000029;00065650;00065015;00066050;00065015;0000000065250;0000000065794;0000000010880;00000544;
20170406;WIN;*;M18 ;0000000000000;0000000000000;00000000;00000000;00000000;00000000;00000000;0000000070570;0000000071095;0000000000000;00000525;
20170406;WIN;*;Q17 ;0000000000000;0000000000000;00000000;00000000;00000000;00000000;00000000;0000000066231;0000000066777;0000000000000;00000546;
20170406;WIN;*;Q18 ;0000000000000;0000000000000;00000000;00000000;00000000;00000000;00000000;0000000071590;0000000072105;0000000000000;00000515;
20170406;WIN;*;V17 ;0000000000000;0000000000000;00000000;00000000;00000000;00000000;00000000;0000000067114;0000000067657;0000000000000;00000543;
20170406;WIN;*;V18 ;0000000000000;0000000000000;00000000;00000000;00000000;00000000;00000000;0000000072590;0000000073093;0000000000000;00000503;
20170406;WIN;*;Z17 ;0000000000000;0000000000000;00000000;00000000;00000000;00000000;00000000;0000000067926;0000000068469;0000000000000;00000543;
20170406;WIN;*;Z18 ;0000000000000;0000000000000;00000000;00000000;00000000;00000000;00000000;0000000073512;0000000073998;0000000000000;00000486;
20170406;WI1;*;J7M7;0000000000000;0000000000000;00000000;00001050;00001045;00001053;00001045;0000000000000;0000000000000;0000000000000;00000000;
20170406;WTI;*;K17 ;0000000000000;0000000000000;00000690;00000000;00000000;00000000;00000000;0000000005170;0000000005115;0000000017236;00000055;
20170406;WTI;*;M17 ;0000000000000;0000000000000;00000100;00000000;00000000;00000000;00000000;0000000005213;0000000005160;0000000016609;00000053;
20170406;ZAR;*;K17 ;0000000000000;0000000000000;00000013;00000000;00000000;00000000;00000000;0000022797070;0000022360200;0000000152904;00436870;
20170406;ZAR;*;M17 ;0000000000000;0000000000000;00000030;00000000;00000000;00000000;00000000;0000022820970;0000022399700;0000000147444;00421270;
20170406;ZAR;*;N17 ;0000000000000;0000000000000;00000000;00000000;00000000;00000000;00000000;0000022862400;0000022429900;0000000000000;00432500;
