Data;Código do Contrato;Pregão;Vencimento;Volume(R$);Volume(U$);Número de contas em Aberto;Preço de Abertura;Preço Mínimo;Preço Máximo;Último Preço;Preço de Ajuste Atual; Preço de Ajuste Anterior;Valor de Ajuste por Contrato;Variação
20170307;AUD;*;J17 ;0000016865970;0000005408360;00002213;02382200;02378800;02382700;02378800;0000023811180;0000023821240;0000000006036;00010060;
20170307;AUD;*;K17 ;0000000000000;0000000000000;00000011;00000000;00000000;00000000;00000000;0000023946900;0000023953650;0000000004050;00006750;
20170307;AUD;*;M17 ;0000000000000;0000000000000;00000180;00000000;00000000;00000000;00000000;0000024113190;0000024125420;0000000007338;00012230;
20170307;BGI;*;F18 ;0000000000000;0000000000000;00000002;00000000;00000000;00000000;00000000;0000000014497;0000000014498;0000000000330;00000001;
20170307;BGI;*;H17 ;0000006796524;0000002181870;00001214;00014250;00014200;00014315;00014311;0000000014311;0000000014301;0000000003300;00000010;
20170307;BGI;*;J17 ;0000000000000;0000000000000;00000018;00000000;00000000;00000000;00000000;0000000014237;0000000014238;0000000000330;00000001;
20170307;BGI;*;K17 ;0000034755283;0000011157394;00004892;00014120;00014081;00014140;00014140;0000000014126;0000000014127;0000000000330;00000001;
20170307;BGI;*;M17 ;0000000000000;0000000000000;00000004;00000000;00000000;00000000;00000000;0000000014200;0000000014201;0000000000330;00000001;
20170307;BGI;*;N17 ;0000000000000;0000000000000;00000002;00000000;00000000;00000000;00000000;0000000014267;0000000014268;0000000000330;00000001;
20170307;BGI;*;Q17 ;0000000000000;0000000000000;00000000;00000000;00000000;00000000;00000000;0000000014332;0000000014333;0000000000000;00000001;
20170307;BGI;*;U17 ;0000000000000;0000000000000;00000000;00000000;00000000;00000000;00000000;0000000014391;0000000014392;0000000000000;00000001;
20170307;BGI;*;V17 ;0000000191046;0000000061331;00001800;00014477;00014466;00014477;00014475;0000000014449;0000000014450;0000000000330;00000001;
20170307;BGI;*;X17 ;0000000047685;0000000015308;00000077;00014450;00014450;00014450;00014450;0000000014532;0000000014533;0000000000330;00000001;
20170307;BGI;*;Z17 ;0000000000000;0000000000000;00000087;00000000;00000000;00000000;00000000;0000000014582;0000000014583;0000000000330;00000001;
20170307;BRI;*;J17 ;0000000441160;0000000141465;00000694;00011029;00011029;00011029;00011029;0000000011025;0000000011131;0000000106000;00000106;
20170307;BRI;*;M17 ;0000000000000;0000000000000;00000000;00000000;00000000;00000000;00000000;0000000011206;0000000011314;0000000000000;00000108;
20170307;BSE;*;H17 ;0000000000000;0000000000000;00000000;00000000;00000000;00000000;00000000;0000000029164;0000000029220;0000000000000;00000056;
20170307;BSE;*;J17 ;0000000000000;0000000000000;00000000;00000000;00000000;00000000;00000000;0000000029366;0000000029423;0000000000000;00000057;
20170307;CAD;*;J17 ;0000008418102;0000002699407;00002199;02338600;02337500;02338700;02337500;0000023388410;0000023449410;0000000036600;00061000;
20170307;CAD;*;K17 ;0000000000000;0000000000000;00000000;00000000;00000000;00000000;00000000;0000023542350;0000023602780;0000000000000;00060430;
20170307;CAD;*;M17 ;0000000000000;0000000000000;00000000;00000000;00000000;00000000;00000000;0000023732370;0000023792470;0000000000000;00060100;
20170307;CCM;*;F18 ;0000000000000;0000000000000;00000145;00000000;00000000;00000000;00000000;0000000003064;0000000003100;0000000016200;00000036;
20170307;CCM;*;F19 ;0000000000000;0000000000000;00000000;00000000;00000000;00000000;00000000;0000000002677;0000000002711;0000000000000;00000034;
20170307;CCM;*;H17 ;0000021145900;0000006788411;00005989;00003581;00003521;00003590;00003535;0000000003530;0000000003580;0000000022500;00000050;
20170307;CCM;*;H18 ;0000000000000;0000000000000;00000034;00000000;00000000;00000000;00000000;0000000003130;0000000003150;0000000009000;00000020;
20170307;CCM;*;H19 ;0000000000000;0000000000000;00000000;00000000;00000000;00000000;00000000;0000000002562;0000000002595;0000000000000;00000033;
20170307;CCM;*;K17 ;0000019223950;0000006171413;00008715;00003212;00003131;00003215;00003131;0000000003131;0000000003211;0000000036000;00000080;
20170307;CCM;*;K18 ;0000000000000;0000000000000;00000000;00000000;00000000;00000000;00000000;0000000002791;0000000002824;0000000000000;00000033;
20170307;CCM;*;K19 ;0000000000000;0000000000000;00000000;00000000;00000000;00000000;00000000;0000000002453;0000000002484;0000000000000;00000031;
20170307;CCM;*;N17 ;0000000000000;0000000000000;00000000;00000000;00000000;00000000;00000000;0000000003070;0000000003127;0000000000000;00000057;
20170307;CCM;*;N18 ;0000000000000;0000000000000;00000000;00000000;00000000;00000000;00000000;0000000002666;0000000002698;0000000000000;00000032;
20170307;CCM;*;U17 ;0000006650050;0000002134848;00011268;00003038;00003005;00003040;00003008;0000000003008;0000000003043;0000000015750;00000035;
20170307;CCM;*;U18 ;0000000000000;0000000000000;00000000;00000000;00000000;00000000;00000000;0000000002545;0000000002576;0000000000000;00000031;
20170307;CCM;*;X17 ;0000000000000;0000000000000;00000445;00000000;00000000;00000000;00000000;0000000003037;0000000003072;0000000015750;00000035;
20170307;CCM;*;X18 ;0000000000000;0000000000000;00000000;00000000;00000000;00000000;00000000;0000000002610;0000000002642;0000000000000;00000032;
20170307;CHF;*;J17 ;0000000000000;0000000000000;00000206;00000000;00000000;00000000;00000000;0000031010590;0000031111770;0000000050590;00101180;
20170307;CHF;*;K17 ;0000000000000;0000000000000;00000000;00000000;00000000;00000000;00000000;0000031253260;0000031355280;0000000000000;00102020;
20170307;CHF;*;M17 ;0000000000000;0000000000000;00000000;00000000;00000000;00000000;00000000;0000031554920;0000031654340;0000000000000;00099420;
20170307;CLP;*;J17 ;0000000000000;0000000000000;00000062;00000000;00000000;00000000;00000000;0000047579000;0000047465000;0000000028500;00114000;
20170307;CLP;*;K17 ;0000000000000;0000000000000;00000000;00000000;00000000;00000000;00000000;0000047805000;0000047681000;0000000000000;00124000;
20170307;CLP;*;M17 ;0000000000000;0000000000000;00000775;00000000;00000000;00000000;00000000;0000048070000;0000047953000;0000000029250;00117000;
20170307;CNY;*;J17 ;0000000000000;0000000000000;00000175;00000000;00000000;00000000;00000000;0000045389610;0000045477020;0000000030593;00087410;
20170307;CNY;*;K17 ;0000000000000;0000000000000;00000000;00000000;00000000;00000000;00000000;0000045549630;0000045622850;0000000000000;00073220;
20170307;CNY;*;M17 ;0000000000000;0000000000000;00000000;00000000;00000000;00000000;00000000;0000045747500;0000045830020;0000000000000;00082520;
20170307;DAP;*;F18 ;0000000000000;0000000000000;00000000;00000000;00000000;00000000;00000000;0000009526379;0000009525460;0000000000000;00000919;
20170307;DAP;*;H17 ;0000000000000;0000000000000;00000485;00000000;00000000;00000000;00000000;0000009986450;0000009986274;0000000000211;00000176;
20170307;DAP;*;J17 ;0000000000000;0000000000000;00000085;00000000;00000000;00000000;00000000;0000009919453;0000009919317;0000000000163;00000136;
20170307;DAP;*;K17 ;0000017829670;0000005717387;00026113;00000630;00000630;00000630;00000630;0000009887739;0000009887571;0000000000201;00000168;
20170307;DAP;*;K19 ;0000440272274;0000141180784;00048635;00000516;00000515;00000517;00000517;0000008965357;0000008967306;0000000002342;00001949;
20170307;DAP;*;K21 ;0000138760223;0000044495823;00009990;00000536;00000536;00000536;00000536;0000008044845;0000008044874;0000000000034;00000029;
20170307;DAP;*;K23 ;0000001737159;0000000557050;00010210;00000542;00000542;00000542;00000542;0000007251637;0000007247427;0000000005060;00004210;
20170307;DAP;*;M17 ;0000000000000;0000000000000;00000000;00000000;00000000;00000000;00000000;0000009832082;0000009880000;0000000000000;00047918;
20170307;DAP;*;Q18 ;0000245504556;0000078725206;00032065;00000534;00000531;00000534;00000531;0000009285630;0000009283149;0000000002982;00002481;
20170307;DAP;*;Q20 ;0000000000000;0000000000000;00002860;00000000;00000000;00000000;00000000;0000008380002;0000008377324;0000000003218;00002678;
20170307;DAP;*;Q22 ;0000001351154;0000000433270;00009220;00000547;00000547;00000547;00000547;0000007509492;0000007501783;0000000009266;00007709;
20170307;DAP;*;Q24 ;0000000000000;0000000000000;00005853;00000000;00000000;00000000;00000000;0000006796836;0000006796864;0000000000033;00000028;
20170307;DAP;*;Q26 ;0000001097031;0000000351782;00001532;00000542;00000542;00000542;00000542;0000006090043;0000006084617;0000000006521;00005426;
20170307;DAP;*;Q30 ;0000000000000;0000000000000;00000235;00000000;00000000;00000000;00000000;0000005086585;0000005093118;0000000007852;00006533;
20170307;DCO;*;F18 ;0000000000000;0000000000000;00000000;00000000;00000000;00000000;00000000;0000009839574;0000009856056;0000000000000;00016482;
20170307;DCO;*;F19 ;0000000000000;0000000000000;00000000;00000000;00000000;00000000;00000000;0000009566403;0000009578358;0000000000000;00011955;
20170307;DCO;*;F20 ;0000000000000;0000000000000;00000000;00000000;00000000;00000000;00000000;0000009228280;0000009233588;0000000000000;00005308;
20170307;DCO;*;F21 ;0000000000000;0000000000000;00000000;00000000;00000000;00000000;00000000;0000008826865;0000008826213;0000000000000;00000652;
20170307;DCO;*;F22 ;0000000000000;0000000000000;00000000;00000000;00000000;00000000;00000000;0000008434514;0000008429582;0000000000000;00004932;
20170307;DCO;*;F23 ;0000000000000;0000000000000;00000000;00000000;00000000;00000000;00000000;0000008023251;0000008022944;0000000000000;00000307;
20170307;DCO;*;F24 ;0000000000000;0000000000000;00000000;00000000;00000000;00000000;00000000;0000007612803;0000007613257;0000000000000;00000454;
20170307;DCO;*;F25 ;0000000000000;0000000000000;00000000;00000000;00000000;00000000;00000000;0000007199395;0000007198801;0000000000000;00000594;
20170307;DCO;*;F26 ;0000000000000;0000000000000;00000000;00000000;00000000;00000000;00000000;0000006790218;0000006785979;0000000000000;00004239;
20170307;DCO;*;F27 ;0000000000000;0000000000000;00000000;00000000;00000000;00000000;00000000;0000006371805;0000006365218;0000000000000;00006587;
20170307;DCO;*;F28 ;0000000000000;0000000000000;00000000;00000000;00000000;00000000;00000000;0000006019757;0000006015174;0000000000000;00004583;
20170307;DCO;*;F29 ;0000000000000;0000000000000;00000000;00000000;00000000;00000000;00000000;0000005679805;0000005677725;0000000000000;00002080;
20170307;DCO;*;F30 ;0000000000000;0000000000000;00000000;00000000;00000000;00000000;00000000;0000005368734;0000005365591;0000000000000;00003143;
20170307;DCO;*;G18 ;0000000000000;0000000000000;00000000;00000000;00000000;00000000;00000000;0000009822092;0000009836447;0000000000000;00014355;
20170307;DCO;*;H18 ;0000000000000;0000000000000;00000000;00000000;00000000;00000000;00000000;0000009802539;0000009819793;0000000000000;00017254;
20170307;DCO;*;J17 ;0000000000000;0000000000000;00000000;00000000;00000000;00000000;00000000;0000010002476;0000010021295;0000000000000;00018819;
20170307;DCO;*;J18 ;0000000000000;0000000000000;00000000;00000000;00000000;00000000;00000000;0000009779080;0000009798889;0000000000000;00019809;
20170307;DCO;*;J19 ;0000000000000;0000000000000;00000000;00000000;00000000;00000000;00000000;0000009492357;0000009501295;0000000000000;00008938;
20170307;DCO;*;J20 ;0000000000000;0000000000000;00000000;00000000;00000000;00000000;00000000;0000009135238;0000009137567;0000000000000;00002329;
20170307;DCO;*;J21 ;0000000000000;0000000000000;00000000;00000000;00000000;00000000;00000000;0000008725064;0000008723817;0000000000000;00001247;
20170307;DCO;*;K17 ;0000000000000;0000000000000;00000000;00000000;00000000;00000000;00000000;0000009985709;0000010004490;0000000000000;00018781;
20170307;DCO;*;M17 ;0000000000000;0000000000000;00000000;00000000;00000000;00000000;00000000;0000009968803;0000009987434;0000000000000;00018631;
20170307;DCO;*;N17 ;0000000000000;0000000000000;00000000;00000000;00000000;00000000;00000000;0000009953022;0000009971534;0000000000000;00018512;
20170307;DCO;*;N18 ;0000000000000;0000000000000;00000000;00000000;00000000;00000000;00000000;0000009716400;0000009732060;0000000000000;00015660;
20170307;DCO;*;N19 ;0000000000000;0000000000000;00000000;00000000;00000000;00000000;00000000;0000009411676;0000009418878;0000000000000;00007202;
20170307;DCO;*;N20 ;0000000000000;0000000000000;00000000;00000000;00000000;00000000;00000000;0000009046690;0000009035563;0000000000000;00011127;
20170307;DCO;*;N21 ;0000000000000;0000000000000;00000000;00000000;00000000;00000000;00000000;0000008634549;0000008632832;0000000000000;00001717;
20170307;DCO;*;Q17 ;0000000000000;0000000000000;00000000;00000000;00000000;00000000;00000000;0000009932673;0000009950909;0000000000000;00018236;
20170307;DCO;*;U17 ;0000000000000;0000000000000;00000000;00000000;00000000;00000000;00000000;0000009917618;0000009935240;0000000000000;00017622;
20170307;DCO;*;V17 ;0000000000000;0000000000000;00000000;00000000;00000000;00000000;00000000;0000009897149;0000009914147;0000000000000;00016998;
20170307;DCO;*;V18 ;0000000000000;0000000000000;00000000;00000000;00000000;00000000;00000000;0000009645364;0000009656347;0000000000000;00010983;
20170307;DCO;*;V19 ;0000000000000;0000000000000;00000000;00000000;00000000;00000000;00000000;0000009322314;0000009329138;0000000000000;00006824;
20170307;DCO;*;V20 ;0000000000000;0000000000000;00000000;00000000;00000000;00000000;00000000;0000008938077;0000008930227;0000000000000;00007850;
20170307;DCO;*;V21 ;0000000000000;0000000000000;00000000;00000000;00000000;00000000;00000000;0000008542563;0000008537393;0000000000000;00005170;
20170307;DCO;*;X17 ;0000000000000;0000000000000;00000000;00000000;00000000;00000000;00000000;0000009879319;0000009895261;0000000000000;00015942;
20170307;DCO;*;Z17 ;0000000000000;0000000000000;00000000;00000000;00000000;00000000;00000000;0000009861468;0000009876285;0000000000000;00014817;
20170307;DDI;*;F18 ;0000000000000;0000000000000;00258299;00000000;00000000;00000000;00000000;0000009841193;0000009857664;0000000025621;00016471;
20170307;DDI;*;F19 ;0000000000000;0000000000000;00106157;00000000;00000000;00000000;00000000;0000009569790;0000009581723;0000000018562;00011933;
20170307;DDI;*;F20 ;0000000000000;0000000000000;00096010;00000000;00000000;00000000;00000000;0000009233160;0000009238430;0000000008197;00005270;
20170307;DDI;*;F21 ;0000000000000;0000000000000;00100131;00000000;00000000;00000000;00000000;0000008832925;0000008832217;0000000001101;00000708;
20170307;DDI;*;F22 ;0000000000000;0000000000000;00037734;00000000;00000000;00000000;00000000;0000008441488;0000008436485;0000000007782;00005003;
20170307;DDI;*;F23 ;0000000000000;0000000000000;00029316;00000000;00000000;00000000;00000000;0000008030865;0000008030489;0000000000584;00000376;
20170307;DDI;*;F24 ;0000000000000;0000000000000;00025235;00000000;00000000;00000000;00000000;0000007620835;0000007621219;0000000000597;00000384;
20170307;DDI;*;F25 ;0000000000000;0000000000000;00018125;00000000;00000000;00000000;00000000;0000007207634;0000007206966;0000000001039;00000668;
20170307;DDI;*;F26 ;0000000000000;0000000000000;00014530;00000000;00000000;00000000;00000000;0000006798484;0000006794161;0000000006724;00004323;
20170307;DDI;*;F27 ;0000000000000;0000000000000;00010100;00000000;00000000;00000000;00000000;0000006383975;0000006377256;0000000010451;00006719;
20170307;DDI;*;F28 ;0000000000000;0000000000000;00000110;00000000;00000000;00000000;00000000;0000006031721;0000006027016;0000000007318;00004705;
20170307;DDI;*;F29 ;0000000000000;0000000000000;00000000;00000000;00000000;00000000;00000000;0000005691440;0000005689250;0000000000000;00002190;
20170307;DDI;*;F30 ;0000000000000;0000000000000;00000500;00000000;00000000;00000000;00000000;0000005380008;0000005376754;0000000005061;00003254;
20170307;DDI;*;G18 ;0000000000000;0000000000000;00015630;00000000;00000000;00000000;00000000;0000009823866;0000009838208;0000000022309;00014342;
20170307;DDI;*;H18 ;0000000000000;0000000000000;00001500;00000000;00000000;00000000;00000000;0000009804456;0000009820742;0000000025333;00016286;
20170307;DDI;*;J17 ;0000000000000;0000000000000;00726038;00000000;00000000;00000000;00000000;0000010002626;0000010021364;0000000029147;00018738;
20170307;DDI;*;J18 ;0000000000000;0000000000000;00055117;00000000;00000000;00000000;00000000;0000009781157;0000009799918;0000000029183;00018761;
20170307;DDI;*;J19 ;0000000000000;0000000000000;00043019;00000000;00000000;00000000;00000000;0000009496138;0000009505049;0000000013861;00008911;
20170307;DDI;*;J20 ;0000000000000;0000000000000;00020955;00000000;00000000;00000000;00000000;0000009140438;0000009142724;0000000003555;00002286;
20170307;DDI;*;J21 ;0000000000000;0000000000000;00005397;00000000;00000000;00000000;00000000;0000008731354;0000008730048;0000000002031;00001306;
20170307;DDI;*;K17 ;0000000000000;0000000000000;00234660;00000000;00000000;00000000;00000000;0000009986020;0000010004639;0000000028962;00018619;
20170307;DDI;*;M17 ;0000000000000;0000000000000;00094873;00000000;00000000;00000000;00000000;0000009969278;0000009987904;0000000028973;00018626;
20170307;DDI;*;N17 ;0000000000000;0000000000000;00344772;00000000;00000000;00000000;00000000;0000009953671;0000009972177;0000000028787;00018506;
20170307;DDI;*;N18 ;0000000000000;0000000000000;00043729;00000000;00000000;00000000;00000000;0000009718929;0000009734573;0000000024335;00015644;
20170307;DDI;*;N19 ;0000000000000;0000000000000;00053934;00000000;00000000;00000000;00000000;0000009415841;0000009423011;0000000011153;00007170;
20170307;DDI;*;N20 ;0000000000000;0000000000000;00030915;00000000;00000000;00000000;00000000;0000009052204;0000009041015;0000000017405;00011189;
20170307;DDI;*;N21 ;0000000000000;0000000000000;00004457;00000000;00000000;00000000;00000000;0000008641086;0000008639307;0000000002767;00001779;
20170307;DDI;*;Q17 ;0000000000000;0000000000000;00099714;00000000;00000000;00000000;00000000;0000009933479;0000009951709;0000000028357;00018230;
20170307;DDI;*;U17 ;0000000000000;0000000000000;00046880;00000000;00000000;00000000;00000000;0000009918590;0000009936205;0000000027401;00017615;
20170307;DDI;*;V17 ;0000000000000;0000000000000;00123352;00000000;00000000;00000000;00000000;0000009898287;0000009915277;0000000026428;00016990;
20170307;DDI;*;V18 ;0000000000000;0000000000000;00049248;00000000;00000000;00000000;00000000;0000009648327;0000009659289;0000000017051;00010962;
20170307;DDI;*;V19 ;0000000000000;0000000000000;00031584;00000000;00000000;00000000;00000000;0000009326845;0000009333634;0000000010560;00006789;
20170307;DDI;*;V20 ;0000000000000;0000000000000;00021570;00000000;00000000;00000000;00000000;0000008943868;0000008935956;0000000012307;00007912;
20170307;DDI;*;V21 ;0000000000000;0000000000000;00002172;00000000;00000000;00000000;00000000;0000008549335;0000008544096;0000000008149;00005239;
20170307;DDI;*;X17 ;0000000000000;0000000000000;00027859;00000000;00000000;00000000;00000000;0000009880615;0000009896548;0000000024784;00015933;
20170307;DDI;*;Z17 ;0000000000000;0000000000000;00027400;00000000;00000000;00000000;00000000;0000009862922;0000009877729;0000000023033;00014807;
20170307;DDM;*;K17 ;0000000000000;0000000000000;00000000;00000000;00000000;00000000;00000000;0000009879732;0000009881661;0000000000000;00001929;
20170307;DDM;*;K19 ;0000000000000;0000000000000;00000000;00000000;00000000;00000000;00000000;0000008873290;0000008874347;0000000000000;00001057;
20170307;DDM;*;K21 ;0000000000000;0000000000000;00000000;00000000;00000000;00000000;00000000;0000007983065;0000007980942;0000000000000;00002123;
20170307;DDM;*;K25 ;0000000000000;0000000000000;00000000;00000000;00000000;00000000;00000000;0000006475964;0000006476802;0000000000000;00000838;
20170307;DDM;*;Q18 ;0000000000000;0000000000000;00000000;00000000;00000000;00000000;00000000;0000009197488;0000009199649;0000000000000;00002161;
20170307;DDM;*;Q20 ;0000000000000;0000000000000;00000000;00000000;00000000;00000000;00000000;0000008303252;0000008301616;0000000000000;00001636;
20170307;DI1;*;F18 ;0015194734686;0004872449795;02457162;00010230;00010200;00010245;00010225;0000009238926;0000009240241;0000000001315;00001315;
20170307;DI1;*;F19 ;0017436170644;0005591204311;01556417;00009660;00009640;00009730;00009710;0000008460669;0000008466990;0000000006321;00006321;
20170307;DI1;*;F20 ;0005706646653;0001829933190;01131944;00009810;00009800;00009890;00009850;0000007682142;0000007688678;0000000006536;00006536;
20170307;DI1;*;F21 ;0010425699382;0003343177612;01572509;00009950;00009950;00010050;00010020;0000006955488;0000006968072;0000000012584;00012584;
20170307;DI1;*;F22 ;0000206520208;0000066224213;00084810;00010130;00010110;00010190;00010160;0000006286483;0000006300660;0000000014177;00014177;
20170307;DI1;*;F23 ;0002563558662;0000822048633;00683978;00010210;00010200;00010300;00010250;0000005679434;0000005691785;0000000012351;00012351;
20170307;DI1;*;F24 ;0000000771708;0000000247461;00047625;00010300;00010270;00010300;00010270;0000005139977;0000005156160;0000000016183;00016183;
20170307;DI1;*;F25 ;0001808319618;0000579868404;00544345;00010310;00010300;00010400;00010350;0000004644662;0000004654817;0000000010155;00010155;
20170307;DI1;*;F26 ;0000003777119;0000001211197;00063543;00010350;00010330;00010410;00010350;0000004201062;0000004208034;0000000006972;00006972;
20170307;DI1;*;F27 ;0000604748772;0000193922967;00299256;00010380;00010360;00010470;00010410;0000003796177;0000003803153;0000000006976;00006976;
20170307;DI1;*;F28 ;0000000000000;0000000000000;00000010;00000000;00000000;00000000;00000000;0000003433873;0000003440801;0000000006928;00006928;
20170307;DI1;*;F29 ;0000000000000;0000000000000;00003310;00000000;00000000;00000000;00000000;0000003108580;0000003115407;0000000006827;00006827;
20170307;DI1;*;F30 ;0000000000000;0000000000000;00000170;00000000;00000000;00000000;00000000;0000002813215;0000002819898;0000000006683;00006683;
20170307;DI1;*;G18 ;0000000000000;0000000000000;00013210;00000000;00000000;00000000;00000000;0000009169391;0000009170129;0000000000738;00000738;
20170307;DI1;*;H18 ;0000000000000;0000000000000;00000000;00000000;00000000;00000000;00000000;0000009111627;0000009113115;0000000000000;00001488;
20170307;DI1;*;J17 ;0008799699428;0002821773105;02218988;00012132;00012131;00012133;00012132;0000009914037;0000009914036;0000000000001;00000001;
20170307;DI1;*;J18 ;0000712755856;0000228557273;00637782;00009950;00009950;00009990;00009980;0000009044636;0000009047073;0000000002437;00002437;
20170307;DI1;*;J19 ;0001092054177;0000350185723;00216757;00009710;00009700;00009760;00009740;0000008268543;0000008275441;0000000006898;00006898;
20170307;DI1;*;J20 ;0000003373358;0000001081725;00073684;00009890;00009890;00009890;00009890;0000007496353;0000007503218;0000000006865;00006865;
20170307;DI1;*;J21 ;0000014578455;0000004674829;00025470;00010070;00010050;00010080;00010050;0000006786711;0000006797219;0000000010508;00010508;
20170307;DI1;*;K17 ;0000729850754;0000234039042;00239206;00011895;00011895;00011905;00011900;0000009836271;0000009836272;0000000000001;00000001;
20170307;DI1;*;M17 ;0001389675031;0000445622906;00189390;00011657;00011651;00011657;00011651;0000009745274;0000009745439;0000000000165;00000165;
20170307;DI1;*;N17 ;0006420982785;0002058997205;02333440;00011330;00011315;00011340;00011330;0000009665014;0000009665428;0000000000414;00000414;
20170307;DI1;*;N18 ;0002243976407;0000719569154;00697290;00009790;00009790;00009840;00009830;0000008848876;0000008851718;0000000002842;00002842;
20170307;DI1;*;N19 ;0000606686563;0000194544352;00440144;00009720;00009720;00009800;00009780;0000008076726;0000008084178;0000000007452;00007452;
20170307;DI1;*;N20 ;0001503758149;0000482205595;00897895;00009920;00009910;00009990;00009960;0000007313981;0000007321143;0000000007162;00007162;
20170307;DI1;*;N21 ;0000275649469;0000088391685;00053865;00010060;00010060;00010120;00010100;0000006615762;0000006630464;0000000014702;00014702;
20170307;DI1;*;N22 ;0000000298715;0000000095788;00004140;00010220;00010220;00010220;00010220;0000005978909;0000005992271;0000000013362;00013362;
20170307;DI1;*;N23 ;0000000000000;0000000000000;00003135;00000000;00000000;00000000;00000000;0000005403920;0000005418176;0000000014256;00014256;
20170307;DI1;*;N24 ;0000000000000;0000000000000;00001550;00000000;00000000;00000000;00000000;0000004891671;0000004904921;0000000013250;00013250;
20170307;DI1;*;Q17 ;0000276562138;0000088684348;00113393;00011105;00011105;00011125;00011110;0000009586552;0000009587248;0000000000696;00000696;
20170307;DI1;*;U17 ;0000744222730;0000238647661;00032982;00010890;00010870;00010895;00010875;0000009504713;0000009507392;0000000002679;00002679;
20170307;DI1;*;V17 ;0002426358558;0000778053089;00642210;00010645;00010645;00010675;00010660;0000009437376;0000009438359;0000000000983;00000983;
20170307;DI1;*;V18 ;0000943870647;0000302668157;00602385;00009710;00009710;00009760;00009740;0000008651902;0000008655111;0000000003209;00003209;
20170307;DI1;*;V19 ;0000004330396;0000001388615;00056697;00009840;00009800;00009840;00009800;0000007874781;0000007880946;0000000006165;00006165;
20170307;DI1;*;V20 ;0000006774345;0000002172309;00045323;00009980;00009970;00009980;00009980;0000007129131;0000007138914;0000000009783;00009783;
20170307;DI1;*;V21 ;0000000000000;0000000000000;00015342;00000000;00000000;00000000;00000000;0000006448257;0000006462075;0000000013818;00013818;
20170307;DI1;*;X17 ;0000000000000;0000000000000;00015142;00000000;00000000;00000000;00000000;0000009367162;0000009369662;0000000002500;00002500;
20170307;DI1;*;Z17 ;0000000000000;0000000000000;00021235;00000000;00000000;00000000;00000000;0000009302686;0000009304708;0000000002022;00002022;
20170307;DOL;*;F18 ;0000000000000;0000000000000;00003870;00000000;00000000;00000000;00000000;0000033139060;0000033189810;0000000025375;00050750;
20170307;DOL;*;F19 ;0000000000000;0000000000000;00000000;00000000;00000000;00000000;00000000;0000035189390;0000035206960;0000000000000;00017570;
20170307;DOL;*;F20 ;0000000000000;0000000000000;00000000;00000000;00000000;00000000;00000000;0000037392290;0000037381830;0000000000000;00010460;
20170307;DOL;*;F21 ;0000000000000;0000000000000;00003100;00000000;00000000;00000000;00000000;0000039508540;0000039434030;0000000037255;00074510;
20170307;DOL;*;F25 ;0000000000000;0000000000000;00000000;00000000;00000000;00000000;00000000;0000048278370;0000048168570;0000000000000;00109800;
20170307;DOL;*;G18 ;0000000000000;0000000000000;00000000;00000000;00000000;00000000;00000000;0000033331580;0000033377560;0000000000000;00045980;
20170307;DOL;*;H18 ;0000000000000;0000000000000;00000000;00000000;00000000;00000000;00000000;0000033476610;0000033526750;0000000000000;00050140;
20170307;DOL;*;J17 ;0033835953375;0010850073232;00535609;03150000;03134000;03154000;03142000;0000031389030;0000031447920;0000000029445;00058890;
20170307;DOL;*;J18 ;0000000000000;0000000000000;00000000;00000000;00000000;00000000;00000000;0000033644430;0000033699880;0000000000000;00055450;
20170307;DOL;*;J19 ;0000000000000;0000000000000;00000050;00000000;00000000;00000000;00000000;0000035729920;0000035733640;0000000001860;00003720;
20170307;DOL;*;K17 ;0000000000000;0000000000000;00004605;00000000;00000000;00000000;00000000;0000031584640;0000031643530;0000000029445;00058890;
20170307;DOL;*;M17 ;0000000000000;0000000000000;00003560;00000000;00000000;00000000;00000000;0000031826110;0000031885040;0000000029465;00058930;
20170307;DOL;*;N17 ;0000000000000;0000000000000;00030865;00000000;00000000;00000000;00000000;0000032040170;0000032098370;0000000029100;00058200;
20170307;DOL;*;N18 ;0000000000000;0000000000000;00000170;00000000;00000000;00000000;00000000;0000034169940;0000034213960;0000000022010;00044020;
20170307;DOL;*;N19 ;0000000000000;0000000000000;00000400;00000000;00000000;00000000;00000000;0000036269180;0000036263340;0000000002920;00005840;
20170307;DOL;*;N21 ;0000000000000;0000000000000;00000000;00000000;00000000;00000000;00000000;0000040635200;0000040536760;0000000000000;00098440;
20170307;DOL;*;Q17 ;0000000000000;0000000000000;00002905;00000000;00000000;00000000;00000000;0000032236870;0000032293690;0000000028410;00056820;
20170307;DOL;*;U17 ;0000000000000;0000000000000;00000840;00000000;00000000;00000000;00000000;0000032465710;0000032514210;0000000024250;00048500;
20170307;DOL;*;V17 ;0000008993125;0000002883798;00001035;03270500;03270000;03270500;03270000;0000032630430;0000032683030;0000000026300;00052600;
20170307;DOL;*;V18 ;0000000000000;0000000000000;00000000;00000000;00000000;00000000;00000000;0000034694000;0000034720540;0000000000000;00026540;
20170307;DOL;*;V19 ;0000000000000;0000000000000;00000000;00000000;00000000;00000000;00000000;0000036847690;0000036845660;0000000000000;00002030;
20170307;DOL;*;X17 ;0000000000000;0000000000000;00000000;00000000;00000000;00000000;00000000;0000032816320;0000032860480;0000000000000;00044160;
20170307;DOL;*;Z17 ;0000000000000;0000000000000;00000000;00000000;00000000;00000000;00000000;0000032984600;0000033026940;0000000000000;00042340;
20170307;DR1;*;J7K7;0000000000000;0000000000000;00000000;00019500;00019500;00019560;00019500;0000000000000;0000000000000;0000000000000;00000000;
20170307;ETH;*;H17 ;0000000000000;0000000000000;00000764;00000000;00000000;00000000;00000000;0000000155000;0000000159300;0000000129000;00004300;
20170307;ETH;*;J17 ;0000000000000;0000000000000;00000000;00000000;00000000;00000000;00000000;0000000155100;0000000155100;0000000000000;00000000;
20170307;ETH;*;K17 ;0000002220000;0000000712681;00000110;00147000;00147000;00149000;00149000;0000000155500;0000000155500;0000000000000;00000000;
20170307;ETH;*;M17 ;0000000000000;0000000000000;00000200;00000000;00000000;00000000;00000000;0000000161500;0000000161500;0000000000000;00000000;
20170307;ETH;*;N17 ;0000000000000;0000000000000;00000205;00000000;00000000;00000000;00000000;0000000160000;0000000165000;0000000150000;00005000;
20170307;ETH;*;Q17 ;0000000000000;0000000000000;00000205;00000000;00000000;00000000;00000000;0000000165000;0000000165000;0000000000000;00000000;
20170307;ETH;*;U17 ;0000000000000;0000000000000;00000000;00000000;00000000;00000000;00000000;0000000163000;0000000163000;0000000000000;00000000;
20170307;ETH;*;V17 ;0000000000000;0000000000000;00000000;00000000;00000000;00000000;00000000;0000000163000;0000000163000;0000000000000;00000000;
20170307;ETH;*;X17 ;0000000000000;0000000000000;00000000;00000000;00000000;00000000;00000000;0000000163000;0000000163000;0000000000000;00000000;
20170307;ETH;*;Z17 ;0000000000000;0000000000000;00000000;00000000;00000000;00000000;00000000;0000000165000;0000000165000;0000000000000;00000000;
20170307;EUR;*;J17 ;0000009143675;0000002932075;00012501;03326500;03318700;03326500;03324300;0000033199540;0000033309910;0000000055185;00110370;
20170307;EUR;*;K17 ;0000000000000;0000000000000;00000050;00000000;00000000;00000000;00000000;0000033441970;0000033553410;0000000055720;00111440;
20170307;EUR;*;M17 ;0000000000000;0000000000000;00000000;00000000;00000000;00000000;00000000;0000033746930;0000033858980;0000000000000;00112050;
20170307;EUR;*;N17 ;0000000000000;0000000000000;00003190;00000000;00000000;00000000;00000000;0000034029950;0000034142240;0000000056145;00112290;
20170307;EUR;*;V17 ;0000000000000;0000000000000;00000000;00000000;00000000;00000000;00000000;0000034831960;0000034940810;0000000000000;00108850;
20170307;FRC;*;F18 ;0000000000000;0000000000000;00000000;00000215;00000213;00000215;00000215;0000000000215;0000000000218;0000000000001;00000003;
20170307;FRC;*;F19 ;0000000000000;0000000000000;00000000;00000255;00000255;00000255;00000255;0000000000255;0000000000259;0000000000002;00000004;
20170307;FRC;*;F20 ;0000000000000;0000000000000;00000000;00000300;00000299;00000301;00000299;0000000000299;0000000000304;0000000000002;00000005;
20170307;FRC;*;F21 ;0000000000000;0000000000000;00000000;00000347;00000347;00000347;00000347;0000000000347;0000000000353;0000000000003;00000006;
20170307;FRC;*;F22 ;0000000000000;0000000000000;00000000;00000395;00000390;00000395;00000390;0000000000384;0000000000390;0000000000003;00000006;
20170307;FRC;*;F23 ;0000000000000;0000000000000;00000000;00000421;00000421;00000421;00000421;0000000000421;0000000000425;0000000000002;00000004;
20170307;FRC;*;F24 ;0000000000000;0000000000000;00000000;00000456;00000456;00000456;00000456;0000000000456;0000000000460;0000000000002;00000004;
20170307;FRC;*;F25 ;0000000000000;0000000000000;00000000;00000000;00000000;00000000;00000000;0000000000493;0000000000497;0000000000000;00000004;
20170307;FRC;*;F26 ;0000000000000;0000000000000;00000000;00000000;00000000;00000000;00000000;0000000000531;0000000000535;0000000000000;00000004;
20170307;FRC;*;F27 ;0000000000000;0000000000000;00000000;00000000;00000000;00000000;00000000;0000000000573;0000000000577;0000000000000;00000004;
20170307;FRC;*;F28 ;0000000000000;0000000000000;00000000;00000000;00000000;00000000;00000000;0000000000604;0000000000608;0000000000000;00000004;
20170307;FRC;*;F29 ;0000000000000;0000000000000;00000000;00000000;00000000;00000000;00000000;0000000000635;0000000000639;0000000000000;00000004;
20170307;FRC;*;F30 ;0000000000000;0000000000000;00000000;00000000;00000000;00000000;00000000;0000000000664;0000000000668;0000000000000;00000004;
20170307;FRC;*;G18 ;0000000000000;0000000000000;00000000;00000216;00000216;00000216;00000216;0000000000216;0000000000220;0000000000002;00000004;
20170307;FRC;*;H18 ;0000000000000;0000000000000;00000000;00000220;00000218;00000220;00000218;0000000000219;0000000000221;0000000000001;00000002;
20170307;FRC;*;J18 ;0000000000000;0000000000000;00000000;00000220;00000220;00000223;00000221;0000000000224;0000000000223;0000000000000;00000001;
20170307;FRC;*;J19 ;0000000000000;0000000000000;00000000;00000268;00000264;00000268;00000264;0000000000264;0000000000269;0000000000002;00000005;
20170307;FRC;*;J20 ;0000000000000;0000000000000;00000000;00000310;00000310;00000310;00000310;0000000000310;0000000000316;0000000000003;00000006;
20170307;FRC;*;J21 ;0000000000000;0000000000000;00000000;00000000;00000000;00000000;00000000;0000000000359;0000000000365;0000000000000;00000006;
20170307;FRC;*;K17 ;0000000000000;0000000000000;00000000;00000203;00000201;00000207;00000207;0000000000207;0000000000207;0000000000000;00000000;
20170307;FRC;*;M17 ;0000000000000;0000000000000;00000000;00000200;00000200;00000204;00000204;0000000000204;0000000000205;0000000000000;00000001;
20170307;FRC;*;N17 ;0000000000000;0000000000000;00000000;00000192;00000190;00000194;00000194;0000000000194;0000000000195;0000000000000;00000001;
20170307;FRC;*;N18 ;0000000000000;0000000000000;00000000;00000231;00000231;00000231;00000231;0000000000231;0000000000233;0000000000001;00000002;
20170307;FRC;*;N19 ;0000000000000;0000000000000;00000000;00000274;00000274;00000274;00000274;0000000000274;0000000000279;0000000000002;00000005;
20170307;FRC;*;N20 ;0000000000000;0000000000000;00000000;00000000;00000000;00000000;00000000;0000000000319;0000000000329;0000000000000;00000010;
20170307;FRC;*;N21 ;0000000000000;0000000000000;00000000;00000000;00000000;00000000;00000000;0000000000366;0000000000372;0000000000000;00000006;
20170307;FRC;*;Q17 ;0000000000000;0000000000000;00000000;00000209;00000209;00000209;00000209;0000000000209;0000000000210;0000000000000;00000001;
20170307;FRC;*;U17 ;0000000000000;0000000000000;00000000;00000200;00000200;00000202;00000202;0000000000202;0000000000204;0000000000001;00000002;
20170307;FRC;*;V17 ;0000000000000;0000000000000;00000000;00000205;00000205;00000209;00000209;0000000000209;0000000000212;0000000000001;00000003;
20170307;FRC;*;V18 ;0000000000000;0000000000000;00000000;00000242;00000242;00000242;00000242;0000000000242;0000000000247;0000000000002;00000005;
20170307;FRC;*;V19 ;0000000000000;0000000000000;00000000;00000000;00000000;00000000;00000000;0000000000286;0000000000291;0000000000000;00000005;
20170307;FRC;*;V20 ;0000000000000;0000000000000;00000000;00000000;00000000;00000000;00000000;0000000000334;0000000000342;0000000000000;00000008;
20170307;FRC;*;V21 ;0000000000000;0000000000000;00000000;00000000;00000000;00000000;00000000;0000000000373;0000000000379;0000000000000;00000006;
20170307;FRC;*;X17 ;0000000000000;0000000000000;00000000;00000210;00000210;00000210;00000210;0000000000210;0000000000214;0000000000002;00000004;
20170307;FRC;*;Z17 ;0000000000000;0000000000000;00000000;00000211;00000211;00000211;00000211;0000000000211;0000000000216;0000000000002;00000005;
20170307;FRO;*;F18 ;0000000000000;0000000000000;00000000;00000000;00000000;00000000;00000000;0000000000217;0000000000220;0000000000000;00000003;
20170307;FRO;*;F19 ;0000000000000;0000000000000;00000000;00000000;00000000;00000000;00000000;0000000000257;0000000000261;0000000000000;00000004;
20170307;FRO;*;F20 ;0000000000000;0000000000000;00000000;00000000;00000000;00000000;00000000;0000000000301;0000000000306;0000000000000;00000005;
20170307;FRO;*;F21 ;0000000000000;0000000000000;00000000;00000000;00000000;00000000;00000000;0000000000349;0000000000355;0000000000000;00000006;
20170307;FRO;*;F22 ;0000000000000;0000000000000;00000000;00000000;00000000;00000000;00000000;0000000000386;0000000000392;0000000000000;00000006;
20170307;FRO;*;F23 ;0000000000000;0000000000000;00000000;00000000;00000000;00000000;00000000;0000000000423;0000000000427;0000000000000;00000004;
20170307;FRO;*;F24 ;0000000000000;0000000000000;00000000;00000000;00000000;00000000;00000000;0000000000458;0000000000462;0000000000000;00000004;
20170307;FRO;*;F25 ;0000000000000;0000000000000;00000000;00000000;00000000;00000000;00000000;0000000000495;0000000000499;0000000000000;00000004;
20170307;FRO;*;F26 ;0000000000000;0000000000000;00000000;00000000;00000000;00000000;00000000;0000000000533;0000000000537;0000000000000;00000004;
20170307;FRO;*;F27 ;0000000000000;0000000000000;00000000;00000000;00000000;00000000;00000000;0000000000576;0000000000580;0000000000000;00000004;
20170307;FRO;*;F28 ;0000000000000;0000000000000;00000000;00000000;00000000;00000000;00000000;0000000000607;0000000000611;0000000000000;00000004;
20170307;FRO;*;F29 ;0000000000000;0000000000000;00000000;00000000;00000000;00000000;00000000;0000000000638;0000000000642;0000000000000;00000004;
20170307;FRO;*;F30 ;0000000000000;0000000000000;00000000;00000000;00000000;00000000;00000000;0000000000667;0000000000671;0000000000000;00000004;
20170307;FRO;*;G18 ;0000000000000;0000000000000;00000000;00000000;00000000;00000000;00000000;0000000000218;0000000000222;0000000000000;00000004;
20170307;FRO;*;H18 ;0000000000000;0000000000000;00000000;00000000;00000000;00000000;00000000;0000000000221;0000000000223;0000000000000;00000002;
20170307;FRO;*;J18 ;0000000000000;0000000000000;00000000;00000000;00000000;00000000;00000000;0000000000226;0000000000225;0000000000000;00000001;
20170307;FRO;*;J19 ;0000000000000;0000000000000;00000000;00000000;00000000;00000000;00000000;0000000000266;0000000000271;0000000000000;00000005;
20170307;FRO;*;J20 ;0000000000000;0000000000000;00000000;00000000;00000000;00000000;00000000;0000000000312;0000000000318;0000000000000;00000006;
20170307;FRO;*;J21 ;0000000000000;0000000000000;00000000;00000000;00000000;00000000;00000000;0000000000361;0000000000367;0000000000000;00000006;
20170307;FRO;*;K17 ;0000000000000;0000000000000;00000000;00000000;00000000;00000000;00000000;0000000000209;0000000000209;0000000000000;00000000;
20170307;FRO;*;M17 ;0000000000000;0000000000000;00000000;00000000;00000000;00000000;00000000;0000000000206;0000000000207;0000000000000;00000001;
20170307;FRO;*;N17 ;0000000000000;0000000000000;00000000;00000000;00000000;00000000;00000000;0000000000196;0000000000197;0000000000000;00000001;
20170307;FRO;*;N18 ;0000000000000;0000000000000;00000000;00000000;00000000;00000000;00000000;0000000000233;0000000000235;0000000000000;00000002;
20170307;FRO;*;N19 ;0000000000000;0000000000000;00000000;00000000;00000000;00000000;00000000;0000000000276;0000000000281;0000000000000;00000005;
20170307;FRO;*;N20 ;0000000000000;0000000000000;00000000;00000000;00000000;00000000;00000000;0000000000321;0000000000331;0000000000000;00000010;
20170307;FRO;*;N21 ;0000000000000;0000000000000;00000000;00000000;00000000;00000000;00000000;0000000000368;0000000000374;0000000000000;00000006;
20170307;FRO;*;Q17 ;0000000000000;0000000000000;00000000;00000000;00000000;00000000;00000000;0000000000211;0000000000212;0000000000000;00000001;
20170307;FRO;*;U17 ;0000000000000;0000000000000;00000000;00000000;00000000;00000000;00000000;0000000000204;0000000000206;0000000000000;00000002;
20170307;FRO;*;V17 ;0000000000000;0000000000000;00000000;00000000;00000000;00000000;00000000;0000000000211;0000000000214;0000000000000;00000003;
20170307;FRO;*;V18 ;0000000000000;0000000000000;00000000;00000000;00000000;00000000;00000000;0000000000244;0000000000249;0000000000000;00000005;
20170307;FRO;*;V19 ;0000000000000;0000000000000;00000000;00000000;00000000;00000000;00000000;0000000000288;0000000000293;0000000000000;00000005;
20170307;FRO;*;V20 ;0000000000000;0000000000000;00000000;00000000;00000000;00000000;00000000;0000000000336;0000000000344;0000000000000;00000008;
20170307;FRO;*;V21 ;0000000000000;0000000000000;00000000;00000000;00000000;00000000;00000000;0000000000375;0000000000381;0000000000000;00000006;
20170307;FRO;*;X17 ;0000000000000;0000000000000;00000000;00000000;00000000;00000000;00000000;0000000000212;0000000000216;0000000000000;00000004;
20170307;FRO;*;Z17 ;0000000000000;0000000000000;00000000;00000000;00000000;00000000;00000000;0000000000213;0000000000218;0000000000000;00000005;
20170307;FRP;*;FRP0;0000000000000;0000000000000;00000000;00002190;00002160;00002410;00002410;0000000000000;0000000000000;0000000000000;00000000;
20170307;GBP;*;J17 ;0000002282315;0000000731863;00001003;03838700;03828800;03838800;03828800;0000038305150;0000038487430;0000000063798;00182280;
20170307;GBP;*;K17 ;0000000000000;0000000000000;00000000;00000000;00000000;00000000;00000000;0000038563420;0000038746600;0000000000000;00183180;
20170307;GBP;*;M17 ;0000000000000;0000000000000;00000000;00000000;00000000;00000000;00000000;0000038890460;0000039075310;0000000000000;00184850;
20170307;HSI;*;H17 ;0000000000000;0000000000000;00000000;00000000;00000000;00000000;00000000;0000000023670;0000000023581;0000000000000;00000089;
20170307;HSI;*;J17 ;0000000000000;0000000000000;00000000;00000000;00000000;00000000;00000000;0000000023673;0000000023586;0000000000000;00000087;
20170307;IAP;*;H17 ;0000000000000;0000000000000;00000000;00000000;00000000;00000000;00000000;0000000481513;0000000481516;0000000000075;00000003;
20170307;IAP;*;J17 ;0000000000000;0000000000000;00000000;00000000;00000000;00000000;00000000;0000000482971;0000000482965;0000000000000;00000006;
20170307;IAP;*;K17 ;0000000000000;0000000000000;00000000;00000000;00000000;00000000;00000000;0000000485205;0000000485195;0000000000000;00000010;
20170307;IAP;*;K19 ;0000000000000;0000000000000;00000000;00000000;00000000;00000000;00000000;0000000527584;0000000527019;0000000000000;00000565;
20170307;IAP;*;K21 ;0000000000000;0000000000000;00000000;00000000;00000000;00000000;00000000;0000000576772;0000000575456;0000000000000;00001316;
20170307;IAP;*;Q18 ;0000000000000;0000000000000;00000000;00000000;00000000;00000000;00000000;0000000510370;0000000509988;0000000000000;00000382;
20170307;IAP;*;Q20 ;0000000000000;0000000000000;00000000;00000000;00000000;00000000;00000000;0000000558610;0000000557779;0000000000000;00000831;
20170307;IAP;*;Q22 ;0000000000000;0000000000000;00000000;00000000;00000000;00000000;00000000;0000000610865;0000000608876;0000000000000;00001989;
20170307;ICF;*;H17 ;0000000000000;0000000000000;00000167;00000000;00000000;00000000;00000000;0000000015835;0000000015920;0000000026477;00000085;
20170307;ICF;*;H18 ;0000000000000;0000000000000;00000000;00000000;00000000;00000000;00000000;0000000018285;0000000018380;0000000000000;00000095;
20170307;ICF;*;K17 ;0000000000000;0000000000000;00000100;00000000;00000000;00000000;00000000;0000000016815;0000000016915;0000000031150;00000100;
20170307;ICF;*;N17 ;0000000000000;0000000000000;00000100;00000000;00000000;00000000;00000000;0000000017040;0000000017140;0000000031150;00000100;
20170307;ICF;*;U17 ;0000024618281;0000007903140;00004432;00017500;00017320;00017550;00017360;0000000017365;0000000017505;0000000043610;00000140;
20170307;ICF;*;U18 ;0000002732649;0000000877255;00000341;00018375;00018200;00018375;00018200;0000000017950;0000000018035;0000000026477;00000085;
20170307;ICF;*;Z17 ;0000000000000;0000000000000;00000192;00000000;00000000;00000000;00000000;0000000017860;0000000017960;0000000031150;00000100;
20170307;ICF;*;Z18 ;0000000000000;0000000000000;00000029;00000000;00000000;00000000;00000000;0000000018240;0000000018335;0000000029592;00000095;
20170307;IGM;*;K17 ;0000000000000;0000000000000;00000000;00000000;00000000;00000000;00000000;0000000669344;0000000669475;0000000002620;00000131;
20170307;IGM;*;K19 ;0000000000000;0000000000000;00000000;00000000;00000000;00000000;00000000;0000000720848;0000000720312;0000000000000;00000536;
20170307;IGM;*;K21 ;0000000000000;0000000000000;00000000;00000000;00000000;00000000;00000000;0000000790356;0000000788754;0000000000000;00001602;
20170307;IGM;*;Q18 ;0000000000000;0000000000000;00000000;00000000;00000000;00000000;00000000;0000000698031;0000000697959;0000000000000;00000072;
20170307;IGM;*;Q20 ;0000000000000;0000000000000;00000000;00000000;00000000;00000000;00000000;0000000763420;0000000762410;0000000000000;00001010;
20170307;IND;*;G18 ;0000000000000;0000000000000;00000000;00000000;00000000;00000000;00000000;0000000071146;0000000071758;0000000000000;00000612;
20170307;IND;*;J17 ;0003574510200;0001146227417;00260751;00066960;00066315;00067340;00066345;0000000066396;0000000066975;0000000057900;00000579;
20170307;IND;*;J18 ;0000000000000;0000000000000;00000000;00000000;00000000;00000000;00000000;0000000072123;0000000072731;0000000000000;00000608;
20170307;IND;*;M17 ;0000000000000;0000000000000;00025300;00000000;00000000;00000000;00000000;0000000067490;0000000068076;0000000058600;00000586;
20170307;IND;*;M18 ;0000000000000;0000000000000;00001080;00000000;00000000;00000000;00000000;0000000072969;0000000073582;0000000061300;00000613;
20170307;IND;*;Q17 ;0000000000000;0000000000000;00002205;00000000;00000000;00000000;00000000;0000000068512;0000000069097;0000000058500;00000585;
20170307;IND;*;Q18 ;0000000000000;0000000000000;00000000;00000000;00000000;00000000;00000000;0000000073995;0000000074614;0000000000000;00000619;
20170307;IND;*;V17 ;0000000000000;0000000000000;00000950;00000000;00000000;00000000;00000000;0000000069437;0000000070029;0000000059200;00000592;
20170307;IND;*;V18 ;0000000000000;0000000000000;00000000;00000000;00000000;00000000;00000000;0000000075000;0000000075621;0000000000000;00000621;
20170307;IND;*;Z17 ;0000000000000;0000000000000;00011050;00000000;00000000;00000000;00000000;0000000070263;0000000070863;0000000060000;00000600;
20170307;IND;*;Z18 ;0000000000000;0000000000000;00000025;00000000;00000000;00000000;00000000;0000000075918;0000000076529;0000000061100;00000611;
20170307;ISP;*;H17 ;0000173815131;0000055799400;00002811;00237175;00236550;00237525;00236650;0000000236675;0000000237550;0000000136281;00000875;
20170307;ISP;*;M17 ;0000005162178;0000001657200;00000165;00236350;00236350;00237000;00236875;0000000236325;0000000237200;0000000136281;00000875;
20170307;ISP;*;U17 ;0000000000000;0000000000000;00000000;00000000;00000000;00000000;00000000;0000000236050;0000000236900;0000000000000;00000850;
20170307;ISP;*;Z17 ;0000000000000;0000000000000;00000000;00000000;00000000;00000000;00000000;0000000235800;0000000236650;0000000000000;00000850;
20170307;JPY;*;J17 ;0000002754400;0000000883245;00002356;02754400;02754400;02754400;02754400;0000027543100;0000027607500;0000000032200;00064400;
20170307;JPY;*;K17 ;0000000000000;0000000000000;00000029;00000000;00000000;00000000;00000000;0000027737000;0000027801900;0000000032450;00064900;
20170307;JPY;*;M17 ;0000000000000;0000000000000;00000000;00000000;00000000;00000000;00000000;0000027980900;0000028046600;0000000000000;00065700;
20170307;JPY;*;N17 ;0000000000000;0000000000000;00000000;00000000;00000000;00000000;00000000;0000028211300;0000028276400;0000000000000;00065100;
20170307;JSE;*;H17 ;0000000000000;0000000000000;00000000;00000000;00000000;00000000;00000000;0000000044256;0000000044316;0000000000000;00000060;
20170307;JSE;*;M17 ;0000000000000;0000000000000;00000000;00000000;00000000;00000000;00000000;0000000044748;0000000044808;0000000000000;00000060;
20170307;MIX;*;H17 ;0000000000000;0000000000000;00000000;00000000;00000000;00000000;00000000;0000000002028;0000000002051;0000000000000;00000023;
20170307;MIX;*;M17 ;0000000000000;0000000000000;00000000;00000000;00000000;00000000;00000000;0000000002046;0000000002074;0000000000000;00000028;
20170307;MXN;*;J17 ;0000000000000;0000000000000;00000612;00000000;00000000;00000000;00000000;0000016041880;0000016029360;0000000009390;00012520;
20170307;MXN;*;K17 ;0000000000000;0000000000000;00000013;00000000;00000000;00000000;00000000;0000016066630;0000016053700;0000000009697;00012930;
20170307;MXN;*;M17 ;0000000000000;0000000000000;00000000;00000000;00000000;00000000;00000000;0000016114320;0000016101240;0000000000000;00013080;
20170307;NZD;*;J17 ;0000000000000;0000000000000;00000005;00000000;00000000;00000000;00000000;0000021839960;0000021978700;0000000104055;00138740;
20170307;NZD;*;K17 ;0000000000000;0000000000000;00000000;00000000;00000000;00000000;00000000;0000021960900;0000022099320;0000000000000;00138420;
20170307;NZD;*;M17 ;0000000000000;0000000000000;00000000;00000000;00000000;00000000;00000000;0000022108450;0000022248280;0000000000000;00139830;
20170307;OC1;*;F18 ;0000000000000;0000000000000;00000000;00000000;00000000;00000000;00000000;0000009237699;0000009239014;0000000000000;00001315;
20170307;OC1;*;F19 ;0000000000000;0000000000000;00000000;00000000;00000000;00000000;00000000;0000008458302;0000008464481;0000000000000;00006179;
20170307;OC1;*;F20 ;0000000000000;0000000000000;00000000;00000000;00000000;00000000;00000000;0000007678606;0000007685138;0000000000000;00006532;
20170307;OC1;*;F21 ;0000000000000;0000000000000;00000000;00000000;00000000;00000000;00000000;0000006951159;0000006963733;0000000000000;00012574;
20170307;OC1;*;F22 ;0000000000000;0000000000000;00000000;00000000;00000000;00000000;00000000;0000006281553;0000006295716;0000000000000;00014163;
20170307;OC1;*;F23 ;0000000000000;0000000000000;00000000;00000000;00000000;00000000;00000000;0000005674061;0000005686100;0000000000000;00012039;
20170307;OC1;*;F24 ;0000000000000;0000000000000;00000000;00000000;00000000;00000000;00000000;0000005134289;0000005150134;0000000000000;00015845;
20170307;OC1;*;F25 ;0000000000000;0000000000000;00000000;00000000;00000000;00000000;00000000;0000004638761;0000004648574;0000000000000;00009813;
20170307;OC1;*;F26 ;0000000000000;0000000000000;00000000;00000000;00000000;00000000;00000000;0000004195038;0000004201664;0000000000000;00006626;
20170307;OC1;*;F27 ;0000000000000;0000000000000;00000000;00000000;00000000;00000000;00000000;0000003789787;0000003796750;0000000000000;00006963;
20170307;OC1;*;F28 ;0000000000000;0000000000000;00000000;00000000;00000000;00000000;00000000;0000003427506;0000003434420;0000000000000;00006914;
20170307;OC1;*;F29 ;0000000000000;0000000000000;00000000;00000000;00000000;00000000;00000000;0000003102290;0000003109102;0000000000000;00006812;
20170307;OC1;*;F30 ;0000000000000;0000000000000;00000000;00000000;00000000;00000000;00000000;0000002807044;0000002813711;0000000000000;00006667;
20170307;OC1;*;G18 ;0000000000000;0000000000000;00000000;00000000;00000000;00000000;00000000;0000009168041;0000009168780;0000000000000;00000739;
20170307;OC1;*;H18 ;0000000000000;0000000000000;00000000;00000000;00000000;00000000;00000000;0000009110178;0000009111666;0000000000000;00001488;
20170307;OC1;*;J17 ;0000000000000;0000000000000;00029800;00000000;00000000;00000000;00000000;0000009913904;0000009913903;0000000000001;00000001;
20170307;OC1;*;J18 ;0000000000000;0000000000000;00000000;00000000;00000000;00000000;00000000;0000009043073;0000009045511;0000000000000;00002438;
20170307;OC1;*;J19 ;0000000000000;0000000000000;00000000;00000000;00000000;00000000;00000000;0000008265921;0000008272661;0000000000000;00006740;
20170307;OC1;*;J20 ;0000000000000;0000000000000;00000000;00000000;00000000;00000000;00000000;0000007492602;0000007499463;0000000000000;00006861;
20170307;OC1;*;J21 ;0000000000000;0000000000000;00000000;00000000;00000000;00000000;00000000;0000006782219;0000006792720;0000000000000;00010501;
20170307;OC1;*;K17 ;0000000000000;0000000000000;00000000;00000000;00000000;00000000;00000000;0000009836013;0000009836013;0000000000000;00000000;
20170307;OC1;*;M17 ;0000000000000;0000000000000;00000000;00000000;00000000;00000000;00000000;0000009744866;0000009745031;0000000000000;00000165;
20170307;OC1;*;N17 ;0000000000000;0000000000000;00000000;00000000;00000000;00000000;00000000;0000009664463;0000009664876;0000000000000;00000413;
20170307;OC1;*;N18 ;0000000000000;0000000000000;00000000;00000000;00000000;00000000;00000000;0000008847088;0000008849825;0000000000000;00002737;
20170307;OC1;*;N19 ;0000000000000;0000000000000;00000000;00000000;00000000;00000000;00000000;0000008073858;0000008081137;0000000000000;00007279;
20170307;OC1;*;N20 ;0000000000000;0000000000000;00000000;00000000;00000000;00000000;00000000;0000007310034;0000007317192;0000000000000;00007158;
20170307;OC1;*;N21 ;0000000000000;0000000000000;00000000;00000000;00000000;00000000;00000000;0000006611120;0000006625810;0000000000000;00014690;
20170307;OC1;*;N22 ;0000000000000;0000000000000;00000000;00000000;00000000;00000000;00000000;0000005973742;0000005986802;0000000000000;00013060;
20170307;OC1;*;N23 ;0000000000000;0000000000000;00000000;00000000;00000000;00000000;00000000;0000005398375;0000005412306;0000000000000;00013931;
20170307;OC1;*;N24 ;0000000000000;0000000000000;00000000;00000000;00000000;00000000;00000000;0000004885866;0000004898775;0000000000000;00012909;
20170307;OC1;*;Q17 ;0000000000000;0000000000000;00000000;00000000;00000000;00000000;00000000;0000009585895;0000009586557;0000000000000;00000662;
20170307;OC1;*;U17 ;0000000000000;0000000000000;00000000;00000000;00000000;00000000;00000000;0000009503912;0000009506590;0000000000000;00002678;
20170307;OC1;*;V17 ;0000000000000;0000000000000;00000000;00000000;00000000;00000000;00000000;0000009436450;0000009437433;0000000000000;00000983;
20170307;OC1;*;V18 ;0000000000000;0000000000000;00000000;00000000;00000000;00000000;00000000;0000008649812;0000008652898;0000000000000;00003086;
20170307;OC1;*;V19 ;0000000000000;0000000000000;00000000;00000000;00000000;00000000;00000000;0000007871666;0000007877645;0000000000000;00005979;
20170307;OC1;*;V20 ;0000000000000;0000000000000;00000000;00000000;00000000;00000000;00000000;0000007124984;0000007134761;0000000000000;00009777;
20170307;OC1;*;V21 ;0000000000000;0000000000000;00000000;00000000;00000000;00000000;00000000;0000006443461;0000006457267;0000000000000;00013806;
20170307;OC1;*;X17 ;0000000000000;0000000000000;00000000;00000000;00000000;00000000;00000000;0000009366163;0000009368607;0000000000000;00002444;
20170307;OC1;*;Z17 ;0000000000000;0000000000000;00000000;00000000;00000000;00000000;00000000;0000009301572;0000009303532;0000000000000;00001960;
20170307;OZ1;*;0000;0000000453645;0000000145469;00000000;00121650;00120800;00121650;00120800;0000000121093;0000000121750;0000000000000;00000900;
20170307;OZ1;*;J17 ;0000000000000;0000000000000;00000000;00000000;00000000;00000000;00000000;0000000121792;0000000122755;0000000000000;00000963;
20170307;OZ1;*;K17 ;0000000000000;0000000000000;00000000;00000000;00000000;00000000;00000000;0000000122757;0000000123728;0000000000000;00000971;
20170307;OZ2;*;0000;0000000013362;0000000004285;00000000;00121650;00121020;00122000;00122000;0000000121597;0000000122070;0000000000000;00000100;
20170307;OZ3;*;0000;0000000002033;0000000000652;00000000;00120500;00120500;00120500;00120500;0000000120500;0000000121161;0000000000000;00000500;
20170307;SCS;*;J703;0000000000000;0000000000000;00194220;00000000;00000000;00000000;00000000;0000000000000;0000000000000;0000000000000;00000000;
20170307;SCS;*;K702;0000000000000;0000000000000;00127785;00000000;00000000;00000000;00000000;0000000000000;0000000000000;0000000000000;00000000;
20170307;SCS;*;M701;0000000000000;0000000000000;00026000;00000000;00000000;00000000;00000000;0000000000000;0000000000000;0000000000000;00000000;
20170307;SCS;*;N703;0000000000000;0000000000000;00091470;00000000;00000000;00000000;00000000;0000000000000;0000000000000;0000000000000;00000000;
20170307;SFI;*;K17 ;0000000000000;0000000000000;00000000;00000000;00000000;00000000;00000000;0000000002193;0000000002219;0000000000000;00000026;
20170307;SFI;*;N17 ;0000000000000;0000000000000;00000000;00000000;00000000;00000000;00000000;0000000002212;0000000002236;0000000000000;00000024;
20170307;SFI;*;X17 ;0000000000000;0000000000000;00000000;00000000;00000000;00000000;00000000;0000000002162;0000000002180;0000000000000;00000018;
20170307;SJC;*;F18 ;0000000000000;0000000000000;00000000;00000000;00000000;00000000;00000000;0000000224482;0000000226356;0000000000000;00001874;
20170307;SJC;*;H18 ;0000000000000;0000000000000;00000000;00000000;00000000;00000000;00000000;0000000225198;0000000227017;0000000000000;00001819;
20170307;SJC;*;K17 ;0000007647007;0000002454898;00000809;00002278;00002256;00002278;00002260;0000000226025;0000000228671;0000000037090;00002646;
20170307;SJC;*;K18 ;0000000000000;0000000000000;00000000;00000000;00000000;00000000;00000000;0000000225694;0000000227458;0000000000000;00001764;
20170307;SJC;*;N17 ;0000000000000;0000000000000;00000122;00000000;00000000;00000000;00000000;0000000228119;0000000230600;0000000034777;00002481;
20170307;SJC;*;Q17 ;0000000000000;0000000000000;00000000;00000000;00000000;00000000;00000000;0000000228230;0000000230600;0000000000000;00002370;
20170307;SJC;*;U17 ;0000000000000;0000000000000;00000000;00000000;00000000;00000000;00000000;0000000225309;0000000227458;0000000000000;00002149;
20170307;SJC;*;X17 ;0000000974145;0000000312727;00000427;00002245;00002235;00002245;00002235;0000000223435;0000000225254;0000000025497;00001819;
20170307;TRY;*;J17 ;0000000000000;0000000000000;00000355;00000000;00000000;00000000;00000000;0000008447190;0000008386750;0000000045330;00060440;
20170307;TRY;*;K17 ;0000000000000;0000000000000;00000000;00000000;00000000;00000000;00000000;0000008435820;0000008370030;0000000000000;00065790;
20170307;TRY;*;M17 ;0000000000000;0000000000000;00000000;00000000;00000000;00000000;00000000;0000008420320;0000008358780;0000000000000;00061540;
20170307;T10;*;M17 ;0000004234808;0000001357963;00002647;00123469;00123436;00123469;00123438;0000001234531;0000001235937;0000000043846;00001406;
20170307;T10;*;U17 ;0000000000000;0000000000000;00000000;00000000;00000000;00000000;00000000;0000001230937;0000001232343;0000000000000;00001406;
20170307;WDO;*;F18 ;0000000000000;0000000000000;00000000;00000000;00000000;00000000;00000000;0000033139060;0000033189810;0000000000000;00050750;
20170307;WDO;*;F19 ;0000000000000;0000000000000;00000000;00000000;00000000;00000000;00000000;0000035189390;0000035206960;0000000000000;00017570;
20170307;WDO;*;F20 ;0000000000000;0000000000000;00000000;00000000;00000000;00000000;00000000;0000037392290;0000037381830;0000000000000;00010460;
20170307;WDO;*;F21 ;0000000000000;0000000000000;00000000;00000000;00000000;00000000;00000000;0000039508540;0000039434030;0000000000000;00074510;
20170307;WDO;*;F25 ;0000000000000;0000000000000;00000000;00000000;00000000;00000000;00000000;0000048278370;0000048168570;0000000000000;00109800;
20170307;WDO;*;G18 ;0000000000000;0000000000000;00000000;00000000;00000000;00000000;00000000;0000033331580;0000033377560;0000000000000;00045980;
20170307;WDO;*;H18 ;0000000000000;0000000000000;00000000;00000000;00000000;00000000;00000000;0000033476610;0000033526750;0000000000000;00050140;
20170307;WDO;*;J17 ;0012511324625;0004011968775;00029788;03151500;03134000;03154000;03142000;0000031389030;0000031447920;0000000005889;00058890;
20170307;WDO;*;J18 ;0000000000000;0000000000000;00000000;00000000;00000000;00000000;00000000;0000033644430;0000033699880;0000000000000;00055450;
20170307;WDO;*;J19 ;0000000000000;0000000000000;00000000;00000000;00000000;00000000;00000000;0000035729920;0000035733640;0000000000000;00003720;
20170307;WDO;*;K17 ;0000000758910;0000000243357;00000134;03164000;03155000;03174000;03156000;0000031584640;0000031643530;0000000005889;00058890;
20170307;WDO;*;M17 ;0000000000000;0000000000000;00000000;00000000;00000000;00000000;00000000;0000031826110;0000031885040;0000000000000;00058930;
20170307;WDO;*;N17 ;0000000000000;0000000000000;00000001;00000000;00000000;00000000;00000000;0000032040170;0000032098370;0000000005820;00058200;
20170307;WDO;*;N18 ;0000000000000;0000000000000;00000000;00000000;00000000;00000000;00000000;0000034169940;0000034213960;0000000000000;00044020;
20170307;WDO;*;N19 ;0000000000000;0000000000000;00000000;00000000;00000000;00000000;00000000;0000036269180;0000036263340;0000000000000;00005840;
20170307;WDO;*;N21 ;0000000000000;0000000000000;00000000;00000000;00000000;00000000;00000000;0000040635200;0000040536760;0000000000000;00098440;
20170307;WDO;*;Q17 ;0000000000000;0000000000000;00000000;00000000;00000000;00000000;00000000;0000032236870;0000032293690;0000000000000;00056820;
20170307;WDO;*;U17 ;0000000000000;0000000000000;00000000;00000000;00000000;00000000;00000000;0000032465710;0000032514210;0000000000000;00048500;
20170307;WDO;*;V17 ;0000000000000;0000000000000;00000000;00000000;00000000;00000000;00000000;0000032630430;0000032683030;0000000000000;00052600;
20170307;WDO;*;V18 ;0000000000000;0000000000000;00000000;00000000;00000000;00000000;00000000;0000034694000;0000034720540;0000000000000;00026540;
20170307;WDO;*;V19 ;0000000000000;0000000000000;00000000;00000000;00000000;00000000;00000000;0000036847690;0000036845660;0000000000000;00002030;
20170307;WDO;*;X17 ;0000000000000;0000000000000;00000000;00000000;00000000;00000000;00000000;0000032816320;0000032860480;0000000000000;00044160;
20170307;WDO;*;Z17 ;0000000000000;0000000000000;00000000;00000000;00000000;00000000;00000000;0000032984600;0000033026940;0000000000000;00042340;
20170307;WEU;*;J17 ;0000000000000;0000000000000;00000000;00000000;00000000;00000000;00000000;0000033199540;0000033309910;0000000000000;00110370;
20170307;WEU;*;K17 ;0000000000000;0000000000000;00000000;00000000;00000000;00000000;00000000;0000033441970;0000033553410;0000000000000;00111440;
20170307;WEU;*;M17 ;0000000000000;0000000000000;00000000;00000000;00000000;00000000;00000000;0000033746930;0000033858980;0000000000000;00112050;
20170307;WEU;*;N17 ;0000000000000;0000000000000;00000000;00000000;00000000;00000000;00000000;0000034029950;0000034142240;0000000000000;00112290;
20170307;WEU;*;V17 ;0000000000000;0000000000000;00000000;00000000;00000000;00000000;00000000;0000034831960;0000034940810;0000000000000;00108850;
20170307;WIN;*;G18 ;0000000000000;0000000000000;00000000;00000000;00000000;00000000;00000000;0000000071146;0000000071758;0000000000000;00000612;
20170307;WIN;*;J17 ;0010632737650;0003409567949;00054549;00066995;00066300;00067350;00066320;0000000066396;0000000066975;0000000011580;00000579;
20170307;WIN;*;J18 ;0000000000000;0000000000000;00000000;00000000;00000000;00000000;00000000;0000000072123;0000000072731;0000000000000;00000608;
20170307;WIN;*;M17 ;0000000027000;0000000008658;00000008;00067500;00067500;00067500;00067500;0000000067490;0000000068076;0000000011720;00000586;
20170307;WIN;*;M18 ;0000000000000;0000000000000;00000000;00000000;00000000;00000000;00000000;0000000072969;0000000073582;0000000000000;00000613;
20170307;WIN;*;Q17 ;0000000000000;0000000000000;00000000;00000000;00000000;00000000;00000000;0000000068512;0000000069097;0000000000000;00000585;
20170307;WIN;*;Q18 ;0000000000000;0000000000000;00000000;00000000;00000000;00000000;00000000;0000000073995;0000000074614;0000000000000;00000619;
20170307;WIN;*;V17 ;0000000000000;0000000000000;00000000;00000000;00000000;00000000;00000000;0000000069437;0000000070029;0000000000000;00000592;
20170307;WIN;*;V18 ;0000000000000;0000000000000;00000000;00000000;00000000;00000000;00000000;0000000075000;0000000075621;0000000000000;00000621;
20170307;WIN;*;Z17 ;0000000000000;0000000000000;00000000;00000000;00000000;00000000;00000000;0000000070263;0000000070863;0000000000000;00000600;
20170307;WIN;*;Z18 ;0000000000000;0000000000000;00000000;00000000;00000000;00000000;00000000;0000000075918;0000000076529;0000000000000;00000611;
20170307;WTI;*;J17 ;0000000000000;0000000000000;00000238;00000000;00000000;00000000;00000000;0000000005314;0000000005320;0000000001869;00000006;
20170307;WTI;*;K17 ;0000000000000;0000000000000;00000030;00000000;00000000;00000000;00000000;0000000005364;0000000005371;0000000002180;00000007;
20170307;ZAR;*;J17 ;0000000000000;0000000000000;00000148;00000000;00000000;00000000;00000000;0000024091580;0000024056990;0000000012106;00034590;
20170307;ZAR;*;K17 ;0000000000000;0000000000000;00000010;00000000;00000000;00000000;00000000;0000024128200;0000024094830;0000000011679;00033370;
20170307;ZAR;*;M17 ;0000000000000;0000000000000;00000000;00000000;00000000;00000000;00000000;0000024172350;0000024143730;0000000000000;00028620;
