Data;Código do Contrato;Pregão;Vencimento;Volume(R$);Volume(U$);Número de contas em Aberto;Preço de Abertura;Preço Mínimo;Preço Máximo;Último Preço;Preço de Ajuste Atual; Preço de Ajuste Anterior;Valor de Ajuste por Contrato;Variação
20170608;AUD;*;N17 ;0000000000000;0000000000000;00001566;00000000;00000000;00000000;00000000;0000024782710;0000024852550;0000000041904;00069840;
20170608;AUD;*;Q17 ;0000000747240;0000000227553;00000914;02490800;02490800;02490800;02490800;0000024921670;0000024996590;0000000044952;00074920;
20170608;AUD;*;U17 ;0000000000000;0000000000000;00000150;00000000;00000000;00000000;00000000;0000025078840;0000025153830;0000000044994;00074990;
20170608;BGI;*;F18 ;0000000000000;0000000000000;00000000;00000000;00000000;00000000;00000000;0000000012764;0000000012772;0000000000000;00000008;
20170608;BGI;*;K18 ;0000000000000;0000000000000;00000058;00000000;00000000;00000000;00000000;0000000013092;0000000013100;0000000002640;00000008;
20170608;BGI;*;M17 ;0000011232153;0000003434279;00000923;00012603;00012550;00012700;00012660;0000000012660;0000000012626;0000000011220;00000034;
20170608;BGI;*;N17 ;0000018421009;0000005632303;00000435;00012600;00012550;00012660;00012660;0000000012657;0000000012644;0000000004290;00000013;
20170608;BGI;*;Q17 ;0000014644888;0000004477737;00000452;00012700;00012600;00012700;00012650;0000000012675;0000000012700;0000000008250;00000025;
20170608;BGI;*;U17 ;0000000084427;0000000025814;00000052;00012800;00012784;00012800;00012784;0000000012792;0000000012800;0000000002640;00000008;
20170608;BGI;*;V17 ;0000080284449;0000024547315;00005076;00012870;00012730;00012897;00012850;0000000012857;0000000012865;0000000002640;00000008;
20170608;BGI;*;V18 ;0000000000000;0000000000000;00000090;00000000;00000000;00000000;00000000;0000000013679;0000000013686;0000000002310;00000007;
20170608;BGI;*;X17 ;0000000212619;0000000065009;00000068;00012950;00012800;00012950;00012900;0000000012925;0000000012933;0000000002640;00000008;
20170608;BGI;*;Z17 ;0000000000000;0000000000000;00000003;00000000;00000000;00000000;00000000;0000000012966;0000000012974;0000000002640;00000008;
20170608;BRI;*;Q17 ;0000001587000;0000000483282;00000908;00010580;00010580;00010580;00010580;0000000010636;0000000010706;0000000070000;00000070;
20170608;BRI;*;V17 ;0000000000000;0000000000000;00000016;00000000;00000000;00000000;00000000;0000000010787;0000000010858;0000000071000;00000071;
20170608;BSE;*;M17 ;0000000000000;0000000000000;00000000;00000000;00000000;00000000;00000000;0000000031375;0000000031441;0000000000000;00000066;
20170608;BSE;*;N17 ;0000000000000;0000000000000;00000000;00000000;00000000;00000000;00000000;0000000031592;0000000031659;0000000000000;00000067;
20170608;CAD;*;N17 ;0000000146550;0000000044628;00000038;02442500;02442500;02442500;02442500;0000024340140;0000024384660;0000000026712;00044520;
20170608;CAD;*;Q17 ;0000000734670;0000000223726;00000730;02448900;02448900;02448900;02448900;0000024503690;0000024551290;0000000028560;00047600;
20170608;CAD;*;U17 ;0000000000000;0000000000000;00000105;00000000;00000000;00000000;00000000;0000024684520;0000024730540;0000000027612;00046020;
20170608;CCM;*;F18 ;0000004331655;0000001324422;00000842;00002900;00002900;00002960;00002915;0000000002915;0000000002914;0000000000450;00000001;
20170608;CCM;*;H18 ;0000003842419;0000001174836;00000242;00002973;00002968;00003010;00003010;0000000003053;0000000003058;0000000002250;00000005;
20170608;CCM;*;K18 ;0000000000000;0000000000000;00000000;00000000;00000000;00000000;00000000;0000000002993;0000000002998;0000000000000;00000005;
20170608;CCM;*;N17 ;0000000335677;0000000102635;00000857;00002640;00002640;00002665;00002665;0000000002665;0000000002660;0000000002250;00000005;
20170608;CCM;*;N18 ;0000000000000;0000000000000;00000000;00000000;00000000;00000000;00000000;0000000003005;0000000003011;0000000000000;00000006;
20170608;CCM;*;U17 ;0000042328269;0000012942050;00021999;00002739;00002726;00002769;00002750;0000000002752;0000000002739;0000000005850;00000013;
20170608;CCM;*;U18 ;0000000334912;0000000102401;00000025;00002977;00002977;00002977;00002977;0000000003019;0000000003024;0000000002250;00000005;
20170608;CCM;*;X17 ;0000001926706;0000000589099;00001215;00002840;00002840;00002880;00002845;0000000002842;0000000002835;0000000003150;00000007;
20170608;CCM;*;X18 ;0000000000000;0000000000000;00000000;00000000;00000000;00000000;00000000;0000000003094;0000000003099;0000000000000;00000005;
20170608;CHF;*;N17 ;0000000000000;0000000000000;00000009;00000000;00000000;00000000;00000000;0000034024880;0000034189640;0000000082380;00164760;
20170608;CHF;*;Q17 ;0000000000000;0000000000000;00000000;00000000;00000000;00000000;00000000;0000034308220;0000034468660;0000000000000;00160440;
20170608;CHF;*;U17 ;0000000000000;0000000000000;00000160;00000000;00000000;00000000;00000000;0000034608380;0000034772930;0000000082275;00164550;
20170608;CLP;*;N17 ;0000000000000;0000000000000;00000072;00000000;00000000;00000000;00000000;0000049315000;0000049184000;0000000032750;00131000;
20170608;CLP;*;Q17 ;0000000000000;0000000000000;00000000;00000000;00000000;00000000;00000000;0000049570000;0000049429000;0000000000000;00141000;
20170608;CLP;*;U17 ;0000000000000;0000000000000;00000460;00000000;00000000;00000000;00000000;0000049845000;0000049703000;0000000035500;00142000;
20170608;CNY;*;N17 ;0000000000000;0000000000000;00000090;00000000;00000000;00000000;00000000;0000048272310;0000048444140;0000000060140;00171830;
20170608;CNY;*;Q17 ;0000000000000;0000000000000;00000000;00000000;00000000;00000000;00000000;0000048470910;0000048654510;0000000000000;00183600;
20170608;CNY;*;U17 ;0000000000000;0000000000000;00000000;00000000;00000000;00000000;00000000;0000048681730;0000048865430;0000000000000;00183700;
20170608;DAP;*;F18 ;0000000000000;0000000000000;00025410;00000000;00000000;00000000;00000000;0000009681960;0000009683215;0000000001520;00001255;
20170608;DAP;*;F19 ;0000000000000;0000000000000;00000000;00000000;00000000;00000000;00000000;0000009219913;0000009226627;0000000000000;00006714;
20170608;DAP;*;K19 ;0000058832798;0000017916072;00039745;00000520;00000519;00000520;00000519;0000009079218;0000009077331;0000000002286;00001887;
20170608;DAP;*;K21 ;0000004395739;0000001338613;00013597;00000566;00000566;00000566;00000566;0000008059056;0000008064677;0000000006810;00005621;
20170608;DAP;*;K23 ;0000000000000;0000000000000;00012633;00000000;00000000;00000000;00000000;0000007177937;0000007185609;0000000009295;00007672;
20170608;DAP;*;M17 ;0000000000000;0000000000000;00000000;00000000;00000000;00000000;00000000;0000009989890;0000009989661;0000000000000;00000229;
20170608;DAP;*;N17 ;0000000000000;0000000000000;00002800;00000000;00000000;00000000;00000000;0000009901682;0000009901966;0000000000344;00000284;
20170608;DAP;*;Q17 ;0000000000000;0000000000000;00000000;00000000;00000000;00000000;00000000;0000009860725;0000009861248;0000000000000;00000523;
20170608;DAP;*;Q18 ;0000049008777;0000014924410;00052180;00000527;00000527;00000533;00000533;0000009406342;0000009406048;0000000000356;00000294;
20170608;DAP;*;Q20 ;0000000000000;0000000000000;00005785;00000000;00000000;00000000;00000000;0000008429284;0000008428957;0000000000396;00000327;
20170608;DAP;*;Q22 ;0000000906981;0000000276199;00016567;00000579;00000575;00000579;00000575;0000007485550;0000007488850;0000000003998;00003300;
20170608;DAP;*;Q24 ;0000000815488;0000000248337;00008370;00000569;00000569;00000569;00000569;0000006730436;0000006730134;0000000000365;00000302;
20170608;DAP;*;Q26 ;0000000361482;0000000110080;00002375;00000580;00000580;00000580;00000580;0000005966812;0000005976865;0000000012180;00010053;
20170608;DAP;*;Q30 ;0000000000000;0000000000000;00000235;00000000;00000000;00000000;00000000;0000004787371;0000004781202;0000000007474;00006169;
20170608;DAP;*;U17 ;0000000000000;0000000000000;00000000;00000000;00000000;00000000;00000000;0000009803178;0000009804093;0000000000000;00000915;
20170608;DCO;*;F18 ;0000000000000;0000000000000;00000000;00000000;00000000;00000000;00000000;0000009851440;0000009880666;0000000000000;00029226;
20170608;DCO;*;F19 ;0000000000000;0000000000000;00000000;00000000;00000000;00000000;00000000;0000009580647;0000009614386;0000000000000;00033739;
20170608;DCO;*;F20 ;0000000000000;0000000000000;00000000;00000000;00000000;00000000;00000000;0000009261575;0000009299926;0000000000000;00038351;
20170608;DCO;*;F21 ;0000000000000;0000000000000;00000000;00000000;00000000;00000000;00000000;0000008899115;0000008941027;0000000000000;00041912;
20170608;DCO;*;F22 ;0000000000000;0000000000000;00000000;00000000;00000000;00000000;00000000;0000008508104;0000008549054;0000000000000;00040950;
20170608;DCO;*;F23 ;0000000000000;0000000000000;00000000;00000000;00000000;00000000;00000000;0000008108031;0000008146391;0000000000000;00038360;
20170608;DCO;*;F24 ;0000000000000;0000000000000;00000000;00000000;00000000;00000000;00000000;0000007708855;0000007739491;0000000000000;00030636;
20170608;DCO;*;F25 ;0000000000000;0000000000000;00000000;00000000;00000000;00000000;00000000;0000007294101;0000007319986;0000000000000;00025885;
20170608;DCO;*;F26 ;0000000000000;0000000000000;00000000;00000000;00000000;00000000;00000000;0000006890651;0000006915631;0000000000000;00024980;
20170608;DCO;*;F27 ;0000000000000;0000000000000;00000000;00000000;00000000;00000000;00000000;0000006497216;0000006521182;0000000000000;00023966;
20170608;DCO;*;F28 ;0000000000000;0000000000000;00000000;00000000;00000000;00000000;00000000;0000006140677;0000006163669;0000000000000;00022992;
20170608;DCO;*;F29 ;0000000000000;0000000000000;00000000;00000000;00000000;00000000;00000000;0000005803441;0000005825438;0000000000000;00021997;
20170608;DCO;*;F30 ;0000000000000;0000000000000;00000000;00000000;00000000;00000000;00000000;0000005486805;0000005507811;0000000000000;00021006;
20170608;DCO;*;G18 ;0000000000000;0000000000000;00000000;00000000;00000000;00000000;00000000;0000009832294;0000009862190;0000000000000;00029896;
20170608;DCO;*;H18 ;0000000000000;0000000000000;00000000;00000000;00000000;00000000;00000000;0000009813644;0000009843437;0000000000000;00029793;
20170608;DCO;*;J18 ;0000000000000;0000000000000;00000000;00000000;00000000;00000000;00000000;0000009788519;0000009818895;0000000000000;00030376;
20170608;DCO;*;J19 ;0000000000000;0000000000000;00000000;00000000;00000000;00000000;00000000;0000009511987;0000009545306;0000000000000;00033319;
20170608;DCO;*;J20 ;0000000000000;0000000000000;00000000;00000000;00000000;00000000;00000000;0000009179543;0000009216467;0000000000000;00036924;
20170608;DCO;*;J21 ;0000000000000;0000000000000;00000000;00000000;00000000;00000000;00000000;0000008816245;0000008858897;0000000000000;00042652;
20170608;DCO;*;J22 ;0000000000000;0000000000000;00000000;00000000;00000000;00000000;00000000;0000008420911;0000008462279;0000000000000;00041368;
20170608;DCO;*;K18 ;0000000000000;0000000000000;00000000;00000000;00000000;00000000;00000000;0000009765985;0000009797786;0000000000000;00031801;
20170608;DCO;*;M18 ;0000000000000;0000000000000;00000000;00000000;00000000;00000000;00000000;0000009747016;0000009778511;0000000000000;00031495;
20170608;DCO;*;N17 ;0000000000000;0000000000000;00000000;00000000;00000000;00000000;00000000;0000009969261;0000009997782;0000000000000;00028521;
20170608;DCO;*;N18 ;0000000000000;0000000000000;00000000;00000000;00000000;00000000;00000000;0000009726733;0000009756747;0000000000000;00030014;
20170608;DCO;*;N19 ;0000000000000;0000000000000;00000000;00000000;00000000;00000000;00000000;0000009433688;0000009466119;0000000000000;00032431;
20170608;DCO;*;N20 ;0000000000000;0000000000000;00000000;00000000;00000000;00000000;00000000;0000009087611;0000009130437;0000000000000;00042826;
20170608;DCO;*;N21 ;0000000000000;0000000000000;00000000;00000000;00000000;00000000;00000000;0000008714023;0000008760432;0000000000000;00046409;
20170608;DCO;*;Q17 ;0000000000000;0000000000000;00000000;00000000;00000000;00000000;00000000;0000009950447;0000009979329;0000000000000;00028882;
20170608;DCO;*;U17 ;0000000000000;0000000000000;00000000;00000000;00000000;00000000;00000000;0000009935022;0000009963810;0000000000000;00028788;
20170608;DCO;*;V17 ;0000000000000;0000000000000;00000000;00000000;00000000;00000000;00000000;0000009914701;0000009943140;0000000000000;00028439;
20170608;DCO;*;V18 ;0000000000000;0000000000000;00000000;00000000;00000000;00000000;00000000;0000009658725;0000009689898;0000000000000;00031173;
20170608;DCO;*;V19 ;0000000000000;0000000000000;00000000;00000000;00000000;00000000;00000000;0000009352411;0000009385592;0000000000000;00033181;
20170608;DCO;*;V20 ;0000000000000;0000000000000;00000000;00000000;00000000;00000000;00000000;0000008998108;0000009039222;0000000000000;00041114;
20170608;DCO;*;V21 ;0000000000000;0000000000000;00000000;00000000;00000000;00000000;00000000;0000008622259;0000008666159;0000000000000;00043900;
20170608;DCO;*;X17 ;0000000000000;0000000000000;00000000;00000000;00000000;00000000;00000000;0000009894465;0000009923913;0000000000000;00029448;
20170608;DCO;*;Z17 ;0000000000000;0000000000000;00000000;00000000;00000000;00000000;00000000;0000009874484;0000009904452;0000000000000;00029968;
20170608;DDI;*;F18 ;0000000000000;0000000000000;00410078;00000000;00000000;00000000;00000000;0000009852001;0000009881228;0000000047854;00029227;
20170608;DDI;*;F19 ;0000000000000;0000000000000;00114739;00000000;00000000;00000000;00000000;0000009582108;0000009615854;0000000055254;00033746;
20170608;DDI;*;F20 ;0000000000000;0000000000000;00098455;00000000;00000000;00000000;00000000;0000009266047;0000009304426;0000000062839;00038379;
20170608;DDI;*;F21 ;0000000000000;0000000000000;00092021;00000000;00000000;00000000;00000000;0000008904865;0000008946817;0000000068690;00041952;
20170608;DDI;*;F22 ;0000000000000;0000000000000;00034834;00000000;00000000;00000000;00000000;0000008514825;0000008555825;0000000067131;00041000;
20170608;DDI;*;F23 ;0000000000000;0000000000000;00030596;00000000;00000000;00000000;00000000;0000008115467;0000008153879;0000000062893;00038412;
20170608;DDI;*;F24 ;0000000000000;0000000000000;00033255;00000000;00000000;00000000;00000000;0000007716784;0000007747463;0000000050232;00030679;
20170608;DDI;*;F25 ;0000000000000;0000000000000;00020180;00000000;00000000;00000000;00000000;0000007302283;0000007328205;0000000042443;00025922;
20170608;DDI;*;F26 ;0000000000000;0000000000000;00014030;00000000;00000000;00000000;00000000;0000006898917;0000006923937;0000000040966;00025020;
20170608;DDI;*;F27 ;0000000000000;0000000000000;00010950;00000000;00000000;00000000;00000000;0000006505427;0000006529434;0000000039307;00024007;
20170608;DDI;*;F28 ;0000000000000;0000000000000;00000110;00000000;00000000;00000000;00000000;0000006152833;0000006175887;0000000037747;00023054;
20170608;DDI;*;F29 ;0000000000000;0000000000000;00000000;00000000;00000000;00000000;00000000;0000005815327;0000005837385;0000000000000;00022058;
20170608;DDI;*;F30 ;0000000000000;0000000000000;00000500;00000000;00000000;00000000;00000000;0000005498347;0000005519413;0000000034492;00021066;
20170608;DDI;*;G18 ;0000000000000;0000000000000;00029510;00000000;00000000;00000000;00000000;0000009833572;0000009862831;0000000047907;00029259;
20170608;DDI;*;H18 ;0000000000000;0000000000000;00017220;00000000;00000000;00000000;00000000;0000009814356;0000009844151;0000000048784;00029795;
20170608;DDI;*;J18 ;0000000000000;0000000000000;00096216;00000000;00000000;00000000;00000000;0000009789312;0000009819691;0000000049741;00030379;
20170608;DDI;*;J19 ;0000000000000;0000000000000;00050506;00000000;00000000;00000000;00000000;0000009513652;0000009546977;0000000054564;00033325;
20170608;DDI;*;J20 ;0000000000000;0000000000000;00027895;00000000;00000000;00000000;00000000;0000009184358;0000009221311;0000000060504;00036953;
20170608;DDI;*;J21 ;0000000000000;0000000000000;00005997;00000000;00000000;00000000;00000000;0000008822264;0000008864962;0000000069911;00042698;
20170608;DDI;*;J22 ;0000000000000;0000000000000;00000120;00000000;00000000;00000000;00000000;0000008427842;0000008469263;0000000067820;00041421;
20170608;DDI;*;K18 ;0000000000000;0000000000000;00017320;00000000;00000000;00000000;00000000;0000009766854;0000009799533;0000000053506;00032679;
20170608;DDI;*;M18 ;0000000000000;0000000000000;00003770;00000000;00000000;00000000;00000000;0000009747961;0000009779459;0000000051573;00031498;
20170608;DDI;*;N17 ;0000000000000;0000000000000;00617277;00000000;00000000;00000000;00000000;0000009969399;0000009997922;0000000046702;00028523;
20170608;DDI;*;N18 ;0000000000000;0000000000000;00093759;00000000;00000000;00000000;00000000;0000009727755;0000009757772;0000000049148;00030017;
20170608;DDI;*;N19 ;0000000000000;0000000000000;00056974;00000000;00000000;00000000;00000000;0000009435550;0000009469862;0000000056180;00034312;
20170608;DDI;*;N20 ;0000000000000;0000000000000;00043035;00000000;00000000;00000000;00000000;0000009092748;0000009135611;0000000070181;00042863;
20170608;DDI;*;N21 ;0000000000000;0000000000000;00004910;00000000;00000000;00000000;00000000;0000008720288;0000008766751;0000000076076;00046463;
20170608;DDI;*;Q17 ;0000000000000;0000000000000;00452964;00000000;00000000;00000000;00000000;0000009950744;0000009979629;0000000047294;00028885;
20170608;DDI;*;U17 ;0000000000000;0000000000000;00111115;00000000;00000000;00000000;00000000;0000009935488;0000009964280;0000000047142;00028792;
20170608;DDI;*;V17 ;0000000000000;0000000000000;00241739;00000000;00000000;00000000;00000000;0000009915017;0000009943457;0000000046566;00028440;
20170608;DDI;*;V18 ;0000000000000;0000000000000;00058368;00000000;00000000;00000000;00000000;0000009659969;0000009691147;0000000051049;00031178;
20170608;DDI;*;V19 ;0000000000000;0000000000000;00032384;00000000;00000000;00000000;00000000;0000009356518;0000009389720;0000000054363;00033202;
20170608;DDI;*;V20 ;0000000000000;0000000000000;00023920;00000000;00000000;00000000;00000000;0000009003559;0000009044710;0000000067378;00041151;
20170608;DDI;*;V21 ;0000000000000;0000000000000;00002042;00000000;00000000;00000000;00000000;0000008628773;0000008672725;0000000071964;00043952;
20170608;DDI;*;X17 ;0000000000000;0000000000000;00091830;00000000;00000000;00000000;00000000;0000009894862;0000009924713;0000000048876;00029851;
20170608;DDI;*;Z17 ;0000000000000;0000000000000;00071490;00000000;00000000;00000000;00000000;0000009874961;0000009904929;0000000049068;00029968;
20170608;DDM;*;K25 ;0000000000000;0000000000000;00000000;00000000;00000000;00000000;00000000;0000006477239;0000006478361;0000000000000;00001122;
20170608;DI1;*;F18 ;0012051440172;0003669967773;03243451;00009310;00009310;00009340;00009315;0000009514125;0000009514410;0000000000285;00000285;
20170608;DI1;*;F19 ;0016743555526;0005098835351;01898937;00009420;00009390;00009470;00009400;0000008697604;0000008699070;0000000001466;00001466;
20170608;DI1;*;F20 ;0006709658902;0002043260522;01520974;00010010;00009960;00010060;00009990;0000007841886;0000007843756;0000000001870;00001870;
20170608;DI1;*;F21 ;0010266790094;0003126496770;01355507;00010470;00010460;00010570;00010480;0000007021241;0000007021158;0000000000083;00000083;
20170608;DI1;*;F22 ;0000145473623;0000044300391;00089371;00010820;00010750;00010860;00010770;0000006280366;0000006282805;0000000002439;00002439;
20170608;DI1;*;F23 ;0002323677230;0000707618378;00632568;00010950;00010920;00011040;00010960;0000005624022;0000005629488;0000000005466;00005466;
20170608;DI1;*;F24 ;0000001006222;0000000306420;00056350;00011130;00011040;00011130;00011060;0000005039684;0000005045453;0000000005769;00005769;
20170608;DI1;*;F25 ;0001202705811;0000366254282;00548983;00011150;00011110;00011230;00011150;0000004512804;0000004518774;0000000005970;00005970;
20170608;DI1;*;F26 ;0000001010429;0000000307701;00062718;00011150;00011150;00011230;00011160;0000004045117;0000004054308;0000000009191;00009191;
20170608;DI1;*;F27 ;0000565952967;0000172346966;00398065;00011230;00011200;00011310;00011240;0000003621333;0000003633636;0000000012303;00012303;
20170608;DI1;*;F28 ;0000000000000;0000000000000;00000010;00000000;00000000;00000000;00000000;0000003258959;0000003271203;0000000012244;00012244;
20170608;DI1;*;F29 ;0000000000000;0000000000000;00003403;00000000;00000000;00000000;00000000;0000002932350;0000002944412;0000000012062;00012062;
20170608;DI1;*;F30 ;0000000000000;0000000000000;00000720;00000000;00000000;00000000;00000000;0000002622679;0000002634397;0000000011718;00011718;
20170608;DI1;*;G18 ;0000006137481;0000001869018;00022420;00009280;00009270;00009280;00009270;0000009441871;0000009443568;0000000001697;00001697;
20170608;DI1;*;H18 ;0000001407928;0000000428750;00015540;00009220;00009220;00009220;00009220;0000009383043;0000009384144;0000000001101;00001101;
20170608;DI1;*;J18 ;0000491487494;0000149670350;00706819;00009235;00009210;00009245;00009210;0000009317800;0000009318112;0000000000312;00000312;
20170608;DI1;*;J19 ;0001226476659;0000373493105;00494743;00009600;00009550;00009620;00009560;0000008489422;0000008490296;0000000000874;00000874;
20170608;DI1;*;J20 ;0000033153914;0000010096204;00076423;00010190;00010120;00010190;00010120;0000007632256;0000007633233;0000000000977;00000977;
20170608;DI1;*;J21 ;0000058418852;0000017790015;00030695;00010590;00010550;00010590;00010570;0000006834060;0000006836306;0000000002246;00002246;
20170608;DI1;*;J22 ;0000000000000;0000000000000;00001365;00000000;00000000;00000000;00000000;0000006112112;0000006115140;0000000003028;00003028;
20170608;DI1;*;K18 ;0000064749860;0000019717967;00019615;00009210;00009210;00009210;00009210;0000009249980;0000009251270;0000000001290;00001290;
20170608;DI1;*;M18 ;0000000000000;0000000000000;00001800;00000000;00000000;00000000;00000000;0000009182724;0000009183035;0000000000311;00000311;
20170608;DI1;*;N17 ;0004801450177;0001462162792;02988867;00010140;00010140;00010150;00010148;0000009938837;0000009938847;0000000000010;00000010;
20170608;DI1;*;N18 ;0003869600894;0001178391161;00704598;00009270;00009220;00009290;00009230;0000009114271;0000009113693;0000000000578;00000578;
20170608;DI1;*;N19 ;0000654754865;0000199389386;00494447;00009700;00009690;00009770;00009700;0000008279255;0000008280929;0000000001674;00001674;
20170608;DI1;*;N20 ;0004533515558;0001380569937;01248717;00010280;00010250;00010350;00010260;0000007428386;0000007432462;0000000004076;00004076;
20170608;DI1;*;N21 ;0000300367479;0000091469480;00058368;00010700;00010640;00010740;00010650;0000006641890;0000006646622;0000000004732;00004732;
20170608;DI1;*;N22 ;0000018394266;0000005601518;00004620;00010900;00010870;00010940;00010880;0000005949049;0000005952958;0000000003909;00003909;
20170608;DI1;*;N23 ;0000000000000;0000000000000;00003180;00000000;00000000;00000000;00000000;0000005329416;0000005335057;0000000005641;00005641;
20170608;DI1;*;N24 ;0000000000000;0000000000000;00002530;00000000;00000000;00000000;00000000;0000004775847;0000004781730;0000000005883;00005883;
20170608;DI1;*;Q17 ;0001814197365;0000552468897;00432578;00010096;00010095;00010104;00010099;0000009859759;0000009859747;0000000000012;00000012;
20170608;DI1;*;U17 ;0001292236775;0000393518721;00186130;00009860;00009859;00009870;00009862;0000009778612;0000009778905;0000000000293;00000293;
20170608;DI1;*;V17 ;0008601200586;0002619282717;01565349;00009650;00009650;00009685;00009675;0000009711077;0000009711525;0000000000448;00000448;
20170608;DI1;*;V18 ;0000566093788;0000172389850;00590280;00009340;00009300;00009360;00009300;0000008903879;0000008904149;0000000000270;00000270;
20170608;DI1;*;V19 ;0000053912811;0000016417812;00079334;00009900;00009860;00009910;00009860;0000008054704;0000008053942;0000000000762;00000762;
20170608;DI1;*;V20 ;0000016234773;0000004943898;00046610;00010390;00010390;00010390;00010390;0000007215455;0000007217551;0000000002096;00002096;
20170608;DI1;*;V21 ;0000045508617;0000013858523;00012062;00010760;00010710;00010760;00010730;0000006456802;0000006460432;0000000003630;00003630;
20170608;DI1;*;X17 ;0000198134119;0000060336841;00113310;00009535;00009535;00009535;00009535;0000009641563;0000009641951;0000000000388;00000388;
20170608;DI1;*;Z17 ;0000001436606;0000000437483;00093785;00009410;00009410;00009410;00009410;0000009577794;0000009578474;0000000000680;00000680;
20170608;DOL;*;F18 ;0000000000000;0000000000000;00007905;00000000;00000000;00000000;00000000;0000033909950;0000034009530;0000000049790;00099580;
20170608;DOL;*;F19 ;0000000000000;0000000000000;00000000;00000000;00000000;00000000;00000000;0000036077210;0000036198170;0000000000000;00120960;
20170608;DOL;*;F20 ;0000000000000;0000000000000;00000000;00000000;00000000;00000000;00000000;0000038694170;0000038845170;0000000000000;00151000;
20170608;DOL;*;F21 ;0000000000000;0000000000000;00003100;00000000;00000000;00000000;00000000;0000041532200;0000041728370;0000000098085;00196170;
20170608;DOL;*;F25 ;0000000000000;0000000000000;00000000;00000000;00000000;00000000;00000000;0000052988760;0000053106600;0000000000000;00117840;
20170608;DOL;*;G18 ;0000000000000;0000000000000;00000000;00000000;00000000;00000000;00000000;0000034105530;0000034200860;0000000000000;00095330;
20170608;DOL;*;H18 ;0000000000000;0000000000000;00000000;00000000;00000000;00000000;00000000;0000034252290;0000034352240;0000000000000;00099950;
20170608;DOL;*;J18 ;0000000000000;0000000000000;00000180;00000000;00000000;00000000;00000000;0000034404110;0000034509720;0000000052805;00105610;
20170608;DOL;*;J19 ;0000000000000;0000000000000;00000050;00000000;00000000;00000000;00000000;0000036697850;0000036822610;0000000062380;00124760;
20170608;DOL;*;J20 ;0000000000000;0000000000000;00000000;00000000;00000000;00000000;00000000;0000039406460;0000039559950;0000000000000;00153490;
20170608;DOL;*;J22 ;0000000000000;0000000000000;00000000;00000000;00000000;00000000;00000000;0000045154040;0000045353490;0000000000000;00199450;
20170608;DOL;*;K18 ;0000000000000;0000000000000;00000000;00000000;00000000;00000000;00000000;0000034576850;0000034687710;0000000000000;00110860;
20170608;DOL;*;M18 ;0000000000000;0000000000000;00000000;00000000;00000000;00000000;00000000;0000034762720;0000034873870;0000000000000;00111150;
20170608;DOL;*;N17 ;0035829793250;0010911076573;00522613;03294000;03278000;03306000;03278000;0000032847600;0000032941580;0000000046990;00093980;
20170608;DOL;*;N18 ;0000000000000;0000000000000;00000620;00000000;00000000;00000000;00000000;0000034951210;0000035061290;0000000055040;00110080;
20170608;DOL;*;N19 ;0000000000000;0000000000000;00000400;00000000;00000000;00000000;00000000;0000037320500;0000037448650;0000000064075;00128150;
20170608;DOL;*;N21 ;0000000000000;0000000000000;00000000;00000000;00000000;00000000;00000000;0000042994280;0000043192580;0000000000000;00198300;
20170608;DOL;*;Q17 ;0000071258000;0000021699860;00013885;03323000;03300000;03323000;03300000;0000033049190;0000033145160;0000000047985;00095970;
20170608;DOL;*;U17 ;0000060945250;0000018559367;00001605;03340000;03324500;03340000;03324500;0000033272350;0000033367770;0000000047710;00095420;
20170608;DOL;*;V17 ;0000000000000;0000000000000;00003955;00000000;00000000;00000000;00000000;0000033434710;0000033529070;0000000047180;00094360;
20170608;DOL;*;V18 ;0000000000000;0000000000000;00000040;00000000;00000000;00000000;00000000;0000035527780;0000035641360;0000000056790;00113580;
20170608;DOL;*;V19 ;0000000000000;0000000000000;00000000;00000000;00000000;00000000;00000000;0000038039620;0000038178220;0000000000000;00138600;
20170608;DOL;*;X17 ;0000000000000;0000000000000;00000225;00000000;00000000;00000000;00000000;0000033607310;0000033707340;0000000050015;00100030;
20170608;DOL;*;Z17 ;0000000000000;0000000000000;00000005;00000000;00000000;00000000;00000000;0000033763030;0000033863090;0000000050030;00100060;
20170608;ETH;*;F18 ;0000000000000;0000000000000;00000030;00000000;00000000;00000000;00000000;0000000165000;0000000165000;0000000000000;00000000;
20170608;ETH;*;G18 ;0000000000000;0000000000000;00000030;00000000;00000000;00000000;00000000;0000000165000;0000000165000;0000000000000;00000000;
20170608;ETH;*;H18 ;0000000000000;0000000000000;00000030;00000000;00000000;00000000;00000000;0000000165000;0000000165000;0000000000000;00000000;
20170608;ETH;*;K18 ;0000000000000;0000000000000;00000000;00000000;00000000;00000000;00000000;0000000150050;0000000150050;0000000000000;00000000;
20170608;ETH;*;M17 ;0000000000000;0000000000000;00000360;00000000;00000000;00000000;00000000;0000000137500;0000000138000;0000000015000;00000500;
20170608;ETH;*;N17 ;0000000000000;0000000000000;00000291;00000000;00000000;00000000;00000000;0000000137500;0000000138500;0000000030000;00001000;
20170608;ETH;*;Q17 ;0000000000000;0000000000000;00000590;00000000;00000000;00000000;00000000;0000000138500;0000000139500;0000000030000;00001000;
20170608;ETH;*;U17 ;0000000000000;0000000000000;00000000;00000000;00000000;00000000;00000000;0000000150000;0000000150000;0000000000000;00000000;
20170608;ETH;*;V17 ;0000003552000;0000001086039;00000330;00148000;00148000;00148000;00148000;0000000150000;0000000150000;0000000000000;00000000;
20170608;ETH;*;X17 ;0000005580000;0000001706109;00000147;00155000;00155000;00155000;00155000;0000000160000;0000000160000;0000000000000;00000000;
20170608;ETH;*;Z17 ;0000009942180;0000003039864;00000367;00158700;00157000;00158700;00157000;0000000162000;0000000162000;0000000000000;00000000;
20170608;EUR;*;N17 ;0000032340375;0000009848461;00014665;03704300;03683400;03711300;03683400;0000036900040;0000037112550;0000000106255;00212510;
20170608;EUR;*;Q17 ;0000001865500;0000000568092;00001785;03744400;03717600;03744400;03717600;0000037173020;0000037388850;0000000107915;00215830;
20170608;EUR;*;U17 ;0000058290425;0000017750906;00000135;03760600;03760600;03760700;03760700;0000037478210;0000037694740;0000000108265;00216530;
20170608;EUR;*;V17 ;0000000000000;0000000000000;00000000;00000000;00000000;00000000;00000000;0000037719820;0000037937070;0000000000000;00217250;
20170608;FRC;*;F18 ;0000000000000;0000000000000;00000000;00000240;00000232;00000240;00000234;0000000000234;0000000000232;0000000000001;00000002;
20170608;FRC;*;F19 ;0000000000000;0000000000000;00000000;00000261;00000261;00000265;00000265;0000000000265;0000000000261;0000000000002;00000004;
20170608;FRC;*;F20 ;0000000000000;0000000000000;00000000;00000297;00000297;00000300;00000300;0000000000299;0000000000294;0000000000002;00000005;
20170608;FRC;*;F21 ;0000000000000;0000000000000;00000000;00000330;00000330;00000336;00000336;0000000000336;0000000000330;0000000000003;00000006;
20170608;FRC;*;F22 ;0000000000000;0000000000000;00000000;00000374;00000374;00000374;00000374;0000000000374;0000000000369;0000000000002;00000005;
20170608;FRC;*;F23 ;0000000000000;0000000000000;00000000;00000000;00000000;00000000;00000000;0000000000409;0000000000405;0000000000000;00000004;
20170608;FRC;*;F24 ;0000000000000;0000000000000;00000000;00000000;00000000;00000000;00000000;0000000000443;0000000000440;0000000000000;00000003;
20170608;FRC;*;F25 ;0000000000000;0000000000000;00000000;00000000;00000000;00000000;00000000;0000000000480;0000000000479;0000000000000;00000001;
20170608;FRC;*;F26 ;0000000000000;0000000000000;00000000;00000000;00000000;00000000;00000000;0000000000516;0000000000515;0000000000000;00000001;
20170608;FRC;*;F27 ;0000000000000;0000000000000;00000000;00000000;00000000;00000000;00000000;0000000000552;0000000000551;0000000000000;00000001;
20170608;FRC;*;F28 ;0000000000000;0000000000000;00000000;00000000;00000000;00000000;00000000;0000000000582;0000000000581;0000000000000;00000001;
20170608;FRC;*;F29 ;0000000000000;0000000000000;00000000;00000000;00000000;00000000;00000000;0000000000612;0000000000611;0000000000000;00000001;
20170608;FRC;*;F30 ;0000000000000;0000000000000;00000000;00000000;00000000;00000000;00000000;0000000000641;0000000000640;0000000000000;00000001;
20170608;FRC;*;G18 ;0000000000000;0000000000000;00000000;00000234;00000234;00000234;00000234;0000000000234;0000000000231;0000000000001;00000003;
20170608;FRC;*;H18 ;0000000000000;0000000000000;00000000;00000236;00000236;00000236;00000236;0000000000236;0000000000233;0000000000001;00000003;
20170608;FRC;*;J18 ;0000000000000;0000000000000;00000000;00000000;00000000;00000000;00000000;0000000000243;0000000000239;0000000000000;00000004;
20170608;FRC;*;J19 ;0000000000000;0000000000000;00000000;00000264;00000264;00000264;00000264;0000000000271;0000000000267;0000000000002;00000004;
20170608;FRC;*;J20 ;0000000000000;0000000000000;00000000;00000000;00000000;00000000;00000000;0000000000307;0000000000302;0000000000000;00000005;
20170608;FRC;*;J21 ;0000000000000;0000000000000;00000000;00000000;00000000;00000000;00000000;0000000000342;0000000000336;0000000000000;00000006;
20170608;FRC;*;J22 ;0000000000000;0000000000000;00000000;00000000;00000000;00000000;00000000;0000000000380;0000000000375;0000000000000;00000005;
20170608;FRC;*;K18 ;0000000000000;0000000000000;00000000;00000246;00000246;00000246;00000246;0000000000246;0000000000241;0000000000002;00000005;
20170608;FRC;*;M18 ;0000000000000;0000000000000;00000000;00000241;00000241;00000246;00000246;0000000000246;0000000000241;0000000000002;00000005;
20170608;FRC;*;N18 ;0000000000000;0000000000000;00000000;00000246;00000246;00000246;00000246;0000000000246;0000000000243;0000000000001;00000003;
20170608;FRC;*;N19 ;0000000000000;0000000000000;00000000;00000000;00000000;00000000;00000000;0000000000280;0000000000276;0000000000000;00000004;
20170608;FRC;*;N20 ;0000000000000;0000000000000;00000000;00000317;00000317;00000317;00000317;0000000000317;0000000000311;0000000000003;00000006;
20170608;FRC;*;N21 ;0000000000000;0000000000000;00000000;00000000;00000000;00000000;00000000;0000000000353;0000000000347;0000000000000;00000006;
20170608;FRC;*;Q17 ;0000000000000;0000000000000;00000000;00000228;00000228;00000233;00000233;0000000000233;0000000000228;0000000000002;00000005;
20170608;FRC;*;U17 ;0000000000000;0000000000000;00000000;00000203;00000203;00000206;00000206;0000000000205;0000000000203;0000000000001;00000002;
20170608;FRC;*;V17 ;0000000000000;0000000000000;00000000;00000217;00000217;00000217;00000217;0000000000217;0000000000217;0000000000000;00000000;
20170608;FRC;*;V18 ;0000000000000;0000000000000;00000000;00000253;00000253;00000253;00000253;0000000000253;0000000000250;0000000000001;00000003;
20170608;FRC;*;V19 ;0000000000000;0000000000000;00000000;00000290;00000290;00000290;00000290;0000000000288;0000000000284;0000000000002;00000004;
20170608;FRC;*;V20 ;0000000000000;0000000000000;00000000;00000326;00000326;00000326;00000326;0000000000326;0000000000320;0000000000003;00000006;
20170608;FRC;*;V21 ;0000000000000;0000000000000;00000000;00000000;00000000;00000000;00000000;0000000000361;0000000000355;0000000000000;00000006;
20170608;FRC;*;X17 ;0000000000000;0000000000000;00000000;00000224;00000224;00000224;00000224;0000000000224;0000000000220;0000000000002;00000004;
20170608;FRC;*;Z17 ;0000000000000;0000000000000;00000000;00000228;00000228;00000228;00000228;0000000000228;0000000000224;0000000000002;00000004;
20170608;FRO;*;F18 ;0000000000000;0000000000000;00000000;00000000;00000000;00000000;00000000;0000000000235;0000000000233;0000000000000;00000002;
20170608;FRO;*;F19 ;0000000000000;0000000000000;00000000;00000000;00000000;00000000;00000000;0000000000266;0000000000262;0000000000000;00000004;
20170608;FRO;*;F20 ;0000000000000;0000000000000;00000000;00000000;00000000;00000000;00000000;0000000000301;0000000000296;0000000000000;00000005;
20170608;FRO;*;F21 ;0000000000000;0000000000000;00000000;00000000;00000000;00000000;00000000;0000000000338;0000000000332;0000000000000;00000006;
20170608;FRO;*;F22 ;0000000000000;0000000000000;00000000;00000000;00000000;00000000;00000000;0000000000376;0000000000371;0000000000000;00000005;
20170608;FRO;*;F23 ;0000000000000;0000000000000;00000000;00000000;00000000;00000000;00000000;0000000000411;0000000000407;0000000000000;00000004;
20170608;FRO;*;F24 ;0000000000000;0000000000000;00000000;00000000;00000000;00000000;00000000;0000000000445;0000000000442;0000000000000;00000003;
20170608;FRO;*;F25 ;0000000000000;0000000000000;00000000;00000000;00000000;00000000;00000000;0000000000482;0000000000481;0000000000000;00000001;
20170608;FRO;*;F26 ;0000000000000;0000000000000;00000000;00000000;00000000;00000000;00000000;0000000000518;0000000000517;0000000000000;00000001;
20170608;FRO;*;F27 ;0000000000000;0000000000000;00000000;00000000;00000000;00000000;00000000;0000000000554;0000000000553;0000000000000;00000001;
20170608;FRO;*;F28 ;0000000000000;0000000000000;00000000;00000000;00000000;00000000;00000000;0000000000585;0000000000584;0000000000000;00000001;
20170608;FRO;*;F29 ;0000000000000;0000000000000;00000000;00000000;00000000;00000000;00000000;0000000000615;0000000000614;0000000000000;00000001;
20170608;FRO;*;F30 ;0000000000000;0000000000000;00000000;00000000;00000000;00000000;00000000;0000000000644;0000000000643;0000000000000;00000001;
20170608;FRO;*;G18 ;0000000000000;0000000000000;00000000;00000000;00000000;00000000;00000000;0000000000235;0000000000232;0000000000000;00000003;
20170608;FRO;*;H18 ;0000000000000;0000000000000;00000000;00000000;00000000;00000000;00000000;0000000000237;0000000000234;0000000000000;00000003;
20170608;FRO;*;J18 ;0000000000000;0000000000000;00000000;00000000;00000000;00000000;00000000;0000000000244;0000000000240;0000000000000;00000004;
20170608;FRO;*;J19 ;0000000000000;0000000000000;00000000;00000000;00000000;00000000;00000000;0000000000272;0000000000268;0000000000000;00000004;
20170608;FRO;*;J20 ;0000000000000;0000000000000;00000000;00000000;00000000;00000000;00000000;0000000000309;0000000000304;0000000000000;00000005;
20170608;FRO;*;J21 ;0000000000000;0000000000000;00000000;00000000;00000000;00000000;00000000;0000000000344;0000000000338;0000000000000;00000006;
20170608;FRO;*;J22 ;0000000000000;0000000000000;00000000;00000000;00000000;00000000;00000000;0000000000382;0000000000377;0000000000000;00000005;
20170608;FRO;*;K18 ;0000000000000;0000000000000;00000000;00000000;00000000;00000000;00000000;0000000000247;0000000000242;0000000000000;00000005;
20170608;FRO;*;M18 ;0000000000000;0000000000000;00000000;00000000;00000000;00000000;00000000;0000000000247;0000000000242;0000000000000;00000005;
20170608;FRO;*;N18 ;0000000000000;0000000000000;00000000;00000000;00000000;00000000;00000000;0000000000247;0000000000244;0000000000000;00000003;
20170608;FRO;*;N19 ;0000000000000;0000000000000;00000000;00000000;00000000;00000000;00000000;0000000000281;0000000000278;0000000000000;00000003;
20170608;FRO;*;N20 ;0000000000000;0000000000000;00000000;00000000;00000000;00000000;00000000;0000000000319;0000000000313;0000000000000;00000006;
20170608;FRO;*;N21 ;0000000000000;0000000000000;00000000;00000000;00000000;00000000;00000000;0000000000355;0000000000349;0000000000000;00000006;
20170608;FRO;*;Q17 ;0000000000000;0000000000000;00000000;00000000;00000000;00000000;00000000;0000000000235;0000000000230;0000000000000;00000005;
20170608;FRO;*;U17 ;0000000000000;0000000000000;00000000;00000000;00000000;00000000;00000000;0000000000207;0000000000205;0000000000000;00000002;
20170608;FRO;*;V17 ;0000000000000;0000000000000;00000000;00000000;00000000;00000000;00000000;0000000000218;0000000000218;0000000000000;00000000;
20170608;FRO;*;V18 ;0000000000000;0000000000000;00000000;00000000;00000000;00000000;00000000;0000000000254;0000000000251;0000000000000;00000003;
20170608;FRO;*;V19 ;0000000000000;0000000000000;00000000;00000000;00000000;00000000;00000000;0000000000290;0000000000286;0000000000000;00000004;
20170608;FRO;*;V20 ;0000000000000;0000000000000;00000000;00000000;00000000;00000000;00000000;0000000000328;0000000000322;0000000000000;00000006;
20170608;FRO;*;V21 ;0000000000000;0000000000000;00000000;00000000;00000000;00000000;00000000;0000000000363;0000000000357;0000000000000;00000006;
20170608;FRO;*;X17 ;0000000000000;0000000000000;00000000;00000000;00000000;00000000;00000000;0000000000225;0000000000221;0000000000000;00000004;
20170608;FRO;*;Z17 ;0000000000000;0000000000000;00000000;00000000;00000000;00000000;00000000;0000000000229;0000000000225;0000000000000;00000004;
20170608;FRP;*;FRP0;0000000000000;0000000000000;00000000;00001670;00001670;00001700;00001690;0000000000000;0000000000000;0000000000000;00000000;
20170608;FRP;*;FRP1;0000000000000;0000000000000;00000000;00001640;00001640;00001640;00001640;0000000000000;0000000000000;0000000000000;00000000;
20170608;GBP;*;N17 ;0000003585536;0000001091886;00000610;04268400;04268400;04268500;04268500;0000042539490;0000042692020;0000000053385;00152530;
20170608;GBP;*;Q17 ;0000000000000;0000000000000;00000012;00000000;00000000;00000000;00000000;0000042831350;0000042987280;0000000054575;00155930;
20170608;GBP;*;U17 ;0000000000000;0000000000000;00000120;00000000;00000000;00000000;00000000;0000043158340;0000043314600;0000000054691;00156260;
20170608;HSI;*;M17 ;0000000000000;0000000000000;00000000;00000000;00000000;00000000;00000000;0000000025895;0000000025788;0000000000000;00000107;
20170608;HSI;*;N17 ;0000000000000;0000000000000;00000000;00000000;00000000;00000000;00000000;0000000025780;0000000025669;0000000000000;00000111;
20170608;IAP;*;K19 ;0000000000000;0000000000000;00000000;00000000;00000000;00000000;00000000;0000000525225;0000000525234;0000000000000;00000009;
20170608;IAP;*;K21 ;0000000000000;0000000000000;00000000;00000000;00000000;00000000;00000000;0000000579250;0000000579141;0000000000000;00000109;
20170608;IAP;*;M17 ;0000000000000;0000000000000;00000000;00000000;00000000;00000000;00000000;0000000485124;0000000485118;0000000000150;00000006;
20170608;IAP;*;N17 ;0000000000000;0000000000000;00000000;00000000;00000000;00000000;00000000;0000000485575;0000000485583;0000000000000;00000008;
20170608;IAP;*;Q17 ;0000000000000;0000000000000;00000000;00000000;00000000;00000000;00000000;0000000486593;0000000486615;0000000000000;00000022;
20170608;IAP;*;Q18 ;0000000000000;0000000000000;00000000;00000000;00000000;00000000;00000000;0000000506742;0000000506911;0000000000000;00000169;
20170608;IAP;*;Q20 ;0000000000000;0000000000000;00000000;00000000;00000000;00000000;00000000;0000000559155;0000000559065;0000000000000;00000090;
20170608;IAP;*;Q22 ;0000000000000;0000000000000;00000000;00000000;00000000;00000000;00000000;0000000617341;0000000617470;0000000000000;00000129;
20170608;ICF;*;H18 ;0000000000000;0000000000000;00000000;00000000;00000000;00000000;00000000;0000000016160;0000000016075;0000000000000;00000085;
20170608;ICF;*;N17 ;0000000000000;0000000000000;00000087;00000000;00000000;00000000;00000000;0000000014840;0000000014760;0000000026164;00000080;
20170608;ICF;*;U17 ;0000006454611;0000001973525;00006117;00015265;00015200;00015400;00015385;0000000015330;0000000015210;0000000039247;00000120;
20170608;ICF;*;U18 ;0000001188209;0000000363300;00001312;00016525;00016425;00016550;00016550;0000000016445;0000000016355;0000000029435;00000090;
20170608;ICF;*;U19 ;0000000000000;0000000000000;00000377;00000000;00000000;00000000;00000000;0000000016830;0000000016755;0000000024529;00000075;
20170608;ICF;*;Z17 ;0000000000000;0000000000000;00000300;00000000;00000000;00000000;00000000;0000000015695;0000000015620;0000000024529;00000075;
20170608;ICF;*;Z18 ;0000000000000;0000000000000;00000032;00000000;00000000;00000000;00000000;0000000016330;0000000016245;0000000027800;00000085;
20170608;IND;*;G18 ;0000000000000;0000000000000;00000000;00000000;00000000;00000000;00000000;0000000066176;0000000066657;0000000000000;00000481;
20170608;IND;*;G19 ;0000000000000;0000000000000;00000000;00000000;00000000;00000000;00000000;0000000071864;0000000072389;0000000000000;00000525;
20170608;IND;*;J18 ;0000000000000;0000000000000;00000000;00000000;00000000;00000000;00000000;0000000067066;0000000067558;0000000000000;00000492;
20170608;IND;*;M17 ;0004836266650;0001472765287;00255919;00063355;00062415;00063495;00062775;0000000062804;0000000063271;0000000046700;00000467;
20170608;IND;*;M18 ;0000000000000;0000000000000;00001785;00000000;00000000;00000000;00000000;0000000067869;0000000068374;0000000050500;00000505;
20170608;IND;*;Q17 ;0000064563625;0000019661254;00052225;00063570;00063520;00063640;00063600;0000000063757;0000000064224;0000000046700;00000467;
20170608;IND;*;Q18 ;0000000000000;0000000000000;00000000;00000000;00000000;00000000;00000000;0000000068872;0000000069385;0000000000000;00000513;
20170608;IND;*;V17 ;0000000000000;0000000000000;00001880;00000000;00000000;00000000;00000000;0000000064657;0000000065135;0000000047800;00000478;
20170608;IND;*;V18 ;0000000000000;0000000000000;00000000;00000000;00000000;00000000;00000000;0000000069862;0000000070378;0000000000000;00000516;
20170608;IND;*;Z17 ;0000029385000;0000008948474;00016055;00065300;00065300;00065300;00065300;0000000065378;0000000065861;0000000048300;00000483;
20170608;IND;*;Z18 ;0000000000000;0000000000000;00000150;00000000;00000000;00000000;00000000;0000000070775;0000000071292;0000000051700;00000517;
20170608;IR1;*;M7Q7;0000000000000;0000000000000;00000000;00000945;00000945;00000959;00000953;0000000000000;0000000000000;0000000000000;00000000;
20170608;ISP;*;H18 ;0000000000000;0000000000000;00000000;00000000;00000000;00000000;00000000;0000000242525;0000000242300;0000000000000;00000225;
20170608;ISP;*;M17 ;0000200521997;0000061310462;00004231;00243450;00242800;00243875;00243750;0000000243250;0000000243175;0000000012264;00000075;
20170608;ISP;*;M18 ;0000000000000;0000000000000;00000000;00000000;00000000;00000000;00000000;0000000242625;0000000242550;0000000000000;00000075;
20170608;ISP;*;U17 ;0000000000000;0000000000000;00000183;00000000;00000000;00000000;00000000;0000000243025;0000000242950;0000000012264;00000075;
20170608;ISP;*;Z17 ;0000000000000;0000000000000;00000000;00000000;00000000;00000000;00000000;0000000242750;0000000242675;0000000000000;00000075;
20170608;JPY;*;N17 ;0000000000000;0000000000000;00000565;00000000;00000000;00000000;00000000;0000029901000;0000030012000;0000000055500;00111000;
20170608;JPY;*;Q17 ;0000002258700;0000000687831;00001814;03011600;03011600;03011600;03011600;0000030113400;0000030226100;0000000056350;00112700;
20170608;JPY;*;U17 ;0000000000000;0000000000000;00000000;00000000;00000000;00000000;00000000;0000030351700;0000030464800;0000000000000;00113100;
20170608;JPY;*;V17 ;0000000000000;0000000000000;00000000;00000000;00000000;00000000;00000000;0000030539800;0000030652100;0000000000000;00112300;
20170608;JSE;*;M17 ;0000000000000;0000000000000;00000000;00000000;00000000;00000000;00000000;0000000045826;0000000045908;0000000000000;00000082;
20170608;JSE;*;U17 ;0000000000000;0000000000000;00000000;00000000;00000000;00000000;00000000;0000000046224;0000000046313;0000000000000;00000089;
20170608;MIX;*;M17 ;0000000000000;0000000000000;00000000;00000000;00000000;00000000;00000000;0000000001872;0000000001867;0000000000000;00000005;
20170608;MIX;*;U17 ;0000000000000;0000000000000;00000000;00000000;00000000;00000000;00000000;0000000001861;0000000001860;0000000000000;00000001;
20170608;MXN;*;N17 ;0000000000000;0000000000000;00000362;00000000;00000000;00000000;00000000;0000017972190;0000017963890;0000000006225;00008300;
20170608;MXN;*;Q17 ;0000061743135;0000018802343;00000156;01809600;01804700;01809700;01804700;0000017994540;0000017986940;0000000005700;00007600;
20170608;MXN;*;U17 ;0000000000000;0000000000000;00000000;00000000;00000000;00000000;00000000;0000018023090;0000018014950;0000000000000;00008140;
20170608;NZD;*;N17 ;0000000000000;0000000000000;00000000;00000000;00000000;00000000;00000000;0000023689700;0000023672580;0000000000000;00017120;
20170608;NZD;*;Q17 ;0000000000000;0000000000000;00000015;00000000;00000000;00000000;00000000;0000023818490;0000023804000;0000000010867;00014490;
20170608;NZD;*;U17 ;0000000000000;0000000000000;00000000;00000000;00000000;00000000;00000000;0000023964660;0000023946540;0000000000000;00018120;
20170608;OC1;*;F18 ;0000000000000;0000000000000;00000000;00000000;00000000;00000000;00000000;0000009513395;0000009513678;0000000000000;00000283;
20170608;OC1;*;F19 ;0000000000000;0000000000000;00000000;00000000;00000000;00000000;00000000;0000008695754;0000008697217;0000000000000;00001463;
20170608;OC1;*;F20 ;0000000000000;0000000000000;00000000;00000000;00000000;00000000;00000000;0000007838971;0000007840838;0000000000000;00001867;
20170608;OC1;*;F21 ;0000000000000;0000000000000;00000000;00000000;00000000;00000000;00000000;0000007017405;0000007017320;0000000000000;00000085;
20170608;OC1;*;F22 ;0000000000000;0000000000000;00000000;00000000;00000000;00000000;00000000;0000006275985;0000006278419;0000000000000;00002434;
20170608;OC1;*;F23 ;0000000000000;0000000000000;00000000;00000000;00000000;00000000;00000000;0000005619246;0000005624424;0000000000000;00005178;
20170608;OC1;*;F24 ;0000000000000;0000000000000;00000000;00000000;00000000;00000000;00000000;0000005034352;0000005040113;0000000000000;00005761;
20170608;OC1;*;F25 ;0000000000000;0000000000000;00000000;00000000;00000000;00000000;00000000;0000004507296;0000004513258;0000000000000;00005962;
20170608;OC1;*;F26 ;0000000000000;0000000000000;00000000;00000000;00000000;00000000;00000000;0000004039526;0000004048701;0000000000000;00009175;
20170608;OC1;*;F27 ;0000000000000;0000000000000;00000000;00000000;00000000;00000000;00000000;0000003615750;0000003628030;0000000000000;00012280;
20170608;OC1;*;F28 ;0000000000000;0000000000000;00000000;00000000;00000000;00000000;00000000;0000003253410;0000003265631;0000000000000;00012221;
20170608;OC1;*;F29 ;0000000000000;0000000000000;00000000;00000000;00000000;00000000;00000000;0000002926889;0000002938927;0000000000000;00012038;
20170608;OC1;*;F30 ;0000000000000;0000000000000;00000000;00000000;00000000;00000000;00000000;0000002617378;0000002629069;0000000000000;00011691;
20170608;OC1;*;G18 ;0000000000000;0000000000000;00000000;00000000;00000000;00000000;00000000;0000009441033;0000009442728;0000000000000;00001695;
20170608;OC1;*;H18 ;0000000000000;0000000000000;00000000;00000000;00000000;00000000;00000000;0000009382118;0000009383216;0000000000000;00001098;
20170608;OC1;*;J18 ;0000000000000;0000000000000;00000000;00000000;00000000;00000000;00000000;0000009316775;0000009317084;0000000000000;00000309;
20170608;OC1;*;J19 ;0000000000000;0000000000000;00000000;00000000;00000000;00000000;00000000;0000008487338;0000008488209;0000000000000;00000871;
20170608;OC1;*;J20 ;0000000000000;0000000000000;00000000;00000000;00000000;00000000;00000000;0000007629150;0000007630124;0000000000000;00000974;
20170608;OC1;*;J21 ;0000000000000;0000000000000;00000000;00000000;00000000;00000000;00000000;0000006830075;0000006832317;0000000000000;00002242;
20170608;OC1;*;J22 ;0000000000000;0000000000000;00000000;00000000;00000000;00000000;00000000;0000006107620;0000006110643;0000000000000;00003023;
20170608;OC1;*;K18 ;0000000000000;0000000000000;00000000;00000000;00000000;00000000;00000000;0000009248856;0000009250143;0000000000000;00001287;
20170608;OC1;*;M18 ;0000000000000;0000000000000;00000000;00000000;00000000;00000000;00000000;0000009181503;0000009181811;0000000000000;00000308;
20170608;OC1;*;N17 ;0000000000000;0000000000000;00000000;00000000;00000000;00000000;00000000;0000009938751;0000009938753;0000000000000;00000002;
20170608;OC1;*;N18 ;0000000000000;0000000000000;00000000;00000000;00000000;00000000;00000000;0000009112955;0000009112375;0000000000000;00000580;
20170608;OC1;*;N19 ;0000000000000;0000000000000;00000000;00000000;00000000;00000000;00000000;0000008276946;0000008278463;0000000000000;00001517;
20170608;OC1;*;N20 ;0000000000000;0000000000000;00000000;00000000;00000000;00000000;00000000;0000007425106;0000007428972;0000000000000;00003866;
20170608;OC1;*;N21 ;0000000000000;0000000000000;00000000;00000000;00000000;00000000;00000000;0000006637770;0000006642496;0000000000000;00004726;
20170608;OC1;*;N22 ;0000000000000;0000000000000;00000000;00000000;00000000;00000000;00000000;0000005944454;0000005948086;0000000000000;00003632;
20170608;OC1;*;N23 ;0000000000000;0000000000000;00000000;00000000;00000000;00000000;00000000;0000005324492;0000005329835;0000000000000;00005343;
20170608;OC1;*;N24 ;0000000000000;0000000000000;00000000;00000000;00000000;00000000;00000000;0000004770416;0000004776289;0000000000000;00005873;
20170608;OC1;*;Q17 ;0000000000000;0000000000000;00000000;00000000;00000000;00000000;00000000;0000009859549;0000009859534;0000000000000;00000015;
20170608;OC1;*;U17 ;0000000000000;0000000000000;00000000;00000000;00000000;00000000;00000000;0000009778273;0000009778564;0000000000000;00000291;
20170608;OC1;*;V17 ;0000000000000;0000000000000;00000000;00000000;00000000;00000000;00000000;0000009710656;0000009711072;0000000000000;00000416;
20170608;OC1;*;V18 ;0000000000000;0000000000000;00000000;00000000;00000000;00000000;00000000;0000008902284;0000008902552;0000000000000;00000268;
20170608;OC1;*;V19 ;0000000000000;0000000000000;00000000;00000000;00000000;00000000;00000000;0000008052005;0000008051240;0000000000000;00000765;
20170608;OC1;*;V20 ;0000000000000;0000000000000;00000000;00000000;00000000;00000000;00000000;0000007211788;0000007213880;0000000000000;00002092;
20170608;OC1;*;V21 ;0000000000000;0000000000000;00000000;00000000;00000000;00000000;00000000;0000006452543;0000006456169;0000000000000;00003626;
20170608;OC1;*;X17 ;0000000000000;0000000000000;00000000;00000000;00000000;00000000;00000000;0000009641034;0000009641420;0000000000000;00000386;
20170608;OC1;*;Z17 ;0000000000000;0000000000000;00000000;00000000;00000000;00000000;00000000;0000009577164;0000009577841;0000000000000;00000677;
20170608;OZ1;*;0000;0000002099997;0000000639502;00000000;00133600;00132800;00134900;00132800;0000000133467;0000000134804;0000000000000;00002100;
20170608;OZ1;*;N17 ;0000000000000;0000000000000;00000000;00000000;00000000;00000000;00000000;0000000133566;0000000135730;0000000000000;00002164;
20170608;OZ1;*;Q17 ;0000000000000;0000000000000;00000000;00000000;00000000;00000000;00000000;0000000134638;0000000136819;0000000000000;00002181;
20170608;OZ2;*;0000;0000000102824;0000000031313;00000000;00134100;00132000;00134800;00133300;0000000133672;0000000134576;0000000000000;00001300;
20170608;OZ3;*;0000;0000000005028;0000000001531;00000000;00133500;00133500;00134000;00133500;0000000133818;0000000134115;0000000000000;00001000;
20170608;RSP;*;M7U7;0000000000000;0000000000000;00000000;00000000;00000000;00000000;00000000;0000000000000;0000000000000;0000000000000;00000000;
20170608;SCS;*;F802;0000000000000;0000000000000;00149220;00000000;00000000;00000000;00000000;0000000000000;0000000000000;0000000000000;00000000;
20170608;SCS;*;N703;0000000000000;0000000000000;00138770;00000000;00000000;00000000;00000000;0000000000000;0000000000000;0000000000000;00000000;
20170608;SCS;*;Q701;0000000000000;0000000000000;00123620;00000000;00000000;00000000;00000000;0000000000000;0000000000000;0000000000000;00000000;
20170608;SCS;*;V702;0000000000000;0000000000000;00143645;00000000;00000000;00000000;00000000;0000000000000;0000000000000;0000000000000;00000000;
20170608;SFI;*;K18 ;0000000000000;0000000000000;00000000;00000000;00000000;00000000;00000000;0000000002044;0000000002031;0000000000000;00000013;
20170608;SFI;*;N17 ;0000000000000;0000000000000;00000000;00000000;00000000;00000000;00000000;0000000002007;0000000001991;0000000000000;00000016;
20170608;SFI;*;X17 ;0000000000000;0000000000000;00000000;00000000;00000000;00000000;00000000;0000000002011;0000000001994;0000000000000;00000017;
20170608;SJC;*;F18 ;0000000000000;0000000000000;00000000;00000000;00000000;00000000;00000000;0000000209711;0000000208003;0000000000000;00001708;
20170608;SJC;*;H18 ;0000000000000;0000000000000;00000000;00000000;00000000;00000000;00000000;0000000210373;0000000208995;0000000000000;00001378;
20170608;SJC;*;K18 ;0000000000000;0000000000000;00000000;00000000;00000000;00000000;00000000;0000000211640;0000000210317;0000000000000;00001323;
20170608;SJC;*;N17 ;0000004577381;0000001399554;00002296;00002065;00002065;00002078;00002069;0000000206790;0000000205192;0000000023518;00001598;
20170608;SJC;*;N18 ;0000000000000;0000000000000;00000000;00000000;00000000;00000000;00000000;0000000212853;0000000211640;0000000000000;00001213;
20170608;SJC;*;Q17 ;0000000642251;0000000196371;00000110;00002078;00002078;00002078;00002078;0000000207617;0000000205963;0000000024343;00001654;
20170608;SJC;*;U17 ;0000000000000;0000000000000;00000010;00000000;00000000;00000000;00000000;0000000207617;0000000205853;0000000025962;00001764;
20170608;SJC;*;X17 ;0000001380887;0000000422212;00001250;00002080;00002080;00002090;00002090;0000000208058;0000000206294;0000000025962;00001764;
20170608;TRY;*;N17 ;0000000000000;0000000000000;00000066;00000000;00000000;00000000;00000000;0000009257020;0000009208290;0000000036547;00048730;
20170608;TRY;*;Q17 ;0000000000000;0000000000000;00000024;00000000;00000000;00000000;00000000;0000009230820;0000009187060;0000000032820;00043760;
20170608;TRY;*;U17 ;0000000000000;0000000000000;00000000;00000000;00000000;00000000;00000000;0000009206050;0000009163290;0000000000000;00042760;
20170608;T10;*;U17 ;0000008712552;0000002653192;00001648;00126313;00126234;00126391;00126391;0000001264531;0000001265312;0000000025646;00000781;
20170608;T10;*;Z17 ;0000000000000;0000000000000;00000000;00000000;00000000;00000000;00000000;0000001260781;0000001261562;0000000000000;00000781;
20170608;WDO;*;F18 ;0000000000000;0000000000000;00000000;00000000;00000000;00000000;00000000;0000033909950;0000034009530;0000000000000;00099580;
20170608;WDO;*;F19 ;0000000000000;0000000000000;00000000;00000000;00000000;00000000;00000000;0000036077210;0000036198170;0000000000000;00120960;
20170608;WDO;*;F20 ;0000000000000;0000000000000;00000000;00000000;00000000;00000000;00000000;0000038694170;0000038845170;0000000000000;00151000;
20170608;WDO;*;F21 ;0000000000000;0000000000000;00000000;00000000;00000000;00000000;00000000;0000041532200;0000041728370;0000000000000;00196170;
20170608;WDO;*;F25 ;0000000000000;0000000000000;00000000;00000000;00000000;00000000;00000000;0000052988760;0000053106600;0000000000000;00117840;
20170608;WDO;*;G18 ;0000000000000;0000000000000;00000000;00000000;00000000;00000000;00000000;0000034105530;0000034200860;0000000000000;00095330;
20170608;WDO;*;H18 ;0000000000000;0000000000000;00000000;00000000;00000000;00000000;00000000;0000034252290;0000034352240;0000000000000;00099950;
20170608;WDO;*;J18 ;0000000000000;0000000000000;00000000;00000000;00000000;00000000;00000000;0000034404110;0000034509720;0000000000000;00105610;
20170608;WDO;*;J19 ;0000000000000;0000000000000;00000000;00000000;00000000;00000000;00000000;0000036697850;0000036822610;0000000000000;00124760;
20170608;WDO;*;J20 ;0000000000000;0000000000000;00000000;00000000;00000000;00000000;00000000;0000039406460;0000039559950;0000000000000;00153490;
20170608;WDO;*;J22 ;0000000000000;0000000000000;00000000;00000000;00000000;00000000;00000000;0000045154040;0000045353490;0000000000000;00199450;
20170608;WDO;*;K18 ;0000000000000;0000000000000;00000000;00000000;00000000;00000000;00000000;0000034576850;0000034687710;0000000000000;00110860;
20170608;WDO;*;M18 ;0000000000000;0000000000000;00000000;00000000;00000000;00000000;00000000;0000034762720;0000034873870;0000000000000;00111150;
20170608;WDO;*;N17 ;0015233991575;0004639135019;00031925;03293000;03277000;03306000;03278000;0000032847600;0000032941580;0000000009398;00093980;
20170608;WDO;*;N18 ;0000000000000;0000000000000;00000000;00000000;00000000;00000000;00000000;0000034951210;0000035061290;0000000000000;00110080;
20170608;WDO;*;N19 ;0000000000000;0000000000000;00000000;00000000;00000000;00000000;00000000;0000037320500;0000037448650;0000000000000;00128150;
20170608;WDO;*;N21 ;0000000000000;0000000000000;00000000;00000000;00000000;00000000;00000000;0000042994280;0000043192580;0000000000000;00198300;
20170608;WDO;*;Q17 ;0000000165435;0000000050379;00000040;03320000;03298000;03320500;03298000;0000033049190;0000033145160;0000000009597;00095970;
20170608;WDO;*;U17 ;0000000000000;0000000000000;00000079;00000000;00000000;00000000;00000000;0000033272350;0000033367770;0000000009542;00095420;
20170608;WDO;*;V17 ;0000000000000;0000000000000;00000021;00000000;00000000;00000000;00000000;0000033434710;0000033529070;0000000009436;00094360;
20170608;WDO;*;V18 ;0000000000000;0000000000000;00000000;00000000;00000000;00000000;00000000;0000035527780;0000035641360;0000000000000;00113580;
20170608;WDO;*;V19 ;0000000000000;0000000000000;00000000;00000000;00000000;00000000;00000000;0000038039620;0000038178220;0000000000000;00138600;
20170608;WDO;*;X17 ;0000000000000;0000000000000;00000024;00000000;00000000;00000000;00000000;0000033607310;0000033707340;0000000010003;00100030;
20170608;WDO;*;Z17 ;0000000000000;0000000000000;00000012;00000000;00000000;00000000;00000000;0000033763030;0000033863090;0000000010006;00100060;
20170608;WEU;*;N17 ;0000000000000;0000000000000;00000015;00000000;00000000;00000000;00000000;0000036900040;0000037112550;0000000021251;00212510;
20170608;WEU;*;Q17 ;0000000000000;0000000000000;00000000;00000000;00000000;00000000;00000000;0000037173020;0000037388850;0000000000000;00215830;
20170608;WEU;*;U17 ;0000000000000;0000000000000;00000000;00000000;00000000;00000000;00000000;0000037478210;0000037694740;0000000000000;00216530;
20170608;WEU;*;V17 ;0000000000000;0000000000000;00000000;00000000;00000000;00000000;00000000;0000037719820;0000037937070;0000000000000;00217250;
20170608;WIN;*;G18 ;0000000000000;0000000000000;00000000;00000000;00000000;00000000;00000000;0000000066176;0000000066657;0000000000000;00000481;
20170608;WIN;*;G19 ;0000000000000;0000000000000;00000000;00000000;00000000;00000000;00000000;0000000071864;0000000072389;0000000000000;00000525;
20170608;WIN;*;J18 ;0000000000000;0000000000000;00000000;00000000;00000000;00000000;00000000;0000000067066;0000000067558;0000000000000;00000492;
20170608;WIN;*;M17 ;0012795920141;0003896680718;00114493;00063380;00062415;00063525;00062715;0000000062804;0000000063271;0000000009340;00000467;
20170608;WIN;*;M18 ;0000000000000;0000000000000;00000000;00000000;00000000;00000000;00000000;0000000067869;0000000068374;0000000000000;00000505;
20170608;WIN;*;Q17 ;0000000675464;0000000205696;00000030;00063905;00063405;00063950;00063700;0000000063757;0000000064224;0000000009340;00000467;
20170608;WIN;*;Q18 ;0000000000000;0000000000000;00000000;00000000;00000000;00000000;00000000;0000000068872;0000000069385;0000000000000;00000513;
20170608;WIN;*;V17 ;0000000000000;0000000000000;00000000;00000000;00000000;00000000;00000000;0000000064657;0000000065135;0000000000000;00000478;
20170608;WIN;*;V18 ;0000000000000;0000000000000;00000000;00000000;00000000;00000000;00000000;0000000069862;0000000070378;0000000000000;00000516;
20170608;WIN;*;Z17 ;0000000000000;0000000000000;00000000;00000000;00000000;00000000;00000000;0000000065378;0000000065861;0000000000000;00000483;
20170608;WIN;*;Z18 ;0000000000000;0000000000000;00000000;00000000;00000000;00000000;00000000;0000000070775;0000000071292;0000000000000;00000517;
20170608;WI1;*;M7Q7;0000000000000;0000000000000;00000000;00000000;00000000;00000000;00000000;0000000000000;0000000000000;0000000000000;00000000;
20170608;WTI;*;N17 ;0000000674201;0000000206140;00000800;00004547;00004547;00004600;00004561;0000000004564;0000000004572;0000000002616;00000008;
20170608;WTI;*;Q17 ;0000000030037;0000000009184;00000052;00004570;00004570;00004614;00004614;0000000004589;0000000004598;0000000002943;00000009;
20170608;ZAR;*;N17 ;0000000000000;0000000000000;00000287;00000000;00000000;00000000;00000000;0000025322320;0000025543140;0000000077287;00220820;
20170608;ZAR;*;Q17 ;0000000000000;0000000000000;00000011;00000000;00000000;00000000;00000000;0000025331380;0000025562860;0000000081018;00231480;
20170608;ZAR;*;U17 ;0000000000000;0000000000000;00000000;00000000;00000000;00000000;00000000;0000025371540;0000025589230;0000000000000;00217690;
