Data;Código do Contrato;Pregão;Vencimento;Volume(R$);Volume(U$);Número de contas em Aberto;Preço de Abertura;Preço Mínimo;Preço Máximo;Último Preço;Preço de Ajuste Atual; Preço de Ajuste Anterior;Valor de Ajuste por Contrato;Variação
20170309;AUD;*;J17 ;0000044819952;0000014123193;00002253;02399000;02399000;02411800;02409000;0000024081720;0000023969030;0000000067614;00112690;
20170309;AUD;*;K17 ;0000000000000;0000000000000;00000011;00000000;00000000;00000000;00000000;0000024216680;0000024105840;0000000066504;00110840;
20170309;AUD;*;M17 ;0000000000000;0000000000000;00000180;00000000;00000000;00000000;00000000;0000024387750;0000024273900;0000000068310;00113850;
20170309;BGI;*;F18 ;0000000000000;0000000000000;00000002;00000000;00000000;00000000;00000000;0000000014598;0000000014611;0000000004290;00000013;
20170309;BGI;*;H17 ;0000007900117;0000002481426;00001292;00014332;00014332;00014360;00014351;0000000014351;0000000014330;0000000006930;00000021;
20170309;BGI;*;J17 ;0000000000000;0000000000000;00000018;00000000;00000000;00000000;00000000;0000000014291;0000000014261;0000000009900;00000030;
20170309;BGI;*;K17 ;0000052820964;0000016591062;00004845;00014140;00014140;00014209;00014180;0000000014180;0000000014150;0000000009900;00000030;
20170309;BGI;*;M17 ;0000000000000;0000000000000;00000004;00000000;00000000;00000000;00000000;0000000014263;0000000014242;0000000006930;00000021;
20170309;BGI;*;N17 ;0000000000000;0000000000000;00000002;00000000;00000000;00000000;00000000;0000000014338;0000000014325;0000000004290;00000013;
20170309;BGI;*;Q17 ;0000000000000;0000000000000;00000000;00000000;00000000;00000000;00000000;0000000014415;0000000014411;0000000000000;00000004;
20170309;BGI;*;U17 ;0000000000000;0000000000000;00000000;00000000;00000000;00000000;00000000;0000000014481;0000000014485;0000000000000;00000004;
20170309;BGI;*;V17 ;0000002690163;0000000844980;00001809;00014525;00014525;00014600;00014596;0000000014550;0000000014563;0000000004290;00000013;
20170309;BGI;*;X17 ;0000000000000;0000000000000;00000078;00000000;00000000;00000000;00000000;0000000014634;0000000014647;0000000004290;00000013;
20170309;BGI;*;Z17 ;0000000000000;0000000000000;00000087;00000000;00000000;00000000;00000000;0000000014684;0000000014697;0000000004290;00000013;
20170309;BRI;*;J17 ;0000002373360;0000000747868;00000693;00010788;00010788;00010788;00010788;0000000010830;0000000010853;0000000023000;00000023;
20170309;BRI;*;M17 ;0000000000000;0000000000000;00000000;00000000;00000000;00000000;00000000;0000000011009;0000000011032;0000000000000;00000023;
20170309;BSE;*;H17 ;0000000000000;0000000000000;00000000;00000000;00000000;00000000;00000000;0000000029079;0000000029059;0000000000000;00000020;
20170309;BSE;*;J17 ;0000000000000;0000000000000;00000000;00000000;00000000;00000000;00000000;0000000029280;0000000029260;0000000000000;00000020;
20170309;CAD;*;J17 ;0000020977818;0000006610310;00002244;02366000;02366000;02381800;02381800;0000023757760;0000023577600;0000000108096;00180160;
20170309;CAD;*;K17 ;0000000000000;0000000000000;00000000;00000000;00000000;00000000;00000000;0000023915410;0000023732220;0000000000000;00183190;
20170309;CAD;*;M17 ;0000000000000;0000000000000;00000000;00000000;00000000;00000000;00000000;0000024109520;0000023925210;0000000000000;00184310;
20170309;CCM;*;F18 ;0000000000000;0000000000000;00000145;00000000;00000000;00000000;00000000;0000000003015;0000000003056;0000000018450;00000041;
20170309;CCM;*;F19 ;0000000000000;0000000000000;00000000;00000000;00000000;00000000;00000000;0000000002639;0000000002672;0000000000000;00000033;
20170309;CCM;*;H17 ;0000022795834;0000007160170;00005962;00003516;00003480;00003522;00003486;0000000003486;0000000003529;0000000019350;00000043;
20170309;CCM;*;H18 ;0000000000000;0000000000000;00000034;00000000;00000000;00000000;00000000;0000000003080;0000000003122;0000000018900;00000042;
20170309;CCM;*;H19 ;0000000000000;0000000000000;00000000;00000000;00000000;00000000;00000000;0000000002526;0000000002557;0000000000000;00000031;
20170309;CCM;*;K17 ;0000019924911;0000006258413;00008723;00003120;00003070;00003129;00003070;0000000003070;0000000003124;0000000024300;00000054;
20170309;CCM;*;K18 ;0000000000000;0000000000000;00000000;00000000;00000000;00000000;00000000;0000000002747;0000000002784;0000000000000;00000037;
20170309;CCM;*;K19 ;0000000000000;0000000000000;00000000;00000000;00000000;00000000;00000000;0000000002418;0000000002448;0000000000000;00000030;
20170309;CCM;*;N17 ;0000000000000;0000000000000;00000000;00000000;00000000;00000000;00000000;0000000003016;0000000003063;0000000000000;00000047;
20170309;CCM;*;N18 ;0000000000000;0000000000000;00000000;00000000;00000000;00000000;00000000;0000000002625;0000000002660;0000000000000;00000035;
20170309;CCM;*;U17 ;0000005668389;0000001780441;00011382;00002990;00002960;00002999;00002970;0000000002960;0000000003000;0000000018000;00000040;
20170309;CCM;*;U18 ;0000000000000;0000000000000;00000000;00000000;00000000;00000000;00000000;0000000002506;0000000002539;0000000000000;00000033;
20170309;CCM;*;X17 ;0000000027405;0000000008608;00000446;00003045;00003045;00003045;00003045;0000000002989;0000000003029;0000000018000;00000040;
20170309;CCM;*;X18 ;0000000000000;0000000000000;00000000;00000000;00000000;00000000;00000000;0000000002571;0000000002604;0000000000000;00000033;
20170309;CHF;*;J17 ;0000000000000;0000000000000;00000206;00000000;00000000;00000000;00000000;0000031825710;0000031403990;0000000210860;00421720;
20170309;CHF;*;K17 ;0000000000000;0000000000000;00000000;00000000;00000000;00000000;00000000;0000032088100;0000031655740;0000000000000;00432360;
20170309;CHF;*;M17 ;0000000000000;0000000000000;00000000;00000000;00000000;00000000;00000000;0000032388680;0000031961590;0000000000000;00427090;
20170309;CLP;*;J17 ;0000000120350;0000000037923;00000062;04814000;04814000;04814000;04814000;0000048160000;0000047899000;0000000065250;00261000;
20170309;CLP;*;K17 ;0000000000000;0000000000000;00000000;00000000;00000000;00000000;00000000;0000048374000;0000048105000;0000000000000;00269000;
20170309;CLP;*;M17 ;0000000000000;0000000000000;00000775;00000000;00000000;00000000;00000000;0000048660000;0000048387000;0000000068250;00273000;
20170309;CNY;*;J17 ;0000000000000;0000000000000;00000175;00000000;00000000;00000000;00000000;0000046262740;0000045855020;0000000142702;00407720;
20170309;CNY;*;K17 ;0000000000000;0000000000000;00000000;00000000;00000000;00000000;00000000;0000046373940;0000045987880;0000000000000;00386060;
20170309;CNY;*;M17 ;0000000000000;0000000000000;00000000;00000000;00000000;00000000;00000000;0000046569090;0000046212740;0000000000000;00356350;
20170309;DAP;*;F18 ;0000000000000;0000000000000;00000000;00000000;00000000;00000000;00000000;0000009527672;0000009529769;0000000000000;00002097;
20170309;DAP;*;H17 ;0000000000000;0000000000000;00000485;00000000;00000000;00000000;00000000;0000009990935;0000009990795;0000000000168;00000140;
20170309;DAP;*;J17 ;0000000000000;0000000000000;00000085;00000000;00000000;00000000;00000000;0000009923283;0000009923602;0000000000383;00000319;
20170309;DAP;*;K17 ;0000000000000;0000000000000;00026113;00000000;00000000;00000000;00000000;0000009891457;0000009891901;0000000000533;00000444;
20170309;DAP;*;K19 ;0000040935291;0000012899099;00047520;00000523;00000523;00000523;00000523;0000008957909;0000008963494;0000000006716;00005585;
20170309;DAP;*;K21 ;0000075819116;0000023891324;00010070;00000541;00000540;00000542;00000542;0000008032315;0000008032313;0000000000002;00000002;
20170309;DAP;*;K23 ;0000022498426;0000007089468;00010210;00000550;00000550;00000550;00000550;0000007195669;0000007204040;0000000010066;00008371;
20170309;DAP;*;M17 ;0000000000000;0000000000000;00000000;00000000;00000000;00000000;00000000;0000009836417;0000009836550;0000000000000;00000133;
20170309;DAP;*;Q18 ;0001018549826;0000320954727;00035270;00000532;00000532;00000533;00000533;0000009286931;0000009289478;0000000003062;00002547;
20170309;DAP;*;Q20 ;0000000000000;0000000000000;00002860;00000000;00000000;00000000;00000000;0000008375266;0000008375293;0000000000032;00000027;
20170309;DAP;*;Q22 ;0000001350999;0000000425713;00009205;00000549;00000549;00000549;00000549;0000007489561;0000007497229;0000000009221;00007668;
20170309;DAP;*;Q24 ;0000000000000;0000000000000;00005853;00000000;00000000;00000000;00000000;0000006761556;0000006780576;0000000022872;00019020;
20170309;DAP;*;Q26 ;0000001826784;0000000575637;00001523;00000544;00000544;00000544;00000544;0000006049275;0000006076300;0000000032499;00027025;
20170309;DAP;*;Q30 ;0000000000000;0000000000000;00000235;00000000;00000000;00000000;00000000;0000005043538;0000005062843;0000000023215;00019305;
20170309;DCO;*;F18 ;0000000000000;0000000000000;00000000;00000000;00000000;00000000;00000000;0000009946304;0000009862431;0000000000000;00083873;
20170309;DCO;*;F19 ;0000000000000;0000000000000;00000000;00000000;00000000;00000000;00000000;0000009651102;0000009579083;0000000000000;00072019;
20170309;DCO;*;F20 ;0000000000000;0000000000000;00000000;00000000;00000000;00000000;00000000;0000009293407;0000009230387;0000000000000;00063020;
20170309;DCO;*;F21 ;0000000000000;0000000000000;00000000;00000000;00000000;00000000;00000000;0000008867840;0000008810099;0000000000000;00057741;
20170309;DCO;*;F22 ;0000000000000;0000000000000;00000000;00000000;00000000;00000000;00000000;0000008460452;0000008412917;0000000000000;00047535;
20170309;DCO;*;F23 ;0000000000000;0000000000000;00000000;00000000;00000000;00000000;00000000;0000008039977;0000007994853;0000000000000;00045124;
20170309;DCO;*;F24 ;0000000000000;0000000000000;00000000;00000000;00000000;00000000;00000000;0000007622290;0000007582287;0000000000000;00040003;
20170309;DCO;*;F25 ;0000000000000;0000000000000;00000000;00000000;00000000;00000000;00000000;0000007209043;0000007169328;0000000000000;00039715;
20170309;DCO;*;F26 ;0000000000000;0000000000000;00000000;00000000;00000000;00000000;00000000;0000006795701;0000006755596;0000000000000;00040105;
20170309;DCO;*;F27 ;0000000000000;0000000000000;00000000;00000000;00000000;00000000;00000000;0000006373094;0000006336335;0000000000000;00036759;
20170309;DCO;*;F28 ;0000000000000;0000000000000;00000000;00000000;00000000;00000000;00000000;0000006016992;0000005983050;0000000000000;00033942;
20170309;DCO;*;F29 ;0000000000000;0000000000000;00000000;00000000;00000000;00000000;00000000;0000005680941;0000005649485;0000000000000;00031456;
20170309;DCO;*;F30 ;0000000000000;0000000000000;00000000;00000000;00000000;00000000;00000000;0000005366048;0000005336787;0000000000000;00029261;
20170309;DCO;*;G18 ;0000000000000;0000000000000;00000000;00000000;00000000;00000000;00000000;0000009928320;0000009844962;0000000000000;00083358;
20170309;DCO;*;H18 ;0000000000000;0000000000000;00000000;00000000;00000000;00000000;00000000;0000009907644;0000009825757;0000000000000;00081887;
20170309;DCO;*;J17 ;0000000000000;0000000000000;00000000;00000000;00000000;00000000;00000000;0000010114135;0000010025640;0000000000000;00088495;
20170309;DCO;*;J18 ;0000000000000;0000000000000;00000000;00000000;00000000;00000000;00000000;0000009882535;0000009801315;0000000000000;00081220;
20170309;DCO;*;J19 ;0000000000000;0000000000000;00000000;00000000;00000000;00000000;00000000;0000009573478;0000009503691;0000000000000;00069787;
20170309;DCO;*;J20 ;0000000000000;0000000000000;00000000;00000000;00000000;00000000;00000000;0000009196720;0000009135808;0000000000000;00060912;
20170309;DCO;*;J21 ;0000000000000;0000000000000;00000000;00000000;00000000;00000000;00000000;0000008761230;0000008705202;0000000000000;00056028;
20170309;DCO;*;K17 ;0000000000000;0000000000000;00000000;00000000;00000000;00000000;00000000;0000010097236;0000010008842;0000000000000;00088394;
20170309;DCO;*;M17 ;0000000000000;0000000000000;00000000;00000000;00000000;00000000;00000000;0000010080205;0000009991956;0000000000000;00088249;
20170309;DCO;*;N17 ;0000000000000;0000000000000;00000000;00000000;00000000;00000000;00000000;0000010063883;0000009975938;0000000000000;00087945;
20170309;DCO;*;N18 ;0000000000000;0000000000000;00000000;00000000;00000000;00000000;00000000;0000009816754;0000009738684;0000000000000;00078070;
20170309;DCO;*;N19 ;0000000000000;0000000000000;00000000;00000000;00000000;00000000;00000000;0000009488366;0000009418738;0000000000000;00069628;
20170309;DCO;*;N20 ;0000000000000;0000000000000;00000000;00000000;00000000;00000000;00000000;0000009103484;0000009044627;0000000000000;00058857;
20170309;DCO;*;N21 ;0000000000000;0000000000000;00000000;00000000;00000000;00000000;00000000;0000008665511;0000008611170;0000000000000;00054341;
20170309;DCO;*;Q17 ;0000000000000;0000000000000;00000000;00000000;00000000;00000000;00000000;0000010042878;0000009955348;0000000000000;00087530;
20170309;DCO;*;U17 ;0000000000000;0000000000000;00000000;00000000;00000000;00000000;00000000;0000010026470;0000009939599;0000000000000;00086871;
20170309;DCO;*;V17 ;0000000000000;0000000000000;00000000;00000000;00000000;00000000;00000000;0000010005753;0000009919194;0000000000000;00086559;
20170309;DCO;*;V18 ;0000000000000;0000000000000;00000000;00000000;00000000;00000000;00000000;0000009738945;0000009663017;0000000000000;00075928;
20170309;DCO;*;V19 ;0000000000000;0000000000000;00000000;00000000;00000000;00000000;00000000;0000009396553;0000009328992;0000000000000;00067561;
20170309;DCO;*;V20 ;0000000000000;0000000000000;00000000;00000000;00000000;00000000;00000000;0000008991862;0000008935075;0000000000000;00056787;
20170309;DCO;*;V21 ;0000000000000;0000000000000;00000000;00000000;00000000;00000000;00000000;0000008571184;0000008518488;0000000000000;00052696;
20170309;DCO;*;X17 ;0000000000000;0000000000000;00000000;00000000;00000000;00000000;00000000;0000009986194;0000009900616;0000000000000;00085578;
20170309;DCO;*;Z17 ;0000000000000;0000000000000;00000000;00000000;00000000;00000000;00000000;0000009968210;0000009883783;0000000000000;00084427;
20170309;DDI;*;F18 ;0000000000000;0000000000000;00258399;00000000;00000000;00000000;00000000;0000009947947;0000009864060;0000000132025;00083887;
20170309;DDI;*;F19 ;0000000000000;0000000000000;00108337;00000000;00000000;00000000;00000000;0000009654539;0000009582497;0000000113383;00072042;
20170309;DDI;*;F20 ;0000000000000;0000000000000;00094710;00000000;00000000;00000000;00000000;0000009298347;0000009235302;0000000099223;00063045;
20170309;DDI;*;F21 ;0000000000000;0000000000000;00102751;00000000;00000000;00000000;00000000;0000008873948;0000008816179;0000000090919;00057769;
20170309;DDI;*;F22 ;0000000000000;0000000000000;00037934;00000000;00000000;00000000;00000000;0000008467460;0000008419907;0000000074841;00047553;
20170309;DDI;*;F23 ;0000000000000;0000000000000;00029816;00000000;00000000;00000000;00000000;0000008047615;0000008002471;0000000071049;00045144;
20170309;DDI;*;F24 ;0000000000000;0000000000000;00025245;00000000;00000000;00000000;00000000;0000007630336;0000007590317;0000000062983;00040019;
20170309;DDI;*;F25 ;0000000000000;0000000000000;00018125;00000000;00000000;00000000;00000000;0000007217298;0000007177563;0000000062536;00039735;
20170309;DDI;*;F26 ;0000000000000;0000000000000;00014530;00000000;00000000;00000000;00000000;0000006803975;0000006763843;0000000063161;00040132;
20170309;DDI;*;F27 ;0000000000000;0000000000000;00010100;00000000;00000000;00000000;00000000;0000006385261;0000006348469;0000000057905;00036792;
20170309;DDI;*;F28 ;0000000000000;0000000000000;00000110;00000000;00000000;00000000;00000000;0000006028939;0000005994967;0000000053466;00033972;
20170309;DDI;*;F29 ;0000000000000;0000000000000;00000000;00000000;00000000;00000000;00000000;0000005692575;0000005661092;0000000000000;00031483;
20170309;DDI;*;F30 ;0000000000000;0000000000000;00000500;00000000;00000000;00000000;00000000;0000005377306;0000005348021;0000000046090;00029285;
20170309;DDI;*;G18 ;0000000000000;0000000000000;00016630;00000000;00000000;00000000;00000000;0000009930122;0000009846748;0000000131218;00083374;
20170309;DDI;*;H18 ;0000000000000;0000000000000;00004160;00000000;00000000;00000000;00000000;0000009909591;0000009827687;0000000128904;00081904;
20170309;DDI;*;J17 ;0000000000000;0000000000000;00711176;00000000;00000000;00000000;00000000;0000010114277;0000010025779;0000000139282;00088498;
20170309;DDI;*;J18 ;0000000000000;0000000000000;00056522;00000000;00000000;00000000;00000000;0000009884646;0000009803409;0000000127854;00081237;
20170309;DDI;*;J19 ;0000000000000;0000000000000;00042419;00000000;00000000;00000000;00000000;0000009577313;0000009507504;0000000109868;00069809;
20170309;DDI;*;J20 ;0000000000000;0000000000000;00021155;00000000;00000000;00000000;00000000;0000009201981;0000009141044;0000000095905;00060937;
20170309;DDI;*;J21 ;0000000000000;0000000000000;00005397;00000000;00000000;00000000;00000000;0000008767563;0000008711508;0000000088222;00056055;
20170309;DDI;*;K17 ;0000000000000;0000000000000;00262490;00000000;00000000;00000000;00000000;0000010097542;0000010009145;0000000139123;00088397;
20170309;DDI;*;M17 ;0000000000000;0000000000000;00104773;00000000;00000000;00000000;00000000;0000010080679;0000009992424;0000000138900;00088255;
20170309;DDI;*;N17 ;0000000000000;0000000000000;00357472;00000000;00000000;00000000;00000000;0000010064536;0000009976584;0000000138423;00087952;
20170309;DDI;*;N18 ;0000000000000;0000000000000;00043549;00000000;00000000;00000000;00000000;0000009819324;0000009741234;0000000122901;00078090;
20170309;DDI;*;N19 ;0000000000000;0000000000000;00053734;00000000;00000000;00000000;00000000;0000009492589;0000009422935;0000000109624;00069654;
20170309;DDI;*;N20 ;0000000000000;0000000000000;00030825;00000000;00000000;00000000;00000000;0000009109058;0000009050177;0000000092669;00058881;
20170309;DDI;*;N21 ;0000000000000;0000000000000;00004457;00000000;00000000;00000000;00000000;0000008672087;0000008617718;0000000085568;00054369;
20170309;DDI;*;Q17 ;0000000000000;0000000000000;00101414;00000000;00000000;00000000;00000000;0000010043690;0000009956151;0000000137773;00087539;
20170309;DDI;*;U17 ;0000000000000;0000000000000;00045980;00000000;00000000;00000000;00000000;0000010027453;0000009940572;0000000136737;00086881;
20170309;DDI;*;V17 ;0000125188168;0000039447981;00126152;00000100;00000100;00000100;00000100;0000010006905;0000009920333;0000000136251;00086572;
20170309;DDI;*;V18 ;0000000000000;0000000000000;00049348;00000000;00000000;00000000;00000000;0000009741955;0000009666004;0000000119535;00075951;
20170309;DDI;*;V19 ;0000000000000;0000000000000;00031584;00000000;00000000;00000000;00000000;0000009401147;0000009333559;0000000106373;00067588;
20170309;DDI;*;V20 ;0000000000000;0000000000000;00021670;00000000;00000000;00000000;00000000;0000008997715;0000008940903;0000000089413;00056812;
20170309;DDI;*;V21 ;0000000000000;0000000000000;00002172;00000000;00000000;00000000;00000000;0000008577993;0000008525271;0000000082976;00052722;
20170309;DDI;*;X17 ;0000000000000;0000000000000;00027959;00000000;00000000;00000000;00000000;0000009987507;0000009901916;0000000134707;00085591;
20170309;DDI;*;Z17 ;0000000000000;0000000000000;00027400;00000000;00000000;00000000;00000000;0000009969684;0000009885244;0000000132895;00084440;
20170309;DDM;*;K17 ;0000000000000;0000000000000;00000000;00000000;00000000;00000000;00000000;0000009883417;0000009885561;0000000000000;00002144;
20170309;DDM;*;K19 ;0000000000000;0000000000000;00000000;00000000;00000000;00000000;00000000;0000008864781;0000008871161;0000000000000;00006380;
20170309;DDM;*;K21 ;0000000000000;0000000000000;00000000;00000000;00000000;00000000;00000000;0000007964756;0000007978175;0000000000000;00013419;
20170309;DDM;*;K25 ;0000000000000;0000000000000;00000000;00000000;00000000;00000000;00000000;0000006443972;0000006464629;0000000000000;00020657;
20170309;DDM;*;Q18 ;0000000000000;0000000000000;00000000;00000000;00000000;00000000;00000000;0000009193479;0000009199215;0000000000000;00005736;
20170309;DDM;*;Q20 ;0000000000000;0000000000000;00000000;00000000;00000000;00000000;00000000;0000008288286;0000008299918;0000000000000;00011632;
20170309;DI1;*;F18 ;0015817798388;0004984338550;02497008;00010260;00010235;00010265;00010260;0000009244037;0000009245336;0000000001299;00001299;
20170309;DI1;*;F19 ;0014733952589;0004642808441;01553086;00009790;00009740;00009820;00009820;0000008453031;0000008462064;0000000009033;00009033;
20170309;DI1;*;F20 ;0008432570366;0002657183036;01151019;00009980;00009920;00010020;00010010;0000007658530;0000007670849;0000000012319;00012319;
20170309;DI1;*;F21 ;0013675582151;0004309305861;01550712;00010170;00010120;00010220;00010210;0000006915290;0000006934885;0000000019595;00019595;
20170309;DI1;*;F22 ;0000445315947;0000140323286;00085555;00010350;00010270;00010370;00010360;0000006239546;0000006261696;0000000022150;00022150;
20170309;DI1;*;F23 ;0002871629678;0000904877794;00686037;00010450;00010370;00010480;00010460;0000005627453;0000005651469;0000000024016;00024016;
20170309;DI1;*;F24 ;0000000254138;0000000080081;00047985;00010500;00010500;00010500;00010500;0000005089006;0000005114368;0000000025362;00025362;
20170309;DI1;*;F25 ;0001989238359;0000626827906;00540731;00010530;00010450;00010580;00010550;0000004586441;0000004612645;0000000026204;00026204;
20170309;DI1;*;F26 ;0000018236096;0000005746367;00063718;00010550;00010470;00010590;00010560;0000004139614;0000004164625;0000000025011;00025011;
20170309;DI1;*;F27 ;0000627350299;0000197684039;00306148;00010600;00010520;00010650;00010600;0000003732488;0000003759216;0000000026728;00026728;
20170309;DI1;*;F28 ;0000000000000;0000000000000;00000010;00000000;00000000;00000000;00000000;0000003370197;0000003396771;0000000026574;00026574;
20170309;DI1;*;F29 ;0000000000000;0000000000000;00003310;00000000;00000000;00000000;00000000;0000003045498;0000003071702;0000000026204;00026204;
20170309;DI1;*;F30 ;0000000000000;0000000000000;00000170;00000000;00000000;00000000;00000000;0000002751192;0000002776852;0000000025660;00025660;
20170309;DI1;*;G18 ;0000000000000;0000000000000;00013210;00000000;00000000;00000000;00000000;0000009173423;0000009175567;0000000002144;00002144;
20170309;DI1;*;H18 ;0000030994105;0000009766537;00000000;00010060;00010060;00010080;00010080;0000009116712;0000009117625;0000000000913;00000913;
20170309;DI1;*;J17 ;0005725108293;0001804036015;02144758;00012130;00012130;00012135;00012132;0000009923063;0000009923063;0000000000000;00000000;
20170309;DI1;*;J18 ;0001187187979;0000374094211;00632772;00010010;00010000;00010030;00010030;0000009048019;0000009050432;0000000002413;00002413;
20170309;DI1;*;J19 ;0002268501129;0000714826258;00222307;00009840;00009780;00009850;00009850;0000008256212;0000008266109;0000000009897;00009897;
20170309;DI1;*;J20 ;0000002985856;0000000940872;00073774;00010070;00010070;00010070;00010070;0000007466707;0000007483847;0000000017140;00017140;
20170309;DI1;*;J21 ;0000001011705;0000000318798;00025510;00010240;00010240;00010240;00010240;0000006743471;0000006764991;0000000021520;00021520;
20170309;DI1;*;K17 ;0013115742142;0004132894956;00240786;00011890;00011886;00011890;00011890;0000009845199;0000009845259;0000000000060;00000060;
20170309;DI1;*;M17 ;0000128264048;0000040417220;00193360;00011645;00011645;00011645;00011645;0000009753920;0000009754088;0000000000168;00000168;
20170309;DI1;*;N17 ;0014638458887;0004612717469;02391979;00011330;00011310;00011330;00011325;0000009673519;0000009673525;0000000000006;00000006;
20170309;DI1;*;N18 ;0003023147039;0000952622354;00692478;00009880;00009850;00009900;00009890;0000008849183;0000008853041;0000000003858;00003858;
20170309;DI1;*;N19 ;0000794030439;0000250206535;00442776;00009880;00009820;00009900;00009890;0000008060859;0000008073275;0000000012416;00012416;
20170309;DI1;*;N20 ;0002785152048;0000877627871;00901815;00010120;00010060;00010150;00010140;0000007282382;0000007298174;0000000015792;00015792;
20170309;DI1;*;N21 ;0000026303238;0000008288400;00054130;00010240;00010230;00010300;00010300;0000006572071;0000006592992;0000000020921;00020921;
20170309;DI1;*;N22 ;0000000000000;0000000000000;00004145;00000000;00000000;00000000;00000000;0000005929288;0000005952437;0000000023149;00023149;
20170309;DI1;*;N23 ;0000000000000;0000000000000;00003135;00000000;00000000;00000000;00000000;0000005352083;0000005376831;0000000024748;00024748;
20170309;DI1;*;N24 ;0000000000000;0000000000000;00001550;00000000;00000000;00000000;00000000;0000004837174;0000004863004;0000000025830;00025830;
20170309;DI1;*;Q17 ;0000199561873;0000062883842;00114043;00011110;00011110;00011120;00011110;0000009594571;0000009594816;0000000000245;00000245;
20170309;DI1;*;U17 ;0000000000000;0000000000000;00037077;00000000;00000000;00000000;00000000;0000009512379;0000009512635;0000000000256;00000256;
20170309;DI1;*;V17 ;0003329758061;0001049238400;00651526;00010680;00010655;00010680;00010675;0000009444729;0000009444978;0000000000249;00000249;
20170309;DI1;*;V18 ;0000605479508;0000190792345;00601630;00009790;00009780;00009830;00009820;0000008648495;0000008654116;0000000005621;00005621;
20170309;DI1;*;V19 ;0000003533969;0000001113587;00056802;00009950;00009950;00009950;00009950;0000007852355;0000007867562;0000000015207;00015207;
20170309;DI1;*;V20 ;0000003902029;0000001229566;00045563;00010140;00010140;00010170;00010170;0000007089823;0000007110925;0000000021102;00021102;
20170309;DI1;*;V21 ;0000001602558;0000000504981;00015342;00010290;00010260;00010290;00010280;0000006402843;0000006427070;0000000024227;00024227;
20170309;DI1;*;X17 ;0000060462551;0000019052324;00015442;00010510;00010510;00010510;00010510;0000009374039;0000009374580;0000000000541;00000541;
20170309;DI1;*;Z17 ;0000000000000;0000000000000;00021235;00000000;00000000;00000000;00000000;0000009308733;0000009309625;0000000000892;00000892;
20170309;DOL;*;F18 ;0000000000000;0000000000000;00003870;00000000;00000000;00000000;00000000;0000033873890;0000033583530;0000000145180;00290360;
20170309;DOL;*;F19 ;0000000000000;0000000000000;00000000;00000000;00000000;00000000;00000000;0000035951120;0000035644760;0000000000000;00306360;
20170309;DOL;*;F20 ;0000000000000;0000000000000;00000000;00000000;00000000;00000000;00000000;0000038216740;0000037896660;0000000000000;00320080;
20170309;DOL;*;F21 ;0000000000000;0000000000000;00003100;00000000;00000000;00000000;00000000;0000040392420;0000040016070;0000000188175;00376350;
20170309;DOL;*;F25 ;0000000000000;0000000000000;00000000;00000000;00000000;00000000;00000000;0000049532720;0000048980170;0000000000000;00552550;
20170309;DOL;*;G18 ;0000000000000;0000000000000;00000000;00000000;00000000;00000000;00000000;0000034073480;0000033779500;0000000000000;00293980;
20170309;DOL;*;H18 ;0000000000000;0000000000000;00000000;00000000;00000000;00000000;00000000;0000034214550;0000033928370;0000000000000;00286180;
20170309;DOL;*;J17 ;0050212202750;0015822342130;00539135;03195000;03180500;03219000;03213500;0000032083560;0000031802860;0000000140350;00280700;
20170309;DOL;*;J18 ;0000000000000;0000000000000;00000000;00000000;00000000;00000000;00000000;0000034387530;0000034095820;0000000000000;00291710;
20170309;DOL;*;J19 ;0000000000000;0000000000000;00000050;00000000;00000000;00000000;00000000;0000036513730;0000036204180;0000000154775;00309550;
20170309;DOL;*;K17 ;0000000000000;0000000000000;00006470;00000000;00000000;00000000;00000000;0000032283790;0000032000970;0000000141410;00282820;
20170309;DOL;*;M17 ;0000029116625;0000009174925;00003570;03250000;03234000;03260500;03260500;0000032531490;0000032246130;0000000142680;00285360;
20170309;DOL;*;N17 ;0000125445750;0000039529148;00030865;03271000;03258000;03283000;03283000;0000032749340;0000032463130;0000000143105;00286210;
20170309;DOL;*;N18 ;0000078750000;0000024814873;00000170;03500000;03500000;03500000;03500000;0000034927840;0000034634970;0000000146435;00292870;
20170309;DOL;*;N19 ;0000000000000;0000000000000;00000400;00000000;00000000;00000000;00000000;0000037067790;0000036739210;0000000164290;00328580;
20170309;DOL;*;N21 ;0000000000000;0000000000000;00000000;00000000;00000000;00000000;00000000;0000041535040;0000041143670;0000000000000;00391370;
20170309;DOL;*;Q17 ;0000000000000;0000000000000;00002905;00000000;00000000;00000000;00000000;0000032950430;0000032662410;0000000144010;00288020;
20170309;DOL;*;U17 ;0000000000000;0000000000000;00000840;00000000;00000000;00000000;00000000;0000033181410;0000032893030;0000000144190;00288380;
20170309;DOL;*;V17 ;0000000000000;0000000000000;00001035;00000000;00000000;00000000;00000000;0000033350600;0000033061200;0000000144700;00289400;
20170309;DOL;*;V18 ;0000000000000;0000000000000;00000000;00000000;00000000;00000000;00000000;0000035456750;0000035157470;0000000000000;00299280;
20170309;DOL;*;V19 ;0000000000000;0000000000000;00000000;00000000;00000000;00000000;00000000;0000037685500;0000037342240;0000000000000;00343260;
20170309;DOL;*;X17 ;0000000000000;0000000000000;00000000;00000000;00000000;00000000;00000000;0000033536960;0000033247640;0000000000000;00289320;
20170309;DOL;*;Z17 ;0000000000000;0000000000000;00000000;00000000;00000000;00000000;00000000;0000033711970;0000033423230;0000000000000;00288740;
20170309;ETH;*;H17 ;0000000000000;0000000000000;00000764;00000000;00000000;00000000;00000000;0000000155000;0000000155000;0000000000000;00000000;
20170309;ETH;*;J17 ;0000000000000;0000000000000;00000000;00000000;00000000;00000000;00000000;0000000152000;0000000152000;0000000000000;00000000;
20170309;ETH;*;K17 ;0000000000000;0000000000000;00000085;00000000;00000000;00000000;00000000;0000000150500;0000000150500;0000000000000;00000000;
20170309;ETH;*;M17 ;0000000000000;0000000000000;00000200;00000000;00000000;00000000;00000000;0000000161500;0000000161500;0000000000000;00000000;
20170309;ETH;*;N17 ;0000000000000;0000000000000;00000185;00000000;00000000;00000000;00000000;0000000160000;0000000160000;0000000000000;00000000;
20170309;ETH;*;Q17 ;0000000000000;0000000000000;00000185;00000000;00000000;00000000;00000000;0000000162600;0000000162600;0000000000000;00000000;
20170309;ETH;*;U17 ;0000000000000;0000000000000;00000000;00000000;00000000;00000000;00000000;0000000163000;0000000163000;0000000000000;00000000;
20170309;ETH;*;V17 ;0000000000000;0000000000000;00000000;00000000;00000000;00000000;00000000;0000000163000;0000000163000;0000000000000;00000000;
20170309;ETH;*;X17 ;0000000000000;0000000000000;00000000;00000000;00000000;00000000;00000000;0000000163000;0000000163000;0000000000000;00000000;
20170309;ETH;*;Z17 ;0000000000000;0000000000000;00000000;00000000;00000000;00000000;00000000;0000000165000;0000000165000;0000000000000;00000000;
20170309;EUR;*;J17 ;0000026176975;0000008248614;00012499;03382900;03373900;03408000;03408000;0000034009150;0000033575930;0000000216610;00433220;
20170309;EUR;*;K17 ;0000000000000;0000000000000;00000095;00000000;00000000;00000000;00000000;0000034258100;0000033821090;0000000218505;00437010;
20170309;EUR;*;M17 ;0000000000000;0000000000000;00000000;00000000;00000000;00000000;00000000;0000034570750;0000034129170;0000000000000;00441580;
20170309;EUR;*;N17 ;0000000000000;0000000000000;00003190;00000000;00000000;00000000;00000000;0000034859870;0000034415530;0000000222170;00444340;
20170309;EUR;*;V17 ;0000000000000;0000000000000;00000000;00000000;00000000;00000000;00000000;0000035677330;0000035228050;0000000000000;00449280;
20170309;FRC;*;F18 ;0000000000000;0000000000000;00000000;00000217;00000215;00000220;00000220;0000000000220;0000000000215;0000000000002;00000005;
20170309;FRC;*;F19 ;0000000000000;0000000000000;00000000;00000265;00000265;00000268;00000268;0000000000268;0000000000261;0000000000003;00000007;
20170309;FRC;*;F20 ;0000000000000;0000000000000;00000000;00000307;00000307;00000316;00000316;0000000000315;0000000000307;0000000000004;00000008;
20170309;FRC;*;F21 ;0000000000000;0000000000000;00000000;00000360;00000360;00000367;00000365;0000000000367;0000000000360;0000000000003;00000007;
20170309;FRC;*;F22 ;0000000000000;0000000000000;00000000;00000000;00000000;00000000;00000000;0000000000403;0000000000396;0000000000000;00000007;
20170309;FRC;*;F23 ;0000000000000;0000000000000;00000000;00000440;00000440;00000440;00000440;0000000000440;0000000000433;0000000000003;00000007;
20170309;FRC;*;F24 ;0000000000000;0000000000000;00000000;00000469;00000469;00000469;00000469;0000000000475;0000000000469;0000000000003;00000006;
20170309;FRC;*;F25 ;0000000000000;0000000000000;00000000;00000505;00000505;00000505;00000505;0000000000510;0000000000505;0000000000002;00000005;
20170309;FRC;*;F26 ;0000000000000;0000000000000;00000000;00000000;00000000;00000000;00000000;0000000000548;0000000000543;0000000000000;00000005;
20170309;FRC;*;F27 ;0000000000000;0000000000000;00000000;00000000;00000000;00000000;00000000;0000000000590;0000000000585;0000000000000;00000005;
20170309;FRC;*;F28 ;0000000000000;0000000000000;00000000;00000000;00000000;00000000;00000000;0000000000621;0000000000616;0000000000000;00000005;
20170309;FRC;*;F29 ;0000000000000;0000000000000;00000000;00000000;00000000;00000000;00000000;0000000000652;0000000000647;0000000000000;00000005;
20170309;FRC;*;F30 ;0000000000000;0000000000000;00000000;00000000;00000000;00000000;00000000;0000000000681;0000000000676;0000000000000;00000005;
20170309;FRC;*;G18 ;0000000000000;0000000000000;00000000;00000220;00000220;00000220;00000220;0000000000220;0000000000215;0000000000002;00000005;
20170309;FRC;*;H18 ;0000000000000;0000000000000;00000000;00000226;00000226;00000226;00000226;0000000000224;0000000000219;0000000000002;00000005;
20170309;FRC;*;J18 ;0000000000000;0000000000000;00000000;00000225;00000225;00000226;00000226;0000000000230;0000000000224;0000000000003;00000006;
20170309;FRC;*;J19 ;0000000000000;0000000000000;00000000;00000000;00000000;00000000;00000000;0000000000277;0000000000270;0000000000000;00000007;
20170309;FRC;*;J20 ;0000000000000;0000000000000;00000000;00000000;00000000;00000000;00000000;0000000000326;0000000000318;0000000000000;00000008;
20170309;FRC;*;J21 ;0000000000000;0000000000000;00000000;00000000;00000000;00000000;00000000;0000000000379;0000000000372;0000000000000;00000007;
20170309;FRC;*;K17 ;0000000000000;0000000000000;00000000;00000204;00000204;00000206;00000206;0000000000206;0000000000207;0000000000000;00000001;
20170309;FRC;*;M17 ;0000000000000;0000000000000;00000000;00000201;00000201;00000204;00000204;0000000000204;0000000000204;0000000000000;00000000;
20170309;FRC;*;N17 ;0000000000000;0000000000000;00000000;00000192;00000192;00000196;00000196;0000000000195;0000000000195;0000000000000;00000000;
20170309;FRC;*;N18 ;0000000000000;0000000000000;00000000;00000240;00000238;00000240;00000238;0000000000238;0000000000231;0000000000003;00000007;
20170309;FRC;*;N19 ;0000000000000;0000000000000;00000000;00000000;00000000;00000000;00000000;0000000000288;0000000000281;0000000000000;00000007;
20170309;FRC;*;N20 ;0000000000000;0000000000000;00000000;00000000;00000000;00000000;00000000;0000000000335;0000000000327;0000000000000;00000008;
20170309;FRC;*;N21 ;0000000000000;0000000000000;00000000;00000000;00000000;00000000;00000000;0000000000386;0000000000379;0000000000000;00000007;
20170309;FRC;*;Q17 ;0000000000000;0000000000000;00000000;00000210;00000210;00000210;00000210;0000000000211;0000000000210;0000000000000;00000001;
20170309;FRC;*;U17 ;0000000000000;0000000000000;00000000;00000204;00000204;00000207;00000207;0000000000207;0000000000204;0000000000001;00000003;
20170309;FRC;*;V17 ;0000000000000;0000000000000;00000000;00000210;00000210;00000213;00000212;0000000000212;0000000000210;0000000000001;00000002;
20170309;FRC;*;V18 ;0000000000000;0000000000000;00000000;00000000;00000000;00000000;00000000;0000000000252;0000000000245;0000000000000;00000007;
20170309;FRC;*;V19 ;0000000000000;0000000000000;00000000;00000000;00000000;00000000;00000000;0000000000300;0000000000293;0000000000000;00000007;
20170309;FRC;*;V20 ;0000000000000;0000000000000;00000000;00000000;00000000;00000000;00000000;0000000000350;0000000000342;0000000000000;00000008;
20170309;FRC;*;V21 ;0000000000000;0000000000000;00000000;00000000;00000000;00000000;00000000;0000000000393;0000000000386;0000000000000;00000007;
20170309;FRC;*;X17 ;0000000000000;0000000000000;00000000;00000212;00000212;00000212;00000212;0000000000215;0000000000212;0000000000001;00000003;
20170309;FRC;*;Z17 ;0000000000000;0000000000000;00000000;00000000;00000000;00000000;00000000;0000000000216;0000000000212;0000000000000;00000004;
20170309;FRO;*;F18 ;0000000000000;0000000000000;00000000;00000000;00000000;00000000;00000000;0000000000222;0000000000217;0000000000000;00000005;
20170309;FRO;*;F19 ;0000000000000;0000000000000;00000000;00000000;00000000;00000000;00000000;0000000000270;0000000000263;0000000000000;00000007;
20170309;FRO;*;F20 ;0000000000000;0000000000000;00000000;00000000;00000000;00000000;00000000;0000000000317;0000000000309;0000000000000;00000008;
20170309;FRO;*;F21 ;0000000000000;0000000000000;00000000;00000000;00000000;00000000;00000000;0000000000369;0000000000362;0000000000000;00000007;
20170309;FRO;*;F22 ;0000000000000;0000000000000;00000000;00000000;00000000;00000000;00000000;0000000000405;0000000000398;0000000000000;00000007;
20170309;FRO;*;F23 ;0000000000000;0000000000000;00000000;00000000;00000000;00000000;00000000;0000000000442;0000000000435;0000000000000;00000007;
20170309;FRO;*;F24 ;0000000000000;0000000000000;00000000;00000000;00000000;00000000;00000000;0000000000477;0000000000471;0000000000000;00000006;
20170309;FRO;*;F25 ;0000000000000;0000000000000;00000000;00000000;00000000;00000000;00000000;0000000000512;0000000000507;0000000000000;00000005;
20170309;FRO;*;F26 ;0000000000000;0000000000000;00000000;00000000;00000000;00000000;00000000;0000000000550;0000000000545;0000000000000;00000005;
20170309;FRO;*;F27 ;0000000000000;0000000000000;00000000;00000000;00000000;00000000;00000000;0000000000593;0000000000588;0000000000000;00000005;
20170309;FRO;*;F28 ;0000000000000;0000000000000;00000000;00000000;00000000;00000000;00000000;0000000000624;0000000000619;0000000000000;00000005;
20170309;FRO;*;F29 ;0000000000000;0000000000000;00000000;00000000;00000000;00000000;00000000;0000000000655;0000000000650;0000000000000;00000005;
20170309;FRO;*;F30 ;0000000000000;0000000000000;00000000;00000000;00000000;00000000;00000000;0000000000684;0000000000679;0000000000000;00000005;
20170309;FRO;*;G18 ;0000000000000;0000000000000;00000000;00000000;00000000;00000000;00000000;0000000000222;0000000000217;0000000000000;00000005;
20170309;FRO;*;H18 ;0000000000000;0000000000000;00000000;00000000;00000000;00000000;00000000;0000000000226;0000000000221;0000000000000;00000005;
20170309;FRO;*;J18 ;0000000000000;0000000000000;00000000;00000000;00000000;00000000;00000000;0000000000232;0000000000226;0000000000000;00000006;
20170309;FRO;*;J19 ;0000000000000;0000000000000;00000000;00000000;00000000;00000000;00000000;0000000000279;0000000000272;0000000000000;00000007;
20170309;FRO;*;J20 ;0000000000000;0000000000000;00000000;00000000;00000000;00000000;00000000;0000000000328;0000000000320;0000000000000;00000008;
20170309;FRO;*;J21 ;0000000000000;0000000000000;00000000;00000000;00000000;00000000;00000000;0000000000381;0000000000374;0000000000000;00000007;
20170309;FRO;*;K17 ;0000000000000;0000000000000;00000000;00000000;00000000;00000000;00000000;0000000000208;0000000000209;0000000000000;00000001;
20170309;FRO;*;M17 ;0000000000000;0000000000000;00000000;00000000;00000000;00000000;00000000;0000000000206;0000000000206;0000000000000;00000000;
20170309;FRO;*;N17 ;0000000000000;0000000000000;00000000;00000000;00000000;00000000;00000000;0000000000197;0000000000197;0000000000000;00000000;
20170309;FRO;*;N18 ;0000000000000;0000000000000;00000000;00000000;00000000;00000000;00000000;0000000000240;0000000000233;0000000000000;00000007;
20170309;FRO;*;N19 ;0000000000000;0000000000000;00000000;00000000;00000000;00000000;00000000;0000000000290;0000000000283;0000000000000;00000007;
20170309;FRO;*;N20 ;0000000000000;0000000000000;00000000;00000000;00000000;00000000;00000000;0000000000337;0000000000329;0000000000000;00000008;
20170309;FRO;*;N21 ;0000000000000;0000000000000;00000000;00000000;00000000;00000000;00000000;0000000000388;0000000000381;0000000000000;00000007;
20170309;FRO;*;Q17 ;0000000000000;0000000000000;00000000;00000000;00000000;00000000;00000000;0000000000213;0000000000212;0000000000000;00000001;
20170309;FRO;*;U17 ;0000000000000;0000000000000;00000000;00000000;00000000;00000000;00000000;0000000000209;0000000000206;0000000000000;00000003;
20170309;FRO;*;V17 ;0000000000000;0000000000000;00000000;00000000;00000000;00000000;00000000;0000000000214;0000000000212;0000000000000;00000002;
20170309;FRO;*;V18 ;0000000000000;0000000000000;00000000;00000000;00000000;00000000;00000000;0000000000254;0000000000247;0000000000000;00000007;
20170309;FRO;*;V19 ;0000000000000;0000000000000;00000000;00000000;00000000;00000000;00000000;0000000000302;0000000000295;0000000000000;00000007;
20170309;FRO;*;V20 ;0000000000000;0000000000000;00000000;00000000;00000000;00000000;00000000;0000000000352;0000000000344;0000000000000;00000008;
20170309;FRO;*;V21 ;0000000000000;0000000000000;00000000;00000000;00000000;00000000;00000000;0000000000395;0000000000388;0000000000000;00000007;
20170309;FRO;*;X17 ;0000000000000;0000000000000;00000000;00000000;00000000;00000000;00000000;0000000000217;0000000000214;0000000000000;00000003;
20170309;FRO;*;Z17 ;0000000000000;0000000000000;00000000;00000000;00000000;00000000;00000000;0000000000218;0000000000214;0000000000000;00000004;
20170309;FRP;*;FRP0;0000000000000;0000000000000;00000000;00002020;00001840;00002020;00001840;0000000000000;0000000000000;0000000000000;00000000;
20170309;GBP;*;J17 ;0000007089572;0000002233991;00001008;03891400;03891400;03920600;03920600;0000039116460;0000038704620;0000000144144;00411840;
20170309;GBP;*;K17 ;0000000000000;0000000000000;00000005;00000000;00000000;00000000;00000000;0000039380930;0000038965280;0000000145477;00415650;
20170309;GBP;*;M17 ;0000027634208;0000008707801;00000000;03947700;03947700;03947800;03947800;0000039714330;0000039295050;0000000146748;00419280;
20170309;HSI;*;H17 ;0000000000000;0000000000000;00000000;00000000;00000000;00000000;00000000;0000000023499;0000000023777;0000000000000;00000278;
20170309;HSI;*;J17 ;0000000000000;0000000000000;00000000;00000000;00000000;00000000;00000000;0000000023497;0000000023783;0000000000000;00000286;
20170309;IAP;*;H17 ;0000000000000;0000000000000;00000000;00000000;00000000;00000000;00000000;0000000481506;0000000481510;0000000000100;00000004;
20170309;IAP;*;J17 ;0000000000000;0000000000000;00000000;00000000;00000000;00000000;00000000;0000000482953;0000000482967;0000000000000;00000014;
20170309;IAP;*;K17 ;0000000000000;0000000000000;00000000;00000000;00000000;00000000;00000000;0000000485186;0000000485204;0000000000000;00000018;
20170309;IAP;*;K19 ;0000000000000;0000000000000;00000000;00000000;00000000;00000000;00000000;0000000528310;0000000527812;0000000000000;00000498;
20170309;IAP;*;K21 ;0000000000000;0000000000000;00000000;00000000;00000000;00000000;00000000;0000000579676;0000000578530;0000000000000;00001146;
20170309;IAP;*;Q18 ;0000000000000;0000000000000;00000000;00000000;00000000;00000000;00000000;0000000510783;0000000510573;0000000000000;00000210;
20170309;IAP;*;Q20 ;0000000000000;0000000000000;00000000;00000000;00000000;00000000;00000000;0000000561345;0000000559896;0000000000000;00001449;
20170309;IAP;*;Q22 ;0000000000000;0000000000000;00000000;00000000;00000000;00000000;00000000;0000000614773;0000000612954;0000000000000;00001819;
20170309;ICF;*;H17 ;0000000000000;0000000000000;00000127;00000000;00000000;00000000;00000000;0000000015805;0000000015975;0000000054122;00000170;
20170309;ICF;*;H18 ;0000000000000;0000000000000;00000000;00000000;00000000;00000000;00000000;0000000018260;0000000018425;0000000000000;00000165;
20170309;ICF;*;K17 ;0000000000000;0000000000000;00000100;00000000;00000000;00000000;00000000;0000000016785;0000000016955;0000000054122;00000170;
20170309;ICF;*;N17 ;0000000000000;0000000000000;00000100;00000000;00000000;00000000;00000000;0000000017015;0000000017180;0000000052531;00000165;
20170309;ICF;*;U17 ;0000015958631;0000005012605;00004188;00017425;00017255;00017585;00017255;0000000017310;0000000017505;0000000062082;00000195;
20170309;ICF;*;U18 ;0000000638809;0000000200650;00000386;00018250;00018200;00018280;00018280;0000000018060;0000000018200;0000000044571;00000140;
20170309;ICF;*;Z17 ;0000000056988;0000000017900;00000192;00017900;00017900;00017900;00017900;0000000017830;0000000017995;0000000052531;00000165;
20170309;ICF;*;Z18 ;0000000000000;0000000000000;00000029;00000000;00000000;00000000;00000000;0000000018220;0000000018370;0000000047755;00000150;
20170309;IGM;*;K17 ;0000000000000;0000000000000;00000000;00000000;00000000;00000000;00000000;0000000669137;0000000669279;0000000002840;00000142;
20170309;IGM;*;K19 ;0000000000000;0000000000000;00000000;00000000;00000000;00000000;00000000;0000000721516;0000000721082;0000000000000;00000434;
20170309;IGM;*;K21 ;0000000000000;0000000000000;00000000;00000000;00000000;00000000;00000000;0000000793829;0000000792649;0000000000000;00001180;
20170309;IGM;*;Q18 ;0000000000000;0000000000000;00000000;00000000;00000000;00000000;00000000;0000000697965;0000000698044;0000000000000;00000079;
20170309;IGM;*;Q20 ;0000000000000;0000000000000;00000000;00000000;00000000;00000000;00000000;0000000765841;0000000765048;0000000000000;00000793;
20170309;IND;*;G18 ;0000000000000;0000000000000;00000000;00000000;00000000;00000000;00000000;0000000069812;0000000070154;0000000000000;00000342;
20170309;IND;*;J17 ;0005954420925;0001876294604;00258375;00065100;00064820;00065745;00065130;0000000065124;0000000065455;0000000033100;00000331;
20170309;IND;*;J18 ;0000000000000;0000000000000;00000000;00000000;00000000;00000000;00000000;0000000070783;0000000071122;0000000000000;00000339;
20170309;IND;*;M17 ;0000005639000;0000001776902;00028525;00066400;00066200;00066400;00066200;0000000066189;0000000066528;0000000033900;00000339;
20170309;IND;*;M18 ;0000000000000;0000000000000;00001080;00000000;00000000;00000000;00000000;0000000071629;0000000071964;0000000033500;00000335;
20170309;IND;*;Q17 ;0000000000000;0000000000000;00002205;00000000;00000000;00000000;00000000;0000000067205;0000000067545;0000000034000;00000340;
20170309;IND;*;Q18 ;0000000000000;0000000000000;00000000;00000000;00000000;00000000;00000000;0000000072656;0000000072986;0000000000000;00000330;
20170309;IND;*;V17 ;0000000000000;0000000000000;00000950;00000000;00000000;00000000;00000000;0000000068117;0000000068460;0000000034300;00000343;
20170309;IND;*;V18 ;0000000000000;0000000000000;00000000;00000000;00000000;00000000;00000000;0000000073665;0000000073986;0000000000000;00000321;
20170309;IND;*;Z17 ;0000095358000;0000030048212;00011100;00069100;00069100;00069100;00069100;0000000068938;0000000069280;0000000034200;00000342;
20170309;IND;*;Z18 ;0000000000000;0000000000000;00000035;00000000;00000000;00000000;00000000;0000000074591;0000000074896;0000000030500;00000305;
20170309;IR1;*;J7M7;0000000000000;0000000000000;00000000;00000000;00000000;00000000;00000000;0000000000000;0000000000000;0000000000000;00000000;
20170309;ISP;*;H17 ;0000162502415;0000051042000;00003083;00236250;00235500;00236900;00236500;0000000236500;0000000236150;0000000055714;00000350;
20170309;ISP;*;M17 ;0000060493643;0000019001050;00000216;00235825;00235150;00236550;00236350;0000000236225;0000000235875;0000000055714;00000350;
20170309;ISP;*;U17 ;0000000000000;0000000000000;00000000;00000000;00000000;00000000;00000000;0000000235925;0000000235600;0000000000000;00000325;
20170309;ISP;*;Z17 ;0000000000000;0000000000000;00000000;00000000;00000000;00000000;00000000;0000000235725;0000000235375;0000000000000;00000350;
20170309;JPY;*;J17 ;0000131350555;0000041389808;00002386;02781300;02781300;02801100;02801100;0000027972500;0000027806000;0000000083250;00166500;
20170309;JPY;*;K17 ;0000000000000;0000000000000;00000034;00000000;00000000;00000000;00000000;0000028169300;0000028001500;0000000083900;00167800;
20170309;JPY;*;M17 ;0000000000000;0000000000000;00000000;00000000;00000000;00000000;00000000;0000028417700;0000028248100;0000000000000;00169600;
20170309;JPY;*;N17 ;0000123078245;0000038783124;00000000;02852900;02851000;02853000;02851100;0000028650000;0000028480200;0000000084900;00169800;
20170309;JSE;*;H17 ;0000000000000;0000000000000;00000000;00000000;00000000;00000000;00000000;0000000043925;0000000044344;0000000000000;00000419;
20170309;JSE;*;M17 ;0000000000000;0000000000000;00000000;00000000;00000000;00000000;00000000;0000000044410;0000000044837;0000000000000;00000427;
20170309;MIX;*;H17 ;0000000000000;0000000000000;00000000;00000000;00000000;00000000;00000000;0000000001977;0000000002028;0000000000000;00000051;
20170309;MIX;*;M17 ;0000000000000;0000000000000;00000000;00000000;00000000;00000000;00000000;0000000002007;0000000002046;0000000000000;00000039;
20170309;MXN;*;J17 ;0000000600750;0000000189302;00000562;01602000;01602000;01602000;01602000;0000016147900;0000016139230;0000000006502;00008670;
20170309;MXN;*;K17 ;0000000000000;0000000000000;00000019;00000000;00000000;00000000;00000000;0000016173150;0000016164150;0000000006750;00009000;
20170309;MXN;*;M17 ;0000000000000;0000000000000;00000000;00000000;00000000;00000000;00000000;0000016220980;0000016212390;0000000000000;00008590;
20170309;NZD;*;J17 ;0000009298612;0000002930081;00000005;02206000;02206000;02214100;02214100;0000022126920;0000021969240;0000000118260;00157680;
20170309;NZD;*;K17 ;0000000000000;0000000000000;00000000;00000000;00000000;00000000;00000000;0000022247360;0000022090500;0000000000000;00156860;
20170309;NZD;*;M17 ;0000000000000;0000000000000;00000000;00000000;00000000;00000000;00000000;0000022398020;0000022239640;0000000000000;00158380;
20170309;OC1;*;F18 ;0000000000000;0000000000000;00000000;00000000;00000000;00000000;00000000;0000009242822;0000009244121;0000000000000;00001299;
20170309;OC1;*;F19 ;0000000000000;0000000000000;00000000;00000000;00000000;00000000;00000000;0000008450679;0000008459709;0000000000000;00009030;
20170309;OC1;*;F20 ;0000000000000;0000000000000;00000000;00000000;00000000;00000000;00000000;0000007655214;0000007667527;0000000000000;00012313;
20170309;OC1;*;F21 ;0000000000000;0000000000000;00000000;00000000;00000000;00000000;00000000;0000006911002;0000006930583;0000000000000;00019581;
20170309;OC1;*;F22 ;0000000000000;0000000000000;00000000;00000000;00000000;00000000;00000000;0000006234669;0000006256798;0000000000000;00022129;
20170309;OC1;*;F23 ;0000000000000;0000000000000;00000000;00000000;00000000;00000000;00000000;0000005622145;0000005646135;0000000000000;00023990;
20170309;OC1;*;F24 ;0000000000000;0000000000000;00000000;00000000;00000000;00000000;00000000;0000005083390;0000005108720;0000000000000;00025330;
20170309;OC1;*;F25 ;0000000000000;0000000000000;00000000;00000000;00000000;00000000;00000000;0000004580630;0000004606797;0000000000000;00026167;
20170309;OC1;*;F26 ;0000000000000;0000000000000;00000000;00000000;00000000;00000000;00000000;0000004133694;0000004158666;0000000000000;00024972;
20170309;OC1;*;F27 ;0000000000000;0000000000000;00000000;00000000;00000000;00000000;00000000;0000003726552;0000003753232;0000000000000;00026680;
20170309;OC1;*;F28 ;0000000000000;0000000000000;00000000;00000000;00000000;00000000;00000000;0000003364292;0000003390815;0000000000000;00026523;
20170309;OC1;*;F29 ;0000000000000;0000000000000;00000000;00000000;00000000;00000000;00000000;0000003039674;0000003065824;0000000000000;00026150;
20170309;OC1;*;F30 ;0000000000000;0000000000000;00000000;00000000;00000000;00000000;00000000;0000002745489;0000002771092;0000000000000;00025603;
20170309;OC1;*;G18 ;0000000000000;0000000000000;00000000;00000000;00000000;00000000;00000000;0000009172159;0000009174229;0000000000000;00002070;
20170309;OC1;*;H18 ;0000000000000;0000000000000;00000000;00000000;00000000;00000000;00000000;0000009115354;0000009116188;0000000000000;00000834;
20170309;OC1;*;J17 ;0000000000000;0000000000000;00029800;00000000;00000000;00000000;00000000;0000009922944;0000009922943;0000000000001;00000001;
20170309;OC1;*;J18 ;0000000000000;0000000000000;00000000;00000000;00000000;00000000;00000000;0000009046555;0000009048967;0000000000000;00002412;
20170309;OC1;*;J19 ;0000000000000;0000000000000;00000000;00000000;00000000;00000000;00000000;0000008253606;0000008263500;0000000000000;00009894;
20170309;OC1;*;J20 ;0000000000000;0000000000000;00000000;00000000;00000000;00000000;00000000;0000007463193;0000007480323;0000000000000;00017130;
20170309;OC1;*;J21 ;0000000000000;0000000000000;00000000;00000000;00000000;00000000;00000000;0000006739025;0000006760527;0000000000000;00021502;
20170309;OC1;*;K17 ;0000000000000;0000000000000;00000000;00000000;00000000;00000000;00000000;0000009844955;0000009845013;0000000000000;00000058;
20170309;OC1;*;M17 ;0000000000000;0000000000000;00000000;00000000;00000000;00000000;00000000;0000009753525;0000009753693;0000000000000;00000168;
20170309;OC1;*;N17 ;0000000000000;0000000000000;00000000;00000000;00000000;00000000;00000000;0000009673008;0000009673014;0000000000000;00000006;
20170309;OC1;*;N18 ;0000000000000;0000000000000;00000000;00000000;00000000;00000000;00000000;0000008847407;0000008851263;0000000000000;00003856;
20170309;OC1;*;N19 ;0000000000000;0000000000000;00000000;00000000;00000000;00000000;00000000;0000008058009;0000008070419;0000000000000;00012410;
20170309;OC1;*;N20 ;0000000000000;0000000000000;00000000;00000000;00000000;00000000;00000000;0000007278685;0000007294249;0000000000000;00015564;
20170309;OC1;*;N21 ;0000000000000;0000000000000;00000000;00000000;00000000;00000000;00000000;0000006567476;0000006588380;0000000000000;00020904;
20170309;OC1;*;N22 ;0000000000000;0000000000000;00000000;00000000;00000000;00000000;00000000;0000005924180;0000005947305;0000000000000;00023125;
20170309;OC1;*;N23 ;0000000000000;0000000000000;00000000;00000000;00000000;00000000;00000000;0000005346608;0000005371326;0000000000000;00024718;
20170309;OC1;*;N24 ;0000000000000;0000000000000;00000000;00000000;00000000;00000000;00000000;0000004831450;0000004857245;0000000000000;00025795;
20170309;OC1;*;Q17 ;0000000000000;0000000000000;00000000;00000000;00000000;00000000;00000000;0000009593926;0000009594171;0000000000000;00000245;
20170309;OC1;*;U17 ;0000000000000;0000000000000;00000000;00000000;00000000;00000000;00000000;0000009511590;0000009511846;0000000000000;00000256;
20170309;OC1;*;V17 ;0000000000000;0000000000000;00000000;00000000;00000000;00000000;00000000;0000009443863;0000009444113;0000000000000;00000250;
20170309;OC1;*;V18 ;0000000000000;0000000000000;00000000;00000000;00000000;00000000;00000000;0000008646418;0000008652038;0000000000000;00005620;
20170309;OC1;*;V19 ;0000000000000;0000000000000;00000000;00000000;00000000;00000000;00000000;0000007849263;0000007864463;0000000000000;00015200;
20170309;OC1;*;V20 ;0000000000000;0000000000000;00000000;00000000;00000000;00000000;00000000;0000007085716;0000007106802;0000000000000;00021086;
20170309;OC1;*;V21 ;0000000000000;0000000000000;00000000;00000000;00000000;00000000;00000000;0000006398098;0000006422304;0000000000000;00024206;
20170309;OC1;*;X17 ;0000000000000;0000000000000;00000000;00000000;00000000;00000000;00000000;0000009373052;0000009373593;0000000000000;00000541;
20170309;OC1;*;Z17 ;0000000000000;0000000000000;00000000;00000000;00000000;00000000;00000000;0000009307630;0000009308523;0000000000000;00000893;
20170309;OZ1;*;0000;0000000976552;0000000307721;00000000;00122000;00121700;00122600;00121700;0000000122191;0000000121827;0000000000000;00000700;
20170309;OZ1;*;J17 ;0000000000000;0000000000000;00000000;00000000;00000000;00000000;00000000;0000000122588;0000000123349;0000000000000;00000761;
20170309;OZ1;*;K17 ;0000000000000;0000000000000;00000000;00000000;00000000;00000000;00000000;0000000123560;0000000124326;0000000000000;00000766;
20170309;OZ2;*;0000;0000000053769;0000000016943;00000000;00122000;00122000;00123800;00123800;0000000122325;0000000122000;0000000000000;00001800;
20170309;OZ3;*;0000;0000000004157;0000000001310;00000000;00121200;00121000;00122300;00121000;0000000121575;0000000121500;0000000000000;00000500;
20170309;RSP;*;H7M7;0000000000000;0000000000000;00000000;00000300;00000300;00000300;00000300;0000000000000;0000000000000;0000000000000;00000000;
20170309;SCS;*;J703;0000000000000;0000000000000;00194220;00000000;00000000;00000000;00000000;0000000000000;0000000000000;0000000000000;00000000;
20170309;SCS;*;K702;0000000000000;0000000000000;00127785;00000000;00000000;00000000;00000000;0000000000000;0000000000000;0000000000000;00000000;
20170309;SCS;*;M701;0000000000000;0000000000000;00026000;00000000;00000000;00000000;00000000;0000000000000;0000000000000;0000000000000;00000000;
20170309;SCS;*;N703;0000000000000;0000000000000;00091470;00000000;00000000;00000000;00000000;0000000000000;0000000000000;0000000000000;00000000;
20170309;SFI;*;K17 ;0000000000000;0000000000000;00000000;00000000;00000000;00000000;00000000;0000000002163;0000000002186;0000000000000;00000023;
20170309;SFI;*;N17 ;0000000000000;0000000000000;00000000;00000000;00000000;00000000;00000000;0000000002182;0000000002205;0000000000000;00000023;
20170309;SFI;*;X17 ;0000000000000;0000000000000;00000000;00000000;00000000;00000000;00000000;0000000002143;0000000002155;0000000000000;00000012;
20170309;SJC;*;F18 ;0000000000000;0000000000000;00000000;00000000;00000000;00000000;00000000;0000000222553;0000000223765;0000000000000;00001212;
20170309;SJC;*;H18 ;0000000000000;0000000000000;00000000;00000000;00000000;00000000;00000000;0000000223104;0000000224206;0000000000000;00001102;
20170309;SJC;*;K17 ;0000003385429;0000001063363;00000804;00002240;00002220;00002242;00002230;0000000222884;0000000225254;0000000033954;00002370;
20170309;SJC;*;K18 ;0000000000000;0000000000000;00000000;00000000;00000000;00000000;00000000;0000000223655;0000000224702;0000000000000;00001047;
20170309;SJC;*;N17 ;0000000000000;0000000000000;00000147;00000000;00000000;00000000;00000000;0000000224978;0000000227348;0000000033954;00002370;
20170309;SJC;*;Q17 ;0000000000000;0000000000000;00000000;00000000;00000000;00000000;00000000;0000000225198;0000000227458;0000000000000;00002260;
20170309;SJC;*;U17 ;0000000000000;0000000000000;00000000;00000000;00000000;00000000;00000000;0000000222663;0000000224537;0000000000000;00001874;
20170309;SJC;*;X17 ;0000000000000;0000000000000;00000446;00000000;00000000;00000000;00000000;0000000221451;0000000222718;0000000018151;00001267;
20170309;TRY;*;J17 ;0000000063525;0000000020017;00000424;00847000;00847000;00847000;00847000;0000008441910;0000008464280;0000000016777;00022370;
20170309;TRY;*;K17 ;0000000000000;0000000000000;00000000;00000000;00000000;00000000;00000000;0000008422600;0000008448610;0000000000000;00026010;
20170309;TRY;*;M17 ;0000000000000;0000000000000;00000000;00000000;00000000;00000000;00000000;0000008405120;0000008433650;0000000000000;00028530;
20170309;T10;*;M17 ;0000047965812;0000015114483;00002713;00122969;00122812;00122969;00122906;0000001228281;0000001231406;0000000099171;00003125;
20170309;T10;*;U17 ;0000000000000;0000000000000;00000000;00000000;00000000;00000000;00000000;0000001224687;0000001227812;0000000000000;00003125;
20170309;WDO;*;F18 ;0000000000000;0000000000000;00000000;00000000;00000000;00000000;00000000;0000033873890;0000033583530;0000000000000;00290360;
20170309;WDO;*;F19 ;0000000000000;0000000000000;00000000;00000000;00000000;00000000;00000000;0000035951120;0000035644760;0000000000000;00306360;
20170309;WDO;*;F20 ;0000000000000;0000000000000;00000000;00000000;00000000;00000000;00000000;0000038216740;0000037896660;0000000000000;00320080;
20170309;WDO;*;F21 ;0000000000000;0000000000000;00000000;00000000;00000000;00000000;00000000;0000040392420;0000040016070;0000000000000;00376350;
20170309;WDO;*;F25 ;0000000000000;0000000000000;00000000;00000000;00000000;00000000;00000000;0000049532720;0000048980170;0000000000000;00552550;
20170309;WDO;*;G18 ;0000000000000;0000000000000;00000000;00000000;00000000;00000000;00000000;0000034073480;0000033779500;0000000000000;00293980;
20170309;WDO;*;H18 ;0000000000000;0000000000000;00000000;00000000;00000000;00000000;00000000;0000034214550;0000033928370;0000000000000;00286180;
20170309;WDO;*;J17 ;0020049732300;0006317861131;00030006;03195000;03180500;03219500;03214500;0000032083560;0000031802860;0000000028070;00280700;
20170309;WDO;*;J18 ;0000000000000;0000000000000;00000000;00000000;00000000;00000000;00000000;0000034387530;0000034095820;0000000000000;00291710;
20170309;WDO;*;J19 ;0000000000000;0000000000000;00000000;00000000;00000000;00000000;00000000;0000036513730;0000036204180;0000000000000;00309550;
20170309;WDO;*;K17 ;0000001415885;0000000446159;00000179;03216000;03201000;03235500;03231000;0000032283790;0000032000970;0000000028282;00282820;
20170309;WDO;*;M17 ;0000000000000;0000000000000;00000002;00000000;00000000;00000000;00000000;0000032531490;0000032246130;0000000028536;00285360;
20170309;WDO;*;N17 ;0000000000000;0000000000000;00000001;00000000;00000000;00000000;00000000;0000032749340;0000032463130;0000000028621;00286210;
20170309;WDO;*;N18 ;0000000000000;0000000000000;00000000;00000000;00000000;00000000;00000000;0000034927840;0000034634970;0000000000000;00292870;
20170309;WDO;*;N19 ;0000000000000;0000000000000;00000000;00000000;00000000;00000000;00000000;0000037067790;0000036739210;0000000000000;00328580;
20170309;WDO;*;N21 ;0000000000000;0000000000000;00000000;00000000;00000000;00000000;00000000;0000041535040;0000041143670;0000000000000;00391370;
20170309;WDO;*;Q17 ;0000000000000;0000000000000;00000000;00000000;00000000;00000000;00000000;0000032950430;0000032662410;0000000000000;00288020;
20170309;WDO;*;U17 ;0000000000000;0000000000000;00000000;00000000;00000000;00000000;00000000;0000033181410;0000032893030;0000000000000;00288380;
20170309;WDO;*;V17 ;0000000000000;0000000000000;00000000;00000000;00000000;00000000;00000000;0000033350600;0000033061200;0000000000000;00289400;
20170309;WDO;*;V18 ;0000000000000;0000000000000;00000000;00000000;00000000;00000000;00000000;0000035456750;0000035157470;0000000000000;00299280;
20170309;WDO;*;V19 ;0000000000000;0000000000000;00000000;00000000;00000000;00000000;00000000;0000037685500;0000037342240;0000000000000;00343260;
20170309;WDO;*;X17 ;0000000000000;0000000000000;00000000;00000000;00000000;00000000;00000000;0000033536960;0000033247640;0000000000000;00289320;
20170309;WDO;*;Z17 ;0000000000000;0000000000000;00000000;00000000;00000000;00000000;00000000;0000033711970;0000033423230;0000000000000;00288740;
20170309;WEU;*;J17 ;0000000000000;0000000000000;00000000;00000000;00000000;00000000;00000000;0000034009150;0000033575930;0000000000000;00433220;
20170309;WEU;*;K17 ;0000000000000;0000000000000;00000000;00000000;00000000;00000000;00000000;0000034258100;0000033821090;0000000000000;00437010;
20170309;WEU;*;M17 ;0000000000000;0000000000000;00000000;00000000;00000000;00000000;00000000;0000034570750;0000034129170;0000000000000;00441580;
20170309;WEU;*;N17 ;0000000000000;0000000000000;00000000;00000000;00000000;00000000;00000000;0000034859870;0000034415530;0000000000000;00444340;
20170309;WEU;*;V17 ;0000000000000;0000000000000;00000000;00000000;00000000;00000000;00000000;0000035677330;0000035228050;0000000000000;00449280;
20170309;WIN;*;G18 ;0000000000000;0000000000000;00000000;00000000;00000000;00000000;00000000;0000000069812;0000000070154;0000000000000;00000342;
20170309;WIN;*;J17 ;0014696570991;0004631029145;00062808;00065105;00064810;00065740;00065135;0000000065124;0000000065455;0000000006620;00000331;
20170309;WIN;*;J18 ;0000000000000;0000000000000;00000000;00000000;00000000;00000000;00000000;0000000070783;0000000071122;0000000000000;00000339;
20170309;WIN;*;M17 ;0000000199674;0000000062919;00000008;00066600;00066070;00066700;00066700;0000000066189;0000000066528;0000000006780;00000339;
20170309;WIN;*;M18 ;0000000000000;0000000000000;00000000;00000000;00000000;00000000;00000000;0000000071629;0000000071964;0000000000000;00000335;
20170309;WIN;*;Q17 ;0000000000000;0000000000000;00000000;00000000;00000000;00000000;00000000;0000000067205;0000000067545;0000000000000;00000340;
20170309;WIN;*;Q18 ;0000000000000;0000000000000;00000000;00000000;00000000;00000000;00000000;0000000072656;0000000072986;0000000000000;00000330;
20170309;WIN;*;V17 ;0000000000000;0000000000000;00000000;00000000;00000000;00000000;00000000;0000000068117;0000000068460;0000000000000;00000343;
20170309;WIN;*;V18 ;0000000000000;0000000000000;00000000;00000000;00000000;00000000;00000000;0000000073665;0000000073986;0000000000000;00000321;
20170309;WIN;*;Z17 ;0000000000000;0000000000000;00000000;00000000;00000000;00000000;00000000;0000000068938;0000000069280;0000000000000;00000342;
20170309;WIN;*;Z18 ;0000000000000;0000000000000;00000000;00000000;00000000;00000000;00000000;0000000074591;0000000074896;0000000000000;00000305;
20170309;WTI;*;J17 ;0000000031254;0000000009817;00000243;00004900;00004900;00004917;00004917;0000000004928;0000000005028;0000000031837;00000100;
20170309;WTI;*;K17 ;0000000000000;0000000000000;00000040;00000000;00000000;00000000;00000000;0000000004983;0000000005083;0000000031837;00000100;
20170309;ZAR;*;J17 ;0000000084105;0000000026502;00000161;02403000;02403000;02403000;02403000;0000023966870;0000024186310;0000000076804;00219440;
20170309;ZAR;*;K17 ;0000000000000;0000000000000;00000010;00000000;00000000;00000000;00000000;0000023983230;0000024218990;0000000082516;00235760;
20170309;ZAR;*;M17 ;0000000000000;0000000000000;00000000;00000000;00000000;00000000;00000000;0000024038060;0000024259740;0000000000000;00221680;
