Data;Código do Contrato;Pregão;Vencimento;Volume(R$);Volume(U$);Número de contas em Aberto;Preço de Abertura;Preço Mínimo;Preço Máximo;Último Preço;Preço de Ajuste Atual; Preço de Ajuste Anterior;Valor de Ajuste por Contrato;Variação
20170811;AUD;*;U17 ;0000004514580;0000001424382;00000691;02508100;02508100;02508100;02508100;0000025100250;0000025070820;0000000017658;00029430;
20170811;AUD;*;V17 ;0000000755460;0000000238353;00000831;02518200;02518200;02518200;02518200;0000025209380;0000025176150;0000000019938;00033230;
20170811;AUD;*;X17 ;0000000000000;0000000000000;00000000;00000000;00000000;00000000;00000000;0000025315550;0000025283510;0000000000000;00032040;
20170811;BGI;*;F18 ;0000000000000;0000000000000;00000000;00000000;00000000;00000000;00000000;0000000013705;0000000013669;0000000000000;00000036;
20170811;BGI;*;K18 ;0000000046035;0000000014564;00000169;00013950;00013950;00013950;00013950;0000000013928;0000000013883;0000000014850;00000045;
20170811;BGI;*;Q17 ;0000014290801;0000004521261;00001093;00013250;00013190;00013385;00013385;0000000013350;0000000013218;0000000043560;00000132;
20170811;BGI;*;U17 ;0000005517732;0000001745676;00000252;00013800;00013799;00013848;00013848;0000000013879;0000000013850;0000000009570;00000029;
20170811;BGI;*;V17 ;0000112707879;0000035658023;00007208;00013995;00013960;00014050;00014020;0000000014017;0000000013988;0000000009570;00000029;
20170811;BGI;*;V18 ;0000000944460;0000000298804;00000131;00014310;00014310;00014310;00014310;0000000014240;0000000014216;0000000007920;00000024;
20170811;BGI;*;X17 ;0000000415219;0000000131365;00000253;00013990;00013950;00013990;00013989;0000000014017;0000000013988;0000000009570;00000029;
20170811;BGI;*;Z17 ;0000000000000;0000000000000;00000005;00000000;00000000;00000000;00000000;0000000014035;0000000014006;0000000009570;00000029;
20170811;BRI;*;V17 ;0000000569070;0000000179546;00000860;00011379;00011379;00011383;00011383;0000000011383;0000000011325;0000000058000;00000058;
20170811;BRI;*;Z17 ;0000000000000;0000000000000;00000415;00000000;00000000;00000000;00000000;0000000011515;0000000011456;0000000059000;00000059;
20170811;BSE;*;Q17 ;0000000000000;0000000000000;00000000;00000000;00000000;00000000;00000000;0000000031368;0000000031695;0000000000000;00000327;
20170811;BSE;*;U17 ;0000000000000;0000000000000;00000000;00000000;00000000;00000000;00000000;0000000031585;0000000031914;0000000000000;00000329;
20170811;CAD;*;U17 ;0000000000000;0000000000000;00000312;00000000;00000000;00000000;00000000;0000025072610;0000024987350;0000000051156;00085260;
20170811;CAD;*;V17 ;0000004540410;0000001432532;00000925;02523000;02519700;02523000;02519700;0000025199110;0000025108860;0000000054150;00090250;
20170811;CAD;*;X17 ;0000000000000;0000000000000;00000000;00000000;00000000;00000000;00000000;0000025324950;0000025234840;0000000000000;00090110;
20170811;CCM;*;F18 ;0000001617160;0000000511630;00003044;00003020;00003006;00003030;00003006;0000000003024;0000000003023;0000000000450;00000001;
20170811;CCM;*;H18 ;0000000000000;0000000000000;00000873;00000000;00000000;00000000;00000000;0000000003120;0000000003120;0000000000000;00000000;
20170811;CCM;*;K18 ;0000000069250;0000000021909;00000156;00003077;00003077;00003078;00003078;0000000003050;0000000003050;0000000000000;00000000;
20170811;CCM;*;N18 ;0000000000000;0000000000000;00000000;00000000;00000000;00000000;00000000;0000000003039;0000000003039;0000000000000;00000000;
20170811;CCM;*;U17 ;0000026083381;0000008252145;00016962;00002710;00002688;00002725;00002719;0000000002714;0000000002701;0000000005850;00000013;
20170811;CCM;*;U18 ;0000000000000;0000000000000;00000124;00000000;00000000;00000000;00000000;0000000003030;0000000003030;0000000000000;00000000;
20170811;CCM;*;X17 ;0000005843533;0000001848751;00003636;00002830;00002815;00002833;00002824;0000000002824;0000000002823;0000000000450;00000001;
20170811;CCM;*;X18 ;0000000000000;0000000000000;00000000;00000000;00000000;00000000;00000000;0000000003099;0000000003099;0000000000000;00000000;
20170811;CHF;*;U17 ;0000000000000;0000000000000;00000595;00000000;00000000;00000000;00000000;0000033106170;0000033029850;0000000038160;00076320;
20170811;CHF;*;V17 ;0000000000000;0000000000000;00000000;00000000;00000000;00000000;00000000;0000033322870;0000033250660;0000000000000;00072210;
20170811;CHF;*;X17 ;0000000000000;0000000000000;00000000;00000000;00000000;00000000;00000000;0000033546100;0000033472050;0000000000000;00074050;
20170811;CLP;*;U17 ;0000011874982;0000003746642;00000425;04896900;04896900;04896900;04896900;0000049126000;0000049039000;0000000021750;00087000;
20170811;CLP;*;V17 ;0000000000000;0000000000000;00000000;00000000;00000000;00000000;00000000;0000049325000;0000049235000;0000000000000;00090000;
20170811;CLP;*;X17 ;0000000000000;0000000000000;00000000;00000000;00000000;00000000;00000000;0000049513000;0000049426000;0000000000000;00087000;
20170811;CLP;*;Z17 ;0000000000000;0000000000000;00000000;00000000;00000000;00000000;00000000;0000049686000;0000049600000;0000000000000;00086000;
20170811;CNY;*;U17 ;0000000000000;0000000000000;00000000;00000000;00000000;00000000;00000000;0000047627200;0000047690010;0000000000000;00062810;
20170811;CNY;*;V17 ;0000000000000;0000000000000;00000000;00000000;00000000;00000000;00000000;0000047750100;0000047797990;0000000000000;00047890;
20170811;CNY;*;X17 ;0000000000000;0000000000000;00000000;00000000;00000000;00000000;00000000;0000047878840;0000047937340;0000000000000;00058500;
20170811;CR1;*;U7Z7;0000000000000;0000000000000;00000000;00000525;00000500;00000530;00000520;0000000000000;0000000000000;0000000000000;00000000;
20170811;DAP;*;F18 ;0000170454859;0000053779732;00044530;00000295;00000293;00000295;00000294;0000009879992;0000009881971;0000000002395;00001979;
20170811;DAP;*;F19 ;0000000000000;0000000000000;00000200;00000000;00000000;00000000;00000000;0000009517863;0000009510975;0000000008339;00006888;
20170811;DAP;*;K19 ;0000266743844;0000084159597;00063995;00000356;00000352;00000356;00000353;0000009416148;0000009412309;0000000004647;00003839;
20170811;DAP;*;K21 ;0000007180053;0000002265358;00030024;00000454;00000454;00000454;00000454;0000008478265;0000008469666;0000000010410;00008599;
20170811;DAP;*;K23 ;0000027592971;0000008705780;00013060;00000492;00000492;00000492;00000492;0000007580485;0000007580799;0000000000380;00000314;
20170811;DAP;*;Q17 ;0000000000000;0000000000000;00001580;00000000;00000000;00000000;00000000;0000009995317;0000009995343;0000000000031;00000026;
20170811;DAP;*;Q18 ;0000183329910;0000057841903;00093275;00000333;00000333;00000336;00000334;0000009674923;0000009677793;0000000003474;00002870;
20170811;DAP;*;Q20 ;0000000000000;0000000000000;00016970;00000000;00000000;00000000;00000000;0000008809883;0000008802865;0000000008496;00007018;
20170811;DAP;*;Q22 ;0000034003156;0000010728240;00026208;00000483;00000479;00000483;00000479;0000007919966;0000007920345;0000000000458;00000379;
20170811;DAP;*;Q24 ;0000000000000;0000000000000;00009270;00000000;00000000;00000000;00000000;0000007110348;0000007110629;0000000000340;00000281;
20170811;DAP;*;Q26 ;0000000000000;0000000000000;00004356;00000000;00000000;00000000;00000000;0000006413832;0000006425050;0000000013581;00011218;
20170811;DAP;*;Q30 ;0000000000000;0000000000000;00000335;00000000;00000000;00000000;00000000;0000005179753;0000005186302;0000000007928;00006549;
20170811;DAP;*;U17 ;0000000000000;0000000000000;00001500;00000000;00000000;00000000;00000000;0000009976604;0000009977573;0000000001173;00000969;
20170811;DAP;*;V17 ;0000087925404;0000027741096;00000200;00000300;00000300;00000300;00000300;0000009955961;0000009957113;0000000001394;00001152;
20170811;DCO;*;F18 ;0000000000000;0000000000000;00000000;00000000;00000000;00000000;00000000;0000009947477;0000009944774;0000000000000;00002703;
20170811;DCO;*;F19 ;0000000000000;0000000000000;00000000;00000000;00000000;00000000;00000000;0000009674449;0000009674167;0000000000000;00000282;
20170811;DCO;*;F20 ;0000000000000;0000000000000;00000000;00000000;00000000;00000000;00000000;0000009348615;0000009353246;0000000000000;00004631;
20170811;DCO;*;F21 ;0000000000000;0000000000000;00000000;00000000;00000000;00000000;00000000;0000008975090;0000008977236;0000000000000;00002146;
20170811;DCO;*;F22 ;0000000000000;0000000000000;00000000;00000000;00000000;00000000;00000000;0000008583241;0000008586991;0000000000000;00003750;
20170811;DCO;*;F23 ;0000000000000;0000000000000;00000000;00000000;00000000;00000000;00000000;0000008189487;0000008193102;0000000000000;00003615;
20170811;DCO;*;F24 ;0000000000000;0000000000000;00000000;00000000;00000000;00000000;00000000;0000007779747;0000007785800;0000000000000;00006053;
20170811;DCO;*;F25 ;0000000000000;0000000000000;00000000;00000000;00000000;00000000;00000000;0000007364407;0000007368159;0000000000000;00003752;
20170811;DCO;*;F26 ;0000000000000;0000000000000;00000000;00000000;00000000;00000000;00000000;0000006971799;0000006980943;0000000000000;00009144;
20170811;DCO;*;F27 ;0000000000000;0000000000000;00000000;00000000;00000000;00000000;00000000;0000006576042;0000006581838;0000000000000;00005796;
20170811;DCO;*;F28 ;0000000000000;0000000000000;00000000;00000000;00000000;00000000;00000000;0000006220762;0000006227153;0000000000000;00006391;
20170811;DCO;*;F29 ;0000000000000;0000000000000;00000000;00000000;00000000;00000000;00000000;0000005876271;0000005882995;0000000000000;00006724;
20170811;DCO;*;F30 ;0000000000000;0000000000000;00000000;00000000;00000000;00000000;00000000;0000005556266;0000005563169;0000000000000;00006903;
20170811;DCO;*;G18 ;0000000000000;0000000000000;00000000;00000000;00000000;00000000;00000000;0000009930404;0000009927267;0000000000000;00003137;
20170811;DCO;*;H18 ;0000000000000;0000000000000;00000000;00000000;00000000;00000000;00000000;0000009912675;0000009909688;0000000000000;00002987;
20170811;DCO;*;J18 ;0000000000000;0000000000000;00000000;00000000;00000000;00000000;00000000;0000009890708;0000009887415;0000000000000;00003293;
20170811;DCO;*;J19 ;0000000000000;0000000000000;00000000;00000000;00000000;00000000;00000000;0000009604344;0000009602932;0000000000000;00001412;
20170811;DCO;*;J20 ;0000000000000;0000000000000;00000000;00000000;00000000;00000000;00000000;0000009263291;0000009270215;0000000000000;00006924;
20170811;DCO;*;J21 ;0000000000000;0000000000000;00000000;00000000;00000000;00000000;00000000;0000008884808;0000008888230;0000000000000;00003422;
20170811;DCO;*;J22 ;0000000000000;0000000000000;00000000;00000000;00000000;00000000;00000000;0000008479738;0000008487788;0000000000000;00008050;
20170811;DCO;*;K18 ;0000000000000;0000000000000;00000000;00000000;00000000;00000000;00000000;0000009868291;0000009865135;0000000000000;00003156;
20170811;DCO;*;M18 ;0000000000000;0000000000000;00000000;00000000;00000000;00000000;00000000;0000009844829;0000009841324;0000000000000;00003505;
20170811;DCO;*;N18 ;0000000000000;0000000000000;00000000;00000000;00000000;00000000;00000000;0000009825260;0000009822757;0000000000000;00002503;
20170811;DCO;*;N19 ;0000000000000;0000000000000;00000000;00000000;00000000;00000000;00000000;0000009524240;0000009525635;0000000000000;00001395;
20170811;DCO;*;N20 ;0000000000000;0000000000000;00000000;00000000;00000000;00000000;00000000;0000009172115;0000009181243;0000000000000;00009128;
20170811;DCO;*;N21 ;0000000000000;0000000000000;00000000;00000000;00000000;00000000;00000000;0000008783873;0000008788541;0000000000000;00004668;
20170811;DCO;*;N22 ;0000000000000;0000000000000;00000000;00000000;00000000;00000000;00000000;0000008376116;0000008388650;0000000000000;00012534;
20170811;DCO;*;Q18 ;0000000000000;0000000000000;00000000;00000000;00000000;00000000;00000000;0000009800905;0000009799150;0000000000000;00001755;
20170811;DCO;*;U17 ;0000000000000;0000000000000;00000000;00000000;00000000;00000000;00000000;0000010022333;0000010020059;0000000000000;00002274;
20170811;DCO;*;V17 ;0000000000000;0000000000000;00000000;00000000;00000000;00000000;00000000;0000010003468;0000010000504;0000000000000;00002964;
20170811;DCO;*;V18 ;0000000000000;0000000000000;00000000;00000000;00000000;00000000;00000000;0000009753180;0000009752488;0000000000000;00000692;
20170811;DCO;*;V19 ;0000000000000;0000000000000;00000000;00000000;00000000;00000000;00000000;0000009440857;0000009441106;0000000000000;00000249;
20170811;DCO;*;V20 ;0000000000000;0000000000000;00000000;00000000;00000000;00000000;00000000;0000009080027;0000009088651;0000000000000;00008624;
20170811;DCO;*;V21 ;0000000000000;0000000000000;00000000;00000000;00000000;00000000;00000000;0000008705645;0000008711612;0000000000000;00005967;
20170811;DCO;*;X17 ;0000000000000;0000000000000;00000000;00000000;00000000;00000000;00000000;0000009985216;0000009981873;0000000000000;00003343;
20170811;DCO;*;Z17 ;0000000000000;0000000000000;00000000;00000000;00000000;00000000;00000000;0000009967440;0000009964345;0000000000000;00003095;
20170811;DDI;*;F18 ;0000000000000;0000000000000;00439200;00000000;00000000;00000000;00000000;0000009947873;0000009945170;0000000004263;00002703;
20170811;DDI;*;F19 ;0000000000000;0000000000000;00135051;00000000;00000000;00000000;00000000;0000009675773;0000009675493;0000000000441;00000280;
20170811;DDI;*;F20 ;0000000000000;0000000000000;00102564;00000000;00000000;00000000;00000000;0000009350737;0000009355375;0000000007314;00004638;
20170811;DDI;*;F21 ;0000000000000;0000000000000;00089157;00000000;00000000;00000000;00000000;0000008977870;0000008980023;0000000003395;00002153;
20170811;DDI;*;F22 ;0000000000000;0000000000000;00035454;00000000;00000000;00000000;00000000;0000008586529;0000008590288;0000000005928;00003759;
20170811;DDI;*;F23 ;0000000000000;0000000000000;00029826;00000000;00000000;00000000;00000000;0000008193158;0000008196785;0000000005720;00003627;
20170811;DDI;*;F24 ;0000000000000;0000000000000;00036235;00000000;00000000;00000000;00000000;0000007783674;0000007789742;0000000009570;00006068;
20170811;DDI;*;F25 ;0000000000000;0000000000000;00021965;00000000;00000000;00000000;00000000;0000007368479;0000007372243;0000000005936;00003764;
20170811;DDI;*;F26 ;0000000000000;0000000000000;00013960;00000000;00000000;00000000;00000000;0000006975941;0000006985104;0000000014451;00009163;
20170811;DDI;*;F27 ;0000000000000;0000000000000;00011700;00000000;00000000;00000000;00000000;0000006580168;0000006585979;0000000009164;00005811;
20170811;DDI;*;F28 ;0000000000000;0000000000000;00000110;00000000;00000000;00000000;00000000;0000006228936;0000006235361;0000000010133;00006425;
20170811;DDI;*;F29 ;0000000000000;0000000000000;00000000;00000000;00000000;00000000;00000000;0000005884266;0000005891027;0000000000000;00006761;
20170811;DDI;*;F30 ;0000000000000;0000000000000;00000500;00000000;00000000;00000000;00000000;0000005564041;0000005570980;0000000010943;00006939;
20170811;DDI;*;G18 ;0000000000000;0000000000000;00069960;00000000;00000000;00000000;00000000;0000009930881;0000009927745;0000000004945;00003136;
20170811;DDI;*;H18 ;0000000000000;0000000000000;00028279;00000000;00000000;00000000;00000000;0000009913226;0000009910240;0000000004709;00002986;
20170811;DDI;*;J18 ;0000000000000;0000000000000;00123400;00000000;00000000;00000000;00000000;0000009891344;0000009888051;0000000005193;00003293;
20170811;DDI;*;J19 ;0000000000000;0000000000000;00048377;00000000;00000000;00000000;00000000;0000009605876;0000009604467;0000000002222;00001409;
20170811;DDI;*;J20 ;0000000000000;0000000000000;00028792;00000000;00000000;00000000;00000000;0000009265589;0000009272521;0000000010932;00006932;
20170811;DDI;*;J21 ;0000000000000;0000000000000;00006037;00000000;00000000;00000000;00000000;0000008887724;0000008891153;0000000005408;00003429;
20170811;DDI;*;J22 ;0000000000000;0000000000000;00000640;00000000;00000000;00000000;00000000;0000008483123;0000008491186;0000000012716;00008063;
20170811;DDI;*;K18 ;0000000000000;0000000000000;00025270;00000000;00000000;00000000;00000000;0000009869005;0000009865850;0000000004975;00003155;
20170811;DDI;*;M18 ;0000000000000;0000000000000;00019900;00000000;00000000;00000000;00000000;0000009845621;0000009842118;0000000005524;00003503;
20170811;DDI;*;N18 ;0000000000000;0000000000000;00130607;00000000;00000000;00000000;00000000;0000009825260;0000009823630;0000000002570;00001630;
20170811;DDI;*;N19 ;0000000000000;0000000000000;00057564;00000000;00000000;00000000;00000000;0000009525977;0000009527376;0000000002206;00001399;
20170811;DDI;*;N20 ;0000000000000;0000000000000;00049965;00000000;00000000;00000000;00000000;0000009174581;0000009183719;0000000014411;00009138;
20170811;DDI;*;N21 ;0000000000000;0000000000000;00006620;00000000;00000000;00000000;00000000;0000008786917;0000008791596;0000000007379;00004679;
20170811;DDI;*;N22 ;0000000000000;0000000000000;00002150;00000000;00000000;00000000;00000000;0000008379596;0000008392147;0000000019794;00012551;
20170811;DDI;*;Q18 ;0000000000000;0000000000000;00004960;00000000;00000000;00000000;00000000;0000009800905;0000009800099;0000000001271;00000806;
20170811;DDI;*;U17 ;0000000000000;0000000000000;00442263;00000000;00000000;00000000;00000000;0000010022333;0000010020118;0000000003493;00002215;
20170811;DDI;*;V17 ;0000000000000;0000000000000;00447402;00000000;00000000;00000000;00000000;0000010003612;0000010000649;0000000004673;00002963;
20170811;DDI;*;V18 ;0000000000000;0000000000000;00065918;00000000;00000000;00000000;00000000;0000009753180;0000009753588;0000000000643;00000408;
20170811;DDI;*;V19 ;0000000000000;0000000000000;00039524;00000000;00000000;00000000;00000000;0000009442791;0000009443044;0000000000399;00000253;
20170811;DDI;*;V20 ;0000000000000;0000000000000;00022810;00000000;00000000;00000000;00000000;0000009082654;0000009091289;0000000013618;00008635;
20170811;DDI;*;V21 ;0000000000000;0000000000000;00002102;00000000;00000000;00000000;00000000;0000008708829;0000008714806;0000000009426;00005977;
20170811;DDI;*;X17 ;0000000000000;0000000000000;00179480;00000000;00000000;00000000;00000000;0000009985216;0000009982099;0000000004915;00003117;
20170811;DDI;*;Z17 ;0000000000000;0000000000000;00130960;00000000;00000000;00000000;00000000;0000009967749;0000009964655;0000000004879;00003094;
20170811;DDM;*;K25 ;0000000000000;0000000000000;00000000;00000000;00000000;00000000;00000000;0000006858975;0000006853511;0000000000000;00005464;
20170811;DI1;*;F18 ;0017737182101;0005596208267;03642731;00008185;00008160;00008200;00008190;0000009705596;0000009705253;0000000000343;00000343;
20170811;DI1;*;F19 ;0023619617658;0007452158908;02570829;00008090;00008040;00008170;00008140;0000008990368;0000008986142;0000000004226;00004226;
20170811;DI1;*;F20 ;0013827776740;0004362762814;01663341;00008820;00008740;00008940;00008880;0000008181611;0000008176341;0000000005270;00005270;
20170811;DI1;*;F21 ;0022108806828;0006975487247;01319117;00009430;00009330;00009550;00009460;0000007388017;0000007378833;0000000009184;00009184;
20170811;DI1;*;F22 ;0000295116858;0000093111487;00105416;00009830;00009720;00009930;00009820;0000006651998;0000006643900;0000000008098;00008098;
20170811;DI1;*;F23 ;0002629587422;0000829653706;00737848;00010060;00009920;00010150;00010060;0000006002728;0000005987915;0000000014813;00014813;
20170811;DI1;*;F24 ;0000012154776;0000003834919;00056855;00010180;00010070;00010260;00010210;0000005418654;0000005402848;0000000015806;00015806;
20170811;DI1;*;F25 ;0002740243471;0000864566484;00543446;00010320;00010200;00010440;00010340;0000004875806;0000004859356;0000000016450;00016450;
20170811;DI1;*;F26 ;0000008115028;0000002560350;00061463;00010300;00010300;00010460;00010390;0000004400714;0000004385533;0000000015181;00015181;
20170811;DI1;*;F27 ;0000767302288;0000242089379;00394128;00010440;00010320;00010560;00010480;0000003968885;0000003955268;0000000013617;00013617;
20170811;DI1;*;F28 ;0000000000000;0000000000000;00000010;00000000;00000000;00000000;00000000;0000003584942;0000003571353;0000000013589;00013589;
20170811;DI1;*;F29 ;0000000000000;0000000000000;00004387;00000000;00000000;00000000;00000000;0000003245254;0000003231796;0000000013458;00013458;
20170811;DI1;*;F30 ;0000000000000;0000000000000;00000720;00000000;00000000;00000000;00000000;0000002928552;0000002915361;0000000013191;00013191;
20170811;DI1;*;G18 ;0000343798292;0000108470829;00052605;00008070;00008050;00008070;00008060;0000009643953;0000009643157;0000000000796;00000796;
20170811;DI1;*;H18 ;0000026860745;0000008474758;00029120;00008015;00008000;00008015;00008000;0000009593594;0000009592934;0000000000660;00000660;
20170811;DI1;*;J18 ;0001699676452;0000536260121;00964175;00007945;00007930;00007960;00007945;0000009535685;0000009535276;0000000000409;00000409;
20170811;DI1;*;J19 ;0001031747111;0000325523619;00577509;00008280;00008220;00008280;00008270;0000008800874;0000008795902;0000000004972;00004972;
20170811;DI1;*;J20 ;0000007181827;0000002265918;00073899;00008940;00008940;00009040;00009040;0000007982580;0000007977820;0000000004760;00004760;
20170811;DI1;*;J21 ;0000002879546;0000000908517;00032895;00009510;00009510;00009570;00009570;0000007203023;0000007194603;0000000008420;00008420;
20170811;DI1;*;J22 ;0000000000000;0000000000000;00001690;00000000;00000000;00000000;00000000;0000006485201;0000006475500;0000000009701;00009701;
20170811;DI1;*;K18 ;0000031745638;0000010015977;00024270;00007920;00007900;00007920;00007910;0000009478090;0000009477152;0000000000938;00000938;
20170811;DI1;*;M18 ;0000004708963;0000001485712;00020215;00007890;00007890;00007890;00007890;0000009420478;0000009418981;0000000001497;00001497;
20170811;DI1;*;N18 ;0004626701718;0001459757602;01081948;00007900;00007855;00007930;00007900;0000009360408;0000009358181;0000000002227;00002227;
20170811;DI1;*;N19 ;0001161535425;0000366472764;00470104;00008480;00008400;00008570;00008510;0000008601673;0000008594503;0000000007170;00007170;
20170811;DI1;*;N20 ;0002005199258;0000632654759;01293333;00009170;00009080;00009270;00009180;0000007783465;0000007779374;0000000004091;00004091;
20170811;DI1;*;N21 ;0000892714004;0000281657676;00145034;00009680;00009560;00009770;00009680;0000007014247;0000007006710;0000000007537;00007537;
20170811;DI1;*;N22 ;0000009795882;0000003090671;00013275;00009900;00009890;00009900;00009890;0000006321232;0000006309877;0000000011355;00011355;
20170811;DI1;*;N23 ;0000000000000;0000000000000;00003535;00000000;00000000;00000000;00000000;0000005707823;0000005692459;0000000015364;00015364;
20170811;DI1;*;N24 ;0000000000000;0000000000000;00003445;00000000;00000000;00000000;00000000;0000005149553;0000005133382;0000000016171;00016171;
20170811;DI1;*;Q18 ;0000024633991;0000007772201;00005000;00007900;00007900;00007900;00007900;0000009298329;0000009296683;0000000001646;00001646;
20170811;DI1;*;U17 ;0000830662315;0000262079923;00495751;00009145;00009140;00009145;00009145;0000009948048;0000009948058;0000000000010;00000010;
20170811;DI1;*;V17 ;0016229222673;0005120436243;02537825;00008720;00008700;00008735;00008735;0000009884490;0000009884444;0000000000046;00000046;
20170811;DI1;*;V18 ;0000800032195;0000252415900;00601167;00007960;00007920;00008010;00007980;0000009174955;0000009173435;0000000001520;00001520;
20170811;DI1;*;V19 ;0001312985437;0000414256330;00185071;00008670;00008610;00008740;00008740;0000008386740;0000008378688;0000000008052;00008052;
20170811;DI1;*;V20 ;0000010991156;0000003467789;00050110;00009280;00009260;00009290;00009290;0000007581601;0000007570728;0000000010873;00010873;
20170811;DI1;*;V21 ;0000001366664;0000000431192;00016827;00009660;00009660;00009710;00009710;0000006825625;0000006817793;0000000007832;00007832;
20170811;DI1;*;X17 ;0003637826028;0001147760223;00217560;00008515;00008509;00008520;00008520;0000009820164;0000009820164;0000000000000;00000000;
20170811;DI1;*;Z17 ;0001593629445;0000502801529;00198977;00008320;00008310;00008320;00008320;0000009761854;0000009761981;0000000000127;00000127;
20170811;DOL;*;F18 ;0000000000000;0000000000000;00009090;00000000;00000000;00000000;00000000;0000032330400;0000032322750;0000000003825;00007650;
20170811;DOL;*;F19 ;0000000000000;0000000000000;00000000;00000000;00000000;00000000;00000000;0000033947770;0000033962750;0000000000000;00014980;
20170811;DOL;*;F20 ;0000000000000;0000000000000;00000000;00000000;00000000;00000000;00000000;0000036050390;0000036091520;0000000000000;00041130;
20170811;DOL;*;F21 ;0000000000000;0000000000000;00003100;00000000;00000000;00000000;00000000;0000038330850;0000038387760;0000000028455;00056910;
20170811;DOL;*;F25 ;0000000000000;0000000000000;00000000;00000000;00000000;00000000;00000000;0000047668820;0000047854630;0000000000000;00185810;
20170811;DOL;*;G18 ;0000000000000;0000000000000;00000000;00000000;00000000;00000000;00000000;0000032481470;0000032473890;0000000000000;00007580;
20170811;DOL;*;H18 ;0000000000000;0000000000000;00000000;00000000;00000000;00000000;00000000;0000032593930;0000032586350;0000000000000;00007580;
20170811;DOL;*;J18 ;0000000000000;0000000000000;00000180;00000000;00000000;00000000;00000000;0000032719480;0000032709990;0000000004745;00009490;
20170811;DOL;*;J19 ;0000000000000;0000000000000;00000050;00000000;00000000;00000000;00000000;0000034428190;0000034442600;0000000007205;00014410;
20170811;DOL;*;J20 ;0000000000000;0000000000000;00000000;00000000;00000000;00000000;00000000;0000036612780;0000036662040;0000000000000;00049260;
20170811;DOL;*;J22 ;0000000000000;0000000000000;00000000;00000000;00000000;00000000;00000000;0000041260580;0000041361670;0000000000000;00101090;
20170811;DOL;*;K18 ;0000000000000;0000000000000;00000500;00000000;00000000;00000000;00000000;0000032843960;0000032836710;0000000003625;00007250;
20170811;DOL;*;M18 ;0000000000000;0000000000000;00000000;00000000;00000000;00000000;00000000;0000032966520;0000032960030;0000000000000;00006490;
20170811;DOL;*;N18 ;0000000000000;0000000000000;00000665;00000000;00000000;00000000;00000000;0000033109480;0000033111860;0000000001190;00002380;
20170811;DOL;*;N19 ;0000000000000;0000000000000;00000400;00000000;00000000;00000000;00000000;0000034932490;0000034966770;0000000017140;00034280;
20170811;DOL;*;N20 ;0000000000000;0000000000000;00000000;00000000;00000000;00000000;00000000;0000037180590;0000037237190;0000000000000;00056600;
20170811;DOL;*;N21 ;0000000000000;0000000000000;00000000;00000000;00000000;00000000;00000000;0000039514680;0000039578250;0000000000000;00063570;
20170811;DOL;*;N22 ;0000000000000;0000000000000;00000000;00000000;00000000;00000000;00000000;0000041814250;0000041952240;0000000000000;00137990;
20170811;DOL;*;Q18 ;0000000000000;0000000000000;00000000;00000000;00000000;00000000;00000000;0000033247910;0000033251060;0000000000000;00003150;
20170811;DOL;*;U17 ;0055705314750;0017575426645;00475580;03185000;03168000;03231500;03205500;0000031778630;0000031771560;0000000003535;00007070;
20170811;DOL;*;V17 ;0000214942500;0000067815902;00028013;03187000;03180500;03198000;03186000;0000031923140;0000031913830;0000000004655;00009310;
20170811;DOL;*;V18 ;0000000000000;0000000000000;00000040;00000000;00000000;00000000;00000000;0000033530900;0000033537870;0000000003485;00006970;
20170811;DOL;*;V19 ;0000000000000;0000000000000;00000000;00000000;00000000;00000000;00000000;0000035514870;0000035549950;0000000000000;00035080;
20170811;DOL;*;X17 ;0000175802250;0000055466872;00001305;03211000;03211000;03211000;03211000;0000032073160;0000032063150;0000000005005;00010010;
20170811;DOL;*;Z17 ;0000000000000;0000000000000;00000030;00000000;00000000;00000000;00000000;0000032208300;0000032197880;0000000005210;00010420;
20170811;ETH;*;F18 ;0000000000000;0000000000000;00000438;00000000;00000000;00000000;00000000;0000000160500;0000000160500;0000000000000;00000000;
20170811;ETH;*;G18 ;0000000000000;0000000000000;00000160;00000000;00000000;00000000;00000000;0000000160000;0000000160000;0000000000000;00000000;
20170811;ETH;*;H18 ;0000000000000;0000000000000;00000030;00000000;00000000;00000000;00000000;0000000155000;0000000155000;0000000000000;00000000;
20170811;ETH;*;J18 ;0000000000000;0000000000000;00000000;00000000;00000000;00000000;00000000;0000000157350;0000000157350;0000000000000;00000000;
20170811;ETH;*;K18 ;0000000000000;0000000000000;00000000;00000000;00000000;00000000;00000000;0000000150050;0000000150050;0000000000000;00000000;
20170811;ETH;*;Q17 ;0000000000000;0000000000000;00000767;00000000;00000000;00000000;00000000;0000000149500;0000000150000;0000000015000;00000500;
20170811;ETH;*;U17 ;0000000000000;0000000000000;00000220;00000000;00000000;00000000;00000000;0000000152500;0000000152000;0000000015000;00000500;
20170811;ETH;*;V17 ;0000000000000;0000000000000;00000615;00000000;00000000;00000000;00000000;0000000153750;0000000154000;0000000007500;00000250;
20170811;ETH;*;X17 ;0000000000000;0000000000000;00000345;00000000;00000000;00000000;00000000;0000000156000;0000000156000;0000000000000;00000000;
20170811;ETH;*;Z17 ;0000000000000;0000000000000;00000706;00000000;00000000;00000000;00000000;0000000158500;0000000158500;0000000000000;00000000;
20170811;EUR;*;U17 ;0000008467175;0000002671454;00022656;03761400;03761000;03771100;03771100;0000037607610;0000037432240;0000000087685;00175370;
20170811;EUR;*;V17 ;0000004735100;0000001493958;00005033;03789200;03783300;03789300;03783300;0000037833100;0000037653670;0000000089715;00179430;
20170811;EUR;*;X17 ;0000000000000;0000000000000;00000000;00000000;00000000;00000000;00000000;0000038065200;0000037883880;0000000000000;00181320;
20170811;EUR;*;Z17 ;0000000000000;0000000000000;00000000;00000000;00000000;00000000;00000000;0000038283940;0000038101870;0000000000000;00182070;
20170811;FRC;*;F18 ;0000000000000;0000000000000;00000000;00000221;00000219;00000221;00000219;0000000000219;0000000000221;0000000000001;00000002;
20170811;FRC;*;F19 ;0000000000000;0000000000000;00000000;00000261;00000260;00000264;00000264;0000000000264;0000000000263;0000000000000;00000001;
20170811;FRC;*;F20 ;0000000000000;0000000000000;00000000;00000300;00000300;00000303;00000303;0000000000303;0000000000300;0000000000001;00000003;
20170811;FRC;*;F21 ;0000000000000;0000000000000;00000000;00000341;00000341;00000343;00000343;0000000000343;0000000000341;0000000000001;00000002;
20170811;FRC;*;F22 ;0000000000000;0000000000000;00000000;00000380;00000380;00000380;00000380;0000000000380;0000000000378;0000000000001;00000002;
20170811;FRC;*;F23 ;0000000000000;0000000000000;00000000;00000410;00000410;00000412;00000412;0000000000412;0000000000411;0000000000000;00000001;
20170811;FRC;*;F24 ;0000000000000;0000000000000;00000000;00000000;00000000;00000000;00000000;0000000000447;0000000000445;0000000000000;00000002;
20170811;FRC;*;F25 ;0000000000000;0000000000000;00000000;00000000;00000000;00000000;00000000;0000000000484;0000000000482;0000000000000;00000002;
20170811;FRC;*;F26 ;0000000000000;0000000000000;00000000;00000514;00000514;00000514;00000514;0000000000516;0000000000514;0000000000001;00000002;
20170811;FRC;*;F27 ;0000000000000;0000000000000;00000000;00000000;00000000;00000000;00000000;0000000000552;0000000000550;0000000000000;00000002;
20170811;FRC;*;F28 ;0000000000000;0000000000000;00000000;00000000;00000000;00000000;00000000;0000000000581;0000000000579;0000000000000;00000002;
20170811;FRC;*;F29 ;0000000000000;0000000000000;00000000;00000000;00000000;00000000;00000000;0000000000611;0000000000609;0000000000000;00000002;
20170811;FRC;*;F30 ;0000000000000;0000000000000;00000000;00000000;00000000;00000000;00000000;0000000000640;0000000000638;0000000000000;00000002;
20170811;FRC;*;G18 ;0000000000000;0000000000000;00000000;00000219;00000219;00000219;00000219;0000000000217;0000000000219;0000000000001;00000002;
20170811;FRC;*;H18 ;0000000000000;0000000000000;00000000;00000219;00000219;00000219;00000219;0000000000219;0000000000221;0000000000001;00000002;
20170811;FRC;*;J18 ;0000000000000;0000000000000;00000000;00000224;00000224;00000224;00000224;0000000000224;0000000000226;0000000000001;00000002;
20170811;FRC;*;J19 ;0000000000000;0000000000000;00000000;00000272;00000272;00000272;00000272;0000000000271;0000000000270;0000000000000;00000001;
20170811;FRC;*;J20 ;0000000000000;0000000000000;00000000;00000000;00000000;00000000;00000000;0000000000312;0000000000308;0000000000000;00000004;
20170811;FRC;*;J21 ;0000000000000;0000000000000;00000000;00000000;00000000;00000000;00000000;0000000000351;0000000000349;0000000000000;00000002;
20170811;FRC;*;J22 ;0000000000000;0000000000000;00000000;00000000;00000000;00000000;00000000;0000000000390;0000000000387;0000000000000;00000003;
20170811;FRC;*;K18 ;0000000000000;0000000000000;00000000;00000230;00000230;00000230;00000230;0000000000230;0000000000232;0000000000001;00000002;
20170811;FRC;*;M18 ;0000000000000;0000000000000;00000000;00000237;00000237;00000237;00000237;0000000000237;0000000000238;0000000000000;00000001;
20170811;FRC;*;N18 ;0000000000000;0000000000000;00000000;00000235;00000235;00000237;00000237;0000000000237;0000000000237;0000000000000;00000000;
20170811;FRC;*;N19 ;0000000000000;0000000000000;00000000;00000277;00000277;00000281;00000281;0000000000281;0000000000279;0000000000001;00000002;
20170811;FRC;*;N20 ;0000000000000;0000000000000;00000000;00000322;00000322;00000322;00000322;0000000000322;0000000000317;0000000000002;00000005;
20170811;FRC;*;N21 ;0000000000000;0000000000000;00000000;00000360;00000360;00000360;00000360;0000000000362;0000000000360;0000000000001;00000002;
20170811;FRC;*;N22 ;0000000000000;0000000000000;00000000;00000400;00000400;00000400;00000400;0000000000400;0000000000396;0000000000002;00000004;
20170811;FRC;*;Q18 ;0000000000000;0000000000000;00000000;00000000;00000000;00000000;00000000;0000000000243;0000000000242;0000000000000;00000001;
20170811;FRC;*;V17 ;0000000000000;0000000000000;00000000;00000224;00000218;00000224;00000218;0000000000218;0000000000226;0000000000004;00000008;
20170811;FRC;*;V18 ;0000000000000;0000000000000;00000000;00000247;00000247;00000251;00000251;0000000000251;0000000000249;0000000000001;00000002;
20170811;FRC;*;V19 ;0000000000000;0000000000000;00000000;00000290;00000290;00000290;00000290;0000000000291;0000000000289;0000000000001;00000002;
20170811;FRC;*;V20 ;0000000000000;0000000000000;00000000;00000331;00000331;00000331;00000331;0000000000331;0000000000327;0000000000002;00000004;
20170811;FRC;*;V21 ;0000000000000;0000000000000;00000000;00000000;00000000;00000000;00000000;0000000000364;0000000000362;0000000000000;00000002;
20170811;FRC;*;X17 ;0000000000000;0000000000000;00000000;00000223;00000218;00000223;00000219;0000000000219;0000000000225;0000000000003;00000006;
20170811;FRC;*;Z17 ;0000000000000;0000000000000;00000000;00000218;00000216;00000218;00000217;0000000000217;0000000000220;0000000000001;00000003;
20170811;FRO;*;F18 ;0000000000000;0000000000000;00000000;00000000;00000000;00000000;00000000;0000000000220;0000000000222;0000000000000;00000002;
20170811;FRO;*;F19 ;0000000000000;0000000000000;00000000;00000000;00000000;00000000;00000000;0000000000265;0000000000264;0000000000000;00000001;
20170811;FRO;*;F20 ;0000000000000;0000000000000;00000000;00000000;00000000;00000000;00000000;0000000000304;0000000000301;0000000000000;00000003;
20170811;FRO;*;F21 ;0000000000000;0000000000000;00000000;00000000;00000000;00000000;00000000;0000000000344;0000000000342;0000000000000;00000002;
20170811;FRO;*;F22 ;0000000000000;0000000000000;00000000;00000000;00000000;00000000;00000000;0000000000381;0000000000379;0000000000000;00000002;
20170811;FRO;*;F23 ;0000000000000;0000000000000;00000000;00000000;00000000;00000000;00000000;0000000000413;0000000000412;0000000000000;00000001;
20170811;FRO;*;F24 ;0000000000000;0000000000000;00000000;00000000;00000000;00000000;00000000;0000000000448;0000000000446;0000000000000;00000002;
20170811;FRO;*;F25 ;0000000000000;0000000000000;00000000;00000000;00000000;00000000;00000000;0000000000485;0000000000483;0000000000000;00000002;
20170811;FRO;*;F26 ;0000000000000;0000000000000;00000000;00000000;00000000;00000000;00000000;0000000000517;0000000000515;0000000000000;00000002;
20170811;FRO;*;F27 ;0000000000000;0000000000000;00000000;00000000;00000000;00000000;00000000;0000000000553;0000000000551;0000000000000;00000002;
20170811;FRO;*;F28 ;0000000000000;0000000000000;00000000;00000000;00000000;00000000;00000000;0000000000583;0000000000581;0000000000000;00000002;
20170811;FRO;*;F29 ;0000000000000;0000000000000;00000000;00000000;00000000;00000000;00000000;0000000000613;0000000000611;0000000000000;00000002;
20170811;FRO;*;F30 ;0000000000000;0000000000000;00000000;00000000;00000000;00000000;00000000;0000000000642;0000000000640;0000000000000;00000002;
20170811;FRO;*;G18 ;0000000000000;0000000000000;00000000;00000000;00000000;00000000;00000000;0000000000218;0000000000220;0000000000000;00000002;
20170811;FRO;*;H18 ;0000000000000;0000000000000;00000000;00000000;00000000;00000000;00000000;0000000000220;0000000000222;0000000000000;00000002;
20170811;FRO;*;J18 ;0000000000000;0000000000000;00000000;00000000;00000000;00000000;00000000;0000000000225;0000000000227;0000000000000;00000002;
20170811;FRO;*;J19 ;0000000000000;0000000000000;00000000;00000000;00000000;00000000;00000000;0000000000272;0000000000271;0000000000000;00000001;
20170811;FRO;*;J20 ;0000000000000;0000000000000;00000000;00000000;00000000;00000000;00000000;0000000000313;0000000000309;0000000000000;00000004;
20170811;FRO;*;J21 ;0000000000000;0000000000000;00000000;00000000;00000000;00000000;00000000;0000000000352;0000000000350;0000000000000;00000002;
20170811;FRO;*;J22 ;0000000000000;0000000000000;00000000;00000000;00000000;00000000;00000000;0000000000391;0000000000388;0000000000000;00000003;
20170811;FRO;*;K18 ;0000000000000;0000000000000;00000000;00000000;00000000;00000000;00000000;0000000000231;0000000000233;0000000000000;00000002;
20170811;FRO;*;M18 ;0000000000000;0000000000000;00000000;00000000;00000000;00000000;00000000;0000000000238;0000000000239;0000000000000;00000001;
20170811;FRO;*;N18 ;0000000000000;0000000000000;00000000;00000000;00000000;00000000;00000000;0000000000238;0000000000238;0000000000000;00000000;
20170811;FRO;*;N19 ;0000000000000;0000000000000;00000000;00000000;00000000;00000000;00000000;0000000000282;0000000000280;0000000000000;00000002;
20170811;FRO;*;N20 ;0000000000000;0000000000000;00000000;00000000;00000000;00000000;00000000;0000000000323;0000000000318;0000000000000;00000005;
20170811;FRO;*;N21 ;0000000000000;0000000000000;00000000;00000000;00000000;00000000;00000000;0000000000363;0000000000361;0000000000000;00000002;
20170811;FRO;*;N22 ;0000000000000;0000000000000;00000000;00000000;00000000;00000000;00000000;0000000000401;0000000000397;0000000000000;00000004;
20170811;FRO;*;Q18 ;0000000000000;0000000000000;00000000;00000000;00000000;00000000;00000000;0000000000244;0000000000243;0000000000000;00000001;
20170811;FRO;*;V17 ;0000000000000;0000000000000;00000000;00000000;00000000;00000000;00000000;0000000000219;0000000000227;0000000000000;00000008;
20170811;FRO;*;V18 ;0000000000000;0000000000000;00000000;00000000;00000000;00000000;00000000;0000000000252;0000000000250;0000000000000;00000002;
20170811;FRO;*;V19 ;0000000000000;0000000000000;00000000;00000000;00000000;00000000;00000000;0000000000292;0000000000290;0000000000000;00000002;
20170811;FRO;*;V20 ;0000000000000;0000000000000;00000000;00000000;00000000;00000000;00000000;0000000000332;0000000000328;0000000000000;00000004;
20170811;FRO;*;V21 ;0000000000000;0000000000000;00000000;00000000;00000000;00000000;00000000;0000000000365;0000000000363;0000000000000;00000002;
20170811;FRO;*;X17 ;0000000000000;0000000000000;00000000;00000000;00000000;00000000;00000000;0000000000220;0000000000226;0000000000000;00000006;
20170811;FRO;*;Z17 ;0000000000000;0000000000000;00000000;00000000;00000000;00000000;00000000;0000000000218;0000000000221;0000000000000;00000003;
20170811;FRP;*;FRP0;0000000000000;0000000000000;00000000;00001240;00001240;00001270;00001240;0000000000000;0000000000000;0000000000000;00000000;
20170811;FRP;*;FRP1;0000000000000;0000000000000;00000000;00001230;00001230;00001230;00001230;0000000000000;0000000000000;0000000000000;00000000;
20170811;GBP;*;U17 ;0000000000000;0000000000000;00001006;00000000;00000000;00000000;00000000;0000041383520;0000041264010;0000000041828;00119510;
20170811;GBP;*;V17 ;0000000000000;0000000000000;00000077;00000000;00000000;00000000;00000000;0000041608290;0000041485430;0000000043001;00122860;
20170811;GBP;*;X17 ;0000000000000;0000000000000;00000000;00000000;00000000;00000000;00000000;0000041840770;0000041715720;0000000000000;00125050;
20170811;HSI;*;Q17 ;0000000000000;0000000000000;00000000;00000000;00000000;00000000;00000000;0000000026842;0000000027385;0000000000000;00000543;
20170811;HSI;*;U17 ;0000000000000;0000000000000;00000000;00000000;00000000;00000000;00000000;0000000026682;0000000027249;0000000000000;00000567;
20170811;ICF;*;H18 ;0000003400736;0000001075910;00000136;00017350;00017285;00017695;00017695;0000000017710;0000000017465;0000000077439;00000245;
20170811;ICF;*;U17 ;0000009626106;0000003045465;00002184;00016600;00016400;00016800;00016735;0000000016700;0000000016595;0000000033188;00000105;
20170811;ICF;*;U18 ;0000001950972;0000000617240;00001962;00017905;00017905;00018225;00018225;0000000018245;0000000018010;0000000074278;00000235;
20170811;ICF;*;U19 ;0000000000000;0000000000000;00000461;00000000;00000000;00000000;00000000;0000000019000;0000000018755;0000000077439;00000245;
20170811;ICF;*;Z17 ;0000016958861;0000005365370;00004428;00017050;00016850;00017340;00017300;0000000017280;0000000017095;0000000058474;00000185;
20170811;ICF;*;Z18 ;0000000000000;0000000000000;00000412;00000000;00000000;00000000;00000000;0000000018495;0000000018250;0000000077439;00000245;
20170811;IND;*;G18 ;0000000000000;0000000000000;00000000;00000000;00000000;00000000;00000000;0000000069655;0000000069283;0000000000000;00000372;
20170811;IND;*;G19 ;0000000000000;0000000000000;00000000;00000000;00000000;00000000;00000000;0000000074667;0000000074301;0000000000000;00000366;
20170811;IND;*;J18 ;0000000000000;0000000000000;00000000;00000000;00000000;00000000;00000000;0000000070433;0000000070057;0000000000000;00000376;
20170811;IND;*;J19 ;0000000000000;0000000000000;00000000;00000000;00000000;00000000;00000000;0000000075697;0000000075333;0000000000000;00000364;
20170811;IND;*;M18 ;0000000000000;0000000000000;00001205;00000000;00000000;00000000;00000000;0000000071123;0000000070751;0000000037200;00000372;
20170811;IND;*;M19 ;0000000000000;0000000000000;00000000;00000000;00000000;00000000;00000000;0000000076660;0000000076305;0000000000000;00000355;
20170811;IND;*;Q17 ;0006520980700;0002057416217;00233808;00066740;00066365;00067735;00066825;0000000067406;0000000067041;0000000036500;00000365;
20170811;IND;*;Q18 ;0000000000000;0000000000000;00000000;00000000;00000000;00000000;00000000;0000000071993;0000000071616;0000000000000;00000377;
20170811;IND;*;V17 ;0000165522450;0000052223521;00109799;00067760;00067760;00068620;00068145;0000000068286;0000000067917;0000000036900;00000369;
20170811;IND;*;V18 ;0000000000000;0000000000000;00000000;00000000;00000000;00000000;00000000;0000000072878;0000000072499;0000000000000;00000379;
20170811;IND;*;Z17 ;0000040729000;0000012850292;00021955;00069200;00069000;00069300;00069000;0000000068975;0000000068601;0000000037400;00000374;
20170811;IND;*;Z18 ;0000000000000;0000000000000;00000195;00000000;00000000;00000000;00000000;0000000073690;0000000073320;0000000037000;00000370;
20170811;IR1;*;Q7V7;0000000000000;0000000000000;00000000;00000895;00000880;00000905;00000880;0000000000000;0000000000000;0000000000000;00000000;
20170811;ISP;*;H18 ;0000000000000;0000000000000;00000000;00000000;00000000;00000000;00000000;0000000243650;0000000243400;0000000000000;00000250;
20170811;ISP;*;M18 ;0000000000000;0000000000000;00000000;00000000;00000000;00000000;00000000;0000000243575;0000000243325;0000000000000;00000250;
20170811;ISP;*;U17 ;0000196325743;0000062112675;00004843;00243400;00243300;00244600;00243750;0000000244000;0000000243750;0000000039510;00000250;
20170811;ISP;*;Z17 ;0000000385656;0000000122012;00000019;00244025;00244025;00244025;00244025;0000000243825;0000000243550;0000000043461;00000275;
20170811;JPY;*;U17 ;0000001606000;0000000506705;00000554;02920000;02920000;02920000;02920000;0000029179000;0000029096000;0000000041500;00083000;
20170811;JPY;*;V17 ;0000003813565;0000001203207;00002364;02933800;02933300;02933800;02933300;0000029345200;0000029259900;0000000042650;00085300;
20170811;JPY;*;X17 ;0000000000000;0000000000000;00000000;00000000;00000000;00000000;00000000;0000029516600;0000029429700;0000000000000;00086900;
20170811;JPY;*;Z17 ;0000000000000;0000000000000;00000000;00000000;00000000;00000000;00000000;0000029678400;0000029592200;0000000000000;00086200;
20170811;JSE;*;U17 ;0000000000000;0000000000000;00000000;00000000;00000000;00000000;00000000;0000000048728;0000000049289;0000000000000;00000561;
20170811;JSE;*;Z17 ;0000000000000;0000000000000;00000000;00000000;00000000;00000000;00000000;0000000049517;0000000050078;0000000000000;00000561;
20170811;MIX;*;U17 ;0000000000000;0000000000000;00000000;00000000;00000000;00000000;00000000;0000000001966;0000000001977;0000000000000;00000011;
20170811;MIX;*;Z17 ;0000000000000;0000000000000;00000000;00000000;00000000;00000000;00000000;0000000001981;0000000002003;0000000000000;00000022;
20170811;MXN;*;U17 ;0000013310475;0000004199550;00000972;01774700;01774700;01774800;01774800;0000017766980;0000017674550;0000000069322;00092430;
20170811;MXN;*;V17 ;0000000000000;0000000000000;00000151;00000000;00000000;00000000;00000000;0000017754950;0000017661460;0000000070117;00093490;
20170811;MXN;*;X17 ;0000000000000;0000000000000;00000000;00000000;00000000;00000000;00000000;0000017749910;0000017655820;0000000000000;00094090;
20170811;NZD;*;U17 ;0000000000000;0000000000000;00000352;00000000;00000000;00000000;00000000;0000023264450;0000023151030;0000000085065;00113420;
20170811;NZD;*;V17 ;0000000000000;0000000000000;00000045;00000000;00000000;00000000;00000000;0000023358740;0000023240560;0000000088635;00118180;
20170811;NZD;*;X17 ;0000000000000;0000000000000;00000000;00000000;00000000;00000000;00000000;0000023455290;0000023334720;0000000000000;00120570;
20170811;OC1;*;F18 ;0000000000000;0000000000000;00020000;00000000;00000000;00000000;00000000;0000009705289;0000009704944;0000000000345;00000345;
20170811;OC1;*;F19 ;0000000000000;0000000000000;00000000;00000000;00000000;00000000;00000000;0000008989340;0000008985114;0000000000000;00004226;
20170811;OC1;*;F20 ;0000000000000;0000000000000;00000000;00000000;00000000;00000000;00000000;0000008180003;0000008174555;0000000000000;00005448;
20170811;OC1;*;F21 ;0000000000000;0000000000000;00000000;00000000;00000000;00000000;00000000;0000007385739;0000007376559;0000000000000;00009180;
20170811;OC1;*;F22 ;0000000000000;0000000000000;00000000;00000000;00000000;00000000;00000000;0000006649351;0000006640992;0000000000000;00008359;
20170811;OC1;*;F23 ;0000000000000;0000000000000;00000000;00000000;00000000;00000000;00000000;0000005999508;0000005984703;0000000000000;00014805;
20170811;OC1;*;F24 ;0000000000000;0000000000000;00000000;00000000;00000000;00000000;00000000;0000005415217;0000005399421;0000000000000;00015796;
20170811;OC1;*;F25 ;0000000000000;0000000000000;00000000;00000000;00000000;00000000;00000000;0000004872227;0000004855789;0000000000000;00016438;
20170811;OC1;*;F26 ;0000000000000;0000000000000;00000000;00000000;00000000;00000000;00000000;0000004397044;0000004381877;0000000000000;00015167;
20170811;OC1;*;F27 ;0000000000000;0000000000000;00000000;00000000;00000000;00000000;00000000;0000003965186;0000003951583;0000000000000;00013603;
20170811;OC1;*;F28 ;0000000000000;0000000000000;00000000;00000000;00000000;00000000;00000000;0000003581246;0000003567673;0000000000000;00013573;
20170811;OC1;*;F29 ;0000000000000;0000000000000;00000000;00000000;00000000;00000000;00000000;0000003241590;0000003228149;0000000000000;00013441;
20170811;OC1;*;F30 ;0000000000000;0000000000000;00000000;00000000;00000000;00000000;00000000;0000002924958;0000002911784;0000000000000;00013174;
20170811;OC1;*;G18 ;0000000000000;0000000000000;00000000;00000000;00000000;00000000;00000000;0000009643576;0000009642780;0000000000000;00000796;
20170811;OC1;*;H18 ;0000000000000;0000000000000;00000000;00000000;00000000;00000000;00000000;0000009593162;0000009592502;0000000000000;00000660;
20170811;OC1;*;J18 ;0000000000000;0000000000000;00000000;00000000;00000000;00000000;00000000;0000009535190;0000009534780;0000000000000;00000410;
20170811;OC1;*;J19 ;0000000000000;0000000000000;00000000;00000000;00000000;00000000;00000000;0000008799692;0000008794721;0000000000000;00004971;
20170811;OC1;*;J20 ;0000000000000;0000000000000;00000000;00000000;00000000;00000000;00000000;0000007980659;0000007975900;0000000000000;00004759;
20170811;OC1;*;J21 ;0000000000000;0000000000000;00000000;00000000;00000000;00000000;00000000;0000007200646;0000007192229;0000000000000;00008417;
20170811;OC1;*;J22 ;0000000000000;0000000000000;00000000;00000000;00000000;00000000;00000000;0000006482204;0000006472509;0000000000000;00009695;
20170811;OC1;*;K18 ;0000000000000;0000000000000;00000000;00000000;00000000;00000000;00000000;0000009477593;0000009476594;0000000000000;00000999;
20170811;OC1;*;M18 ;0000000000000;0000000000000;00000000;00000000;00000000;00000000;00000000;0000009419927;0000009418430;0000000000000;00001497;
20170811;OC1;*;N18 ;0000000000000;0000000000000;00000000;00000000;00000000;00000000;00000000;0000009359802;0000009357500;0000000000000;00002302;
20170811;OC1;*;N19 ;0000000000000;0000000000000;00000000;00000000;00000000;00000000;00000000;0000008600345;0000008593176;0000000000000;00007169;
20170811;OC1;*;N20 ;0000000000000;0000000000000;00000000;00000000;00000000;00000000;00000000;0000007781422;0000007777332;0000000000000;00004090;
20170811;OC1;*;N21 ;0000000000000;0000000000000;00000000;00000000;00000000;00000000;00000000;0000007011777;0000007004243;0000000000000;00007534;
20170811;OC1;*;N22 ;0000000000000;0000000000000;00000000;00000000;00000000;00000000;00000000;0000006318157;0000006306808;0000000000000;00011349;
20170811;OC1;*;N23 ;0000000000000;0000000000000;00000000;00000000;00000000;00000000;00000000;0000005704482;0000005689129;0000000000000;00015353;
20170811;OC1;*;N24 ;0000000000000;0000000000000;00000000;00000000;00000000;00000000;00000000;0000005146035;0000005129877;0000000000000;00016158;
20170811;OC1;*;Q18 ;0000000000000;0000000000000;00000000;00000000;00000000;00000000;00000000;0000009297667;0000009295938;0000000000000;00001729;
20170811;OC1;*;U17 ;0000000000000;0000000000000;00000000;00000000;00000000;00000000;00000000;0000009947994;0000009948003;0000000000000;00000009;
20170811;OC1;*;V17 ;0000000000000;0000000000000;00000000;00000000;00000000;00000000;00000000;0000009884376;0000009884330;0000000000000;00000046;
20170811;OC1;*;V18 ;0000000000000;0000000000000;00000000;00000000;00000000;00000000;00000000;0000009174093;0000009172573;0000000000000;00001520;
20170811;OC1;*;V19 ;0000000000000;0000000000000;00000000;00000000;00000000;00000000;00000000;0000008385265;0000008377215;0000000000000;00008050;
20170811;OC1;*;V20 ;0000000000000;0000000000000;00000000;00000000;00000000;00000000;00000000;0000007579435;0000007568564;0000000000000;00010871;
20170811;OC1;*;V21 ;0000000000000;0000000000000;00000000;00000000;00000000;00000000;00000000;0000006823063;0000006814978;0000000000000;00008085;
20170811;OC1;*;X17 ;0000000000000;0000000000000;00000000;00000000;00000000;00000000;00000000;0000009819983;0000009819982;0000000000000;00000001;
20170811;OC1;*;Z17 ;0000000000000;0000000000000;00000000;00000000;00000000;00000000;00000000;0000009761609;0000009761736;0000000000000;00000127;
20170811;OZ1;*;0000;0000005866505;0000001850924;00000000;00129253;00129253;00131000;00129750;0000000129776;0000000129253;0000000000000;00000750;
20170811;OZ1;*;U17 ;0000000000000;0000000000000;00000000;00000000;00000000;00000000;00000000;0000000130382;0000000131181;0000000000000;00000799;
20170811;OZ1;*;V17 ;0000000000000;0000000000000;00000000;00000000;00000000;00000000;00000000;0000000131224;0000000132029;0000000000000;00000805;
20170811;OZ2;*;0000;0000000210307;0000000066353;00000000;00130150;00129600;00131490;00129750;0000000129949;0000000129981;0000000000000;00000750;
20170811;OZ3;*;0000;0000000019815;0000000006252;00000000;00129500;00129000;00129600;00129000;0000000129136;0000000130404;0000000000000;00001400;
20170811;SCS;*;F802;0000000000000;0000000000000;00182740;00000000;00000000;00000000;00000000;0000000000000;0000000000000;0000000000000;00000000;
20170811;SCS;*;J802;0000000000000;0000000000000;00173130;00000000;00000000;00000000;00000000;0000000000000;0000000000000;0000000000000;00000000;
20170811;SCS;*;V702;0000000000000;0000000000000;00199495;00000000;00000000;00000000;00000000;0000000000000;0000000000000;0000000000000;00000000;
20170811;SFI;*;K18 ;0000000000000;0000000000000;00000000;00000000;00000000;00000000;00000000;0000000002064;0000000002052;0000000000000;00000012;
20170811;SFI;*;N18 ;0000000000000;0000000000000;00000000;00000000;00000000;00000000;00000000;0000000002079;0000000002067;0000000000000;00000012;
20170811;SFI;*;X17 ;0000000000000;0000000000000;00000000;00000000;00000000;00000000;00000000;0000000002015;0000000002005;0000000000000;00000010;
20170811;SJC;*;F18 ;0000000000000;0000000000000;00000000;00000000;00000000;00000000;00000000;0000000210262;0000000209215;0000000000000;00001047;
20170811;SJC;*;H18 ;0000003052767;0000000965821;00000100;00002127;00002125;00002127;00002125;0000000212081;0000000210924;0000000016456;00001157;
20170811;SJC;*;K18 ;0000003247931;0000001027566;00000495;00002140;00002130;00002140;00002138;0000000213790;0000000212577;0000000017253;00001213;
20170811;SJC;*;N18 ;0000000000000;0000000000000;00000000;00000000;00000000;00000000;00000000;0000000215223;0000000213955;0000000000000;00001268;
20170811;SJC;*;Q18 ;0000000000000;0000000000000;00000000;00000000;00000000;00000000;00000000;0000000215443;0000000214065;0000000000000;00001378;
20170811;SJC;*;U17 ;0000000000000;0000000000000;00000393;00000000;00000000;00000000;00000000;0000000206845;0000000205908;0000000013327;00000937;
20170811;SJC;*;X17 ;0000004765418;0000001507662;00002269;00002081;00002077;00002082;00002080;0000000208333;0000000207286;0000000014892;00001047;
20170811;SJC;*;X18 ;0000000000000;0000000000000;00000000;00000000;00000000;00000000;00000000;0000000212246;0000000210703;0000000000000;00001543;
20170811;TRY;*;U17 ;0000000000000;0000000000000;00000958;00000000;00000000;00000000;00000000;0000008924820;0000008930320;0000000004125;00005500;
20170811;TRY;*;V17 ;0000000000000;0000000000000;00000000;00000000;00000000;00000000;00000000;0000008886100;0000008894150;0000000000000;00008050;
20170811;TRY;*;X17 ;0000000000000;0000000000000;00000000;00000000;00000000;00000000;00000000;0000008848820;0000008849570;0000000000000;00000750;
20170811;T10;*;U17 ;0000047823812;0000015088756;00001746;00126625;00126609;00126874;00126782;0000001268125;0000001265625;0000000079237;00002500;
20170811;T10;*;Z17 ;0000000000000;0000000000000;00000000;00000000;00000000;00000000;00000000;0000001265000;0000001262500;0000000000000;00002500;
20170811;WDO;*;F18 ;0000000000000;0000000000000;00000000;00000000;00000000;00000000;00000000;0000032330400;0000032322750;0000000000000;00007650;
20170811;WDO;*;F19 ;0000000000000;0000000000000;00000000;00000000;00000000;00000000;00000000;0000033947770;0000033962750;0000000000000;00014980;
20170811;WDO;*;F20 ;0000000000000;0000000000000;00000000;00000000;00000000;00000000;00000000;0000036050390;0000036091520;0000000000000;00041130;
20170811;WDO;*;F21 ;0000000000000;0000000000000;00000000;00000000;00000000;00000000;00000000;0000038330850;0000038387760;0000000000000;00056910;
20170811;WDO;*;F25 ;0000000000000;0000000000000;00000000;00000000;00000000;00000000;00000000;0000047668820;0000047854630;0000000000000;00185810;
20170811;WDO;*;G18 ;0000000000000;0000000000000;00000000;00000000;00000000;00000000;00000000;0000032481470;0000032473890;0000000000000;00007580;
20170811;WDO;*;H18 ;0000000000000;0000000000000;00000000;00000000;00000000;00000000;00000000;0000032593930;0000032586350;0000000000000;00007580;
20170811;WDO;*;J18 ;0000000000000;0000000000000;00000000;00000000;00000000;00000000;00000000;0000032719480;0000032709990;0000000000000;00009490;
20170811;WDO;*;J19 ;0000000000000;0000000000000;00000000;00000000;00000000;00000000;00000000;0000034428190;0000034442600;0000000000000;00014410;
20170811;WDO;*;J20 ;0000000000000;0000000000000;00000000;00000000;00000000;00000000;00000000;0000036612780;0000036662040;0000000000000;00049260;
20170811;WDO;*;J22 ;0000000000000;0000000000000;00000000;00000000;00000000;00000000;00000000;0000041260580;0000041361670;0000000000000;00101090;
20170811;WDO;*;K18 ;0000000000000;0000000000000;00000000;00000000;00000000;00000000;00000000;0000032843960;0000032836710;0000000000000;00007250;
20170811;WDO;*;M18 ;0000000000000;0000000000000;00000000;00000000;00000000;00000000;00000000;0000032966520;0000032960030;0000000000000;00006490;
20170811;WDO;*;N18 ;0000000000000;0000000000000;00000000;00000000;00000000;00000000;00000000;0000033109480;0000033111860;0000000000000;00002380;
20170811;WDO;*;N19 ;0000000000000;0000000000000;00000000;00000000;00000000;00000000;00000000;0000034932490;0000034966770;0000000000000;00034280;
20170811;WDO;*;N20 ;0000000000000;0000000000000;00000000;00000000;00000000;00000000;00000000;0000037180590;0000037237190;0000000000000;00056600;
20170811;WDO;*;N21 ;0000000000000;0000000000000;00000000;00000000;00000000;00000000;00000000;0000039514680;0000039578250;0000000000000;00063570;
20170811;WDO;*;N22 ;0000000000000;0000000000000;00000000;00000000;00000000;00000000;00000000;0000041814250;0000041952240;0000000000000;00137990;
20170811;WDO;*;U17 ;0027777360400;0008763956586;00058622;03185000;03168000;03247000;03209500;0000031778630;0000031771560;0000000000707;00007070;
20170811;WDO;*;V17 ;0000000128680;0000000040599;00000313;03190000;03190000;03244000;03244000;0000031923140;0000031913830;0000000000931;00009310;
20170811;WDO;*;V18 ;0000000000000;0000000000000;00000000;00000000;00000000;00000000;00000000;0000033530900;0000033537870;0000000000000;00006970;
20170811;WDO;*;V19 ;0000000000000;0000000000000;00000000;00000000;00000000;00000000;00000000;0000035514870;0000035549950;0000000000000;00035080;
20170811;WDO;*;X17 ;0000000000000;0000000000000;00000075;00000000;00000000;00000000;00000000;0000032073160;0000032063150;0000000001001;00010010;
20170811;WDO;*;Z17 ;0000000000000;0000000000000;00000000;00000000;00000000;00000000;00000000;0000032208300;0000032197880;0000000000000;00010420;
20170811;WEU;*;U17 ;0000000490360;0000000154712;00000001;03772000;03772000;03772000;03772000;0000037607610;0000037432240;0000000017537;00175370;
20170811;WEU;*;V17 ;0000000000000;0000000000000;00000000;00000000;00000000;00000000;00000000;0000037833100;0000037653670;0000000000000;00179430;
20170811;WEU;*;X17 ;0000000000000;0000000000000;00000000;00000000;00000000;00000000;00000000;0000038065200;0000037883880;0000000000000;00181320;
20170811;WIN;*;G18 ;0000000000000;0000000000000;00000000;00000000;00000000;00000000;00000000;0000000069655;0000000069283;0000000000000;00000372;
20170811;WIN;*;G19 ;0000000000000;0000000000000;00000000;00000000;00000000;00000000;00000000;0000000074667;0000000074301;0000000000000;00000366;
20170811;WIN;*;J18 ;0000000000000;0000000000000;00000000;00000000;00000000;00000000;00000000;0000000070433;0000000070057;0000000000000;00000376;
20170811;WIN;*;J19 ;0000000000000;0000000000000;00000000;00000000;00000000;00000000;00000000;0000000075697;0000000075333;0000000000000;00000364;
20170811;WIN;*;M18 ;0000000000000;0000000000000;00000000;00000000;00000000;00000000;00000000;0000000071123;0000000070751;0000000000000;00000372;
20170811;WIN;*;M19 ;0000000000000;0000000000000;00000000;00000000;00000000;00000000;00000000;0000000076660;0000000076305;0000000000000;00000355;
20170811;WIN;*;Q17 ;0019042923188;0006008178952;00092994;00066695;00066355;00067735;00066830;0000000067406;0000000067041;0000000007300;00000365;
20170811;WIN;*;Q18 ;0000000000000;0000000000000;00000000;00000000;00000000;00000000;00000000;0000000071993;0000000071616;0000000000000;00000377;
20170811;WIN;*;V17 ;0000014305748;0000004513566;00000230;00067415;00067315;00068610;00067715;0000000068286;0000000067917;0000000007380;00000369;
20170811;WIN;*;V18 ;0000000000000;0000000000000;00000000;00000000;00000000;00000000;00000000;0000000072878;0000000072499;0000000000000;00000379;
20170811;WIN;*;Z17 ;0000000000000;0000000000000;00000000;00000000;00000000;00000000;00000000;0000000068975;0000000068601;0000000000000;00000374;
20170811;WIN;*;Z18 ;0000000000000;0000000000000;00000000;00000000;00000000;00000000;00000000;0000000073690;0000000073320;0000000000000;00000370;
20170811;WI1;*;Q7V7;0000000000000;0000000000000;00000000;00000911;00000911;00000911;00000911;0000000000000;0000000000000;0000000000000;00000000;
20170811;WTI;*;U17 ;0000000015349;0000000004856;00002644;00004856;00004856;00004856;00004856;0000000004882;0000000004859;0000000007269;00000023;
20170811;WTI;*;V17 ;0000000015358;0000000004859;00000001;00004859;00004859;00004859;00004859;0000000004897;0000000004875;0000000006953;00000022;
20170811;ZAR;*;U17 ;0000000000000;0000000000000;00000842;00000000;00000000;00000000;00000000;0000023558910;0000023603090;0000000015463;00044180;
20170811;ZAR;*;V17 ;0000000000000;0000000000000;00000011;00000000;00000000;00000000;00000000;0000023553040;0000023588620;0000000012453;00035580;
20170811;ZAR;*;X17 ;0000000000000;0000000000000;00000000;00000000;00000000;00000000;00000000;0000023546690;0000023582410;0000000000000;00035720;
