Data;Código do Contrato;Pregão;Vencimento;Volume(R$);Volume(U$);Número de contas em Aberto;Preço de Abertura;Preço Mínimo;Preço Máximo;Último Preço;Preço de Ajuste Atual; Preço de Ajuste Anterior;Valor de Ajuste por Contrato;Variação
20170511;AUD;*;M17 ;0000093799182;0000029721849;00001817;02336000;02329700;02336000;02333200;0000023344860;0000023388760;0000000026340;00043900;
20170511;AUD;*;N17 ;0000000000000;0000000000000;00000011;00000000;00000000;00000000;00000000;0000023493120;0000023535960;0000000025704;00042840;
20170511;AUD;*;Q17 ;0000000000000;0000000000000;00000000;00000000;00000000;00000000;00000000;0000023624720;0000023668810;0000000000000;00044090;
20170511;BGI;*;F18 ;0000000000000;0000000000000;00000000;00000000;00000000;00000000;00000000;0000000013829;0000000013802;0000000000000;00000027;
20170511;BGI;*;K17 ;0000015729182;0000004998151;00004299;00013572;00013570;00013640;00013620;0000000013621;0000000013586;0000000011550;00000035;
20170511;BGI;*;K18 ;0000000000000;0000000000000;00000050;00000000;00000000;00000000;00000000;0000000014262;0000000014237;0000000008250;00000025;
20170511;BGI;*;M17 ;0000011128514;0000003536229;00001500;00013525;00013525;00013620;00013600;0000000013600;0000000013550;0000000016500;00000050;
20170511;BGI;*;N17 ;0000000089842;0000000028548;00000042;00013625;00013600;00013625;00013600;0000000013663;0000000013631;0000000010560;00000032;
20170511;BGI;*;Q17 ;0000000045045;0000000014314;00000041;00013650;00013650;00013650;00013650;0000000013718;0000000013686;0000000010560;00000032;
20170511;BGI;*;U17 ;0000000045276;0000000014387;00000000;00013720;00013720;00013720;00013720;0000000013826;0000000013796;0000000009900;00000030;
20170511;BGI;*;V17 ;0000006907672;0000002195002;00002818;00013820;00013820;00013895;00013880;0000000013875;0000000013845;0000000009900;00000030;
20170511;BGI;*;V18 ;0000000000000;0000000000000;00000000;00000000;00000000;00000000;00000000;0000000014937;0000000014911;0000000000000;00000026;
20170511;BGI;*;X17 ;0000000000000;0000000000000;00000057;00000000;00000000;00000000;00000000;0000000013945;0000000013915;0000000009900;00000030;
20170511;BGI;*;Z17 ;0000000000000;0000000000000;00000002;00000000;00000000;00000000;00000000;0000000013993;0000000013964;0000000009570;00000029;
20170511;BRI;*;M17 ;0000003176320;0000001006470;00000712;00011344;00011344;00011344;00011344;0000000011344;0000000011316;0000000028000;00000028;
20170511;BRI;*;Q17 ;0000000000000;0000000000000;00000000;00000000;00000000;00000000;00000000;0000000011514;0000000011487;0000000000000;00000027;
20170511;BSE;*;K17 ;0000000000000;0000000000000;00000000;00000000;00000000;00000000;00000000;0000000030355;0000000030360;0000000000000;00000005;
20170511;BSE;*;M17 ;0000000000000;0000000000000;00000000;00000000;00000000;00000000;00000000;0000000030618;0000000030623;0000000000000;00000005;
20170511;CAD;*;M17 ;0000027760020;0000008796229;00000818;02313500;02310200;02313500;02310200;0000023130060;0000023249460;0000000071640;00119400;
20170511;CAD;*;N17 ;0000000000000;0000000000000;00000000;00000000;00000000;00000000;00000000;0000023297010;0000023418910;0000000000000;00121900;
20170511;CAD;*;Q17 ;0000000000000;0000000000000;00000000;00000000;00000000;00000000;00000000;0000023450090;0000023573050;0000000000000;00122960;
20170511;CCM;*;F18 ;0000000349272;0000000110986;00000454;00002875;00002858;00002880;00002858;0000000002841;0000000002820;0000000009450;00000021;
20170511;CCM;*;H18 ;0000000053950;0000000017143;00000245;00002999;00002990;00003000;00002990;0000000002990;0000000002985;0000000002250;00000005;
20170511;CCM;*;K17 ;0000015363400;0000004881919;00004327;00002788;00002785;00002805;00002790;0000000002788;0000000002790;0000000000900;00000002;
20170511;CCM;*;K18 ;0000000000000;0000000000000;00000000;00000000;00000000;00000000;00000000;0000000002934;0000000002913;0000000000000;00000021;
20170511;CCM;*;N17 ;0000000000000;0000000000000;00000000;00000000;00000000;00000000;00000000;0000000002739;0000000002730;0000000000000;00000009;
20170511;CCM;*;N18 ;0000000000000;0000000000000;00000000;00000000;00000000;00000000;00000000;0000000002889;0000000002878;0000000000000;00000011;
20170511;CCM;*;U17 ;0000023062176;0000007328305;00019584;00002665;00002660;00002699;00002690;0000000002688;0000000002668;0000000009000;00000020;
20170511;CCM;*;U18 ;0000000000000;0000000000000;00000000;00000000;00000000;00000000;00000000;0000000002845;0000000002844;0000000000000;00000001;
20170511;CCM;*;X17 ;0000001167853;0000000371100;00000838;00002725;00002725;00002740;00002734;0000000002703;0000000002683;0000000009000;00000020;
20170511;CCM;*;X18 ;0000000000000;0000000000000;00000000;00000000;00000000;00000000;00000000;0000000002913;0000000002912;0000000000000;00000001;
20170511;CHF;*;M17 ;0000000000000;0000000000000;00000119;00000000;00000000;00000000;00000000;0000031482330;0000031528450;0000000023060;00046120;
20170511;CHF;*;N17 ;0000000000000;0000000000000;00000000;00000000;00000000;00000000;00000000;0000031765550;0000031805840;0000000000000;00040290;
20170511;CHF;*;Q17 ;0000000000000;0000000000000;00000000;00000000;00000000;00000000;00000000;0000032016970;0000032065510;0000000000000;00048540;
20170511;CLP;*;M17 ;0000000000000;0000000000000;00000737;00000000;00000000;00000000;00000000;0000047073000;0000047188000;0000000028750;00115000;
20170511;CLP;*;N17 ;0000000000000;0000000000000;00000000;00000000;00000000;00000000;00000000;0000047319000;0000047416000;0000000000000;00097000;
20170511;CLP;*;Q17 ;0000000000000;0000000000000;00000000;00000000;00000000;00000000;00000000;0000047535000;0000047636000;0000000000000;00101000;
20170511;CNY;*;M17 ;0000000000000;0000000000000;00000000;00000000;00000000;00000000;00000000;0000045797470;0000045894760;0000000000000;00097290;
20170511;CNY;*;N17 ;0000000000000;0000000000000;00000090;00000000;00000000;00000000;00000000;0000045963430;0000046038760;0000000026365;00075330;
20170511;CNY;*;Q17 ;0000000000000;0000000000000;00000000;00000000;00000000;00000000;00000000;0000046094020;0000046184650;0000000000000;00090630;
20170511;DAP;*;F18 ;0000525323790;0000166457679;00000810;00000510;00000503;00000510;00000503;0000009673111;0000009665145;0000000009614;00007966;
20170511;DAP;*;K17 ;0000000000000;0000000000000;00040828;00000000;00000000;00000000;00000000;0000009992706;0000009992262;0000000000535;00000444;
20170511;DAP;*;K19 ;0000286996734;0000090939743;00045130;00000478;00000466;00000478;00000466;0000009132623;0000009116682;0000000019239;00015941;
20170511;DAP;*;K21 ;0000000000000;0000000000000;00012386;00000000;00000000;00000000;00000000;0000008214584;0000008190817;0000000028684;00023767;
20170511;DAP;*;K23 ;0000000000000;0000000000000;00012785;00000000;00000000;00000000;00000000;0000007401676;0000007369104;0000000039311;00032572;
20170511;DAP;*;M17 ;0000000000000;0000000000000;00000000;00000000;00000000;00000000;00000000;0000009946184;0000009946156;0000000000000;00000028;
20170511;DAP;*;N17 ;0000000000000;0000000000000;00002500;00000000;00000000;00000000;00000000;0000009876077;0000009875725;0000000000424;00000352;
20170511;DAP;*;Q17 ;0000000000000;0000000000000;00000000;00000000;00000000;00000000;00000000;0000009830772;0000009830117;0000000000000;00000655;
20170511;DAP;*;Q18 ;0000457258209;0000144889955;00055295;00000484;00000482;00000484;00000482;0000009423895;0000009410606;0000000016038;00013289;
20170511;DAP;*;Q20 ;0000002062686;0000000653597;00005520;00000495;00000495;00000495;00000495;0000008542582;0000008520021;0000000027229;00022561;
20170511;DAP;*;Q22 ;0000016239909;0000005145888;00016493;00000514;00000514;00000516;00000516;0000007689373;0000007652199;0000000044866;00037174;
20170511;DAP;*;Q24 ;0000000000000;0000000000000;00008370;00000000;00000000;00000000;00000000;0000006930034;0000006902450;0000000033291;00027584;
20170511;DAP;*;Q26 ;0000000000000;0000000000000;00002020;00000000;00000000;00000000;00000000;0000006227718;0000006195851;0000000038460;00031867;
20170511;DAP;*;Q30 ;0000000000000;0000000000000;00000235;00000000;00000000;00000000;00000000;0000005086733;0000005042929;0000000052868;00043804;
20170511;DCO;*;F18 ;0000000000000;0000000000000;00000000;00000000;00000000;00000000;00000000;0000009844468;0000009879420;0000000000000;00034952;
20170511;DCO;*;F19 ;0000000000000;0000000000000;00000000;00000000;00000000;00000000;00000000;0000009611683;0000009646492;0000000000000;00034809;
20170511;DCO;*;F20 ;0000000000000;0000000000000;00000000;00000000;00000000;00000000;00000000;0000009308141;0000009343280;0000000000000;00035139;
20170511;DCO;*;F21 ;0000000000000;0000000000000;00000000;00000000;00000000;00000000;00000000;0000008948817;0000008987172;0000000000000;00038355;
20170511;DCO;*;F22 ;0000000000000;0000000000000;00000000;00000000;00000000;00000000;00000000;0000008572665;0000008598424;0000000000000;00025759;
20170511;DCO;*;F23 ;0000000000000;0000000000000;00000000;00000000;00000000;00000000;00000000;0000008185550;0000008199450;0000000000000;00013900;
20170511;DCO;*;F24 ;0000000000000;0000000000000;00000000;00000000;00000000;00000000;00000000;0000007772902;0000007772014;0000000000000;00000888;
20170511;DCO;*;F25 ;0000000000000;0000000000000;00000000;00000000;00000000;00000000;00000000;0000007374047;0000007380124;0000000000000;00006077;
20170511;DCO;*;F26 ;0000000000000;0000000000000;00000000;00000000;00000000;00000000;00000000;0000006963888;0000006970353;0000000000000;00006465;
20170511;DCO;*;F27 ;0000000000000;0000000000000;00000000;00000000;00000000;00000000;00000000;0000006579218;0000006578502;0000000000000;00000716;
20170511;DCO;*;F28 ;0000000000000;0000000000000;00000000;00000000;00000000;00000000;00000000;0000006226511;0000006227707;0000000000000;00001196;
20170511;DCO;*;F29 ;0000000000000;0000000000000;00000000;00000000;00000000;00000000;00000000;0000005883922;0000005883468;0000000000000;00000454;
20170511;DCO;*;F30 ;0000000000000;0000000000000;00000000;00000000;00000000;00000000;00000000;0000005565519;0000005563850;0000000000000;00001669;
20170511;DCO;*;G18 ;0000000000000;0000000000000;00000000;00000000;00000000;00000000;00000000;0000009830039;0000009864166;0000000000000;00034127;
20170511;DCO;*;H18 ;0000000000000;0000000000000;00000000;00000000;00000000;00000000;00000000;0000009814843;0000009849579;0000000000000;00034736;
20170511;DCO;*;J18 ;0000000000000;0000000000000;00000000;00000000;00000000;00000000;00000000;0000009793365;0000009829191;0000000000000;00035826;
20170511;DCO;*;J19 ;0000000000000;0000000000000;00000000;00000000;00000000;00000000;00000000;0000009547983;0000009585058;0000000000000;00037075;
20170511;DCO;*;J20 ;0000000000000;0000000000000;00000000;00000000;00000000;00000000;00000000;0000009226000;0000009257353;0000000000000;00031353;
20170511;DCO;*;J21 ;0000000000000;0000000000000;00000000;00000000;00000000;00000000;00000000;0000008859912;0000008892847;0000000000000;00032935;
20170511;DCO;*;J22 ;0000000000000;0000000000000;00000000;00000000;00000000;00000000;00000000;0000008470381;0000008494074;0000000000000;00023693;
20170511;DCO;*;K18 ;0000000000000;0000000000000;00000000;00000000;00000000;00000000;00000000;0000009778559;0000009814060;0000000000000;00035501;
20170511;DCO;*;M17 ;0000000000000;0000000000000;00000000;00000000;00000000;00000000;00000000;0000009957771;0000009992171;0000000000000;00034400;
20170511;DCO;*;N17 ;0000000000000;0000000000000;00000000;00000000;00000000;00000000;00000000;0000009945823;0000009980199;0000000000000;00034376;
20170511;DCO;*;N18 ;0000000000000;0000000000000;00000000;00000000;00000000;00000000;00000000;0000009739398;0000009774930;0000000000000;00035532;
20170511;DCO;*;N19 ;0000000000000;0000000000000;00000000;00000000;00000000;00000000;00000000;0000009473844;0000009511342;0000000000000;00037498;
20170511;DCO;*;N20 ;0000000000000;0000000000000;00000000;00000000;00000000;00000000;00000000;0000009140849;0000009173834;0000000000000;00032985;
20170511;DCO;*;N21 ;0000000000000;0000000000000;00000000;00000000;00000000;00000000;00000000;0000008766547;0000008797021;0000000000000;00030474;
20170511;DCO;*;Q17 ;0000000000000;0000000000000;00000000;00000000;00000000;00000000;00000000;0000009927414;0000009961688;0000000000000;00034274;
20170511;DCO;*;U17 ;0000000000000;0000000000000;00000000;00000000;00000000;00000000;00000000;0000009913802;0000009947872;0000000000000;00034070;
20170511;DCO;*;V17 ;0000000000000;0000000000000;00000000;00000000;00000000;00000000;00000000;0000009896287;0000009930059;0000000000000;00033772;
20170511;DCO;*;V18 ;0000000000000;0000000000000;00000000;00000000;00000000;00000000;00000000;0000009683000;0000009718150;0000000000000;00035150;
20170511;DCO;*;V19 ;0000000000000;0000000000000;00000000;00000000;00000000;00000000;00000000;0000009400462;0000009437520;0000000000000;00037058;
20170511;DCO;*;V20 ;0000000000000;0000000000000;00000000;00000000;00000000;00000000;00000000;0000009050013;0000009085364;0000000000000;00035351;
20170511;DCO;*;V21 ;0000000000000;0000000000000;00000000;00000000;00000000;00000000;00000000;0000008674339;0000008705774;0000000000000;00031435;
20170511;DCO;*;X17 ;0000000000000;0000000000000;00000000;00000000;00000000;00000000;00000000;0000009880609;0000009914478;0000000000000;00033869;
20170511;DCO;*;Z17 ;0000000000000;0000000000000;00000000;00000000;00000000;00000000;00000000;0000009863068;0000009897650;0000000000000;00034582;
20170511;DDI;*;F18 ;0000000000000;0000000000000;00347223;00000000;00000000;00000000;00000000;0000009845104;0000009880049;0000000055223;00034945;
20170511;DDI;*;F19 ;0000477558361;0000151322400;00115060;00000234;00000234;00000234;00000234;0000009613225;0000009648028;0000000054999;00034803;
20170511;DDI;*;F20 ;0000433112950;0000137239124;00097244;00000271;00000271;00000271;00000271;0000009312793;0000009347926;0000000055520;00035133;
20170511;DDI;*;F21 ;0000607893343;0000192621231;00095581;00000311;00000311;00000311;00000311;0000008954756;0000008993109;0000000060609;00038353;
20170511;DDI;*;F22 ;0000404202312;0000128078302;00038664;00000350;00000350;00000350;00000350;0000008579604;0000008605344;0000000040676;00025740;
20170511;DDI;*;F23 ;0000000000000;0000000000000;00031366;00000000;00000000;00000000;00000000;0000008193233;0000008207092;0000000021901;00013859;
20170511;DDI;*;F24 ;0000000000000;0000000000000;00036485;00000000;00000000;00000000;00000000;0000007781057;0000007780096;0000000001518;00000961;
20170511;DDI;*;F25 ;0000000000000;0000000000000;00019545;00000000;00000000;00000000;00000000;0000007382494;0000007388512;0000000009510;00006018;
20170511;DDI;*;F26 ;0000000000000;0000000000000;00015630;00000000;00000000;00000000;00000000;0000006972407;0000006978814;0000000010124;00006407;
20170511;DDI;*;F27 ;0000000000000;0000000000000;00010950;00000000;00000000;00000000;00000000;0000006591958;0000006591131;0000000001306;00000827;
20170511;DDI;*;F28 ;0000000000000;0000000000000;00000110;00000000;00000000;00000000;00000000;0000006239101;0000006240196;0000000001730;00001095;
20170511;DDI;*;F29 ;0000000000000;0000000000000;00000000;00000000;00000000;00000000;00000000;0000005896221;0000005895661;0000000000000;00000560;
20170511;DDI;*;F30 ;0000000000000;0000000000000;00000500;00000000;00000000;00000000;00000000;0000005577468;0000005575690;0000000002809;00001778;
20170511;DDI;*;G18 ;0000000000000;0000000000000;00027290;00000000;00000000;00000000;00000000;0000009830753;0000009865590;0000000055052;00034837;
20170511;DDI;*;H18 ;0000000000000;0000000000000;00012360;00000000;00000000;00000000;00000000;0000009815630;0000009850360;0000000054883;00034730;
20170511;DDI;*;J18 ;0000000000000;0000000000000;00087886;00000000;00000000;00000000;00000000;0000009794234;0000009830054;0000000056606;00035820;
20170511;DDI;*;J19 ;0000000000000;0000000000000;00048806;00000000;00000000;00000000;00000000;0000009549730;0000009588550;0000000061347;00038820;
20170511;DDI;*;J20 ;0000000000000;0000000000000;00026955;00000000;00000000;00000000;00000000;0000009230996;0000009262339;0000000049531;00031343;
20170511;DDI;*;J21 ;0000000000000;0000000000000;00005297;00000000;00000000;00000000;00000000;0000008866113;0000008899041;0000000052036;00032928;
20170511;DDI;*;J22 ;0000000000000;0000000000000;00000120;00000000;00000000;00000000;00000000;0000008477506;0000008501178;0000000037408;00023672;
20170511;DDI;*;K18 ;0000000000000;0000000000000;00008340;00000000;00000000;00000000;00000000;0000009779505;0000009815000;0000000056092;00035495;
20170511;DDI;*;M17 ;0000627854120;0000198946139;00475904;00000949;00000949;00000949;00000949;0000009957886;0000009992284;0000000054359;00034398;
20170511;DDI;*;N17 ;0000628272120;0000199078589;00535895;00000416;00000416;00000416;00000416;0000009946114;0000009980487;0000000054319;00034373;
20170511;DDI;*;N18 ;0000052394996;0000016602236;00057321;00000220;00000220;00000220;00000220;0000009740497;0000009776023;0000000056141;00035526;
20170511;DDI;*;N19 ;0000000000000;0000000000000;00058864;00000000;00000000;00000000;00000000;0000009477740;0000009515233;0000000059250;00037493;
20170511;DDI;*;N20 ;0000209762060;0000066466637;00041685;00000290;00000290;00000290;00000290;0000009146176;0000009179153;0000000052113;00032977;
20170511;DDI;*;N21 ;0000000000000;0000000000000;00004420;00000000;00000000;00000000;00000000;0000008773007;0000008803470;0000000048140;00030463;
20170511;DDI;*;Q17 ;0000000000000;0000000000000;00232524;00000000;00000000;00000000;00000000;0000009927863;0000009962134;0000000054158;00034271;
20170511;DDI;*;U17 ;0000000000000;0000000000000;00080845;00000000;00000000;00000000;00000000;0000009914419;0000009948486;0000000053836;00034067;
20170511;DDI;*;V17 ;0000000000000;0000000000000;00192959;00000000;00000000;00000000;00000000;0000009896679;0000009930839;0000000053983;00034160;
20170511;DDI;*;V18 ;0000000000000;0000000000000;00055388;00000000;00000000;00000000;00000000;0000009684323;0000009719466;0000000055536;00035143;
20170511;DDI;*;V19 ;0000000000000;0000000000000;00031844;00000000;00000000;00000000;00000000;0000009404750;0000009441803;0000000058554;00037053;
20170511;DDI;*;V20 ;0000000000000;0000000000000;00024040;00000000;00000000;00000000;00000000;0000009055654;0000009091000;0000000055857;00035346;
20170511;DDI;*;V21 ;0000000000000;0000000000000;00002042;00000000;00000000;00000000;00000000;0000008681050;0000008712474;0000000049659;00031424;
20170511;DDI;*;X17 ;0000000000000;0000000000000;00072610;00000000;00000000;00000000;00000000;0000009881553;0000009915418;0000000053516;00033865;
20170511;DDI;*;Z17 ;0000000000000;0000000000000;00053930;00000000;00000000;00000000;00000000;0000009864170;0000009898750;0000000054646;00034580;
20170511;DDM;*;K19 ;0000000000000;0000000000000;00000000;00000000;00000000;00000000;00000000;0000009096411;0000009087458;0000000000000;00008953;
20170511;DDM;*;K21 ;0000000000000;0000000000000;00000000;00000000;00000000;00000000;00000000;0000008190526;0000008183858;0000000000000;00006668;
20170511;DDM;*;K25 ;0000000000000;0000000000000;00000000;00000000;00000000;00000000;00000000;0000006606077;0000006608107;0000000000000;00002030;
20170511;DDM;*;Q18 ;0000000000000;0000000000000;00000000;00000000;00000000;00000000;00000000;0000009426213;0000009420471;0000000000000;00005742;
20170511;DDM;*;Q20 ;0000000000000;0000000000000;00000000;00000000;00000000;00000000;00000000;0000008514601;0000008509473;0000000000000;00005128;
20170511;DI1;*;F18 ;0025890524439;0008203848170;03272307;00009260;00009170;00009260;00009185;0000009454331;0000009449432;0000000004899;00004899;
20170511;DI1;*;F19 ;0035371597119;0011208085528;01662416;00009090;00009000;00009090;00009020;0000008687487;0000008673836;0000000013651;00013651;
20170511;DI1;*;F20 ;0008597002668;0002724104904;01217762;00009500;00009400;00009500;00009420;0000007890197;0000007873582;0000000016615;00016615;
20170511;DI1;*;F21 ;0015361554208;0004867566846;01380767;00009790;00009720;00009790;00009740;0000007138065;0000007119537;0000000018528;00018528;
20170511;DI1;*;F22 ;0000374777222;0000118754467;00077956;00009960;00009930;00009990;00009950;0000006452914;0000006432842;0000000020072;00020072;
20170511;DI1;*;F23 ;0003354738751;0001063005403;00612528;00010110;00010070;00010130;00010090;0000005830352;0000005809752;0000000020600;00020600;
20170511;DI1;*;F24 ;0000029796911;0000009441652;00055805;00010220;00010140;00010220;00010140;0000005279176;0000005252491;0000000026685;00026685;
20170511;DI1;*;F25 ;0001514143445;0000479781820;00548384;00010250;00010220;00010300;00010240;0000004764485;0000004741636;0000000022849;00022849;
20170511;DI1;*;F26 ;0000015665376;0000004963838;00062778;00010270;00010270;00010340;00010270;0000004300805;0000004277457;0000000023348;00023348;
20170511;DI1;*;F27 ;0000943215542;0000298873710;00379875;00010360;00010350;00010430;00010360;0000003875807;0000003855703;0000000020104;00020104;
20170511;DI1;*;F28 ;0000000000000;0000000000000;00000010;00000000;00000000;00000000;00000000;0000003510978;0000003490875;0000000020103;00020103;
20170511;DI1;*;F29 ;0000000000000;0000000000000;00003465;00000000;00000000;00000000;00000000;0000003182246;0000003162328;0000000019918;00019918;
20170511;DI1;*;F30 ;0000000000000;0000000000000;00000270;00000000;00000000;00000000;00000000;0000002867339;0000002847860;0000000019479;00019479;
20170511;DI1;*;G18 ;0000001408254;0000000446229;00018980;00009080;00009080;00009080;00009080;0000009386738;0000009381019;0000000005719;00005719;
20170511;DI1;*;H18 ;0000010730993;0000003400296;00009300;00009030;00009030;00009070;00009070;0000009332171;0000009325810;0000000006361;00006361;
20170511;DI1;*;J18 ;0001852912262;0000587126418;00702525;00009075;00009005;00009085;00009020;0000009268169;0000009260984;0000000007185;00007185;
20170511;DI1;*;J19 ;0004424078106;0001401843565;00484572;00009160;00009110;00009180;00009120;0000008493351;0000008477919;0000000015432;00015432;
20170511;DI1;*;J20 ;0000055745366;0000017663857;00073363;00009540;00009510;00009560;00009510;0000007698262;0000007679476;0000000018786;00018786;
20170511;DI1;*;J21 ;0000003134095;0000000993091;00029705;00009790;00009790;00009790;00009790;0000006963428;0000006946575;0000000016853;00016853;
20170511;DI1;*;J22 ;0000000000000;0000000000000;00000700;00000000;00000000;00000000;00000000;0000006294015;0000006273661;0000000020354;00020354;
20170511;DI1;*;K18 ;0000000000000;0000000000000;00007555;00000000;00000000;00000000;00000000;0000009205198;0000009197171;0000000008027;00008027;
20170511;DI1;*;M17 ;0002876866555;0000911583559;00442224;00011131;00011130;00011136;00011135;0000009937354;0000009937380;0000000000026;00000026;
20170511;DI1;*;N17 ;0042909445285;0013596579513;03657661;00010510;00010465;00010510;00010478;0000009858657;0000009858559;0000000000098;00000098;
20170511;DI1;*;N18 ;0004689727408;0001486019015;00804242;00009020;00008950;00009020;00008970;0000009076069;0000009066392;0000000009677;00009677;
20170511;DI1;*;N19 ;0001445982376;0000458183839;00502543;00009280;00009210;00009280;00009240;0000008296982;0000008279840;0000000017142;00017142;
20170511;DI1;*;N20 ;0004061119534;0001286834036;01238805;00009670;00009600;00009670;00009610;0000007510537;0000007493832;0000000016705;00016705;
20170511;DI1;*;N21 ;0000010857936;0000003440520;00060282;00009900;00009840;00009900;00009860;0000006788593;0000006772366;0000000016227;00016227;
20170511;DI1;*;N22 ;0000000000000;0000000000000;00004180;00000000;00000000;00000000;00000000;0000006137731;0000006117154;0000000020577;00020577;
20170511;DI1;*;N23 ;0000000000000;0000000000000;00003260;00000000;00000000;00000000;00000000;0000005549761;0000005526273;0000000023488;00023488;
20170511;DI1;*;N24 ;0000007993882;0000002532996;00001775;00010260;00010210;00010400;00010250;0000005021722;0000004996699;0000000025023;00025023;
20170511;DI1;*;Q17 ;0001024148049;0000324518536;00230353;00010259;00010242;00010259;00010250;0000009781861;0000009781192;0000000000669;00000669;
20170511;DI1;*;U17 ;0000425539342;0000134839298;00106005;00009915;00009910;00009925;00009925;0000009704341;0000009703203;0000000001138;00001138;
20170511;DI1;*;V17 ;0007464531938;0002365262505;01343783;00009710;00009655;00009710;00009660;0000009640858;0000009638727;0000000002131;00002131;
20170511;DI1;*;V18 ;0000906949821;0000287382306;00599939;00009010;00008960;00009020;00008980;0000008879490;0000008866619;0000000012871;00012871;
20170511;DI1;*;V19 ;0000532881345;0000168852418;00073813;00009340;00009320;00009340;00009320;0000008088315;0000008068584;0000000019731;00019731;
20170511;DI1;*;V20 ;0000008046746;0000002549747;00046008;00009720;00009680;00009720;00009680;0000007316966;0000007293684;0000000023282;00023282;
20170511;DI1;*;V21 ;0000001653841;0000000524047;00012037;00009900;00009900;00009900;00009900;0000006616682;0000006603802;0000000012880;00012880;
20170511;DI1;*;X17 ;0000372448005;0000118016415;00090110;00009490;00009470;00009490;00009470;0000009574853;0000009572461;0000000002392;00002392;
20170511;DI1;*;Z17 ;0000624117584;0000197762155;00073310;00009315;00009310;00009315;00009310;0000009514125;0000009509847;0000000004278;00004278;
20170511;DOL;*;F18 ;0000000000000;0000000000000;00007815;00000000;00000000;00000000;00000000;0000032912360;0000033046310;0000000066975;00133950;
20170511;DOL;*;F19 ;0000000000000;0000000000000;00000000;00000000;00000000;00000000;00000000;0000034973930;0000035155790;0000000000000;00181860;
20170511;DOL;*;F20 ;0000000000000;0000000000000;00000000;00000000;00000000;00000000;00000000;0000037304540;0000037524290;0000000000000;00219750;
20170511;DOL;*;F21 ;0000000000000;0000000000000;00003100;00000000;00000000;00000000;00000000;0000039649970;0000039923410;0000000136720;00273440;
20170511;DOL;*;F25 ;0000000000000;0000000000000;00000000;00000000;00000000;00000000;00000000;0000048973000;0000049249110;0000000000000;00276110;
20170511;DOL;*;G18 ;0000000000000;0000000000000;00000000;00000000;00000000;00000000;00000000;0000033101040;0000033238590;0000000000000;00137550;
20170511;DOL;*;H18 ;0000000000000;0000000000000;00000000;00000000;00000000;00000000;00000000;0000033243370;0000033383750;0000000000000;00140380;
20170511;DOL;*;J18 ;0000000000000;0000000000000;00000000;00000000;00000000;00000000;00000000;0000033399970;0000033548130;0000000000000;00148160;
20170511;DOL;*;J19 ;0000000000000;0000000000000;00000050;00000000;00000000;00000000;00000000;0000035537060;0000035746470;0000000104705;00209410;
20170511;DOL;*;J20 ;0000000000000;0000000000000;00000000;00000000;00000000;00000000;00000000;0000037898800;0000038120510;0000000000000;00221710;
20170511;DOL;*;J22 ;0000000000000;0000000000000;00000000;00000000;00000000;00000000;00000000;0000042570610;0000042827980;0000000000000;00257370;
20170511;DOL;*;K18 ;0000000000000;0000000000000;00000000;00000000;00000000;00000000;00000000;0000033577880;0000033729170;0000000000000;00151290;
20170511;DOL;*;M17 ;0049272194250;0015612723550;00476989;03176000;03155500;03184500;03156500;0000031671330;0000031780580;0000000054625;00109250;
20170511;DOL;*;N17 ;0000871321750;0000276092953;00041507;03192000;03185500;03196500;03186000;0000031886380;0000031996900;0000000055260;00110520;
20170511;DOL;*;N18 ;0000000000000;0000000000000;00000620;00000000;00000000;00000000;00000000;0000033919770;0000034079820;0000000080025;00160050;
20170511;DOL;*;N19 ;0000000000000;0000000000000;00000400;00000000;00000000;00000000;00000000;0000036103900;0000036321770;0000000108935;00217870;
20170511;DOL;*;N21 ;0000000000000;0000000000000;00000000;00000000;00000000;00000000;00000000;0000040844940;0000041084970;0000000000000;00240030;
20170511;DOL;*;Q17 ;0000006418250;0000002033730;00005200;03209500;03204500;03222000;03209000;0000032077740;0000032190680;0000000056470;00112940;
20170511;DOL;*;U17 ;0000015342500;0000004861529;00001290;03230000;03230000;03230000;03230000;0000032290200;0000032404950;0000000057375;00114750;
20170511;DOL;*;V17 ;0000000000000;0000000000000;00003910;00000000;00000000;00000000;00000000;0000032444670;0000032563860;0000000059595;00119190;
20170511;DOL;*;V18 ;0000000000000;0000000000000;00000035;00000000;00000000;00000000;00000000;0000034470750;0000034646070;0000000087660;00175320;
20170511;DOL;*;V19 ;0000000000000;0000000000000;00000000;00000000;00000000;00000000;00000000;0000036750120;0000036985130;0000000000000;00235010;
20170511;DOL;*;X17 ;0000000815875;0000000258524;00000105;03263500;03263500;03263500;03263500;0000032618400;0000032738360;0000000059980;00119960;
20170511;DOL;*;Z17 ;0000000000000;0000000000000;00000005;00000000;00000000;00000000;00000000;0000032768850;0000032898520;0000000064835;00129670;
20170511;ETH;*;F18 ;0000000000000;0000000000000;00000000;00000000;00000000;00000000;00000000;0000000168700;0000000168700;0000000000000;00000000;
20170511;ETH;*;K17 ;0000000000000;0000000000000;00000227;00000000;00000000;00000000;00000000;0000000143500;0000000143500;0000000000000;00000000;
20170511;ETH;*;M17 ;0000003890700;0000001236320;00000350;00143900;00143900;00144500;00144000;0000000143500;0000000143500;0000000000000;00000000;
20170511;ETH;*;N17 ;0000000257610;0000000081859;00000195;00143700;00143000;00143700;00143000;0000000143650;0000000143650;0000000000000;00000000;
20170511;ETH;*;Q17 ;0000000000000;0000000000000;00000180;00000000;00000000;00000000;00000000;0000000148000;0000000148000;0000000000000;00000000;
20170511;ETH;*;U17 ;0000000000000;0000000000000;00000000;00000000;00000000;00000000;00000000;0000000157000;0000000163000;0000000000000;00006000;
20170511;ETH;*;V17 ;0000000000000;0000000000000;00000050;00000000;00000000;00000000;00000000;0000000163000;0000000163000;0000000000000;00000000;
20170511;ETH;*;X17 ;0000000000000;0000000000000;00000100;00000000;00000000;00000000;00000000;0000000163000;0000000163000;0000000000000;00000000;
20170511;ETH;*;Z17 ;0000000000000;0000000000000;00000080;00000000;00000000;00000000;00000000;0000000165000;0000000165000;0000000000000;00000000;
20170511;EUR;*;M17 ;0000061987675;0000019641838;00011629;03453800;03442000;03453800;03443200;0000034445040;0000034546340;0000000050650;00101300;
20170511;EUR;*;N17 ;0000000000000;0000000000000;00003240;00000000;00000000;00000000;00000000;0000034724920;0000034826820;0000000050950;00101900;
20170511;EUR;*;Q17 ;0000000000000;0000000000000;00000037;00000000;00000000;00000000;00000000;0000034980860;0000035085950;0000000052545;00105090;
20170511;EUR;*;U17 ;0000000000000;0000000000000;00000000;00000000;00000000;00000000;00000000;0000035269570;0000035376300;0000000000000;00106730;
20170511;EUR;*;V17 ;0000000000000;0000000000000;00000000;00000000;00000000;00000000;00000000;0000035494830;0000035607040;0000000000000;00112210;
20170511;FRC;*;F18 ;0000000000000;0000000000000;00000000;00000192;00000189;00000192;00000191;0000000000192;0000000000190;0000000000001;00000002;
20170511;FRC;*;F19 ;0000000000000;0000000000000;00000000;00000223;00000223;00000223;00000223;0000000000223;0000000000221;0000000000001;00000002;
20170511;FRC;*;F20 ;0000000000000;0000000000000;00000000;00000264;00000264;00000264;00000264;0000000000264;0000000000263;0000000000000;00000001;
20170511;FRC;*;F21 ;0000000000000;0000000000000;00000000;00000307;00000307;00000307;00000307;0000000000307;0000000000305;0000000000001;00000002;
20170511;FRC;*;F22 ;0000000000000;0000000000000;00000000;00000345;00000345;00000345;00000345;0000000000345;0000000000346;0000000000000;00000001;
20170511;FRC;*;F23 ;0000000000000;0000000000000;00000000;00000000;00000000;00000000;00000000;0000000000380;0000000000384;0000000000000;00000004;
20170511;FRC;*;F24 ;0000000000000;0000000000000;00000000;00000419;00000418;00000419;00000418;0000000000419;0000000000425;0000000000003;00000006;
20170511;FRC;*;F25 ;0000000000000;0000000000000;00000000;00000453;00000453;00000453;00000453;0000000000453;0000000000458;0000000000002;00000005;
20170511;FRC;*;F26 ;0000000000000;0000000000000;00000000;00000000;00000000;00000000;00000000;0000000000491;0000000000496;0000000000000;00000005;
20170511;FRC;*;F27 ;0000000000000;0000000000000;00000000;00000000;00000000;00000000;00000000;0000000000525;0000000000530;0000000000000;00000005;
20170511;FRC;*;F28 ;0000000000000;0000000000000;00000000;00000000;00000000;00000000;00000000;0000000000555;0000000000560;0000000000000;00000005;
20170511;FRC;*;F29 ;0000000000000;0000000000000;00000000;00000000;00000000;00000000;00000000;0000000000586;0000000000591;0000000000000;00000005;
20170511;FRC;*;F30 ;0000000000000;0000000000000;00000000;00000000;00000000;00000000;00000000;0000000000615;0000000000620;0000000000000;00000005;
20170511;FRC;*;G18 ;0000000000000;0000000000000;00000000;00000190;00000190;00000190;00000190;0000000000190;0000000000189;0000000000000;00000001;
20170511;FRC;*;H18 ;0000000000000;0000000000000;00000000;00000191;00000191;00000191;00000191;0000000000191;0000000000190;0000000000000;00000001;
20170511;FRC;*;J18 ;0000000000000;0000000000000;00000000;00000196;00000196;00000196;00000196;0000000000197;0000000000195;0000000000001;00000002;
20170511;FRC;*;J19 ;0000000000000;0000000000000;00000000;00000230;00000230;00000230;00000230;0000000000230;0000000000227;0000000000001;00000003;
20170511;FRC;*;J20 ;0000000000000;0000000000000;00000000;00000272;00000272;00000272;00000272;0000000000274;0000000000274;0000000000000;00000000;
20170511;FRC;*;J21 ;0000000000000;0000000000000;00000000;00000000;00000000;00000000;00000000;0000000000317;0000000000316;0000000000000;00000001;
20170511;FRC;*;J22 ;0000000000000;0000000000000;00000000;00000000;00000000;00000000;00000000;0000000000356;0000000000358;0000000000000;00000002;
20170511;FRC;*;K18 ;0000000000000;0000000000000;00000000;00000196;00000196;00000196;00000196;0000000000196;0000000000194;0000000000001;00000002;
20170511;FRC;*;N17 ;0000000000000;0000000000000;00000000;00000134;00000133;00000136;00000133;0000000000133;0000000000133;0000000000000;00000000;
20170511;FRC;*;N18 ;0000000000000;0000000000000;00000000;00000204;00000204;00000205;00000205;0000000000203;0000000000201;0000000000001;00000002;
20170511;FRC;*;N19 ;0000000000000;0000000000000;00000000;00000237;00000237;00000237;00000237;0000000000240;0000000000237;0000000000001;00000003;
20170511;FRC;*;N20 ;0000000000000;0000000000000;00000000;00000000;00000000;00000000;00000000;0000000000284;0000000000283;0000000000000;00000001;
20170511;FRC;*;N21 ;0000000000000;0000000000000;00000000;00000000;00000000;00000000;00000000;0000000000326;0000000000326;0000000000000;00000000;
20170511;FRC;*;Q17 ;0000000000000;0000000000000;00000000;00000179;00000179;00000179;00000179;0000000000179;0000000000178;0000000000000;00000001;
20170511;FRC;*;U17 ;0000000000000;0000000000000;00000000;00000172;00000172;00000172;00000172;0000000000172;0000000000172;0000000000000;00000000;
20170511;FRC;*;V17 ;0000000000000;0000000000000;00000000;00000181;00000180;00000181;00000180;0000000000181;0000000000181;0000000000000;00000000;
20170511;FRC;*;V18 ;0000000000000;0000000000000;00000000;00000000;00000000;00000000;00000000;0000000000209;0000000000207;0000000000000;00000002;
20170511;FRC;*;V19 ;0000000000000;0000000000000;00000000;00000246;00000246;00000249;00000249;0000000000249;0000000000246;0000000000001;00000003;
20170511;FRC;*;V20 ;0000000000000;0000000000000;00000000;00000000;00000000;00000000;00000000;0000000000294;0000000000293;0000000000000;00000001;
20170511;FRC;*;V21 ;0000000000000;0000000000000;00000000;00000000;00000000;00000000;00000000;0000000000334;0000000000334;0000000000000;00000000;
20170511;FRC;*;X17 ;0000000000000;0000000000000;00000000;00000182;00000182;00000182;00000182;0000000000182;0000000000182;0000000000000;00000000;
20170511;FRC;*;Z17 ;0000000000000;0000000000000;00000000;00000187;00000187;00000187;00000187;0000000000187;0000000000186;0000000000000;00000001;
20170511;FRO;*;F18 ;0000000000000;0000000000000;00000000;00000000;00000000;00000000;00000000;0000000000193;0000000000191;0000000000000;00000002;
20170511;FRO;*;F19 ;0000000000000;0000000000000;00000000;00000000;00000000;00000000;00000000;0000000000224;0000000000222;0000000000000;00000002;
20170511;FRO;*;F20 ;0000000000000;0000000000000;00000000;00000000;00000000;00000000;00000000;0000000000266;0000000000265;0000000000000;00000001;
20170511;FRO;*;F21 ;0000000000000;0000000000000;00000000;00000000;00000000;00000000;00000000;0000000000309;0000000000307;0000000000000;00000002;
20170511;FRO;*;F22 ;0000000000000;0000000000000;00000000;00000000;00000000;00000000;00000000;0000000000347;0000000000348;0000000000000;00000001;
20170511;FRO;*;F23 ;0000000000000;0000000000000;00000000;00000000;00000000;00000000;00000000;0000000000382;0000000000386;0000000000000;00000004;
20170511;FRO;*;F24 ;0000000000000;0000000000000;00000000;00000000;00000000;00000000;00000000;0000000000421;0000000000427;0000000000000;00000006;
20170511;FRO;*;F25 ;0000000000000;0000000000000;00000000;00000000;00000000;00000000;00000000;0000000000455;0000000000460;0000000000000;00000005;
20170511;FRO;*;F26 ;0000000000000;0000000000000;00000000;00000000;00000000;00000000;00000000;0000000000493;0000000000498;0000000000000;00000005;
20170511;FRO;*;F27 ;0000000000000;0000000000000;00000000;00000000;00000000;00000000;00000000;0000000000528;0000000000533;0000000000000;00000005;
20170511;FRO;*;F28 ;0000000000000;0000000000000;00000000;00000000;00000000;00000000;00000000;0000000000558;0000000000563;0000000000000;00000005;
20170511;FRO;*;F29 ;0000000000000;0000000000000;00000000;00000000;00000000;00000000;00000000;0000000000589;0000000000594;0000000000000;00000005;
20170511;FRO;*;F30 ;0000000000000;0000000000000;00000000;00000000;00000000;00000000;00000000;0000000000618;0000000000623;0000000000000;00000005;
20170511;FRO;*;G18 ;0000000000000;0000000000000;00000000;00000000;00000000;00000000;00000000;0000000000191;0000000000191;0000000000000;00000000;
20170511;FRO;*;H18 ;0000000000000;0000000000000;00000000;00000000;00000000;00000000;00000000;0000000000192;0000000000191;0000000000000;00000001;
20170511;FRO;*;J18 ;0000000000000;0000000000000;00000000;00000000;00000000;00000000;00000000;0000000000198;0000000000196;0000000000000;00000002;
20170511;FRO;*;J19 ;0000000000000;0000000000000;00000000;00000000;00000000;00000000;00000000;0000000000231;0000000000229;0000000000000;00000002;
20170511;FRO;*;J20 ;0000000000000;0000000000000;00000000;00000000;00000000;00000000;00000000;0000000000276;0000000000276;0000000000000;00000000;
20170511;FRO;*;J21 ;0000000000000;0000000000000;00000000;00000000;00000000;00000000;00000000;0000000000319;0000000000318;0000000000000;00000001;
20170511;FRO;*;J22 ;0000000000000;0000000000000;00000000;00000000;00000000;00000000;00000000;0000000000358;0000000000360;0000000000000;00000002;
20170511;FRO;*;K18 ;0000000000000;0000000000000;00000000;00000000;00000000;00000000;00000000;0000000000197;0000000000195;0000000000000;00000002;
20170511;FRO;*;N17 ;0000000000000;0000000000000;00000000;00000000;00000000;00000000;00000000;0000000000135;0000000000135;0000000000000;00000000;
20170511;FRO;*;N18 ;0000000000000;0000000000000;00000000;00000000;00000000;00000000;00000000;0000000000204;0000000000202;0000000000000;00000002;
20170511;FRO;*;N19 ;0000000000000;0000000000000;00000000;00000000;00000000;00000000;00000000;0000000000242;0000000000239;0000000000000;00000003;
20170511;FRO;*;N20 ;0000000000000;0000000000000;00000000;00000000;00000000;00000000;00000000;0000000000286;0000000000285;0000000000000;00000001;
20170511;FRO;*;N21 ;0000000000000;0000000000000;00000000;00000000;00000000;00000000;00000000;0000000000328;0000000000328;0000000000000;00000000;
20170511;FRO;*;Q17 ;0000000000000;0000000000000;00000000;00000000;00000000;00000000;00000000;0000000000181;0000000000180;0000000000000;00000001;
20170511;FRO;*;U17 ;0000000000000;0000000000000;00000000;00000000;00000000;00000000;00000000;0000000000174;0000000000174;0000000000000;00000000;
20170511;FRO;*;V17 ;0000000000000;0000000000000;00000000;00000000;00000000;00000000;00000000;0000000000182;0000000000183;0000000000000;00000001;
20170511;FRO;*;V18 ;0000000000000;0000000000000;00000000;00000000;00000000;00000000;00000000;0000000000210;0000000000208;0000000000000;00000002;
20170511;FRO;*;V19 ;0000000000000;0000000000000;00000000;00000000;00000000;00000000;00000000;0000000000251;0000000000248;0000000000000;00000003;
20170511;FRO;*;V20 ;0000000000000;0000000000000;00000000;00000000;00000000;00000000;00000000;0000000000296;0000000000295;0000000000000;00000001;
20170511;FRO;*;V21 ;0000000000000;0000000000000;00000000;00000000;00000000;00000000;00000000;0000000000336;0000000000336;0000000000000;00000000;
20170511;FRO;*;X17 ;0000000000000;0000000000000;00000000;00000000;00000000;00000000;00000000;0000000000184;0000000000184;0000000000000;00000000;
20170511;FRO;*;Z17 ;0000000000000;0000000000000;00000000;00000000;00000000;00000000;00000000;0000000000189;0000000000188;0000000000000;00000001;
20170511;FRP;*;FRP0;0000000000000;0000000000000;00000000;00001600;00001400;00001610;00001400;0000000000000;0000000000000;0000000000000;00000000;
20170511;FRP;*;FRP1;0000000000000;0000000000000;00000000;00001570;00001570;00001570;00001570;0000000000000;0000000000000;0000000000000;00000000;
20170511;GBP;*;M17 ;0000014999355;0000004752798;00000991;04075600;04075600;04083800;04083800;0000040841590;0000041142560;0000000105339;00300970;
20170511;GBP;*;N17 ;0000000000000;0000000000000;00000012;00000000;00000000;00000000;00000000;0000041148630;0000041452200;0000000106249;00303570;
20170511;GBP;*;Q17 ;0000000000000;0000000000000;00000000;00000000;00000000;00000000;00000000;0000041428500;0000041736390;0000000000000;00307890;
20170511;HSI;*;K17 ;0000000000000;0000000000000;00000000;00000000;00000000;00000000;00000000;0000000025068;0000000024921;0000000000000;00000147;
20170511;HSI;*;M17 ;0000000000000;0000000000000;00000000;00000000;00000000;00000000;00000000;0000000024859;0000000024712;0000000000000;00000147;
20170511;IAP;*;K17 ;0000000000000;0000000000000;00000000;00000000;00000000;00000000;00000000;0000000482838;0000000482824;0000000000350;00000014;
20170511;IAP;*;K19 ;0000000000000;0000000000000;00000000;00000000;00000000;00000000;00000000;0000000525811;0000000525712;0000000000000;00000099;
20170511;IAP;*;K21 ;0000000000000;0000000000000;00000000;00000000;00000000;00000000;00000000;0000000576552;0000000576280;0000000000000;00000272;
20170511;IAP;*;M17 ;0000000000000;0000000000000;00000000;00000000;00000000;00000000;00000000;0000000485040;0000000485041;0000000000000;00000001;
20170511;IAP;*;N17 ;0000000000000;0000000000000;00000000;00000000;00000000;00000000;00000000;0000000485933;0000000485945;0000000000000;00000012;
20170511;IAP;*;Q18 ;0000000000000;0000000000000;00000000;00000000;00000000;00000000;00000000;0000000507218;0000000507321;0000000000000;00000103;
20170511;IAP;*;Q20 ;0000000000000;0000000000000;00000000;00000000;00000000;00000000;00000000;0000000558161;0000000558197;0000000000000;00000036;
20170511;IAP;*;Q22 ;0000000000000;0000000000000;00000000;00000000;00000000;00000000;00000000;0000000611837;0000000611862;0000000000000;00000025;
20170511;ICF;*;H18 ;0000000000000;0000000000000;00000000;00000000;00000000;00000000;00000000;0000000017180;0000000017480;0000000000000;00000300;
20170511;ICF;*;K17 ;0000000000000;0000000000000;00000000;00000000;00000000;00000000;00000000;0000000015650;0000000015970;0000000100704;00000320;
20170511;ICF;*;N17 ;0000000000000;0000000000000;00000177;00000000;00000000;00000000;00000000;0000000015885;0000000016200;0000000099130;00000315;
20170511;ICF;*;U17 ;0000014397682;0000004575050;00005830;00016600;00016300;00016670;00016370;0000000016395;0000000016635;0000000075528;00000240;
20170511;ICF;*;U18 ;0000011647456;0000003701130;00000843;00017700;00017295;00017700;00017370;0000000017405;0000000017700;0000000092836;00000295;
20170511;ICF;*;U19 ;0000000000000;0000000000000;00000377;00000000;00000000;00000000;00000000;0000000017800;0000000018085;0000000089689;00000285;
20170511;ICF;*;Z17 ;0000000000000;0000000000000;00000261;00000000;00000000;00000000;00000000;0000000016725;0000000017035;0000000097557;00000310;
20170511;ICF;*;Z18 ;0000000000000;0000000000000;00000032;00000000;00000000;00000000;00000000;0000000017290;0000000017580;0000000091263;00000290;
20170511;IGM;*;K19 ;0000000000000;0000000000000;00000000;00000000;00000000;00000000;00000000;0000000710824;0000000711477;0000000000000;00000653;
20170511;IGM;*;K21 ;0000000000000;0000000000000;00000000;00000000;00000000;00000000;00000000;0000000780874;0000000782115;0000000000000;00001241;
20170511;IGM;*;Q18 ;0000000000000;0000000000000;00000000;00000000;00000000;00000000;00000000;0000000689027;0000000689434;0000000008140;00000407;
20170511;IGM;*;Q20 ;0000000000000;0000000000000;00000000;00000000;00000000;00000000;00000000;0000000753418;0000000754893;0000000000000;00001475;
20170511;IND;*;G18 ;0000000000000;0000000000000;00000000;00000000;00000000;00000000;00000000;0000000071647;0000000071551;0000000000000;00000096;
20170511;IND;*;G19 ;0000000000000;0000000000000;00000000;00000000;00000000;00000000;00000000;0000000077392;0000000077370;0000000000000;00000022;
20170511;IND;*;J18 ;0000000000000;0000000000000;00000000;00000000;00000000;00000000;00000000;0000000072565;0000000072482;0000000000000;00000083;
20170511;IND;*;M17 ;0004272476675;0001353806101;00260178;00068000;00067750;00068365;00068085;0000000068164;0000000068030;0000000013400;00000134;
20170511;IND;*;M18 ;0000000000000;0000000000000;00001080;00000000;00000000;00000000;00000000;0000000073389;0000000073318;0000000007100;00000071;
20170511;IND;*;Q17 ;0000050691000;0000016062296;00006040;00068900;00068900;00069200;00069200;0000000069179;0000000069051;0000000012800;00000128;
20170511;IND;*;Q18 ;0000000000000;0000000000000;00000000;00000000;00000000;00000000;00000000;0000000074400;0000000074348;0000000000000;00000052;
20170511;IND;*;V17 ;0000000000000;0000000000000;00001740;00000000;00000000;00000000;00000000;0000000070083;0000000069962;0000000012100;00000121;
20170511;IND;*;V18 ;0000000000000;0000000000000;00000000;00000000;00000000;00000000;00000000;0000000075394;0000000075356;0000000000000;00000038;
20170511;IND;*;Z17 ;0000052132500;0000016519060;00013885;00070700;00070700;00071100;00071100;0000000070877;0000000070771;0000000010600;00000106;
20170511;IND;*;Z18 ;0000000000000;0000000000000;00000150;00000000;00000000;00000000;00000000;0000000076305;0000000076273;0000000003200;00000032;
20170511;ISP;*;M17 ;0000303623778;0000096480387;00004039;00239000;00237950;00239350;00239175;0000000239050;0000000239575;0000000082608;00000525;
20170511;ISP;*;M18 ;0000000000000;0000000000000;00000000;00000000;00000000;00000000;00000000;0000000238400;0000000238975;0000000000000;00000575;
20170511;ISP;*;U17 ;0000000000000;0000000000000;00000005;00000000;00000000;00000000;00000000;0000000238800;0000000239325;0000000082608;00000525;
20170511;ISP;*;Z17 ;0000000000000;0000000000000;00000000;00000000;00000000;00000000;00000000;0000000238500;0000000239075;0000000000000;00000575;
20170511;JPY;*;M17 ;0000018203900;0000005768212;00002236;02800600;02800600;02800600;02800600;0000027829700;0000027811900;0000000008900;00017800;
20170511;JPY;*;N17 ;0000000000000;0000000000000;00000260;00000000;00000000;00000000;00000000;0000028046100;0000028028400;0000000008850;00017700;
20170511;JPY;*;Q17 ;0000000000000;0000000000000;00000129;00000000;00000000;00000000;00000000;0000028245200;0000028228900;0000000008150;00016300;
20170511;JPY;*;U17 ;0000000000000;0000000000000;00000000;00000000;00000000;00000000;00000000;0000028471900;0000028456100;0000000000000;00015800;
20170511;JSE;*;M17 ;0000000000000;0000000000000;00000000;00000000;00000000;00000000;00000000;0000000047822;0000000047994;0000000000000;00000172;
20170511;JSE;*;U17 ;0000000000000;0000000000000;00000000;00000000;00000000;00000000;00000000;0000000048212;0000000048365;0000000000000;00000153;
20170511;MIX;*;M17 ;0000000000000;0000000000000;00000000;00000000;00000000;00000000;00000000;0000000002006;0000000002037;0000000000000;00000031;
20170511;MIX;*;U17 ;0000000000000;0000000000000;00000000;00000000;00000000;00000000;00000000;0000000002018;0000000002036;0000000000000;00000018;
20170511;MXN;*;M17 ;0000000000000;0000000000000;00000703;00000000;00000000;00000000;00000000;0000016724370;0000016640840;0000000062647;00083530;
20170511;MXN;*;N17 ;0000000000000;0000000000000;00000019;00000000;00000000;00000000;00000000;0000016750230;0000016666590;0000000062730;00083640;
20170511;MXN;*;Q17 ;0000000000000;0000000000000;00000000;00000000;00000000;00000000;00000000;0000016772450;0000016689590;0000000000000;00082860;
20170511;NZD;*;M17 ;0000022776900;0000007217244;00000090;02169400;02169100;02169400;02169100;0000021697950;0000022025370;0000000245565;00327420;
20170511;NZD;*;N17 ;0000000000000;0000000000000;00000000;00000000;00000000;00000000;00000000;0000021830330;0000022158500;0000000000000;00328170;
20170511;NZD;*;Q17 ;0000000000000;0000000000000;00000000;00000000;00000000;00000000;00000000;0000021947920;0000022276490;0000000000000;00328570;
20170511;OC1;*;F18 ;0000000000000;0000000000000;00000000;00000000;00000000;00000000;00000000;0000009453446;0000009448493;0000000000000;00004953;
20170511;OC1;*;F19 ;0000000000000;0000000000000;00000000;00000000;00000000;00000000;00000000;0000008685408;0000008671763;0000000000000;00013645;
20170511;OC1;*;F20 ;0000000000000;0000000000000;00000000;00000000;00000000;00000000;00000000;0000007886968;0000007870363;0000000000000;00016605;
20170511;OC1;*;F21 ;0000000000000;0000000000000;00000000;00000000;00000000;00000000;00000000;0000007134051;0000007115303;0000000000000;00018748;
20170511;OC1;*;F22 ;0000000000000;0000000000000;00000000;00000000;00000000;00000000;00000000;0000006448027;0000006427974;0000000000000;00020053;
20170511;OC1;*;F23 ;0000000000000;0000000000000;00000000;00000000;00000000;00000000;00000000;0000005824993;0000005804416;0000000000000;00020577;
20170511;OC1;*;F24 ;0000000000000;0000000000000;00000000;00000000;00000000;00000000;00000000;0000005273476;0000005246824;0000000000000;00026652;
20170511;OC1;*;F25 ;0000000000000;0000000000000;00000000;00000000;00000000;00000000;00000000;0000004758561;0000004735417;0000000000000;00023144;
20170511;OC1;*;F26 ;0000000000000;0000000000000;00000000;00000000;00000000;00000000;00000000;0000004294757;0000004271111;0000000000000;00023646;
20170511;OC1;*;F27 ;0000000000000;0000000000000;00000000;00000000;00000000;00000000;00000000;0000003869397;0000003849329;0000000000000;00020068;
20170511;OC1;*;F28 ;0000000000000;0000000000000;00000000;00000000;00000000;00000000;00000000;0000003504571;0000003484509;0000000000000;00020062;
20170511;OC1;*;F29 ;0000000000000;0000000000000;00000000;00000000;00000000;00000000;00000000;0000003175899;0000003156023;0000000000000;00019876;
20170511;OC1;*;F30 ;0000000000000;0000000000000;00000000;00000000;00000000;00000000;00000000;0000002861135;0000002841702;0000000000000;00019433;
20170511;OC1;*;G18 ;0000000000000;0000000000000;00000000;00000000;00000000;00000000;00000000;0000009385738;0000009379959;0000000000000;00005779;
20170511;OC1;*;H18 ;0000000000000;0000000000000;00000000;00000000;00000000;00000000;00000000;0000009331079;0000009324721;0000000000000;00006358;
20170511;OC1;*;J18 ;0000000000000;0000000000000;00000000;00000000;00000000;00000000;00000000;0000009266971;0000009259789;0000000000000;00007182;
20170511;OC1;*;J19 ;0000000000000;0000000000000;00000000;00000000;00000000;00000000;00000000;0000008491019;0000008475449;0000000000000;00015570;
20170511;OC1;*;J20 ;0000000000000;0000000000000;00000000;00000000;00000000;00000000;00000000;0000007694820;0000007676046;0000000000000;00018774;
20170511;OC1;*;J21 ;0000000000000;0000000000000;00000000;00000000;00000000;00000000;00000000;0000006959008;0000006942170;0000000000000;00016838;
20170511;OC1;*;J22 ;0000000000000;0000000000000;00000000;00000000;00000000;00000000;00000000;0000006288997;0000006268664;0000000000000;00020333;
20170511;OC1;*;K18 ;0000000000000;0000000000000;00000000;00000000;00000000;00000000;00000000;0000009203895;0000009195871;0000000000000;00008024;
20170511;OC1;*;M17 ;0000000000000;0000000000000;00000000;00000000;00000000;00000000;00000000;0000009937248;0000009937274;0000000000000;00000026;
20170511;OC1;*;N17 ;0000000000000;0000000000000;00000000;00000000;00000000;00000000;00000000;0000009858414;0000009858317;0000000000000;00000097;
20170511;OC1;*;N18 ;0000000000000;0000000000000;00000000;00000000;00000000;00000000;00000000;0000009074561;0000009064889;0000000000000;00009672;
20170511;OC1;*;N19 ;0000000000000;0000000000000;00000000;00000000;00000000;00000000;00000000;0000008294246;0000008277113;0000000000000;00017133;
20170511;OC1;*;N20 ;0000000000000;0000000000000;00000000;00000000;00000000;00000000;00000000;0000007506900;0000007490207;0000000000000;00016693;
20170511;OC1;*;N21 ;0000000000000;0000000000000;00000000;00000000;00000000;00000000;00000000;0000006784013;0000006767801;0000000000000;00016212;
20170511;OC1;*;N22 ;0000000000000;0000000000000;00000000;00000000;00000000;00000000;00000000;0000006132592;0000006112036;0000000000000;00020556;
20170511;OC1;*;N23 ;0000000000000;0000000000000;00000000;00000000;00000000;00000000;00000000;0000005544216;0000005520757;0000000000000;00023459;
20170511;OC1;*;N24 ;0000000000000;0000000000000;00000000;00000000;00000000;00000000;00000000;0000005015899;0000004990909;0000000000000;00024990;
20170511;OC1;*;Q17 ;0000000000000;0000000000000;00000000;00000000;00000000;00000000;00000000;0000009781500;0000009780811;0000000000000;00000689;
20170511;OC1;*;U17 ;0000000000000;0000000000000;00000000;00000000;00000000;00000000;00000000;0000009703836;0000009702700;0000000000000;00001136;
20170511;OC1;*;V17 ;0000000000000;0000000000000;00000000;00000000;00000000;00000000;00000000;0000009640265;0000009638100;0000000000000;00002165;
20170511;OC1;*;V18 ;0000000000000;0000000000000;00000000;00000000;00000000;00000000;00000000;0000008877685;0000008864819;0000000000000;00012866;
20170511;OC1;*;V19 ;0000000000000;0000000000000;00000000;00000000;00000000;00000000;00000000;0000008085321;0000008065601;0000000000000;00019720;
20170511;OC1;*;V20 ;0000000000000;0000000000000;00000000;00000000;00000000;00000000;00000000;0000007313133;0000007289644;0000000000000;00023489;
20170511;OC1;*;V21 ;0000000000000;0000000000000;00000000;00000000;00000000;00000000;00000000;0000006611940;0000006599072;0000000000000;00012868;
20170511;OC1;*;X17 ;0000000000000;0000000000000;00000000;00000000;00000000;00000000;00000000;0000009574139;0000009571749;0000000000000;00002390;
20170511;OC1;*;Z17 ;0000000000000;0000000000000;00000000;00000000;00000000;00000000;00000000;0000009513298;0000009509021;0000000000000;00004277;
20170511;OZ1;*;0000;0000001136911;0000000360249;00000000;00123000;00122600;00123500;00122600;0000000123032;0000000123092;0000000000000;00000900;
20170511;OZ1;*;M17 ;0000000000000;0000000000000;00000000;00000000;00000000;00000000;00000000;0000000123321;0000000124278;0000000000000;00000957;
20170511;OZ1;*;N17 ;0000000000000;0000000000000;00000000;00000000;00000000;00000000;00000000;0000000124311;0000000125277;0000000000000;00000966;
20170511;OZ2;*;0000;0000000131583;0000000041694;00000000;00123500;00122999;00124000;00123000;0000000123098;0000000123637;0000000000000;00000100;
20170511;OZ3;*;0000;0000000006245;0000000001979;00000000;00123000;00122500;00123000;00123000;0000000122813;0000000123000;0000000000000;00000000;
20170511;SCS;*;M701;0000000000000;0000000000000;00088700;00000000;00000000;00000000;00000000;0000000000000;0000000000000;0000000000000;00000000;
20170511;SCS;*;N703;0000000000000;0000000000000;00138770;00000000;00000000;00000000;00000000;0000000000000;0000000000000;0000000000000;00000000;
20170511;SCS;*;Q701;0000000000000;0000000000000;00051500;00000000;00000000;00000000;00000000;0000000000000;0000000000000;0000000000000;00000000;
20170511;SCS;*;V702;0000000000000;0000000000000;00076285;00000000;00000000;00000000;00000000;0000000000000;0000000000000;0000000000000;00000000;
20170511;SFI;*;K18 ;0000000000000;0000000000000;00000000;00000000;00000000;00000000;00000000;0000000002085;0000000002089;0000000000000;00000004;
20170511;SFI;*;N17 ;0000000000000;0000000000000;00000000;00000000;00000000;00000000;00000000;0000000002066;0000000002075;0000000000000;00000009;
20170511;SFI;*;X17 ;0000000000000;0000000000000;00000000;00000000;00000000;00000000;00000000;0000000002054;0000000002060;0000000000000;00000006;
20170511;SJC;*;F18 ;0000000000000;0000000000000;00000000;00000000;00000000;00000000;00000000;0000000214120;0000000214672;0000000000000;00000552;
20170511;SJC;*;H18 ;0000000000000;0000000000000;00000000;00000000;00000000;00000000;00000000;0000000214892;0000000215333;0000000000000;00000441;
20170511;SJC;*;K18 ;0000000000000;0000000000000;00000000;00000000;00000000;00000000;00000000;0000000215884;0000000216325;0000000000000;00000441;
20170511;SJC;*;N17 ;0000002170816;0000000689805;00002732;00002132;00002126;00002132;00002129;0000000213018;0000000213900;0000000012490;00000882;
20170511;SJC;*;N18 ;0000000000000;0000000000000;00000000;00000000;00000000;00000000;00000000;0000000217152;0000000217648;0000000000000;00000496;
20170511;SJC;*;Q17 ;0000000604130;0000000191970;00000016;00002136;00002130;00002136;00002130;0000000213404;0000000214120;0000000010139;00000716;
20170511;SJC;*;U17 ;0000000000000;0000000000000;00000002;00000000;00000000;00000000;00000000;0000000212798;0000000213459;0000000009360;00000661;
20170511;SJC;*;X17 ;0000000059931;0000000019044;00001147;00002116;00002116;00002116;00002116;0000000212522;0000000213128;0000000008581;00000606;
20170511;TRY;*;M17 ;0000000000000;0000000000000;00000066;00000000;00000000;00000000;00000000;0000008806860;0000008814010;0000000005362;00007150;
20170511;TRY;*;N17 ;0000000000000;0000000000000;00000000;00000000;00000000;00000000;00000000;0000008786270;0000008797300;0000000000000;00011030;
20170511;TRY;*;Q17 ;0000000000000;0000000000000;00000000;00000000;00000000;00000000;00000000;0000008760600;0000008776060;0000000000000;00015460;
20170511;T10;*;M17 ;0000031924289;0000010115748;00003048;00125031;00124875;00125031;00124906;0000001249218;0000001248125;0000000034493;00001093;
20170511;T10;*;U17 ;0000000000000;0000000000000;00000000;00000000;00000000;00000000;00000000;0000001245781;0000001244687;0000000000000;00001094;
20170511;WDO;*;F18 ;0000000000000;0000000000000;00000000;00000000;00000000;00000000;00000000;0000032912360;0000033046310;0000000000000;00133950;
20170511;WDO;*;F19 ;0000000000000;0000000000000;00000000;00000000;00000000;00000000;00000000;0000034973930;0000035155790;0000000000000;00181860;
20170511;WDO;*;F20 ;0000000000000;0000000000000;00000000;00000000;00000000;00000000;00000000;0000037304540;0000037524290;0000000000000;00219750;
20170511;WDO;*;F21 ;0000000000000;0000000000000;00000000;00000000;00000000;00000000;00000000;0000039649970;0000039923410;0000000000000;00273440;
20170511;WDO;*;F25 ;0000000000000;0000000000000;00000000;00000000;00000000;00000000;00000000;0000048973000;0000049249110;0000000000000;00276110;
20170511;WDO;*;G18 ;0000000000000;0000000000000;00000000;00000000;00000000;00000000;00000000;0000033101040;0000033238590;0000000000000;00137550;
20170511;WDO;*;H18 ;0000000000000;0000000000000;00000000;00000000;00000000;00000000;00000000;0000033243370;0000033383750;0000000000000;00140380;
20170511;WDO;*;J18 ;0000000000000;0000000000000;00000000;00000000;00000000;00000000;00000000;0000033399970;0000033548130;0000000000000;00148160;
20170511;WDO;*;J19 ;0000000000000;0000000000000;00000000;00000000;00000000;00000000;00000000;0000035537060;0000035746470;0000000000000;00209410;
20170511;WDO;*;J20 ;0000000000000;0000000000000;00000000;00000000;00000000;00000000;00000000;0000037898800;0000038120510;0000000000000;00221710;
20170511;WDO;*;J22 ;0000000000000;0000000000000;00000000;00000000;00000000;00000000;00000000;0000042570610;0000042827980;0000000000000;00257370;
20170511;WDO;*;K18 ;0000000000000;0000000000000;00000000;00000000;00000000;00000000;00000000;0000033577880;0000033729170;0000000000000;00151290;
20170511;WDO;*;M17 ;0016103239065;0005102582168;00035348;03177500;03154500;03184500;03155500;0000031671330;0000031780580;0000000010925;00109250;
20170511;WDO;*;N17 ;0000000000000;0000000000000;00000146;00000000;00000000;00000000;00000000;0000031886380;0000031996900;0000000011052;00110520;
20170511;WDO;*;N18 ;0000000000000;0000000000000;00000000;00000000;00000000;00000000;00000000;0000033919770;0000034079820;0000000000000;00160050;
20170511;WDO;*;N19 ;0000000000000;0000000000000;00000000;00000000;00000000;00000000;00000000;0000036103900;0000036321770;0000000000000;00217870;
20170511;WDO;*;N21 ;0000000000000;0000000000000;00000000;00000000;00000000;00000000;00000000;0000040844940;0000041084970;0000000000000;00240030;
20170511;WDO;*;Q17 ;0000000000000;0000000000000;00000000;00000000;00000000;00000000;00000000;0000032077740;0000032190680;0000000000000;00112940;
20170511;WDO;*;U17 ;0000000000000;0000000000000;00000063;00000000;00000000;00000000;00000000;0000032290200;0000032404950;0000000011475;00114750;
20170511;WDO;*;V17 ;0000000000000;0000000000000;00000000;00000000;00000000;00000000;00000000;0000032444670;0000032563860;0000000000000;00119190;
20170511;WDO;*;V18 ;0000000000000;0000000000000;00000000;00000000;00000000;00000000;00000000;0000034470750;0000034646070;0000000000000;00175320;
20170511;WDO;*;V19 ;0000000000000;0000000000000;00000000;00000000;00000000;00000000;00000000;0000036750120;0000036985130;0000000000000;00235010;
20170511;WDO;*;X17 ;0000000000000;0000000000000;00000024;00000000;00000000;00000000;00000000;0000032618400;0000032738360;0000000011996;00119960;
20170511;WDO;*;Z17 ;0000000000000;0000000000000;00000000;00000000;00000000;00000000;00000000;0000032768850;0000032898520;0000000000000;00129670;
20170511;WEU;*;M17 ;0000000000000;0000000000000;00000000;00000000;00000000;00000000;00000000;0000034445040;0000034546340;0000000000000;00101300;
20170511;WEU;*;N17 ;0000000000000;0000000000000;00000000;00000000;00000000;00000000;00000000;0000034724920;0000034826820;0000000000000;00101900;
20170511;WEU;*;Q17 ;0000000000000;0000000000000;00000000;00000000;00000000;00000000;00000000;0000034980860;0000035085950;0000000000000;00105090;
20170511;WEU;*;U17 ;0000000000000;0000000000000;00000000;00000000;00000000;00000000;00000000;0000035269570;0000035376300;0000000000000;00106730;
20170511;WEU;*;V17 ;0000000000000;0000000000000;00000000;00000000;00000000;00000000;00000000;0000035494830;0000035607040;0000000000000;00112210;
20170511;WIN;*;G18 ;0000000000000;0000000000000;00000000;00000000;00000000;00000000;00000000;0000000071647;0000000071551;0000000000000;00000096;
20170511;WIN;*;G19 ;0000000000000;0000000000000;00000000;00000000;00000000;00000000;00000000;0000000077392;0000000077370;0000000000000;00000022;
20170511;WIN;*;J18 ;0000000000000;0000000000000;00000000;00000000;00000000;00000000;00000000;0000000072565;0000000072482;0000000000000;00000083;
20170511;WIN;*;M17 ;0013852784091;0004389487655;00064342;00067985;00067745;00068365;00068090;0000000068164;0000000068030;0000000002680;00000134;
20170511;WIN;*;M18 ;0000000000000;0000000000000;00000000;00000000;00000000;00000000;00000000;0000000073389;0000000073318;0000000000000;00000071;
20170511;WIN;*;Q17 ;0000000000000;0000000000000;00000002;00000000;00000000;00000000;00000000;0000000069179;0000000069051;0000000002560;00000128;
20170511;WIN;*;Q18 ;0000000000000;0000000000000;00000000;00000000;00000000;00000000;00000000;0000000074400;0000000074348;0000000000000;00000052;
20170511;WIN;*;V17 ;0000000000000;0000000000000;00000000;00000000;00000000;00000000;00000000;0000000070083;0000000069962;0000000000000;00000121;
20170511;WIN;*;V18 ;0000000000000;0000000000000;00000000;00000000;00000000;00000000;00000000;0000000075394;0000000075356;0000000000000;00000038;
20170511;WIN;*;Z17 ;0000000000000;0000000000000;00000000;00000000;00000000;00000000;00000000;0000000070877;0000000070771;0000000000000;00000106;
20170511;WIN;*;Z18 ;0000000000000;0000000000000;00000000;00000000;00000000;00000000;00000000;0000000076305;0000000076273;0000000000000;00000032;
20170511;WTI;*;M17 ;0000000752448;0000000239100;00002365;00004782;00004782;00004782;00004782;0000000004783;0000000004733;0000000015735;00000050;
20170511;WTI;*;N17 ;0000000152378;0000000048420;00000363;00004842;00004842;00004842;00004842;0000000004820;0000000004770;0000000015735;00000050;
20170511;ZAR;*;M17 ;0000000000000;0000000000000;00000013;00000000;00000000;00000000;00000000;0000023648650;0000023485580;0000000057074;00163070;
20170511;ZAR;*;N17 ;0000000000000;0000000000000;00000030;00000000;00000000;00000000;00000000;0000023679080;0000023521260;0000000055237;00157820;
20170511;ZAR;*;Q17 ;0000000000000;0000000000000;00000000;00000000;00000000;00000000;00000000;0000023704970;0000023535250;0000000000000;00169720;
