Data;Código do Contrato;Pregão;Vencimento;Volume(R$);Volume(U$);Número de contas em Aberto;Preço de Abertura;Preço Mínimo;Preço Máximo;Último Preço;Preço de Ajuste Atual; Preço de Ajuste Anterior;Valor de Ajuste por Contrato;Variação
20170512;AUD;*;M17 ;0000000695040;0000000222128;00002072;02316800;02316800;02316800;02316800;0000023180170;0000023344860;0000000098814;00164690;
20170512;AUD;*;N17 ;0000000000000;0000000000000;00000011;00000000;00000000;00000000;00000000;0000023322850;0000023493120;0000000102162;00170270;
20170512;AUD;*;Q17 ;0000000000000;0000000000000;00000000;00000000;00000000;00000000;00000000;0000023454460;0000023624720;0000000000000;00170260;
20170512;BGI;*;F18 ;0000000000000;0000000000000;00000000;00000000;00000000;00000000;00000000;0000000013802;0000000013829;0000000000000;00000027;
20170512;BGI;*;K17 ;0000016353846;0000005235409;00004243;00013610;00013595;00013641;00013595;0000000013601;0000000013621;0000000006600;00000020;
20170512;BGI;*;K18 ;0000000000000;0000000000000;00000050;00000000;00000000;00000000;00000000;0000000014230;0000000014262;0000000010560;00000032;
20170512;BGI;*;M17 ;0000011849913;0000003793550;00001723;00013621;00013590;00013630;00013600;0000000013600;0000000013600;0000000000000;00000000;
20170512;BGI;*;N17 ;0000000135263;0000000043302;00000042;00013663;00013663;00013663;00013663;0000000013641;0000000013663;0000000007260;00000022;
20170512;BGI;*;Q17 ;0000002305624;0000000738107;00000041;00013687;00013687;00013700;00013700;0000000013700;0000000013718;0000000005940;00000018;
20170512;BGI;*;U17 ;0000000045540;0000000014579;00000000;00013800;00013800;00013800;00013800;0000000013809;0000000013826;0000000005610;00000017;
20170512;BGI;*;V17 ;0000007287013;0000002332815;00002797;00013870;00013860;00013920;00013880;0000000013851;0000000013875;0000000007920;00000024;
20170512;BGI;*;V18 ;0000000000000;0000000000000;00000000;00000000;00000000;00000000;00000000;0000000014903;0000000014937;0000000000000;00000034;
20170512;BGI;*;X17 ;0000000000000;0000000000000;00000057;00000000;00000000;00000000;00000000;0000000013921;0000000013945;0000000007920;00000024;
20170512;BGI;*;Z17 ;0000000000000;0000000000000;00000002;00000000;00000000;00000000;00000000;0000000013968;0000000013993;0000000008250;00000025;
20170512;BRI;*;M17 ;0000001489280;0000000475960;00000690;00011456;00011456;00011456;00011456;0000000011454;0000000011344;0000000110000;00000110;
20170512;BRI;*;Q17 ;0000000000000;0000000000000;00000000;00000000;00000000;00000000;00000000;0000000011626;0000000011514;0000000000000;00000112;
20170512;BSE;*;K17 ;0000000000000;0000000000000;00000000;00000000;00000000;00000000;00000000;0000000030285;0000000030355;0000000000000;00000070;
20170512;BSE;*;M17 ;0000000000000;0000000000000;00000000;00000000;00000000;00000000;00000000;0000000030547;0000000030618;0000000000000;00000071;
20170512;CAD;*;M17 ;0000027476100;0000008781112;00001018;02289600;02289600;02291100;02291100;0000022885760;0000023130060;0000000146580;00244300;
20170512;CAD;*;N17 ;0000000000000;0000000000000;00000000;00000000;00000000;00000000;00000000;0000023052000;0000023297010;0000000000000;00245010;
20170512;CAD;*;Q17 ;0000000000000;0000000000000;00000000;00000000;00000000;00000000;00000000;0000023202980;0000023450090;0000000000000;00247110;
20170512;CCM;*;F18 ;0000000206208;0000000066014;00000480;00002875;00002855;00002875;00002855;0000000002823;0000000002841;0000000008100;00000018;
20170512;CCM;*;H18 ;0000000080271;0000000025697;00000248;00002973;00002973;00002973;00002973;0000000002944;0000000002990;0000000020700;00000046;
20170512;CCM;*;K17 ;0000008592615;0000002750781;00003737;00002793;00002785;00002799;00002795;0000000002795;0000000002788;0000000003150;00000007;
20170512;CCM;*;K18 ;0000000000000;0000000000000;00000000;00000000;00000000;00000000;00000000;0000000002920;0000000002934;0000000000000;00000014;
20170512;CCM;*;N17 ;0000000000000;0000000000000;00000000;00000000;00000000;00000000;00000000;0000000002734;0000000002739;0000000000000;00000005;
20170512;CCM;*;N18 ;0000000000000;0000000000000;00000000;00000000;00000000;00000000;00000000;0000000002901;0000000002889;0000000000000;00000012;
20170512;CCM;*;U17 ;0000021081114;0000006748764;00019582;00002690;00002662;00002695;00002674;0000000002672;0000000002688;0000000007200;00000016;
20170512;CCM;*;U18 ;0000000000000;0000000000000;00000000;00000000;00000000;00000000;00000000;0000000002882;0000000002845;0000000000000;00000037;
20170512;CCM;*;X17 ;0000000442179;0000000141556;00000854;00002728;00002726;00002730;00002730;0000000002686;0000000002703;0000000007650;00000017;
20170512;CCM;*;X18 ;0000000000000;0000000000000;00000000;00000000;00000000;00000000;00000000;0000000002950;0000000002913;0000000000000;00000037;
20170512;CHF;*;M17 ;0000000000000;0000000000000;00000119;00000000;00000000;00000000;00000000;0000031339050;0000031482330;0000000071640;00143280;
20170512;CHF;*;N17 ;0000000000000;0000000000000;00000000;00000000;00000000;00000000;00000000;0000031617700;0000031765550;0000000000000;00147850;
20170512;CHF;*;Q17 ;0000000000000;0000000000000;00000000;00000000;00000000;00000000;00000000;0000031869430;0000032016970;0000000000000;00147540;
20170512;CLP;*;M17 ;0000000000000;0000000000000;00000737;00000000;00000000;00000000;00000000;0000046676000;0000047073000;0000000099250;00397000;
20170512;CLP;*;N17 ;0000000000000;0000000000000;00000000;00000000;00000000;00000000;00000000;0000046913000;0000047319000;0000000000000;00406000;
20170512;CLP;*;Q17 ;0000000000000;0000000000000;00000000;00000000;00000000;00000000;00000000;0000047135000;0000047535000;0000000000000;00400000;
20170512;CNY;*;M17 ;0000000000000;0000000000000;00000000;00000000;00000000;00000000;00000000;0000045398630;0000045797470;0000000000000;00398840;
20170512;CNY;*;N17 ;0000000000000;0000000000000;00000090;00000000;00000000;00000000;00000000;0000045595820;0000045963430;0000000128663;00367610;
20170512;CNY;*;Q17 ;0000000000000;0000000000000;00000000;00000000;00000000;00000000;00000000;0000045748830;0000046094020;0000000000000;00345190;
20170512;CR1;*;U7Z7;0000000000000;0000000000000;00000000;00000000;00000000;00000000;00000000;0000000000000;0000000000000;0000000000000;00000000;
20170512;DAP;*;F18 ;0000000000000;0000000000000;00005310;00000000;00000000;00000000;00000000;0000009679328;0000009676400;0000000003534;00002928;
20170512;DAP;*;K17 ;0000000000000;0000000000000;00040828;00000000;00000000;00000000;00000000;0000009996428;0000009996104;0000000000391;00000324;
20170512;DAP;*;K19 ;0000070610078;0000022566340;00045005;00000464;00000460;00000464;00000460;0000009139481;0000009135728;0000000004529;00003753;
20170512;DAP;*;K21 ;0000013883919;0000004437174;00012386;00000505;00000505;00000505;00000505;0000008219310;0000008217377;0000000002333;00001933;
20170512;DAP;*;K23 ;0000000000000;0000000000000;00012785;00000000;00000000;00000000;00000000;0000007403154;0000007404193;0000000001254;00001039;
20170512;DAP;*;M17 ;0000000000000;0000000000000;00000000;00000000;00000000;00000000;00000000;0000009949768;0000009949566;0000000000000;00000202;
20170512;DAP;*;N17 ;0000000000000;0000000000000;00002500;00000000;00000000;00000000;00000000;0000009880073;0000009879435;0000000000770;00000638;
20170512;DAP;*;Q17 ;0000000000000;0000000000000;00000000;00000000;00000000;00000000;00000000;0000009834484;0000009834114;0000000000000;00000370;
20170512;DAP;*;Q18 ;0000005121458;0000001636771;00052685;00000480;00000480;00000480;00000480;0000009425659;0000009427099;0000000001738;00001440;
20170512;DAP;*;Q20 ;0000000000000;0000000000000;00005520;00000000;00000000;00000000;00000000;0000008546869;0000008545486;0000000001669;00001383;
20170512;DAP;*;Q22 ;0000042700888;0000013646816;00016483;00000514;00000512;00000515;00000515;0000007690902;0000007691987;0000000001309;00001085;
20170512;DAP;*;Q24 ;0000000837786;0000000267749;00008370;00000518;00000518;00000518;00000518;0000006945736;0000006932390;0000000016108;00013346;
20170512;DAP;*;Q26 ;0000008292139;0000002650092;00002020;00000523;00000523;00000523;00000523;0000006245402;0000006229835;0000000018789;00015567;
20170512;DAP;*;Q30 ;0000000000000;0000000000000;00000235;00000000;00000000;00000000;00000000;0000005126225;0000005088462;0000000045580;00037763;
20170512;DCO;*;F18 ;0000000000000;0000000000000;00000000;00000000;00000000;00000000;00000000;0000009772265;0000009863265;0000000000000;00091000;
20170512;DCO;*;F19 ;0000000000000;0000000000000;00000000;00000000;00000000;00000000;00000000;0000009543502;0000009630036;0000000000000;00086534;
20170512;DCO;*;F20 ;0000000000000;0000000000000;00000000;00000000;00000000;00000000;00000000;0000009244221;0000009325914;0000000000000;00081693;
20170512;DCO;*;F21 ;0000000000000;0000000000000;00000000;00000000;00000000;00000000;00000000;0000008893527;0000008965904;0000000000000;00072377;
20170512;DCO;*;F22 ;0000000000000;0000000000000;00000000;00000000;00000000;00000000;00000000;0000008521727;0000008589034;0000000000000;00067307;
20170512;DCO;*;F23 ;0000000000000;0000000000000;00000000;00000000;00000000;00000000;00000000;0000008140489;0000008201179;0000000000000;00060690;
20170512;DCO;*;F24 ;0000000000000;0000000000000;00000000;00000000;00000000;00000000;00000000;0000007729077;0000007787744;0000000000000;00058667;
20170512;DCO;*;F25 ;0000000000000;0000000000000;00000000;00000000;00000000;00000000;00000000;0000007341150;0000007388127;0000000000000;00046977;
20170512;DCO;*;F26 ;0000000000000;0000000000000;00000000;00000000;00000000;00000000;00000000;0000006934909;0000006977185;0000000000000;00042276;
20170512;DCO;*;F27 ;0000000000000;0000000000000;00000000;00000000;00000000;00000000;00000000;0000006550323;0000006591780;0000000000000;00041457;
20170512;DCO;*;F28 ;0000000000000;0000000000000;00000000;00000000;00000000;00000000;00000000;0000006197937;0000006238400;0000000000000;00040463;
20170512;DCO;*;F29 ;0000000000000;0000000000000;00000000;00000000;00000000;00000000;00000000;0000005860048;0000005895157;0000000000000;00035109;
20170512;DCO;*;F30 ;0000000000000;0000000000000;00000000;00000000;00000000;00000000;00000000;0000005542310;0000005576146;0000000000000;00033836;
20170512;DCO;*;G18 ;0000000000000;0000000000000;00000000;00000000;00000000;00000000;00000000;0000009757235;0000009848808;0000000000000;00091573;
20170512;DCO;*;H18 ;0000000000000;0000000000000;00000000;00000000;00000000;00000000;00000000;0000009740758;0000009833583;0000000000000;00092825;
20170512;DCO;*;J18 ;0000000000000;0000000000000;00000000;00000000;00000000;00000000;00000000;0000009720075;0000009812064;0000000000000;00091989;
20170512;DCO;*;J19 ;0000000000000;0000000000000;00000000;00000000;00000000;00000000;00000000;0000009477595;0000009566214;0000000000000;00088619;
20170512;DCO;*;J20 ;0000000000000;0000000000000;00000000;00000000;00000000;00000000;00000000;0000009164724;0000009243616;0000000000000;00078892;
20170512;DCO;*;J21 ;0000000000000;0000000000000;00000000;00000000;00000000;00000000;00000000;0000008805228;0000008876829;0000000000000;00071601;
20170512;DCO;*;J22 ;0000000000000;0000000000000;00000000;00000000;00000000;00000000;00000000;0000008421585;0000008486554;0000000000000;00064969;
20170512;DCO;*;K18 ;0000000000000;0000000000000;00000000;00000000;00000000;00000000;00000000;0000009702445;0000009797230;0000000000000;00094785;
20170512;DCO;*;M17 ;0000000000000;0000000000000;00000000;00000000;00000000;00000000;00000000;0000009883051;0000009976784;0000000000000;00093733;
20170512;DCO;*;N17 ;0000000000000;0000000000000;00000000;00000000;00000000;00000000;00000000;0000009871105;0000009964814;0000000000000;00093709;
20170512;DCO;*;N18 ;0000000000000;0000000000000;00000000;00000000;00000000;00000000;00000000;0000009663869;0000009757994;0000000000000;00094125;
20170512;DCO;*;N19 ;0000000000000;0000000000000;00000000;00000000;00000000;00000000;00000000;0000009404978;0000009491933;0000000000000;00086955;
20170512;DCO;*;N20 ;0000000000000;0000000000000;00000000;00000000;00000000;00000000;00000000;0000009078131;0000009158303;0000000000000;00080172;
20170512;DCO;*;N21 ;0000000000000;0000000000000;00000000;00000000;00000000;00000000;00000000;0000008712758;0000008783286;0000000000000;00070528;
20170512;DCO;*;Q17 ;0000000000000;0000000000000;00000000;00000000;00000000;00000000;00000000;0000009853018;0000009946369;0000000000000;00093351;
20170512;DCO;*;U17 ;0000000000000;0000000000000;00000000;00000000;00000000;00000000;00000000;0000009838990;0000009932731;0000000000000;00093741;
20170512;DCO;*;V17 ;0000000000000;0000000000000;00000000;00000000;00000000;00000000;00000000;0000009822472;0000009915183;0000000000000;00092711;
20170512;DCO;*;V18 ;0000000000000;0000000000000;00000000;00000000;00000000;00000000;00000000;0000009607609;0000009701489;0000000000000;00093880;
20170512;DCO;*;V19 ;0000000000000;0000000000000;00000000;00000000;00000000;00000000;00000000;0000009333098;0000009418411;0000000000000;00085313;
20170512;DCO;*;V20 ;0000000000000;0000000000000;00000000;00000000;00000000;00000000;00000000;0000008991934;0000009067293;0000000000000;00075359;
20170512;DCO;*;V21 ;0000000000000;0000000000000;00000000;00000000;00000000;00000000;00000000;0000008625081;0000008690902;0000000000000;00065821;
20170512;DCO;*;X17 ;0000000000000;0000000000000;00000000;00000000;00000000;00000000;00000000;0000009806779;0000009899475;0000000000000;00092696;
20170512;DCO;*;Z17 ;0000000000000;0000000000000;00000000;00000000;00000000;00000000;00000000;0000009790217;0000009881901;0000000000000;00091684;
20170512;DDI;*;F18 ;0000000000000;0000000000000;00352143;00000000;00000000;00000000;00000000;0000009772889;0000009863895;0000000143602;00091006;
20170512;DDI;*;F19 ;0000000000000;0000000000000;00111220;00000000;00000000;00000000;00000000;0000009545021;0000009631574;0000000136576;00086553;
20170512;DDI;*;F20 ;0000000000000;0000000000000;00095774;00000000;00000000;00000000;00000000;0000009248804;0000009330568;0000000129019;00081764;
20170512;DDI;*;F21 ;0000000000000;0000000000000;00093401;00000000;00000000;00000000;00000000;0000008899388;0000008971848;0000000114338;00072460;
20170512;DDI;*;F22 ;0000000000000;0000000000000;00035784;00000000;00000000;00000000;00000000;0000008528579;0000008595980;0000000106355;00067401;
20170512;DDI;*;F23 ;0000000000000;0000000000000;00031366;00000000;00000000;00000000;00000000;0000008148083;0000008208871;0000000095920;00060788;
20170512;DDI;*;F24 ;0000000000000;0000000000000;00036585;00000000;00000000;00000000;00000000;0000007737137;0000007795909;0000000092739;00058772;
20170512;DDI;*;F25 ;0000000000000;0000000000000;00020530;00000000;00000000;00000000;00000000;0000007349519;0000007396585;0000000074267;00047066;
20170512;DDI;*;F26 ;0000000000000;0000000000000;00015630;00000000;00000000;00000000;00000000;0000006943354;0000006985715;0000000066843;00042361;
20170512;DDI;*;F27 ;0000000000000;0000000000000;00010950;00000000;00000000;00000000;00000000;0000006562948;0000006604540;0000000065630;00041592;
20170512;DDI;*;F28 ;0000000000000;0000000000000;00000110;00000000;00000000;00000000;00000000;0000006210409;0000006251010;0000000064066;00040601;
20170512;DDI;*;F29 ;0000000000000;0000000000000;00000000;00000000;00000000;00000000;00000000;0000005872244;0000005907475;0000000000000;00035231;
20170512;DDI;*;F30 ;0000000000000;0000000000000;00000500;00000000;00000000;00000000;00000000;0000005554157;0000005588114;0000000053582;00033957;
20170512;DDI;*;G18 ;0000000000000;0000000000000;00027690;00000000;00000000;00000000;00000000;0000009757935;0000009849517;0000000144511;00091582;
20170512;DDI;*;H18 ;0000000000000;0000000000000;00013260;00000000;00000000;00000000;00000000;0000009741530;0000009834365;0000000146488;00092835;
20170512;DDI;*;J18 ;0000000000000;0000000000000;00087486;00000000;00000000;00000000;00000000;0000009720928;0000009812928;0000000145171;00092000;
20170512;DDI;*;J19 ;0000000000000;0000000000000;00048906;00000000;00000000;00000000;00000000;0000009479314;0000009567958;0000000139875;00088644;
20170512;DDI;*;J20 ;0000000000000;0000000000000;00027455;00000000;00000000;00000000;00000000;0000009169650;0000009248615;0000000124602;00078965;
20170512;DDI;*;J21 ;0000000000000;0000000000000;00005297;00000000;00000000;00000000;00000000;0000008811349;0000008883036;0000000113118;00071687;
20170512;DDI;*;J22 ;0000000000000;0000000000000;00000120;00000000;00000000;00000000;00000000;0000008428624;0000008493687;0000000102666;00065063;
20170512;DDI;*;K18 ;0000000000000;0000000000000;00008340;00000000;00000000;00000000;00000000;0000009703373;0000009798171;0000000149586;00094798;
20170512;DDI;*;M17 ;0000000000000;0000000000000;00445255;00000000;00000000;00000000;00000000;0000009883105;0000009976893;0000000147992;00093788;
20170512;DDI;*;N17 ;0000000000000;0000000000000;00531595;00000000;00000000;00000000;00000000;0000009871387;0000009965098;0000000147871;00093711;
20170512;DDI;*;N18 ;0000000000000;0000000000000;00057271;00000000;00000000;00000000;00000000;0000009664948;0000009759089;0000000148549;00094141;
20170512;DDI;*;N19 ;0000000000000;0000000000000;00057344;00000000;00000000;00000000;00000000;0000009406895;0000009495830;0000000140334;00088935;
20170512;DDI;*;N20 ;0000000000000;0000000000000;00040235;00000000;00000000;00000000;00000000;0000009083381;0000009163633;0000000126633;00080252;
20170512;DDI;*;N21 ;0000000000000;0000000000000;00004420;00000000;00000000;00000000;00000000;0000008719135;0000008789752;0000000111430;00070617;
20170512;DDI;*;Q17 ;0000000000000;0000000000000;00228184;00000000;00000000;00000000;00000000;0000009853454;0000009946812;0000000147314;00093358;
20170512;DDI;*;U17 ;0000000000000;0000000000000;00083445;00000000;00000000;00000000;00000000;0000009839593;0000009933343;0000000147932;00093750;
20170512;DDI;*;V17 ;0000000000000;0000000000000;00199569;00000000;00000000;00000000;00000000;0000009822856;0000009915569;0000000146296;00092713;
20170512;DDI;*;V18 ;0000000000000;0000000000000;00055388;00000000;00000000;00000000;00000000;0000009608909;0000009702807;0000000148166;00093898;
20170512;DDI;*;V19 ;0000000000000;0000000000000;00031744;00000000;00000000;00000000;00000000;0000009337320;0000009422701;0000000134726;00085381;
20170512;DDI;*;V20 ;0000000000000;0000000000000;00024040;00000000;00000000;00000000;00000000;0000008997499;0000009072939;0000000119040;00075440;
20170512;DDI;*;V21 ;0000000000000;0000000000000;00002042;00000000;00000000;00000000;00000000;0000008631711;0000008697620;0000000104001;00065909;
20170512;DDI;*;X17 ;0000000000000;0000000000000;00071240;00000000;00000000;00000000;00000000;0000009807704;0000009900414;0000000146291;00092710;
20170512;DDI;*;Z17 ;0000000000000;0000000000000;00054130;00000000;00000000;00000000;00000000;0000009790758;0000009882998;0000000145550;00092240;
20170512;DDM;*;K19 ;0000000000000;0000000000000;00000000;00000000;00000000;00000000;00000000;0000009128698;0000009114381;0000000000000;00014317;
20170512;DDM;*;K21 ;0000000000000;0000000000000;00000000;00000000;00000000;00000000;00000000;0000008226083;0000008206706;0000000000000;00019377;
20170512;DDM;*;K25 ;0000000000000;0000000000000;00000000;00000000;00000000;00000000;00000000;0000006702780;0000006619127;0000000000000;00083653;
20170512;DDM;*;Q18 ;0000000000000;0000000000000;00000000;00000000;00000000;00000000;00000000;0000009452077;0000009444834;0000000000000;00007243;
20170512;DDM;*;Q20 ;0000000000000;0000000000000;00000000;00000000;00000000;00000000;00000000;0000008552802;0000008531422;0000000000000;00021380;
20170512;DI1;*;F18 ;0018138688594;0005796960241;03301658;00009180;00009110;00009180;00009115;0000009459827;0000009458290;0000000001537;00001537;
20170512;DI1;*;F19 ;0021415151899;0006844088175;01661322;00009010;00008930;00009040;00008930;0000008696951;0000008691125;0000000005826;00005826;
20170512;DI1;*;F20 ;0008654078662;0002765764993;01237846;00009400;00009330;00009450;00009350;0000007904413;0000007893501;0000000010912;00010912;
20170512;DI1;*;F21 ;0014003180719;0004475289460;01394909;00009720;00009650;00009760;00009660;0000007154875;0000007141054;0000000013821;00013821;
20170512;DI1;*;F22 ;0000268815399;0000085910962;00078766;00009920;00009860;00009950;00009860;0000006468930;0000006455616;0000000013314;00013314;
20170512;DI1;*;F23 ;0003322290111;0001061773765;00616668;00010090;00010010;00010110;00010020;0000005847482;0000005832794;0000000014688;00014688;
20170512;DI1;*;F24 ;0000007932421;0000002535130;00055980;00010130;00010120;00010130;00010120;0000005297068;0000005281387;0000000015681;00015681;
20170512;DI1;*;F25 ;0001781703955;0000569416413;00550594;00010200;00010180;00010260;00010190;0000004779518;0000004766480;0000000013038;00013038;
20170512;DI1;*;F26 ;0000094058903;0000030060372;00062783;00010290;00010230;00010290;00010240;0000004312577;0000004302606;0000000009971;00009971;
20170512;DI1;*;F27 ;0000960508005;0000306969640;00377054;00010350;00010310;00010380;00010330;0000003890857;0000003877430;0000000013427;00013427;
20170512;DI1;*;F28 ;0000000000000;0000000000000;00000010;00000000;00000000;00000000;00000000;0000003525883;0000003512448;0000000013435;00013435;
20170512;DI1;*;F29 ;0000007946200;0000002539533;00003465;00010390;00010390;00010390;00010390;0000003196901;0000003183579;0000000013322;00013322;
20170512;DI1;*;F30 ;0000000862504;0000000275648;00000270;00010410;00010410;00010410;00010410;0000002881579;0000002868540;0000000013039;00013039;
20170512;DI1;*;G18 ;0000155910964;0000049827729;00018995;00009070;00009060;00009070;00009060;0000009392845;0000009390669;0000000002176;00002176;
20170512;DI1;*;H18 ;0000005603349;0000001790779;00009415;00009000;00009000;00009000;00009000;0000009339051;0000009336079;0000000002972;00002972;
20170512;DI1;*;J18 ;0000925035612;0000295632986;00707339;00009015;00008960;00009015;00008960;0000009274700;0000009272051;0000000002649;00002649;
20170512;DI1;*;J19 ;0001511766637;0000483146896;00506715;00009110;00009030;00009130;00009030;0000008503572;0000008496908;0000000006664;00006664;
20170512;DI1;*;J20 ;0000063561834;0000020313785;00073263;00009490;00009440;00009490;00009440;0000007712175;0000007701486;0000000010689;00010689;
20170512;DI1;*;J21 ;0000003142880;0000001004436;00029745;00009740;00009710;00009740;00009720;0000006984452;0000006966344;0000000018108;00018108;
20170512;DI1;*;J22 ;0000000000000;0000000000000;00000700;00000000;00000000;00000000;00000000;0000006310347;0000006296651;0000000013696;00013696;
20170512;DI1;*;K18 ;0000011050294;0000003531574;00007555;00008965;00008965;00008965;00008965;0000009211826;0000009209053;0000000002773;00002773;
20170512;DI1;*;M17 ;0001907780259;0000609709255;00461300;00011132;00011131;00011137;00011137;0000009941534;0000009941516;0000000000018;00000018;
20170512;DI1;*;N17 ;0052436533799;0016758240268;03901366;00010460;00010435;00010465;00010435;0000009862953;0000009862786;0000000000167;00000167;
20170512;DI1;*;N18 ;0002639911780;0000843691844;00797272;00008940;00008880;00008970;00008890;0000009082914;0000009079870;0000000003044;00003044;
20170512;DI1;*;N19 ;0000602944799;0000192695685;00503328;00009210;00009140;00009240;00009140;0000008307926;0000008300457;0000000007469;00007469;
20170512;DI1;*;N20 ;0003869932320;0001236795244;01257568;00009600;00009530;00009640;00009540;0000007526113;0000007513682;0000000012431;00012431;
20170512;DI1;*;N21 ;0000030962163;0000009895226;00060367;00009860;00009790;00009870;00009790;0000006807686;0000006791436;0000000016250;00016250;
20170512;DI1;*;N22 ;0000000307932;0000000098412;00004180;00009940;00009940;00009940;00009940;0000006154349;0000006140301;0000000014048;00014048;
20170512;DI1;*;N23 ;0000000000000;0000000000000;00003260;00000000;00000000;00000000;00000000;0000005567313;0000005552085;0000000015228;00015228;
20170512;DI1;*;N24 ;0000000000000;0000000000000;00001655;00000000;00000000;00000000;00000000;0000005038245;0000005023825;0000000014420;00014420;
20170512;DI1;*;Q17 ;0002310937587;0000738554678;00237088;00010230;00010225;00010235;00010225;0000009785962;0000009785958;0000000000004;00000004;
20170512;DI1;*;U17 ;0000687396957;0000219685828;00105555;00009875;00009875;00009890;00009890;0000009708813;0000009708405;0000000000408;00000408;
20170512;DI1;*;V17 ;0005434429019;0001736794190;01376293;00009650;00009575;00009655;00009595;0000009645768;0000009644896;0000000000872;00000872;
20170512;DI1;*;V18 ;0000476758523;0000152367697;00597754;00008920;00008880;00008970;00008890;0000008888146;0000008883209;0000000004937;00004937;
20170512;DI1;*;V19 ;0000193880491;0000061962445;00075273;00009320;00009260;00009320;00009260;0000008099979;0000008091702;0000000008277;00008277;
20170512;DI1;*;V20 ;0000004400251;0000001406280;00046048;00009630;00009610;00009630;00009610;0000007330929;0000007320030;0000000010899;00010899;
20170512;DI1;*;V21 ;0000000000000;0000000000000;00012047;00000000;00000000;00000000;00000000;0000006636307;0000006619453;0000000016854;00016854;
20170512;DI1;*;X17 ;0000851152625;0000272020654;00088190;00009450;00009420;00009450;00009420;0000009580375;0000009578863;0000000001512;00001512;
20170512;DI1;*;Z17 ;0000191350110;0000061153758;00074025;00009260;00009260;00009260;00009260;0000009519664;0000009518110;0000000001554;00001554;
20170512;DOL;*;F18 ;0000048895500;0000015626558;00007815;03260000;03259500;03260000;03259500;0000032603410;0000032912360;0000000154475;00308950;
20170512;DOL;*;F19 ;0000000000000;0000000000000;00000000;00000000;00000000;00000000;00000000;0000034636430;0000034973930;0000000000000;00337500;
20170512;DOL;*;F20 ;0000000000000;0000000000000;00000000;00000000;00000000;00000000;00000000;0000036926590;0000037304540;0000000000000;00377950;
20170512;DOL;*;F21 ;0000000000000;0000000000000;00003100;00000000;00000000;00000000;00000000;0000039253770;0000039649970;0000000198100;00396200;
20170512;DOL;*;F25 ;0000000000000;0000000000000;00000000;00000000;00000000;00000000;00000000;0000048528630;0000048973000;0000000000000;00444370;
20170512;DOL;*;G18 ;0000000000000;0000000000000;00000000;00000000;00000000;00000000;00000000;0000032785670;0000033101040;0000000000000;00315370;
20170512;DOL;*;H18 ;0000000000000;0000000000000;00000000;00000000;00000000;00000000;00000000;0000032919080;0000033243370;0000000000000;00324290;
20170512;DOL;*;J18 ;0000029799000;0000009523490;00000000;03311000;03311000;03311000;03311000;0000033077380;0000033399970;0000000161295;00322590;
20170512;DOL;*;J19 ;0000000000000;0000000000000;00000050;00000000;00000000;00000000;00000000;0000035180240;0000035537060;0000000178410;00356820;
20170512;DOL;*;J20 ;0000000000000;0000000000000;00000000;00000000;00000000;00000000;00000000;0000037523140;0000037898800;0000000000000;00375660;
20170512;DOL;*;J22 ;0000000000000;0000000000000;00000000;00000000;00000000;00000000;00000000;0000042152820;0000042570610;0000000000000;00417790;
20170512;DOL;*;K18 ;0000000000000;0000000000000;00000000;00000000;00000000;00000000;00000000;0000033243000;0000033577880;0000000000000;00334880;
20170512;DOL;*;M17 ;0047660274875;0015231791267;00467778;03164500;03131000;03165500;03136500;0000031373580;0000031671330;0000000148875;00297750;
20170512;DOL;*;N17 ;0000169793500;0000054264461;00038031;03168000;03158000;03170000;03158000;0000031585990;0000031886380;0000000150195;00300390;
20170512;DOL;*;N18 ;0000000000000;0000000000000;00000620;00000000;00000000;00000000;00000000;0000033581300;0000033919770;0000000169235;00338470;
20170512;DOL;*;N19 ;0000000000000;0000000000000;00000400;00000000;00000000;00000000;00000000;0000035733610;0000036103900;0000000185145;00370290;
20170512;DOL;*;N21 ;0000000000000;0000000000000;00000000;00000000;00000000;00000000;00000000;0000040420070;0000040844940;0000000000000;00424870;
20170512;DOL;*;Q17 ;0000180787250;0000057777964;00005195;03186500;03180000;03186500;03180000;0000031776660;0000032077740;0000000150540;00301080;
20170512;DOL;*;U17 ;0000000000000;0000000000000;00001385;00000000;00000000;00000000;00000000;0000031984110;0000032290200;0000000153045;00306090;
20170512;DOL;*;V17 ;0000000000000;0000000000000;00003910;00000000;00000000;00000000;00000000;0000032138400;0000032444670;0000000153135;00306270;
20170512;DOL;*;V18 ;0000000000000;0000000000000;00000035;00000000;00000000;00000000;00000000;0000034118200;0000034470750;0000000176275;00352550;
20170512;DOL;*;V19 ;0000000000000;0000000000000;00000000;00000000;00000000;00000000;00000000;0000036379910;0000036750120;0000000000000;00370210;
20170512;DOL;*;X17 ;0000000000000;0000000000000;00000105;00000000;00000000;00000000;00000000;0000032307850;0000032618400;0000000155275;00310550;
20170512;DOL;*;Z17 ;0000000000000;0000000000000;00000005;00000000;00000000;00000000;00000000;0000032457710;0000032768850;0000000155570;00311140;
20170512;DR1;*;M7Q7;0000000000000;0000000000000;00000000;00000000;00000000;00000000;00000000;0000000000000;0000000000000;0000000000000;00000000;
20170512;ETH;*;F18 ;0000000000000;0000000000000;00000000;00000000;00000000;00000000;00000000;0000000168700;0000000168700;0000000000000;00000000;
20170512;ETH;*;K17 ;0000002334750;0000000747431;00000227;00141500;00141500;00141500;00141500;0000000143500;0000000143500;0000000000000;00000000;
20170512;ETH;*;M17 ;0000003157500;0000001010821;00000340;00141000;00140000;00141000;00140000;0000000143500;0000000143500;0000000000000;00000000;
20170512;ETH;*;N17 ;0000001278000;0000000409130;00000196;00142000;00142000;00142000;00142000;0000000143650;0000000143650;0000000000000;00000000;
20170512;ETH;*;Q17 ;0000003027000;0000000969043;00000180;00145000;00143500;00145000;00143500;0000000148000;0000000148000;0000000000000;00000000;
20170512;ETH;*;U17 ;0000000000000;0000000000000;00000000;00000000;00000000;00000000;00000000;0000000157000;0000000157000;0000000000000;00000000;
20170512;ETH;*;V17 ;0000000000000;0000000000000;00000050;00000000;00000000;00000000;00000000;0000000163000;0000000163000;0000000000000;00000000;
20170512;ETH;*;X17 ;0000000000000;0000000000000;00000100;00000000;00000000;00000000;00000000;0000000163000;0000000163000;0000000000000;00000000;
20170512;ETH;*;Z17 ;0000000000000;0000000000000;00000080;00000000;00000000;00000000;00000000;0000000165000;0000000165000;0000000000000;00000000;
20170512;EUR;*;M17 ;0000043775875;0000013990372;00011939;03433000;03427800;03442800;03433000;0000034298920;0000034445040;0000000073060;00146120;
20170512;EUR;*;N17 ;0000000000000;0000000000000;00003240;00000000;00000000;00000000;00000000;0000034577050;0000034724920;0000000073935;00147870;
20170512;EUR;*;Q17 ;0000000000000;0000000000000;00000037;00000000;00000000;00000000;00000000;0000034833120;0000034980860;0000000073870;00147740;
20170512;EUR;*;U17 ;0000000000000;0000000000000;00000000;00000000;00000000;00000000;00000000;0000035115700;0000035269570;0000000000000;00153870;
20170512;EUR;*;V17 ;0000000000000;0000000000000;00000000;00000000;00000000;00000000;00000000;0000035342970;0000035494830;0000000000000;00151860;
20170512;FRC;*;F18 ;0000000000000;0000000000000;00000000;00000192;00000188;00000192;00000189;0000000000189;0000000000192;0000000000001;00000003;
20170512;FRC;*;F19 ;0000000000000;0000000000000;00000000;00000220;00000220;00000220;00000220;0000000000220;0000000000223;0000000000001;00000003;
20170512;FRC;*;F20 ;0000000000000;0000000000000;00000000;00000261;00000261;00000261;00000261;0000000000261;0000000000264;0000000000001;00000003;
20170512;FRC;*;F21 ;0000000000000;0000000000000;00000000;00000302;00000299;00000303;00000303;0000000000303;0000000000307;0000000000002;00000004;
20170512;FRC;*;F22 ;0000000000000;0000000000000;00000000;00000000;00000000;00000000;00000000;0000000000341;0000000000345;0000000000000;00000004;
20170512;FRC;*;F23 ;0000000000000;0000000000000;00000000;00000000;00000000;00000000;00000000;0000000000376;0000000000380;0000000000000;00000004;
20170512;FRC;*;F24 ;0000000000000;0000000000000;00000000;00000419;00000415;00000419;00000415;0000000000415;0000000000419;0000000000002;00000004;
20170512;FRC;*;F25 ;0000000000000;0000000000000;00000000;00000452;00000448;00000452;00000448;0000000000448;0000000000453;0000000000002;00000005;
20170512;FRC;*;F26 ;0000000000000;0000000000000;00000000;00000490;00000490;00000490;00000490;0000000000486;0000000000491;0000000000002;00000005;
20170512;FRC;*;F27 ;0000000000000;0000000000000;00000000;00000000;00000000;00000000;00000000;0000000000520;0000000000525;0000000000000;00000005;
20170512;FRC;*;F28 ;0000000000000;0000000000000;00000000;00000000;00000000;00000000;00000000;0000000000550;0000000000555;0000000000000;00000005;
20170512;FRC;*;F29 ;0000000000000;0000000000000;00000000;00000000;00000000;00000000;00000000;0000000000581;0000000000586;0000000000000;00000005;
20170512;FRC;*;F30 ;0000000000000;0000000000000;00000000;00000000;00000000;00000000;00000000;0000000000610;0000000000615;0000000000000;00000005;
20170512;FRC;*;G18 ;0000000000000;0000000000000;00000000;00000186;00000186;00000191;00000189;0000000000189;0000000000190;0000000000000;00000001;
20170512;FRC;*;H18 ;0000000000000;0000000000000;00000000;00000192;00000192;00000192;00000192;0000000000192;0000000000191;0000000000000;00000001;
20170512;FRC;*;J18 ;0000000000000;0000000000000;00000000;00000197;00000197;00000197;00000197;0000000000197;0000000000197;0000000000000;00000000;
20170512;FRC;*;J19 ;0000000000000;0000000000000;00000000;00000229;00000229;00000229;00000229;0000000000229;0000000000230;0000000000000;00000001;
20170512;FRC;*;J20 ;0000000000000;0000000000000;00000000;00000000;00000000;00000000;00000000;0000000000271;0000000000274;0000000000000;00000003;
20170512;FRC;*;J21 ;0000000000000;0000000000000;00000000;00000000;00000000;00000000;00000000;0000000000313;0000000000317;0000000000000;00000004;
20170512;FRC;*;J22 ;0000000000000;0000000000000;00000000;00000000;00000000;00000000;00000000;0000000000352;0000000000356;0000000000000;00000004;
20170512;FRC;*;K18 ;0000000000000;0000000000000;00000000;00000199;00000199;00000199;00000199;0000000000199;0000000000196;0000000000001;00000003;
20170512;FRC;*;N17 ;0000000000000;0000000000000;00000000;00000134;00000133;00000135;00000134;0000000000134;0000000000133;0000000000000;00000001;
20170512;FRC;*;N18 ;0000000000000;0000000000000;00000000;00000205;00000205;00000205;00000205;0000000000205;0000000000203;0000000000001;00000002;
20170512;FRC;*;N19 ;0000000000000;0000000000000;00000000;00000240;00000240;00000240;00000240;0000000000240;0000000000240;0000000000000;00000000;
20170512;FRC;*;N20 ;0000000000000;0000000000000;00000000;00000000;00000000;00000000;00000000;0000000000281;0000000000284;0000000000000;00000003;
20170512;FRC;*;N21 ;0000000000000;0000000000000;00000000;00000000;00000000;00000000;00000000;0000000000322;0000000000326;0000000000000;00000004;
20170512;FRC;*;Q17 ;0000000000000;0000000000000;00000000;00000179;00000177;00000182;00000177;0000000000178;0000000000179;0000000000000;00000001;
20170512;FRC;*;U17 ;0000000000000;0000000000000;00000000;00000173;00000173;00000173;00000173;0000000000173;0000000000172;0000000000000;00000001;
20170512;FRC;*;V17 ;0000000000000;0000000000000;00000000;00000181;00000178;00000181;00000180;0000000000180;0000000000181;0000000000000;00000001;
20170512;FRC;*;V18 ;0000000000000;0000000000000;00000000;00000211;00000211;00000211;00000211;0000000000211;0000000000209;0000000000001;00000002;
20170512;FRC;*;V19 ;0000000000000;0000000000000;00000000;00000000;00000000;00000000;00000000;0000000000247;0000000000249;0000000000000;00000002;
20170512;FRC;*;V20 ;0000000000000;0000000000000;00000000;00000000;00000000;00000000;00000000;0000000000291;0000000000294;0000000000000;00000003;
20170512;FRC;*;V21 ;0000000000000;0000000000000;00000000;00000000;00000000;00000000;00000000;0000000000330;0000000000334;0000000000000;00000004;
20170512;FRC;*;X17 ;0000000000000;0000000000000;00000000;00000180;00000180;00000181;00000181;0000000000181;0000000000182;0000000000000;00000001;
20170512;FRC;*;Z17 ;0000000000000;0000000000000;00000000;00000000;00000000;00000000;00000000;0000000000185;0000000000187;0000000000000;00000002;
20170512;FRO;*;F18 ;0000000000000;0000000000000;00000000;00000000;00000000;00000000;00000000;0000000000190;0000000000193;0000000000000;00000003;
20170512;FRO;*;F19 ;0000000000000;0000000000000;00000000;00000000;00000000;00000000;00000000;0000000000221;0000000000224;0000000000000;00000003;
20170512;FRO;*;F20 ;0000000000000;0000000000000;00000000;00000000;00000000;00000000;00000000;0000000000263;0000000000266;0000000000000;00000003;
20170512;FRO;*;F21 ;0000000000000;0000000000000;00000000;00000000;00000000;00000000;00000000;0000000000305;0000000000309;0000000000000;00000004;
20170512;FRO;*;F22 ;0000000000000;0000000000000;00000000;00000000;00000000;00000000;00000000;0000000000343;0000000000347;0000000000000;00000004;
20170512;FRO;*;F23 ;0000000000000;0000000000000;00000000;00000000;00000000;00000000;00000000;0000000000378;0000000000382;0000000000000;00000004;
20170512;FRO;*;F24 ;0000000000000;0000000000000;00000000;00000000;00000000;00000000;00000000;0000000000417;0000000000421;0000000000000;00000004;
20170512;FRO;*;F25 ;0000000000000;0000000000000;00000000;00000000;00000000;00000000;00000000;0000000000450;0000000000455;0000000000000;00000005;
20170512;FRO;*;F26 ;0000000000000;0000000000000;00000000;00000000;00000000;00000000;00000000;0000000000488;0000000000493;0000000000000;00000005;
20170512;FRO;*;F27 ;0000000000000;0000000000000;00000000;00000000;00000000;00000000;00000000;0000000000523;0000000000528;0000000000000;00000005;
20170512;FRO;*;F28 ;0000000000000;0000000000000;00000000;00000000;00000000;00000000;00000000;0000000000553;0000000000558;0000000000000;00000005;
20170512;FRO;*;F29 ;0000000000000;0000000000000;00000000;00000000;00000000;00000000;00000000;0000000000584;0000000000589;0000000000000;00000005;
20170512;FRO;*;F30 ;0000000000000;0000000000000;00000000;00000000;00000000;00000000;00000000;0000000000613;0000000000618;0000000000000;00000005;
20170512;FRO;*;G18 ;0000000000000;0000000000000;00000000;00000000;00000000;00000000;00000000;0000000000190;0000000000191;0000000000000;00000001;
20170512;FRO;*;H18 ;0000000000000;0000000000000;00000000;00000000;00000000;00000000;00000000;0000000000193;0000000000192;0000000000000;00000001;
20170512;FRO;*;J18 ;0000000000000;0000000000000;00000000;00000000;00000000;00000000;00000000;0000000000198;0000000000198;0000000000000;00000000;
20170512;FRO;*;J19 ;0000000000000;0000000000000;00000000;00000000;00000000;00000000;00000000;0000000000230;0000000000231;0000000000000;00000001;
20170512;FRO;*;J20 ;0000000000000;0000000000000;00000000;00000000;00000000;00000000;00000000;0000000000273;0000000000276;0000000000000;00000003;
20170512;FRO;*;J21 ;0000000000000;0000000000000;00000000;00000000;00000000;00000000;00000000;0000000000315;0000000000319;0000000000000;00000004;
20170512;FRO;*;J22 ;0000000000000;0000000000000;00000000;00000000;00000000;00000000;00000000;0000000000354;0000000000358;0000000000000;00000004;
20170512;FRO;*;K18 ;0000000000000;0000000000000;00000000;00000000;00000000;00000000;00000000;0000000000200;0000000000197;0000000000000;00000003;
20170512;FRO;*;N17 ;0000000000000;0000000000000;00000000;00000000;00000000;00000000;00000000;0000000000136;0000000000135;0000000000000;00000001;
20170512;FRO;*;N18 ;0000000000000;0000000000000;00000000;00000000;00000000;00000000;00000000;0000000000206;0000000000204;0000000000000;00000002;
20170512;FRO;*;N19 ;0000000000000;0000000000000;00000000;00000000;00000000;00000000;00000000;0000000000241;0000000000242;0000000000000;00000001;
20170512;FRO;*;N20 ;0000000000000;0000000000000;00000000;00000000;00000000;00000000;00000000;0000000000283;0000000000286;0000000000000;00000003;
20170512;FRO;*;N21 ;0000000000000;0000000000000;00000000;00000000;00000000;00000000;00000000;0000000000324;0000000000328;0000000000000;00000004;
20170512;FRO;*;Q17 ;0000000000000;0000000000000;00000000;00000000;00000000;00000000;00000000;0000000000180;0000000000181;0000000000000;00000001;
20170512;FRO;*;U17 ;0000000000000;0000000000000;00000000;00000000;00000000;00000000;00000000;0000000000175;0000000000174;0000000000000;00000001;
20170512;FRO;*;V17 ;0000000000000;0000000000000;00000000;00000000;00000000;00000000;00000000;0000000000181;0000000000182;0000000000000;00000001;
20170512;FRO;*;V18 ;0000000000000;0000000000000;00000000;00000000;00000000;00000000;00000000;0000000000212;0000000000210;0000000000000;00000002;
20170512;FRO;*;V19 ;0000000000000;0000000000000;00000000;00000000;00000000;00000000;00000000;0000000000249;0000000000251;0000000000000;00000002;
20170512;FRO;*;V20 ;0000000000000;0000000000000;00000000;00000000;00000000;00000000;00000000;0000000000293;0000000000296;0000000000000;00000003;
20170512;FRO;*;V21 ;0000000000000;0000000000000;00000000;00000000;00000000;00000000;00000000;0000000000332;0000000000336;0000000000000;00000004;
20170512;FRO;*;X17 ;0000000000000;0000000000000;00000000;00000000;00000000;00000000;00000000;0000000000183;0000000000184;0000000000000;00000001;
20170512;FRO;*;Z17 ;0000000000000;0000000000000;00000000;00000000;00000000;00000000;00000000;0000000000187;0000000000189;0000000000000;00000002;
20170512;FRP;*;FRP0;0000000000000;0000000000000;00000000;00001470;00001310;00001500;00001310;0000000000000;0000000000000;0000000000000;00000000;
20170512;FRP;*;FRP1;0000000000000;0000000000000;00000000;00001430;00001430;00001430;00001430;0000000000000;0000000000000;0000000000000;00000000;
20170512;GBP;*;M17 ;0000000000000;0000000000000;00001096;00000000;00000000;00000000;00000000;0000040425490;0000040841590;0000000145635;00416100;
20170512;GBP;*;N17 ;0000000000000;0000000000000;00000012;00000000;00000000;00000000;00000000;0000040729350;0000041148630;0000000146748;00419280;
20170512;GBP;*;Q17 ;0000000000000;0000000000000;00000000;00000000;00000000;00000000;00000000;0000041007210;0000041428500;0000000000000;00421290;
20170512;HSI;*;K17 ;0000000000000;0000000000000;00000000;00000000;00000000;00000000;00000000;0000000025063;0000000025068;0000000000000;00000005;
20170512;HSI;*;M17 ;0000000000000;0000000000000;00000000;00000000;00000000;00000000;00000000;0000000024854;0000000024859;0000000000000;00000005;
20170512;IAP;*;K17 ;0000000000000;0000000000000;00000000;00000000;00000000;00000000;00000000;0000000482845;0000000482838;0000000000175;00000007;
20170512;IAP;*;K19 ;0000000000000;0000000000000;00000000;00000000;00000000;00000000;00000000;0000000525584;0000000525811;0000000000000;00000227;
20170512;IAP;*;K21 ;0000000000000;0000000000000;00000000;00000000;00000000;00000000;00000000;0000000575250;0000000576552;0000000000000;00001302;
20170512;IAP;*;M17 ;0000000000000;0000000000000;00000000;00000000;00000000;00000000;00000000;0000000485045;0000000485040;0000000000000;00000005;
20170512;IAP;*;N17 ;0000000000000;0000000000000;00000000;00000000;00000000;00000000;00000000;0000000485950;0000000485933;0000000000000;00000017;
20170512;IAP;*;Q18 ;0000000000000;0000000000000;00000000;00000000;00000000;00000000;00000000;0000000507214;0000000507218;0000000000000;00000004;
20170512;IAP;*;Q20 ;0000000000000;0000000000000;00000000;00000000;00000000;00000000;00000000;0000000557369;0000000558161;0000000000000;00000792;
20170512;IAP;*;Q22 ;0000000000000;0000000000000;00000000;00000000;00000000;00000000;00000000;0000000610624;0000000611837;0000000000000;00001213;
20170512;ICF;*;H18 ;0000000000000;0000000000000;00000000;00000000;00000000;00000000;00000000;0000000017265;0000000017180;0000000000000;00000085;
20170512;ICF;*;K17 ;0000000000000;0000000000000;00000000;00000000;00000000;00000000;00000000;0000000015745;0000000015650;0000000029675;00000095;
20170512;ICF;*;N17 ;0000000000000;0000000000000;00000177;00000000;00000000;00000000;00000000;0000000015975;0000000015885;0000000028113;00000090;
20170512;ICF;*;U17 ;0000004726049;0000001512965;00005933;00016400;00016370;00016500;00016420;0000000016420;0000000016395;0000000007809;00000025;
20170512;ICF;*;U18 ;0000000818597;0000000262060;00000918;00017400;00017400;00017550;00017465;0000000017495;0000000017405;0000000028113;00000090;
20170512;ICF;*;U19 ;0000000000000;0000000000000;00000377;00000000;00000000;00000000;00000000;0000000017895;0000000017800;0000000029675;00000095;
20170512;ICF;*;Z17 ;0000000052525;0000000016815;00000261;00016815;00016815;00016815;00016815;0000000016815;0000000016725;0000000028113;00000090;
20170512;ICF;*;Z18 ;0000000000000;0000000000000;00000032;00000000;00000000;00000000;00000000;0000000017380;0000000017290;0000000028113;00000090;
20170512;IGM;*;K19 ;0000000000000;0000000000000;00000000;00000000;00000000;00000000;00000000;0000000711354;0000000710824;0000000000000;00000530;
20170512;IGM;*;K21 ;0000000000000;0000000000000;00000000;00000000;00000000;00000000;00000000;0000000780730;0000000780874;0000000000000;00000144;
20170512;IGM;*;Q18 ;0000000000000;0000000000000;00000000;00000000;00000000;00000000;00000000;0000000689271;0000000689027;0000000004880;00000244;
20170512;IGM;*;Q20 ;0000000000000;0000000000000;00000000;00000000;00000000;00000000;00000000;0000000754087;0000000753418;0000000000000;00000669;
20170512;IND;*;G18 ;0000000000000;0000000000000;00000000;00000000;00000000;00000000;00000000;0000000072272;0000000071647;0000000000000;00000625;
20170512;IND;*;G19 ;0000000000000;0000000000000;00000000;00000000;00000000;00000000;00000000;0000000078032;0000000077392;0000000000000;00000640;
20170512;IND;*;J18 ;0000000000000;0000000000000;00000000;00000000;00000000;00000000;00000000;0000000073197;0000000072565;0000000000000;00000632;
20170512;IND;*;M17 ;0005156082525;0001647837176;00259664;00068180;00068170;00069070;00068615;0000000068777;0000000068164;0000000061300;00000613;
20170512;IND;*;M18 ;0000000000000;0000000000000;00001080;00000000;00000000;00000000;00000000;0000000074026;0000000073389;0000000063700;00000637;
20170512;IND;*;Q17 ;0000039786000;0000012715244;00005785;00069800;00069800;00069800;00069800;0000000069808;0000000069179;0000000062900;00000629;
20170512;IND;*;Q18 ;0000000000000;0000000000000;00000000;00000000;00000000;00000000;00000000;0000000075037;0000000074400;0000000000000;00000637;
20170512;IND;*;V17 ;0000000000000;0000000000000;00001740;00000000;00000000;00000000;00000000;0000000070705;0000000070083;0000000062200;00000622;
20170512;IND;*;V18 ;0000000000000;0000000000000;00000000;00000000;00000000;00000000;00000000;0000000076029;0000000075394;0000000000000;00000635;
20170512;IND;*;Z17 ;0000002868000;0000000916587;00013885;00071700;00071700;00071700;00071700;0000000071503;0000000070877;0000000062600;00000626;
20170512;IND;*;Z18 ;0000000000000;0000000000000;00000150;00000000;00000000;00000000;00000000;0000000076943;0000000076305;0000000063800;00000638;
20170512;IR1;*;M7Q7;0000000000000;0000000000000;00000000;00000000;00000000;00000000;00000000;0000000000000;0000000000000;0000000000000;00000000;
20170512;ISP;*;M17 ;0000218936072;0000070088700;00004092;00238700;00238500;00239125;00238925;0000000238925;0000000239050;0000000019523;00000125;
20170512;ISP;*;M18 ;0000000000000;0000000000000;00000000;00000000;00000000;00000000;00000000;0000000238250;0000000238400;0000000000000;00000150;
20170512;ISP;*;U17 ;0000000000000;0000000000000;00000005;00000000;00000000;00000000;00000000;0000000238650;0000000238800;0000000023427;00000150;
20170512;ISP;*;Z17 ;0000000000000;0000000000000;00000000;00000000;00000000;00000000;00000000;0000000238350;0000000238500;0000000000000;00000150;
20170512;JPY;*;M17 ;0000020770500;0000006638063;00002141;02769400;02769400;02769400;02769400;0000027676800;0000027829700;0000000076450;00152900;
20170512;JPY;*;N17 ;0000000000000;0000000000000;00000260;00000000;00000000;00000000;00000000;0000027891900;0000028046100;0000000077100;00154200;
20170512;JPY;*;Q17 ;0000000000000;0000000000000;00000129;00000000;00000000;00000000;00000000;0000028090400;0000028245200;0000000077400;00154800;
20170512;JPY;*;U17 ;0000000000000;0000000000000;00000000;00000000;00000000;00000000;00000000;0000028311900;0000028471900;0000000000000;00160000;
20170512;JSE;*;M17 ;0000000000000;0000000000000;00000000;00000000;00000000;00000000;00000000;0000000047763;0000000047822;0000000000000;00000059;
20170512;JSE;*;U17 ;0000000000000;0000000000000;00000000;00000000;00000000;00000000;00000000;0000000048153;0000000048212;0000000000000;00000059;
20170512;MIX;*;M17 ;0000000000000;0000000000000;00000000;00000000;00000000;00000000;00000000;0000000001996;0000000002006;0000000000000;00000010;
20170512;MIX;*;U17 ;0000000000000;0000000000000;00000000;00000000;00000000;00000000;00000000;0000000001997;0000000002018;0000000000000;00000021;
20170512;MXN;*;M17 ;0000000000000;0000000000000;00000703;00000000;00000000;00000000;00000000;0000016670150;0000016724370;0000000040665;00054220;
20170512;MXN;*;N17 ;0000000000000;0000000000000;00000019;00000000;00000000;00000000;00000000;0000016696050;0000016750230;0000000040635;00054180;
20170512;MXN;*;Q17 ;0000000000000;0000000000000;00000000;00000000;00000000;00000000;00000000;0000016719060;0000016772450;0000000000000;00053390;
20170512;NZD;*;M17 ;0000000000000;0000000000000;00000110;00000000;00000000;00000000;00000000;0000021493520;0000021697950;0000000153322;00204430;
20170512;NZD;*;N17 ;0000000000000;0000000000000;00000000;00000000;00000000;00000000;00000000;0000021615940;0000021830330;0000000000000;00214390;
20170512;NZD;*;Q17 ;0000000000000;0000000000000;00000000;00000000;00000000;00000000;00000000;0000021733160;0000021947920;0000000000000;00214760;
20170512;OC1;*;F18 ;0000000000000;0000000000000;00000000;00000000;00000000;00000000;00000000;0000009458947;0000009457412;0000000000000;00001535;
20170512;OC1;*;F19 ;0000000000000;0000000000000;00000000;00000000;00000000;00000000;00000000;0000008694874;0000008689052;0000000000000;00005822;
20170512;OC1;*;F20 ;0000000000000;0000000000000;00000000;00000000;00000000;00000000;00000000;0000007901181;0000007890277;0000000000000;00010904;
20170512;OC1;*;F21 ;0000000000000;0000000000000;00000000;00000000;00000000;00000000;00000000;0000007150853;0000007137044;0000000000000;00013809;
20170512;OC1;*;F22 ;0000000000000;0000000000000;00000000;00000000;00000000;00000000;00000000;0000006464033;0000006450732;0000000000000;00013301;
20170512;OC1;*;F23 ;0000000000000;0000000000000;00000000;00000000;00000000;00000000;00000000;0000005842109;0000005827437;0000000000000;00014672;
20170512;OC1;*;F24 ;0000000000000;0000000000000;00000000;00000000;00000000;00000000;00000000;0000005291349;0000005275688;0000000000000;00015661;
20170512;OC1;*;F25 ;0000000000000;0000000000000;00000000;00000000;00000000;00000000;00000000;0000004773576;0000004760557;0000000000000;00013019;
20170512;OC1;*;F26 ;0000000000000;0000000000000;00000000;00000000;00000000;00000000;00000000;0000004306513;0000004296559;0000000000000;00009954;
20170512;OC1;*;F27 ;0000000000000;0000000000000;00000000;00000000;00000000;00000000;00000000;0000003884422;0000003871020;0000000000000;00013402;
20170512;OC1;*;F28 ;0000000000000;0000000000000;00000000;00000000;00000000;00000000;00000000;0000003519449;0000003506041;0000000000000;00013408;
20170512;OC1;*;F29 ;0000000000000;0000000000000;00000000;00000000;00000000;00000000;00000000;0000003190524;0000003177231;0000000000000;00013293;
20170512;OC1;*;F30 ;0000000000000;0000000000000;00000000;00000000;00000000;00000000;00000000;0000002875343;0000002862335;0000000000000;00013008;
20170512;OC1;*;G18 ;0000000000000;0000000000000;00000000;00000000;00000000;00000000;00000000;0000009391850;0000009389675;0000000000000;00002175;
20170512;OC1;*;H18 ;0000000000000;0000000000000;00000000;00000000;00000000;00000000;00000000;0000009337963;0000009334993;0000000000000;00002970;
20170512;OC1;*;J18 ;0000000000000;0000000000000;00000000;00000000;00000000;00000000;00000000;0000009273506;0000009270858;0000000000000;00002648;
20170512;OC1;*;J19 ;0000000000000;0000000000000;00000000;00000000;00000000;00000000;00000000;0000008501241;0000008494581;0000000000000;00006660;
20170512;OC1;*;J20 ;0000000000000;0000000000000;00000000;00000000;00000000;00000000;00000000;0000007708730;0000007698048;0000000000000;00010682;
20170512;OC1;*;J21 ;0000000000000;0000000000000;00000000;00000000;00000000;00000000;00000000;0000006980266;0000006961927;0000000000000;00018339;
20170512;OC1;*;J22 ;0000000000000;0000000000000;00000000;00000000;00000000;00000000;00000000;0000006305317;0000006291635;0000000000000;00013682;
20170512;OC1;*;K18 ;0000000000000;0000000000000;00000000;00000000;00000000;00000000;00000000;0000009210527;0000009207756;0000000000000;00002771;
20170512;OC1;*;M17 ;0000000000000;0000000000000;00000000;00000000;00000000;00000000;00000000;0000009941434;0000009941417;0000000000000;00000017;
20170512;OC1;*;N17 ;0000000000000;0000000000000;00000000;00000000;00000000;00000000;00000000;0000009862717;0000009862550;0000000000000;00000167;
20170512;OC1;*;N18 ;0000000000000;0000000000000;00000000;00000000;00000000;00000000;00000000;0000009081411;0000009078368;0000000000000;00003043;
20170512;OC1;*;N19 ;0000000000000;0000000000000;00000000;00000000;00000000;00000000;00000000;0000008305351;0000008297725;0000000000000;00007626;
20170512;OC1;*;N20 ;0000000000000;0000000000000;00000000;00000000;00000000;00000000;00000000;0000007522471;0000007510049;0000000000000;00012422;
20170512;OC1;*;N21 ;0000000000000;0000000000000;00000000;00000000;00000000;00000000;00000000;0000006803095;0000006786859;0000000000000;00016236;
20170512;OC1;*;N22 ;0000000000000;0000000000000;00000000;00000000;00000000;00000000;00000000;0000006149198;0000006135165;0000000000000;00014033;
20170512;OC1;*;N23 ;0000000000000;0000000000000;00000000;00000000;00000000;00000000;00000000;0000005561752;0000005546542;0000000000000;00015210;
20170512;OC1;*;N24 ;0000000000000;0000000000000;00000000;00000000;00000000;00000000;00000000;0000005032403;0000005018003;0000000000000;00014400;
20170512;OC1;*;Q17 ;0000000000000;0000000000000;00000000;00000000;00000000;00000000;00000000;0000009785607;0000009785603;0000000000000;00000004;
20170512;OC1;*;U17 ;0000000000000;0000000000000;00000000;00000000;00000000;00000000;00000000;0000009708314;0000009707907;0000000000000;00000407;
20170512;OC1;*;V17 ;0000000000000;0000000000000;00000000;00000000;00000000;00000000;00000000;0000009645180;0000009644309;0000000000000;00000871;
20170512;OC1;*;V18 ;0000000000000;0000000000000;00000000;00000000;00000000;00000000;00000000;0000008886343;0000008881409;0000000000000;00004934;
20170512;OC1;*;V19 ;0000000000000;0000000000000;00000000;00000000;00000000;00000000;00000000;0000008096984;0000008088713;0000000000000;00008271;
20170512;OC1;*;V20 ;0000000000000;0000000000000;00000000;00000000;00000000;00000000;00000000;0000007327091;0000007316201;0000000000000;00010890;
20170512;OC1;*;V21 ;0000000000000;0000000000000;00000000;00000000;00000000;00000000;00000000;0000006631553;0000006614714;0000000000000;00016839;
20170512;OC1;*;X17 ;0000000000000;0000000000000;00000000;00000000;00000000;00000000;00000000;0000009579667;0000009578155;0000000000000;00001512;
20170512;OC1;*;Z17 ;0000000000000;0000000000000;00000000;00000000;00000000;00000000;00000000;0000009518841;0000009517289;0000000000000;00001552;
20170512;OZ1;*;0000;0000000245506;0000000078461;00000000;00123000;00122510;00123000;00122800;0000000122876;0000000123032;0000000000000;00000200;
20170512;OZ1;*;M17 ;0000000000000;0000000000000;00000000;00000000;00000000;00000000;00000000;0000000123470;0000000123321;0000000000000;00000149;
20170512;OZ1;*;N17 ;0000000000000;0000000000000;00000000;00000000;00000000;00000000;00000000;0000000124459;0000000124311;0000000000000;00000148;
20170512;OZ2;*;0000;0000000159651;0000000051023;00000000;00123200;00122650;00123500;00122900;0000000122932;0000000123098;0000000000000;00000100;
20170512;OZ3;*;0000;0000000005656;0000000001808;00000000;00123000;00122500;00123000;00122500;0000000122637;0000000122813;0000000000000;00000500;
20170512;SCS;*;M701;0000000000000;0000000000000;00088700;00000000;00000000;00000000;00000000;0000000000000;0000000000000;0000000000000;00000000;
20170512;SCS;*;N703;0000000000000;0000000000000;00138770;00000000;00000000;00000000;00000000;0000000000000;0000000000000;0000000000000;00000000;
20170512;SCS;*;Q701;0000000000000;0000000000000;00051500;00000000;00000000;00000000;00000000;0000000000000;0000000000000;0000000000000;00000000;
20170512;SCS;*;V702;0000000000000;0000000000000;00076285;00000000;00000000;00000000;00000000;0000000000000;0000000000000;0000000000000;00000000;
20170512;SFI;*;K18 ;0000000000000;0000000000000;00000000;00000000;00000000;00000000;00000000;0000000002077;0000000002085;0000000000000;00000008;
20170512;SFI;*;N17 ;0000000000000;0000000000000;00000000;00000000;00000000;00000000;00000000;0000000002059;0000000002066;0000000000000;00000007;
20170512;SFI;*;X17 ;0000000000000;0000000000000;00000000;00000000;00000000;00000000;00000000;0000000002045;0000000002054;0000000000000;00000009;
20170512;SJC;*;F18 ;0000000000000;0000000000000;00000000;00000000;00000000;00000000;00000000;0000000213183;0000000214120;0000000000000;00000937;
20170512;SJC;*;H18 ;0000000000000;0000000000000;00000000;00000000;00000000;00000000;00000000;0000000214010;0000000214892;0000000000000;00000882;
20170512;SJC;*;K18 ;0000000000000;0000000000000;00000000;00000000;00000000;00000000;00000000;0000000215057;0000000215884;0000000000000;00000827;
20170512;SJC;*;N17 ;0000002058456;0000000658980;00002693;00002122;00002120;00002129;00002129;0000000212302;0000000213018;0000000010064;00000716;
20170512;SJC;*;N18 ;0000000000000;0000000000000;00000000;00000000;00000000;00000000;00000000;0000000216435;0000000217152;0000000000000;00000717;
20170512;SJC;*;Q17 ;0000000450375;0000000144180;00000036;00002139;00002130;00002139;00002130;0000000212687;0000000213404;0000000010078;00000717;
20170512;SJC;*;U17 ;0000000149282;0000000047790;00000002;00002124;00002124;00002124;00002124;0000000211971;0000000212798;0000000011624;00000827;
20170512;SJC;*;X17 ;0000001221029;0000000390892;00001149;00002119;00002118;00002120;00002118;0000000211585;0000000212522;0000000013171;00000937;
20170512;TRY;*;M17 ;0000000000000;0000000000000;00000066;00000000;00000000;00000000;00000000;0000008733790;0000008806860;0000000054802;00073070;
20170512;TRY;*;N17 ;0000000000000;0000000000000;00000000;00000000;00000000;00000000;00000000;0000008710280;0000008786270;0000000000000;00075990;
20170512;TRY;*;Q17 ;0000000000000;0000000000000;00000000;00000000;00000000;00000000;00000000;0000008691500;0000008760600;0000000000000;00069100;
20170512;T10;*;M17 ;0000089851275;0000028715652;00003113;00125282;00125282;00125562;00125453;0000001254687;0000001249218;0000000171125;00005469;
20170512;T10;*;U17 ;0000000000000;0000000000000;00000000;00000000;00000000;00000000;00000000;0000001251406;0000001245781;0000000000000;00005625;
20170512;WDO;*;F18 ;0000000000000;0000000000000;00000000;00000000;00000000;00000000;00000000;0000032603410;0000032912360;0000000000000;00308950;
20170512;WDO;*;F19 ;0000000000000;0000000000000;00000000;00000000;00000000;00000000;00000000;0000034636430;0000034973930;0000000000000;00337500;
20170512;WDO;*;F20 ;0000000000000;0000000000000;00000000;00000000;00000000;00000000;00000000;0000036926590;0000037304540;0000000000000;00377950;
20170512;WDO;*;F21 ;0000000000000;0000000000000;00000000;00000000;00000000;00000000;00000000;0000039253770;0000039649970;0000000000000;00396200;
20170512;WDO;*;F25 ;0000000000000;0000000000000;00000000;00000000;00000000;00000000;00000000;0000048528630;0000048973000;0000000000000;00444370;
20170512;WDO;*;G18 ;0000000000000;0000000000000;00000000;00000000;00000000;00000000;00000000;0000032785670;0000033101040;0000000000000;00315370;
20170512;WDO;*;H18 ;0000000000000;0000000000000;00000000;00000000;00000000;00000000;00000000;0000032919080;0000033243370;0000000000000;00324290;
20170512;WDO;*;J18 ;0000000000000;0000000000000;00000000;00000000;00000000;00000000;00000000;0000033077380;0000033399970;0000000000000;00322590;
20170512;WDO;*;J19 ;0000000000000;0000000000000;00000000;00000000;00000000;00000000;00000000;0000035180240;0000035537060;0000000000000;00356820;
20170512;WDO;*;J20 ;0000000000000;0000000000000;00000000;00000000;00000000;00000000;00000000;0000037523140;0000037898800;0000000000000;00375660;
20170512;WDO;*;J22 ;0000000000000;0000000000000;00000000;00000000;00000000;00000000;00000000;0000042152820;0000042570610;0000000000000;00417790;
20170512;WDO;*;K18 ;0000000000000;0000000000000;00000000;00000000;00000000;00000000;00000000;0000033243000;0000033577880;0000000000000;00334880;
20170512;WDO;*;M17 ;0015801912815;0005050147911;00039190;03164500;03131000;03165000;03136500;0000031373580;0000031671330;0000000029775;00297750;
20170512;WDO;*;N17 ;0000001996640;0000000638108;00000146;03185000;03162000;03185000;03165000;0000031585990;0000031886380;0000000030039;00300390;
20170512;WDO;*;N18 ;0000000000000;0000000000000;00000000;00000000;00000000;00000000;00000000;0000033581300;0000033919770;0000000000000;00338470;
20170512;WDO;*;N19 ;0000000000000;0000000000000;00000000;00000000;00000000;00000000;00000000;0000035733610;0000036103900;0000000000000;00370290;
20170512;WDO;*;N21 ;0000000000000;0000000000000;00000000;00000000;00000000;00000000;00000000;0000040420070;0000040844940;0000000000000;00424870;
20170512;WDO;*;Q17 ;0000000000000;0000000000000;00000000;00000000;00000000;00000000;00000000;0000031776660;0000032077740;0000000000000;00301080;
20170512;WDO;*;U17 ;0000000000000;0000000000000;00000063;00000000;00000000;00000000;00000000;0000031984110;0000032290200;0000000030609;00306090;
20170512;WDO;*;V17 ;0000000000000;0000000000000;00000000;00000000;00000000;00000000;00000000;0000032138400;0000032444670;0000000000000;00306270;
20170512;WDO;*;V18 ;0000000000000;0000000000000;00000000;00000000;00000000;00000000;00000000;0000034118200;0000034470750;0000000000000;00352550;
20170512;WDO;*;V19 ;0000000000000;0000000000000;00000000;00000000;00000000;00000000;00000000;0000036379910;0000036750120;0000000000000;00370210;
20170512;WDO;*;X17 ;0000000000000;0000000000000;00000024;00000000;00000000;00000000;00000000;0000032307850;0000032618400;0000000031055;00310550;
20170512;WDO;*;Z17 ;0000000000000;0000000000000;00000000;00000000;00000000;00000000;00000000;0000032457710;0000032768850;0000000000000;00311140;
20170512;WEU;*;M17 ;0000000000000;0000000000000;00000000;00000000;00000000;00000000;00000000;0000034298920;0000034445040;0000000000000;00146120;
20170512;WEU;*;N17 ;0000000000000;0000000000000;00000000;00000000;00000000;00000000;00000000;0000034577050;0000034724920;0000000000000;00147870;
20170512;WEU;*;Q17 ;0000000000000;0000000000000;00000000;00000000;00000000;00000000;00000000;0000034833120;0000034980860;0000000000000;00147740;
20170512;WEU;*;U17 ;0000000000000;0000000000000;00000000;00000000;00000000;00000000;00000000;0000035115700;0000035269570;0000000000000;00153870;
20170512;WEU;*;V17 ;0000000000000;0000000000000;00000000;00000000;00000000;00000000;00000000;0000035342970;0000035494830;0000000000000;00151860;
20170512;WIN;*;G18 ;0000000000000;0000000000000;00000000;00000000;00000000;00000000;00000000;0000000072272;0000000071647;0000000000000;00000625;
20170512;WIN;*;G19 ;0000000000000;0000000000000;00000000;00000000;00000000;00000000;00000000;0000000078032;0000000077392;0000000000000;00000640;
20170512;WIN;*;J18 ;0000000000000;0000000000000;00000000;00000000;00000000;00000000;00000000;0000000073197;0000000072565;0000000000000;00000632;
20170512;WIN;*;M17 ;0012498499929;0003994407136;00065580;00068150;00068150;00069065;00068605;0000000068777;0000000068164;0000000012260;00000613;
20170512;WIN;*;M18 ;0000000000000;0000000000000;00000000;00000000;00000000;00000000;00000000;0000000074026;0000000073389;0000000000000;00000637;
20170512;WIN;*;Q17 ;0000000000000;0000000000000;00000002;00000000;00000000;00000000;00000000;0000000069808;0000000069179;0000000012580;00000629;
20170512;WIN;*;Q18 ;0000000000000;0000000000000;00000000;00000000;00000000;00000000;00000000;0000000075037;0000000074400;0000000000000;00000637;
20170512;WIN;*;V17 ;0000000000000;0000000000000;00000000;00000000;00000000;00000000;00000000;0000000070705;0000000070083;0000000000000;00000622;
20170512;WIN;*;V18 ;0000000000000;0000000000000;00000000;00000000;00000000;00000000;00000000;0000000076029;0000000075394;0000000000000;00000635;
20170512;WIN;*;Z17 ;0000000000000;0000000000000;00000000;00000000;00000000;00000000;00000000;0000000071503;0000000070877;0000000000000;00000626;
20170512;WIN;*;Z18 ;0000000000000;0000000000000;00000000;00000000;00000000;00000000;00000000;0000000076943;0000000076305;0000000000000;00000638;
20170512;WTI;*;M17 ;0000004606427;0000001474670;00002315;00004757;00004757;00004757;00004757;0000000004784;0000000004783;0000000000312;00000001;
20170512;WTI;*;N17 ;0000004686665;0000001500357;00000373;00004778;00004778;00004810;00004810;0000000004817;0000000004820;0000000000937;00000003;
20170512;ZAR;*;M17 ;0000000000000;0000000000000;00000013;00000000;00000000;00000000;00000000;0000023338190;0000023648650;0000000108661;00310460;
20170512;ZAR;*;N17 ;0000000000000;0000000000000;00000030;00000000;00000000;00000000;00000000;0000023373030;0000023679080;0000000107117;00306050;
20170512;ZAR;*;Q17 ;0000000000000;0000000000000;00000000;00000000;00000000;00000000;00000000;0000023401580;0000023704970;0000000000000;00303390;
