Data;Código do Contrato;Pregão;Vencimento;Volume(R$);Volume(U$);Número de contas em Aberto;Preço de Abertura;Preço Mínimo;Preço Máximo;Último Preço;Preço de Ajuste Atual; Preço de Ajuste Anterior;Valor de Ajuste por Contrato;Variação
20170713;AUD;*;Q17 ;0000004488750;0000001398016;00002584;02493800;02493700;02493800;02493700;0000024901360;0000024773390;0000000076782;00127970;
20170713;AUD;*;U17 ;0000000000000;0000000000000;00000210;00000000;00000000;00000000;00000000;0000025055310;0000024925360;0000000077970;00129950;
20170713;AUD;*;V17 ;0000000000000;0000000000000;00000000;00000000;00000000;00000000;00000000;0000025164220;0000025035470;0000000000000;00128750;
20170713;BGI;*;F18 ;0000000000000;0000000000000;00000000;00000000;00000000;00000000;00000000;0000000012581;0000000012695;0000000000000;00000114;
20170713;BGI;*;K18 ;0000000042735;0000000013319;00000093;00012950;00012950;00012950;00012950;0000000012830;0000000012946;0000000038280;00000116;
20170713;BGI;*;N17 ;0000013657314;0000004256471;00000684;00012450;00012320;00012485;00012320;0000000012369;0000000012500;0000000043230;00000131;
20170713;BGI;*;Q17 ;0000000747921;0000000233099;00000351;00012575;00012506;00012660;00012506;0000000012578;0000000012595;0000000005610;00000017;
20170713;BGI;*;U17 ;0000000084034;0000000026190;00000132;00012765;00012700;00012765;00012700;0000000012675;0000000012750;0000000024750;00000075;
20170713;BGI;*;V17 ;0000071004030;0000022129287;00004247;00012899;00012752;00012930;00012776;0000000012789;0000000012905;0000000038280;00000116;
20170713;BGI;*;V18 ;0000000044550;0000000013885;00000043;00013500;00013500;00013500;00013500;0000000013337;0000000013458;0000000039930;00000121;
20170713;BGI;*;X17 ;0000000042566;0000000013266;00000108;00012899;00012899;00012899;00012899;0000000012797;0000000012913;0000000038280;00000116;
20170713;BGI;*;Z17 ;0000000000000;0000000000000;00000003;00000000;00000000;00000000;00000000;0000000012839;0000000012955;0000000038280;00000116;
20170713;BRI;*;Q17 ;0000000766780;0000000238813;00000970;00010954;00010954;00010954;00010954;0000000010960;0000000010904;0000000056000;00000056;
20170713;BRI;*;V17 ;0000000000000;0000000000000;00000016;00000000;00000000;00000000;00000000;0000000011112;0000000011056;0000000056000;00000056;
20170713;BSE;*;N17 ;0000000000000;0000000000000;00000000;00000000;00000000;00000000;00000000;0000000032148;0000000031922;0000000000000;00000226;
20170713;BSE;*;Q17 ;0000000000000;0000000000000;00000000;00000000;00000000;00000000;00000000;0000000032426;0000000032199;0000000000000;00000227;
20170713;CAD;*;Q17 ;0000013662978;0000004255319;00000893;02531500;02529900;02531500;02530000;0000025315760;0000025364990;0000000029538;00049230;
20170713;CAD;*;U17 ;0000000000000;0000000000000;00000210;00000000;00000000;00000000;00000000;0000025492640;0000025543230;0000000030354;00050590;
20170713;CAD;*;V17 ;0000000000000;0000000000000;00000000;00000000;00000000;00000000;00000000;0000025622370;0000025675480;0000000000000;00053110;
20170713;CCM;*;F18 ;0000001390275;0000000433296;00002099;00002771;00002770;00002795;00002785;0000000002780;0000000002807;0000000012150;00000027;
20170713;CCM;*;H18 ;0000000224959;0000000070111;00000419;00002945;00002940;00002945;00002941;0000000002980;0000000003009;0000000013050;00000029;
20170713;CCM;*;K18 ;0000000653962;0000000203815;00000035;00002933;00002880;00002933;00002880;0000000002904;0000000002933;0000000013050;00000029;
20170713;CCM;*;N17 ;0000000095076;0000000029632;00000033;00002645;00002625;00002645;00002625;0000000002630;0000000002645;0000000006750;00000015;
20170713;CCM;*;N18 ;0000000000000;0000000000000;00000000;00000000;00000000;00000000;00000000;0000000002928;0000000002957;0000000000000;00000029;
20170713;CCM;*;U17 ;0000033673392;0000010494730;00019052;00002649;00002580;00002652;00002603;0000000002599;0000000002637;0000000017100;00000038;
20170713;CCM;*;U18 ;0000000105300;0000000032818;00000098;00002925;00002925;00002925;00002925;0000000002954;0000000002984;0000000013500;00000030;
20170713;CCM;*;X17 ;0000005098846;0000001589119;00001801;00002800;00002733;00002805;00002750;0000000002745;0000000002780;0000000015750;00000035;
20170713;CCM;*;X18 ;0000000000000;0000000000000;00000000;00000000;00000000;00000000;00000000;0000000003024;0000000003055;0000000000000;00000031;
20170713;CHF;*;Q17 ;0000021656685;0000006744950;00000574;03332300;03331200;03332300;03331200;0000033352800;0000033464480;0000000055840;00111680;
20170713;CHF;*;U17 ;0000000000000;0000000000000;00000160;00000000;00000000;00000000;00000000;0000033654080;0000033758200;0000000052060;00104120;
20170713;CHF;*;V17 ;0000000000000;0000000000000;00000000;00000000;00000000;00000000;00000000;0000033872550;0000033987260;0000000000000;00114710;
20170713;CLP;*;Q17 ;0000000000000;0000000000000;00000000;00000000;00000000;00000000;00000000;0000048731000;0000048608000;0000000000000;00123000;
20170713;CLP;*;U17 ;0000000000000;0000000000000;00000425;00000000;00000000;00000000;00000000;0000048991000;0000048870000;0000000030250;00121000;
20170713;CLP;*;V17 ;0000000000000;0000000000000;00000000;00000000;00000000;00000000;00000000;0000049179000;0000049058000;0000000000000;00121000;
20170713;CNY;*;Q17 ;0000000000000;0000000000000;00000000;00000000;00000000;00000000;00000000;0000047440080;0000047496040;0000000000000;00055960;
20170713;CNY;*;U17 ;0000000000000;0000000000000;00000000;00000000;00000000;00000000;00000000;0000047642700;0000047710300;0000000000000;00067600;
20170713;CNY;*;V17 ;0000000000000;0000000000000;00000000;00000000;00000000;00000000;00000000;0000047764940;0000047836240;0000000000000;00071300;
20170713;CR1;*;U7Z7;0000000000000;0000000000000;00000000;00000000;00000000;00000000;00000000;0000000000000;0000000000000;0000000000000;00000000;
20170713;DAP;*;F18 ;0000286505092;0000089231684;00030300;00000460;00000460;00000460;00000460;0000009778577;0000009778362;0000000000259;00000215;
20170713;DAP;*;F19 ;0000000000000;0000000000000;00000200;00000000;00000000;00000000;00000000;0000009372370;0000009370005;0000000002857;00002365;
20170713;DAP;*;K19 ;0000473123192;0000147353679;00045840;00000450;00000446;00000455;00000446;0000009237599;0000009234111;0000000004214;00003488;
20170713;DAP;*;K21 ;0000429717511;0000133835029;00020288;00000526;00000526;00000526;00000526;0000008228592;0000008227992;0000000000724;00000600;
20170713;DAP;*;K23 ;0000026594529;0000008282836;00012303;00000548;00000548;00000548;00000548;0000007344508;0000007342533;0000000002386;00001975;
20170713;DAP;*;N17 ;0000000000000;0000000000000;00007415;00000000;00000000;00000000;00000000;0000009990144;0000009990121;0000000000027;00000023;
20170713;DAP;*;Q17 ;0000011994295;0000003735610;00002000;00000844;00000844;00000844;00000844;0000009926487;0000009926626;0000000000167;00000139;
20170713;DAP;*;Q18 ;0000291137954;0000090674584;00078984;00000442;00000442;00000442;00000442;0000009542255;0000009540353;0000000002298;00001902;
20170713;DAP;*;Q20 ;0000537327956;0000167350179;00008325;00000504;00000504;00000506;00000506;0000008584833;0000008587376;0000000003072;00002543;
20170713;DAP;*;Q22 ;0000059587819;0000018558558;00021529;00000543;00000543;00000545;00000544;0000007649443;0000007644251;0000000006273;00005192;
20170713;DAP;*;Q24 ;0000000000000;0000000000000;00009270;00000000;00000000;00000000;00000000;0000006861672;0000006859008;0000000003218;00002664;
20170713;DAP;*;Q26 ;0000000000000;0000000000000;00004014;00000000;00000000;00000000;00000000;0000006139491;0000006135932;0000000004300;00003559;
20170713;DAP;*;Q30 ;0000000000000;0000000000000;00000235;00000000;00000000;00000000;00000000;0000004884769;0000004898189;0000000016215;00013420;
20170713;DAP;*;U17 ;0000000000000;0000000000000;00000000;00000000;00000000;00000000;00000000;0000009873163;0000009872546;0000000000000;00000617;
20170713;DCO;*;F18 ;0000000000000;0000000000000;00000000;00000000;00000000;00000000;00000000;0000009845755;0000009860781;0000000000000;00015026;
20170713;DCO;*;F19 ;0000000000000;0000000000000;00000000;00000000;00000000;00000000;00000000;0000009587360;0000009602214;0000000000000;00014854;
20170713;DCO;*;F20 ;0000000000000;0000000000000;00000000;00000000;00000000;00000000;00000000;0000009272044;0000009288471;0000000000000;00016427;
20170713;DCO;*;F21 ;0000000000000;0000000000000;00000000;00000000;00000000;00000000;00000000;0000008905803;0000008920746;0000000000000;00014943;
20170713;DCO;*;F22 ;0000000000000;0000000000000;00000000;00000000;00000000;00000000;00000000;0000008508406;0000008522932;0000000000000;00014526;
20170713;DCO;*;F23 ;0000000000000;0000000000000;00000000;00000000;00000000;00000000;00000000;0000008105226;0000008106698;0000000000000;00001472;
20170713;DCO;*;F24 ;0000000000000;0000000000000;00000000;00000000;00000000;00000000;00000000;0000007687853;0000007689413;0000000000000;00001560;
20170713;DCO;*;F25 ;0000000000000;0000000000000;00000000;00000000;00000000;00000000;00000000;0000007250755;0000007250983;0000000000000;00000228;
20170713;DCO;*;F26 ;0000000000000;0000000000000;00000000;00000000;00000000;00000000;00000000;0000006865715;0000006869844;0000000000000;00004129;
20170713;DCO;*;F27 ;0000000000000;0000000000000;00000000;00000000;00000000;00000000;00000000;0000006483487;0000006484605;0000000000000;00001118;
20170713;DCO;*;F28 ;0000000000000;0000000000000;00000000;00000000;00000000;00000000;00000000;0000006134114;0000006132928;0000000000000;00001186;
20170713;DCO;*;F29 ;0000000000000;0000000000000;00000000;00000000;00000000;00000000;00000000;0000005796175;0000005797230;0000000000000;00001055;
20170713;DCO;*;F30 ;0000000000000;0000000000000;00000000;00000000;00000000;00000000;00000000;0000005479025;0000005478815;0000000000000;00000210;
20170713;DCO;*;G18 ;0000000000000;0000000000000;00000000;00000000;00000000;00000000;00000000;0000009828198;0000009843422;0000000000000;00015224;
20170713;DCO;*;H18 ;0000000000000;0000000000000;00000000;00000000;00000000;00000000;00000000;0000009809283;0000009824253;0000000000000;00014970;
20170713;DCO;*;J18 ;0000000000000;0000000000000;00000000;00000000;00000000;00000000;00000000;0000009787633;0000009802055;0000000000000;00014422;
20170713;DCO;*;J19 ;0000000000000;0000000000000;00000000;00000000;00000000;00000000;00000000;0000009517623;0000009531793;0000000000000;00014170;
20170713;DCO;*;J20 ;0000000000000;0000000000000;00000000;00000000;00000000;00000000;00000000;0000009191254;0000009204487;0000000000000;00013233;
20170713;DCO;*;J21 ;0000000000000;0000000000000;00000000;00000000;00000000;00000000;00000000;0000008821947;0000008836281;0000000000000;00014334;
20170713;DCO;*;J22 ;0000000000000;0000000000000;00000000;00000000;00000000;00000000;00000000;0000008420233;0000008432246;0000000000000;00012013;
20170713;DCO;*;K18 ;0000000000000;0000000000000;00000000;00000000;00000000;00000000;00000000;0000009769415;0000009782641;0000000000000;00013226;
20170713;DCO;*;M18 ;0000000000000;0000000000000;00000000;00000000;00000000;00000000;00000000;0000009746404;0000009760562;0000000000000;00014158;
20170713;DCO;*;N18 ;0000000000000;0000000000000;00000000;00000000;00000000;00000000;00000000;0000009726460;0000009739056;0000000000000;00012596;
20170713;DCO;*;N19 ;0000000000000;0000000000000;00000000;00000000;00000000;00000000;00000000;0000009440776;0000009453234;0000000000000;00012458;
20170713;DCO;*;N20 ;0000000000000;0000000000000;00000000;00000000;00000000;00000000;00000000;0000009101132;0000009114173;0000000000000;00013041;
20170713;DCO;*;N21 ;0000000000000;0000000000000;00000000;00000000;00000000;00000000;00000000;0000008722122;0000008733111;0000000000000;00010989;
20170713;DCO;*;N22 ;0000000000000;0000000000000;00000000;00000000;00000000;00000000;00000000;0000008322545;0000008328640;0000000000000;00006095;
20170713;DCO;*;Q17 ;0000000000000;0000000000000;00000000;00000000;00000000;00000000;00000000;0000009935242;0000009948859;0000000000000;00013617;
20170713;DCO;*;U17 ;0000000000000;0000000000000;00000000;00000000;00000000;00000000;00000000;0000009919815;0000009934092;0000000000000;00014277;
20170713;DCO;*;V17 ;0000000000000;0000000000000;00000000;00000000;00000000;00000000;00000000;0000009900868;0000009915792;0000000000000;00014924;
20170713;DCO;*;V18 ;0000000000000;0000000000000;00000000;00000000;00000000;00000000;00000000;0000009662004;0000009675097;0000000000000;00013093;
20170713;DCO;*;V19 ;0000000000000;0000000000000;00000000;00000000;00000000;00000000;00000000;0000009361762;0000009374263;0000000000000;00012501;
20170713;DCO;*;V20 ;0000000000000;0000000000000;00000000;00000000;00000000;00000000;00000000;0000009008306;0000009021949;0000000000000;00013643;
20170713;DCO;*;V21 ;0000000000000;0000000000000;00000000;00000000;00000000;00000000;00000000;0000008632742;0000008643618;0000000000000;00010876;
20170713;DCO;*;X17 ;0000000000000;0000000000000;00000000;00000000;00000000;00000000;00000000;0000009882985;0000009897841;0000000000000;00014856;
20170713;DCO;*;Z17 ;0000000000000;0000000000000;00000000;00000000;00000000;00000000;00000000;0000009865533;0000009880395;0000000000000;00014862;
20170713;DDI;*;F18 ;0000000000000;0000000000000;00442161;00000000;00000000;00000000;00000000;0000009846221;0000009861245;0000000024236;00015024;
20170713;DDI;*;F19 ;0000000000000;0000000000000;00124484;00000000;00000000;00000000;00000000;0000009588734;0000009603581;0000000023951;00014847;
20170713;DDI;*;F20 ;0000000000000;0000000000000;00099970;00000000;00000000;00000000;00000000;0000009274201;0000009290617;0000000026482;00016416;
20170713;DDI;*;F21 ;0000000000000;0000000000000;00091757;00000000;00000000;00000000;00000000;0000008908604;0000008923532;0000000024081;00014928;
20170713;DDI;*;F22 ;0000000000000;0000000000000;00035224;00000000;00000000;00000000;00000000;0000008511695;0000008526205;0000000023407;00014510;
20170713;DDI;*;F23 ;0000000000000;0000000000000;00030126;00000000;00000000;00000000;00000000;0000008108875;0000008110318;0000000002327;00001443;
20170713;DDI;*;F24 ;0000000000000;0000000000000;00034595;00000000;00000000;00000000;00000000;0000007691736;0000007693265;0000000002466;00001529;
20170713;DDI;*;F25 ;0000000000000;0000000000000;00020935;00000000;00000000;00000000;00000000;0000007258738;0000007258901;0000000000262;00000163;
20170713;DDI;*;F26 ;0000000000000;0000000000000;00013860;00000000;00000000;00000000;00000000;0000006873830;0000006877901;0000000006567;00004071;
20170713;DDI;*;F27 ;0000000000000;0000000000000;00011400;00000000;00000000;00000000;00000000;0000006491582;0000006492636;0000000001700;00001054;
20170713;DDI;*;F28 ;0000000000000;0000000000000;00000110;00000000;00000000;00000000;00000000;0000006142123;0000006140867;0000000002026;00001256;
20170713;DDI;*;F29 ;0000000000000;0000000000000;00000000;00000000;00000000;00000000;00000000;0000005804007;0000005805001;0000000000000;00000994;
20170713;DDI;*;F30 ;0000000000000;0000000000000;00000500;00000000;00000000;00000000;00000000;0000005486634;0000005486360;0000000000442;00000274;
20170713;DDI;*;G18 ;0000000000000;0000000000000;00046940;00000000;00000000;00000000;00000000;0000009828742;0000009843964;0000000024556;00015222;
20170713;DDI;*;H18 ;0000000000000;0000000000000;00024069;00000000;00000000;00000000;00000000;0000009809900;0000009824867;0000000024144;00014967;
20170713;DDI;*;J18 ;0000000000000;0000000000000;00103839;00000000;00000000;00000000;00000000;0000009788333;0000009802751;0000000023259;00014418;
20170713;DDI;*;J19 ;0000000000000;0000000000000;00049750;00000000;00000000;00000000;00000000;0000009519201;0000009533362;0000000022844;00014161;
20170713;DDI;*;J20 ;0000000000000;0000000000000;00027835;00000000;00000000;00000000;00000000;0000009193585;0000009206804;0000000021324;00013219;
20170713;DDI;*;J21 ;0000000000000;0000000000000;00006237;00000000;00000000;00000000;00000000;0000008824883;0000008839203;0000000023101;00014320;
20170713;DDI;*;J22 ;0000000000000;0000000000000;00000640;00000000;00000000;00000000;00000000;0000008423628;0000008435621;0000000019347;00011993;
20170713;DDI;*;K18 ;0000000000000;0000000000000;00024420;00000000;00000000;00000000;00000000;0000009770192;0000009783413;0000000021328;00013221;
20170713;DDI;*;M18 ;0000000000000;0000000000000;00015860;00000000;00000000;00000000;00000000;0000009747256;0000009762260;0000000024204;00015004;
20170713;DDI;*;N18 ;0000000000000;0000000000000;00119997;00000000;00000000;00000000;00000000;0000009727390;0000009739981;0000000020311;00012591;
20170713;DDI;*;N19 ;0000000000000;0000000000000;00056134;00000000;00000000;00000000;00000000;0000009442554;0000009455000;0000000020077;00012446;
20170713;DDI;*;N20 ;0000000000000;0000000000000;00046835;00000000;00000000;00000000;00000000;0000009103627;0000009116654;0000000021015;00013027;
20170713;DDI;*;N21 ;0000000000000;0000000000000;00006040;00000000;00000000;00000000;00000000;0000008725185;0000008736156;0000000017698;00010971;
20170713;DDI;*;N22 ;0000000000000;0000000000000;00001490;00000000;00000000;00000000;00000000;0000008326036;0000008332108;0000000009795;00006072;
20170713;DDI;*;Q17 ;0000000000000;0000000000000;00531647;00000000;00000000;00000000;00000000;0000009935294;0000009948965;0000000022054;00013671;
20170713;DDI;*;U17 ;0000000000000;0000000000000;00234730;00000000;00000000;00000000;00000000;0000009919952;0000009934227;0000000023028;00014275;
20170713;DDI;*;V17 ;0000000000000;0000000000000;00291669;00000000;00000000;00000000;00000000;0000009901088;0000009916012;0000000024075;00014924;
20170713;DDI;*;V18 ;0000000000000;0000000000000;00066118;00000000;00000000;00000000;00000000;0000009663158;0000009676244;0000000021110;00013086;
20170713;DDI;*;V19 ;0000000000000;0000000000000;00039424;00000000;00000000;00000000;00000000;0000009363734;0000009376224;0000000020148;00012490;
20170713;DDI;*;V20 ;0000000000000;0000000000000;00022910;00000000;00000000;00000000;00000000;0000009010957;0000009024586;0000000021986;00013629;
20170713;DDI;*;V21 ;0000000000000;0000000000000;00002102;00000000;00000000;00000000;00000000;0000008635933;0000008646791;0000000017516;00010858;
20170713;DDI;*;X17 ;0000000000000;0000000000000;00127260;00000000;00000000;00000000;00000000;0000009883287;0000009898140;0000000023960;00014853;
20170713;DDI;*;Z17 ;0000000000000;0000000000000;00096340;00000000;00000000;00000000;00000000;0000009865914;0000009880774;0000000023972;00014860;
20170713;DDM;*;K25 ;0000000000000;0000000000000;00000000;00000000;00000000;00000000;00000000;0000006593328;0000006591809;0000000000000;00001519;
20170713;DI1;*;F18 ;0007519848051;0002342048104;03493333;00008710;00008705;00008730;00008715;0000009619474;0000009619764;0000000000290;00000290;
20170713;DI1;*;F19 ;0016223665970;0005052842273;02186818;00008650;00008630;00008680;00008660;0000008861926;0000008863596;0000000001670;00001670;
20170713;DI1;*;F20 ;0012833973338;0003997126367;01568528;00009250;00009230;00009300;00009280;0000008040359;0000008046055;0000000005696;00005696;
20170713;DI1;*;F21 ;0015372230098;0004787663541;01271236;00009770;00009740;00009830;00009830;0000007234204;0000007247980;0000000013776;00013776;
20170713;DI1;*;F22 ;0000759387604;0000236510404;00099936;00010080;00010080;00010150;00010140;0000006507589;0000006523414;0000000015825;00015825;
20170713;DI1;*;F23 ;0003802034877;0001184139428;00708998;00010260;00010220;00010300;00010300;0000005870495;0000005882092;0000000011597;00011597;
20170713;DI1;*;F24 ;0000000000000;0000000000000;00056670;00000000;00000000;00000000;00000000;0000005288136;0000005301988;0000000013852;00013852;
20170713;DI1;*;F25 ;0001492796643;0000464929813;00557849;00010460;00010450;00010530;00010530;0000004749051;0000004765019;0000000015968;00015968;
20170713;DI1;*;F26 ;0000218892918;0000068173950;00062378;00010530;00010530;00010530;00010530;0000004282189;0000004295242;0000000013053;00013053;
20170713;DI1;*;F27 ;0000250343105;0000077969075;00404486;00010580;00010580;00010650;00010650;0000003853176;0000003862990;0000000009814;00009814;
20170713;DI1;*;F28 ;0000000000000;0000000000000;00000010;00000000;00000000;00000000;00000000;0000003467943;0000003477704;0000000009761;00009761;
20170713;DI1;*;F29 ;0000000000000;0000000000000;00004387;00000000;00000000;00000000;00000000;0000003127395;0000003137032;0000000009637;00009637;
20170713;DI1;*;F30 ;0000000000000;0000000000000;00000720;00000000;00000000;00000000;00000000;0000002810384;0000002819792;0000000009408;00009408;
20170713;DI1;*;G18 ;0000001433197;0000000446368;00036115;00008610;00008610;00008610;00008610;0000009554987;0000009555177;0000000000190;00000190;
20170713;DI1;*;H18 ;0000476429012;0000148383273;00022075;00008580;00008580;00008580;00008580;0000009501171;0000009501276;0000000000105;00000105;
20170713;DI1;*;J18 ;0001635147106;0000509264702;00904031;00008530;00008520;00008550;00008530;0000009438820;0000009438756;0000000000064;00000064;
20170713;DI1;*;J19 ;0003702844086;0001153246570;00577682;00008800;00008800;00008820;00008800;0000008665408;0000008665828;0000000000420;00000420;
20170713;DI1;*;J20 ;0000004310754;0000001342579;00077119;00009420;00009420;00009420;00009420;0000007837736;0000007845711;0000000007975;00007975;
20170713;DI1;*;J21 ;0000023636796;0000007361653;00031795;00009870;00009870;00009900;00009900;0000007055370;0000007068046;0000000012676;00012676;
20170713;DI1;*;J22 ;0000000000000;0000000000000;00001510;00000000;00000000;00000000;00000000;0000006333274;0000006337043;0000000003769;00003769;
20170713;DI1;*;K18 ;0000000000000;0000000000000;00022375;00000000;00000000;00000000;00000000;0000009376158;0000009376168;0000000000010;00000010;
20170713;DI1;*;M18 ;0000347806439;0000108323919;00014045;00008500;00008500;00008520;00008500;0000009312414;0000009312441;0000000000027;00000027;
20170713;DI1;*;N18 ;0002587458276;0000805860931;00780596;00008460;00008460;00008505;00008490;0000009251508;0000009251657;0000000000149;00000149;
20170713;DI1;*;N19 ;0001282939001;0000399569889;00485923;00008950;00008940;00009000;00008980;0000008463231;0000008465106;0000000001875;00001875;
20170713;DI1;*;N20 ;0002565059224;0000798884771;01266889;00009530;00009520;00009590;00009580;0000007637876;0000007648332;0000000010456;00010456;
20170713;DI1;*;N21 ;0003295381339;0001026342762;00080078;00009970;00009960;00010030;00010020;0000006861474;0000006873830;0000000012356;00012356;
20170713;DI1;*;N22 ;0000000309318;0000000096337;00004925;00010200;00010200;00010200;00010200;0000006188029;0000006201930;0000000013901;00013901;
20170713;DI1;*;N23 ;0000000000000;0000000000000;00003535;00000000;00000000;00000000;00000000;0000005575228;0000005587821;0000000012593;00012593;
20170713;DI1;*;N24 ;0000000000000;0000000000000;00003395;00000000;00000000;00000000;00000000;0000005019388;0000005034161;0000000014773;00014773;
20170713;DI1;*;Q17 ;0001718588660;0000535252479;00894168;00009930;00009925;00009930;00009930;0000009951280;0000009951304;0000000000024;00000024;
20170713;DI1;*;U17 ;0003962431512;0001234094778;00403220;00009498;00009465;00009498;00009480;0000009871445;0000009871667;0000000000222;00000222;
20170713;DI1;*;V17 ;0008075959686;0002515248438;02175726;00009180;00009180;00009195;00009193;0000009806500;0000009806450;0000000000050;00000050;
20170713;DI1;*;V18 ;0001569214282;0000488729999;00622872;00008540;00008530;00008560;00008540;0000009055762;0000009056288;0000000000526;00000526;
20170713;DI1;*;V19 ;0003152599499;0000981873520;00095000;00009130;00009130;00009170;00009150;0000008243400;0000008247034;0000000003634;00003634;
20170713;DI1;*;V20 ;0000007430317;0000002314164;00046060;00009700;00009700;00009710;00009710;0000007425108;0000007437178;0000000012070;00012070;
20170713;DI1;*;V21 ;0000009023444;0000002810341;00016332;00010040;00010040;00010080;00010070;0000006676919;0000006690981;0000000014062;00014062;
20170713;DI1;*;X17 ;0000853712198;0000265887691;00141620;00009000;00008990;00009010;00009010;0000009739897;0000009740103;0000000000206;00000206;
20170713;DI1;*;Z17 ;0001079702677;0000336272168;00177255;00008850;00008835;00008850;00008835;0000009679094;0000009679480;0000000000386;00000386;
20170713;DOL;*;F18 ;0000000000000;0000000000000;00009085;00000000;00000000;00000000;00000000;0000033024520;0000033073910;0000000024695;00049390;
20170713;DOL;*;F19 ;0000000000000;0000000000000;00000000;00000000;00000000;00000000;00000000;0000034910120;0000034957590;0000000000000;00047470;
20170713;DOL;*;F20 ;0000000000000;0000000000000;00000000;00000000;00000000;00000000;00000000;0000037215110;0000037254590;0000000000000;00039480;
20170713;DOL;*;F21 ;0000000000000;0000000000000;00003100;00000000;00000000;00000000;00000000;0000039731700;0000039722630;0000000004535;00009070;
20170713;DOL;*;F25 ;0000000000000;0000000000000;00000000;00000000;00000000;00000000;00000000;0000049314260;0000049150100;0000000000000;00164160;
20170713;DOL;*;G18 ;0000000000000;0000000000000;00000000;00000000;00000000;00000000;00000000;0000033188380;0000033239120;0000000000000;00050740;
20170713;DOL;*;H18 ;0000000000000;0000000000000;00000000;00000000;00000000;00000000;00000000;0000033312380;0000033362840;0000000000000;00050460;
20170713;DOL;*;J18 ;0000000000000;0000000000000;00000180;00000000;00000000;00000000;00000000;0000033458710;0000033508220;0000000024755;00049510;
20170713;DOL;*;J19 ;0000000000000;0000000000000;00000050;00000000;00000000;00000000;00000000;0000035442940;0000035493940;0000000025500;00051000;
20170713;DOL;*;J20 ;0000000000000;0000000000000;00000000;00000000;00000000;00000000;00000000;0000037845340;0000037861240;0000000000000;00015900;
20170713;DOL;*;J22 ;0000000000000;0000000000000;00000000;00000000;00000000;00000000;00000000;0000042913020;0000042948560;0000000000000;00035540;
20170713;DOL;*;K18 ;0000000000000;0000000000000;00000500;00000000;00000000;00000000;00000000;0000033619900;0000033665360;0000000022730;00045460;
20170713;DOL;*;M18 ;0000000000000;0000000000000;00000000;00000000;00000000;00000000;00000000;0000033770560;0000033822450;0000000000000;00051890;
20170713;DOL;*;N18 ;0000000000000;0000000000000;00000665;00000000;00000000;00000000;00000000;0000033923610;0000033966970;0000000021680;00043360;
20170713;DOL;*;N19 ;0000000000000;0000000000000;00000400;00000000;00000000;00000000;00000000;0000035997430;0000036036890;0000000019730;00039460;
20170713;DOL;*;N20 ;0000000000000;0000000000000;00000000;00000000;00000000;00000000;00000000;0000038455640;0000038458020;0000000000000;00002380;
20170713;DOL;*;N21 ;0000000000000;0000000000000;00000000;00000000;00000000;00000000;00000000;0000041027540;0000041005280;0000000000000;00022260;
20170713;DOL;*;N22 ;0000000000000;0000000000000;00000000;00000000;00000000;00000000;00000000;0000043411440;0000043345720;0000000000000;00065720;
20170713;DOL;*;Q17 ;0036502507375;0011368664313;00593474;03225000;03214000;03233500;03223000;0000032212210;0000032256330;0000000022060;00044120;
20170713;DOL;*;U17 ;0000636794875;0000198329038;00010710;03251000;03238000;03251000;03247500;0000032422540;0000032468470;0000000022965;00045930;
20170713;DOL;*;V17 ;0000467735250;0000145675610;00012190;03265000;03253000;03267000;03262000;0000032575200;0000032624460;0000000024630;00049260;
20170713;DOL;*;V18 ;0000000000000;0000000000000;00000035;00000000;00000000;00000000;00000000;0000034428040;0000034472660;0000000022310;00044620;
20170713;DOL;*;V19 ;0000000000000;0000000000000;00000000;00000000;00000000;00000000;00000000;0000036648900;0000036681610;0000000000000;00032710;
20170713;DOL;*;X17 ;0000000000000;0000000000000;00000315;00000000;00000000;00000000;00000000;0000032738990;0000032787500;0000000024255;00048510;
20170713;DOL;*;Z17 ;0000000000000;0000000000000;00000025;00000000;00000000;00000000;00000000;0000032886740;0000032934960;0000000024110;00048220;
20170713;DR1;*;Q7U7;0000000000000;0000000000000;00000000;00021100;00021100;00021100;00021100;0000000000000;0000000000000;0000000000000;00000000;
20170713;ETH;*;F18 ;0000000000000;0000000000000;00000030;00000000;00000000;00000000;00000000;0000000155000;0000000155000;0000000000000;00000000;
20170713;ETH;*;G18 ;0000000000000;0000000000000;00000030;00000000;00000000;00000000;00000000;0000000155000;0000000155000;0000000000000;00000000;
20170713;ETH;*;H18 ;0000000000000;0000000000000;00000030;00000000;00000000;00000000;00000000;0000000155000;0000000155000;0000000000000;00000000;
20170713;ETH;*;J18 ;0000000000000;0000000000000;00000000;00000000;00000000;00000000;00000000;0000000157350;0000000157350;0000000000000;00000000;
20170713;ETH;*;K18 ;0000000000000;0000000000000;00000000;00000000;00000000;00000000;00000000;0000000150050;0000000150050;0000000000000;00000000;
20170713;ETH;*;N17 ;0000000000000;0000000000000;00000378;00000000;00000000;00000000;00000000;0000000136000;0000000135000;0000000030000;00001000;
20170713;ETH;*;Q17 ;0000000000000;0000000000000;00000724;00000000;00000000;00000000;00000000;0000000137000;0000000135000;0000000060000;00002000;
20170713;ETH;*;U17 ;0000000000000;0000000000000;00000000;00000000;00000000;00000000;00000000;0000000138000;0000000137500;0000000000000;00000500;
20170713;ETH;*;V17 ;0000000000000;0000000000000;00000410;00000000;00000000;00000000;00000000;0000000145000;0000000145000;0000000000000;00000000;
20170713;ETH;*;X17 ;0000000000000;0000000000000;00000299;00000000;00000000;00000000;00000000;0000000150000;0000000150000;0000000000000;00000000;
20170713;ETH;*;Z17 ;0000000000000;0000000000000;00000569;00000000;00000000;00000000;00000000;0000000150500;0000000150500;0000000000000;00000000;
20170713;EUR;*;Q17 ;0000050505425;0000015729857;00013170;03689000;03670100;03689000;03672900;0000036766350;0000036854070;0000000043860;00087720;
20170713;EUR;*;U17 ;0000000000000;0000000000000;00000548;00000000;00000000;00000000;00000000;0000037058850;0000037149260;0000000045205;00090410;
20170713;EUR;*;V17 ;0000000000000;0000000000000;00003190;00000000;00000000;00000000;00000000;0000037288910;0000037382920;0000000047005;00094010;
20170713;EUR;*;X17 ;0000000000000;0000000000000;00000000;00000000;00000000;00000000;00000000;0000037533620;0000037627460;0000000000000;00093840;
20170713;FRC;*;F18 ;0000000000000;0000000000000;00000000;00000210;00000210;00000212;00000211;0000000000211;0000000000208;0000000000001;00000003;
20170713;FRC;*;F19 ;0000000000000;0000000000000;00000000;00000251;00000251;00000251;00000251;0000000000251;0000000000249;0000000000001;00000002;
20170713;FRC;*;F20 ;0000000000000;0000000000000;00000000;00000289;00000289;00000290;00000290;0000000000290;0000000000289;0000000000000;00000001;
20170713;FRC;*;F21 ;0000000000000;0000000000000;00000000;00000331;00000331;00000331;00000331;0000000000331;0000000000330;0000000000000;00000001;
20170713;FRC;*;F22 ;0000000000000;0000000000000;00000000;00000373;00000373;00000373;00000373;0000000000373;0000000000372;0000000000000;00000001;
20170713;FRC;*;F23 ;0000000000000;0000000000000;00000000;00000412;00000410;00000412;00000410;0000000000410;0000000000412;0000000000001;00000002;
20170713;FRC;*;F24 ;0000000000000;0000000000000;00000000;00000000;00000000;00000000;00000000;0000000000448;0000000000450;0000000000000;00000002;
20170713;FRC;*;F25 ;0000000000000;0000000000000;00000000;00000000;00000000;00000000;00000000;0000000000490;0000000000492;0000000000000;00000002;
20170713;FRC;*;F26 ;0000000000000;0000000000000;00000000;00000000;00000000;00000000;00000000;0000000000521;0000000000523;0000000000000;00000002;
20170713;FRC;*;F27 ;0000000000000;0000000000000;00000000;00000000;00000000;00000000;00000000;0000000000555;0000000000557;0000000000000;00000002;
20170713;FRC;*;F28 ;0000000000000;0000000000000;00000000;00000000;00000000;00000000;00000000;0000000000584;0000000000586;0000000000000;00000002;
20170713;FRC;*;F29 ;0000000000000;0000000000000;00000000;00000000;00000000;00000000;00000000;0000000000614;0000000000616;0000000000000;00000002;
20170713;FRC;*;F30 ;0000000000000;0000000000000;00000000;00000000;00000000;00000000;00000000;0000000000643;0000000000645;0000000000000;00000002;
20170713;FRC;*;G18 ;0000000000000;0000000000000;00000000;00000000;00000000;00000000;00000000;0000000000212;0000000000209;0000000000000;00000003;
20170713;FRC;*;H18 ;0000000000000;0000000000000;00000000;00000216;00000216;00000216;00000216;0000000000217;0000000000214;0000000000001;00000003;
20170713;FRC;*;J18 ;0000000000000;0000000000000;00000000;00000222;00000220;00000224;00000222;0000000000222;0000000000220;0000000000001;00000002;
20170713;FRC;*;J19 ;0000000000000;0000000000000;00000000;00000000;00000000;00000000;00000000;0000000000259;0000000000258;0000000000000;00000001;
20170713;FRC;*;J20 ;0000000000000;0000000000000;00000000;00000298;00000298;00000298;00000298;0000000000298;0000000000298;0000000000000;00000000;
20170713;FRC;*;J21 ;0000000000000;0000000000000;00000000;00000338;00000338;00000338;00000338;0000000000338;0000000000338;0000000000000;00000000;
20170713;FRC;*;J22 ;0000000000000;0000000000000;00000000;00000000;00000000;00000000;00000000;0000000000379;0000000000379;0000000000000;00000000;
20170713;FRC;*;K18 ;0000000000000;0000000000000;00000000;00000222;00000222;00000222;00000222;0000000000222;0000000000222;0000000000000;00000000;
20170713;FRC;*;M18 ;0000000000000;0000000000000;00000000;00000229;00000227;00000229;00000228;0000000000228;0000000000227;0000000000000;00000001;
20170713;FRC;*;N18 ;0000000000000;0000000000000;00000000;00000230;00000230;00000230;00000230;0000000000230;0000000000231;0000000000000;00000001;
20170713;FRC;*;N19 ;0000000000000;0000000000000;00000000;00000269;00000269;00000269;00000269;0000000000269;0000000000269;0000000000000;00000000;
20170713;FRC;*;N20 ;0000000000000;0000000000000;00000000;00000309;00000309;00000309;00000309;0000000000309;0000000000309;0000000000000;00000000;
20170713;FRC;*;N21 ;0000000000000;0000000000000;00000000;00000000;00000000;00000000;00000000;0000000000349;0000000000349;0000000000000;00000000;
20170713;FRC;*;N22 ;0000000000000;0000000000000;00000000;00000000;00000000;00000000;00000000;0000000000388;0000000000389;0000000000000;00000001;
20170713;FRC;*;U17 ;0000000000000;0000000000000;00000000;00000177;00000176;00000180;00000180;0000000000180;0000000000172;0000000000004;00000008;
20170713;FRC;*;V17 ;0000000000000;0000000000000;00000000;00000193;00000193;00000201;00000200;0000000000200;0000000000193;0000000000003;00000007;
20170713;FRC;*;V18 ;0000000000000;0000000000000;00000000;00000238;00000238;00000238;00000238;0000000000238;0000000000238;0000000000000;00000000;
20170713;FRC;*;V19 ;0000000000000;0000000000000;00000000;00000278;00000278;00000278;00000278;0000000000278;0000000000278;0000000000000;00000000;
20170713;FRC;*;V20 ;0000000000000;0000000000000;00000000;00000000;00000000;00000000;00000000;0000000000319;0000000000319;0000000000000;00000000;
20170713;FRC;*;V21 ;0000000000000;0000000000000;00000000;00000000;00000000;00000000;00000000;0000000000356;0000000000356;0000000000000;00000000;
20170713;FRC;*;X17 ;0000000000000;0000000000000;00000000;00000202;00000202;00000206;00000206;0000000000206;0000000000201;0000000000002;00000005;
20170713;FRC;*;Z17 ;0000000000000;0000000000000;00000000;00000210;00000207;00000210;00000208;0000000000207;0000000000204;0000000000001;00000003;
20170713;FRO;*;F18 ;0000000000000;0000000000000;00000000;00000000;00000000;00000000;00000000;0000000000212;0000000000209;0000000000000;00000003;
20170713;FRO;*;F19 ;0000000000000;0000000000000;00000000;00000000;00000000;00000000;00000000;0000000000252;0000000000250;0000000000000;00000002;
20170713;FRO;*;F20 ;0000000000000;0000000000000;00000000;00000000;00000000;00000000;00000000;0000000000291;0000000000290;0000000000000;00000001;
20170713;FRO;*;F21 ;0000000000000;0000000000000;00000000;00000000;00000000;00000000;00000000;0000000000332;0000000000331;0000000000000;00000001;
20170713;FRO;*;F22 ;0000000000000;0000000000000;00000000;00000000;00000000;00000000;00000000;0000000000374;0000000000373;0000000000000;00000001;
20170713;FRO;*;F23 ;0000000000000;0000000000000;00000000;00000000;00000000;00000000;00000000;0000000000411;0000000000413;0000000000000;00000002;
20170713;FRO;*;F24 ;0000000000000;0000000000000;00000000;00000000;00000000;00000000;00000000;0000000000449;0000000000451;0000000000000;00000002;
20170713;FRO;*;F25 ;0000000000000;0000000000000;00000000;00000000;00000000;00000000;00000000;0000000000492;0000000000494;0000000000000;00000002;
20170713;FRO;*;F26 ;0000000000000;0000000000000;00000000;00000000;00000000;00000000;00000000;0000000000523;0000000000525;0000000000000;00000002;
20170713;FRO;*;F27 ;0000000000000;0000000000000;00000000;00000000;00000000;00000000;00000000;0000000000557;0000000000559;0000000000000;00000002;
20170713;FRO;*;F28 ;0000000000000;0000000000000;00000000;00000000;00000000;00000000;00000000;0000000000586;0000000000588;0000000000000;00000002;
20170713;FRO;*;F29 ;0000000000000;0000000000000;00000000;00000000;00000000;00000000;00000000;0000000000616;0000000000618;0000000000000;00000002;
20170713;FRO;*;F30 ;0000000000000;0000000000000;00000000;00000000;00000000;00000000;00000000;0000000000645;0000000000647;0000000000000;00000002;
20170713;FRO;*;G18 ;0000000000000;0000000000000;00000000;00000000;00000000;00000000;00000000;0000000000213;0000000000210;0000000000000;00000003;
20170713;FRO;*;H18 ;0000000000000;0000000000000;00000000;00000000;00000000;00000000;00000000;0000000000218;0000000000215;0000000000000;00000003;
20170713;FRO;*;J18 ;0000000000000;0000000000000;00000000;00000000;00000000;00000000;00000000;0000000000223;0000000000221;0000000000000;00000002;
20170713;FRO;*;J19 ;0000000000000;0000000000000;00000000;00000000;00000000;00000000;00000000;0000000000260;0000000000259;0000000000000;00000001;
20170713;FRO;*;J20 ;0000000000000;0000000000000;00000000;00000000;00000000;00000000;00000000;0000000000299;0000000000299;0000000000000;00000000;
20170713;FRO;*;J21 ;0000000000000;0000000000000;00000000;00000000;00000000;00000000;00000000;0000000000339;0000000000339;0000000000000;00000000;
20170713;FRO;*;J22 ;0000000000000;0000000000000;00000000;00000000;00000000;00000000;00000000;0000000000380;0000000000380;0000000000000;00000000;
20170713;FRO;*;K18 ;0000000000000;0000000000000;00000000;00000000;00000000;00000000;00000000;0000000000223;0000000000223;0000000000000;00000000;
20170713;FRO;*;M18 ;0000000000000;0000000000000;00000000;00000000;00000000;00000000;00000000;0000000000229;0000000000228;0000000000000;00000001;
20170713;FRO;*;N18 ;0000000000000;0000000000000;00000000;00000000;00000000;00000000;00000000;0000000000231;0000000000232;0000000000000;00000001;
20170713;FRO;*;N19 ;0000000000000;0000000000000;00000000;00000000;00000000;00000000;00000000;0000000000270;0000000000270;0000000000000;00000000;
20170713;FRO;*;N20 ;0000000000000;0000000000000;00000000;00000000;00000000;00000000;00000000;0000000000310;0000000000310;0000000000000;00000000;
20170713;FRO;*;N21 ;0000000000000;0000000000000;00000000;00000000;00000000;00000000;00000000;0000000000350;0000000000350;0000000000000;00000000;
20170713;FRO;*;N22 ;0000000000000;0000000000000;00000000;00000000;00000000;00000000;00000000;0000000000389;0000000000390;0000000000000;00000001;
20170713;FRO;*;U17 ;0000000000000;0000000000000;00000000;00000000;00000000;00000000;00000000;0000000000181;0000000000173;0000000000000;00000008;
20170713;FRO;*;V17 ;0000000000000;0000000000000;00000000;00000000;00000000;00000000;00000000;0000000000201;0000000000194;0000000000000;00000007;
20170713;FRO;*;V18 ;0000000000000;0000000000000;00000000;00000000;00000000;00000000;00000000;0000000000239;0000000000239;0000000000000;00000000;
20170713;FRO;*;V19 ;0000000000000;0000000000000;00000000;00000000;00000000;00000000;00000000;0000000000279;0000000000279;0000000000000;00000000;
20170713;FRO;*;V20 ;0000000000000;0000000000000;00000000;00000000;00000000;00000000;00000000;0000000000320;0000000000320;0000000000000;00000000;
20170713;FRO;*;V21 ;0000000000000;0000000000000;00000000;00000000;00000000;00000000;00000000;0000000000357;0000000000357;0000000000000;00000000;
20170713;FRO;*;X17 ;0000000000000;0000000000000;00000000;00000000;00000000;00000000;00000000;0000000000207;0000000000202;0000000000000;00000005;
20170713;FRO;*;Z17 ;0000000000000;0000000000000;00000000;00000000;00000000;00000000;00000000;0000000000208;0000000000205;0000000000000;00000003;
20170713;FRP;*;FRP0;0000000000000;0000000000000;00000000;00001150;00001140;00001170;00001160;0000000000000;0000000000000;0000000000000;00000000;
20170713;FRP;*;FRP1;0000000000000;0000000000000;00000000;00001100;00001100;00001100;00001100;0000000000000;0000000000000;0000000000000;00000000;
20170713;GBP;*;Q17 ;0000001461565;0000000455203;00000721;04175900;04175900;04175900;04175900;0000041719970;0000041591250;0000000045052;00128720;
20170713;GBP;*;U17 ;0000000000000;0000000000000;00000012;00000000;00000000;00000000;00000000;0000042028510;0000041900500;0000000044803;00128010;
20170713;GBP;*;V17 ;0000000000000;0000000000000;00000000;00000000;00000000;00000000;00000000;0000042264690;0000042139010;0000000000000;00125680;
20170713;HSI;*;N17 ;0000000000000;0000000000000;00000000;00000000;00000000;00000000;00000000;0000000026387;0000000026097;0000000000000;00000290;
20170713;HSI;*;Q17 ;0000000000000;0000000000000;00000000;00000000;00000000;00000000;00000000;0000000026342;0000000026044;0000000000000;00000298;
20170713;ICF;*;H18 ;0000000000000;0000000000000;00000000;00000000;00000000;00000000;00000000;0000000016500;0000000016015;0000000000000;00000485;
20170713;ICF;*;N17 ;0000000000000;0000000000000;00000000;00000000;00000000;00000000;00000000;0000000015235;0000000014795;0000000141178;00000440;
20170713;ICF;*;U17 ;0000019426886;0000006054630;00003705;00015150;00015150;00015690;00015540;0000000015600;0000000015080;0000000166847;00000520;
20170713;ICF;*;U18 ;0000000481450;0000000150050;00001746;00016650;00016650;00016810;00016810;0000000016770;0000000016300;0000000150804;00000470;
20170713;ICF;*;U19 ;0000000000000;0000000000000;00000461;00000000;00000000;00000000;00000000;0000000017730;0000000017260;0000000150804;00000470;
20170713;ICF;*;Z17 ;0000005182643;0000001615235;00003683;00015700;00015660;00016225;00016120;0000000016130;0000000015645;0000000155617;00000485;
20170713;ICF;*;Z18 ;0000000000000;0000000000000;00000396;00000000;00000000;00000000;00000000;0000000017280;0000000016815;0000000149199;00000465;
20170713;IND;*;G18 ;0000000000000;0000000000000;00000000;00000000;00000000;00000000;00000000;0000000068086;0000000067743;0000000000000;00000343;
20170713;IND;*;G19 ;0000000000000;0000000000000;00000000;00000000;00000000;00000000;00000000;0000000073389;0000000073012;0000000000000;00000377;
20170713;IND;*;J18 ;0000000000000;0000000000000;00000000;00000000;00000000;00000000;00000000;0000000068924;0000000068578;0000000000000;00000346;
20170713;IND;*;J19 ;0000000000000;0000000000000;00000000;00000000;00000000;00000000;00000000;0000000074454;0000000074074;0000000000000;00000380;
20170713;IND;*;M18 ;0000000000000;0000000000000;00001815;00000000;00000000;00000000;00000000;0000000069672;0000000069322;0000000035000;00000350;
20170713;IND;*;M19 ;0000000000000;0000000000000;00000000;00000000;00000000;00000000;00000000;0000000075435;0000000075042;0000000000000;00000393;
20170713;IND;*;Q17 ;0003577253625;0001114131564;00238306;00065250;00065230;00065855;00065765;0000000065774;0000000065443;0000000033100;00000331;
20170713;IND;*;Q18 ;0000000000000;0000000000000;00000000;00000000;00000000;00000000;00000000;0000000070592;0000000070235;0000000000000;00000357;
20170713;IND;*;V17 ;0000083689000;0000026064844;00003190;00066500;00066500;00066700;00066700;0000000066620;0000000066285;0000000033500;00000335;
20170713;IND;*;V18 ;0000000000000;0000000000000;00000000;00000000;00000000;00000000;00000000;0000000071514;0000000071149;0000000000000;00000365;
20170713;IND;*;Z17 ;0000012754000;0000003972219;00022015;00067200;00067100;00067200;00067200;0000000067370;0000000067030;0000000034000;00000340;
20170713;IND;*;Z18 ;0000000000000;0000000000000;00000150;00000000;00000000;00000000;00000000;0000000072369;0000000071994;0000000037500;00000375;
20170713;IR1;*;Q7V7;0000000000000;0000000000000;00000000;00000870;00000870;00000875;00000875;0000000000000;0000000000000;0000000000000;00000000;
20170713;ISP;*;H18 ;0000000000000;0000000000000;00000000;00000000;00000000;00000000;00000000;0000000244275;0000000243750;0000000000000;00000525;
20170713;ISP;*;M18 ;0000000000000;0000000000000;00000000;00000000;00000000;00000000;00000000;0000000244175;0000000243650;0000000000000;00000525;
20170713;ISP;*;U17 ;0000221523990;0000069040700;00004101;00244250;00243950;00244700;00244700;0000000244650;0000000244125;0000000084225;00000525;
20170713;ISP;*;Z17 ;0000000000000;0000000000000;00000010;00000000;00000000;00000000;00000000;0000000244450;0000000243925;0000000084225;00000525;
20170713;JPY;*;Q17 ;0000020634925;0000006426724;00002428;02846000;02846000;02847900;02847900;0000028467300;0000028500000;0000000016350;00032700;
20170713;JPY;*;U17 ;0000000000000;0000000000000;00000047;00000000;00000000;00000000;00000000;0000028684600;0000028719100;0000000017250;00034500;
20170713;JPY;*;V17 ;0000000000000;0000000000000;00000085;00000000;00000000;00000000;00000000;0000028853500;0000028891100;0000000018800;00037600;
20170713;JPY;*;X17 ;0000000000000;0000000000000;00000000;00000000;00000000;00000000;00000000;0000029035600;0000029074000;0000000000000;00038400;
20170713;JSE;*;U17 ;0000000000000;0000000000000;00000000;00000000;00000000;00000000;00000000;0000000047224;0000000046871;0000000000000;00000353;
20170713;JSE;*;Z17 ;0000000000000;0000000000000;00000000;00000000;00000000;00000000;00000000;0000000047946;0000000047593;0000000000000;00000353;
20170713;MIX;*;U17 ;0000000000000;0000000000000;00000000;00000000;00000000;00000000;00000000;0000000001963;0000000001957;0000000000000;00000006;
20170713;MIX;*;Z17 ;0000000000000;0000000000000;00000000;00000000;00000000;00000000;00000000;0000000001983;0000000001977;0000000000000;00000006;
20170713;MXN;*;Q17 ;0000011294017;0000003517509;00000959;01814300;01814300;01814300;01814300;0000018099760;0000018075910;0000000017887;00023850;
20170713;MXN;*;U17 ;0000000000000;0000000000000;00000025;00000000;00000000;00000000;00000000;0000018123020;0000018100280;0000000017055;00022740;
20170713;MXN;*;V17 ;0000000000000;0000000000000;00000000;00000000;00000000;00000000;00000000;0000018115190;0000018093690;0000000000000;00021500;
20170713;NZD;*;Q17 ;0000011306400;0000003521365;00000225;02355500;02355500;02355500;02355500;0000023583890;0000023435970;0000000110940;00147920;
20170713;NZD;*;U17 ;0000000000000;0000000000000;00000000;00000000;00000000;00000000;00000000;0000023726840;0000023575480;0000000000000;00151360;
20170713;NZD;*;V17 ;0000000000000;0000000000000;00000000;00000000;00000000;00000000;00000000;0000023826420;0000023675970;0000000000000;00150450;
20170713;OC1;*;F18 ;0000000000000;0000000000000;00000000;00000000;00000000;00000000;00000000;0000009619063;0000009619352;0000000000000;00000289;
20170713;OC1;*;F19 ;0000000000000;0000000000000;00000000;00000000;00000000;00000000;00000000;0000008860739;0000008862407;0000000000000;00001668;
20170713;OC1;*;F20 ;0000000000000;0000000000000;00000000;00000000;00000000;00000000;00000000;0000008038368;0000008044061;0000000000000;00005693;
20170713;OC1;*;F21 ;0000000000000;0000000000000;00000000;00000000;00000000;00000000;00000000;0000007231472;0000007245241;0000000000000;00013769;
20170713;OC1;*;F22 ;0000000000000;0000000000000;00000000;00000000;00000000;00000000;00000000;0000006504433;0000006520248;0000000000000;00015815;
20170713;OC1;*;F23 ;0000000000000;0000000000000;00000000;00000000;00000000;00000000;00000000;0000005867015;0000005878603;0000000000000;00011588;
20170713;OC1;*;F24 ;0000000000000;0000000000000;00000000;00000000;00000000;00000000;00000000;0000005284438;0000005298279;0000000000000;00013841;
20170713;OC1;*;F25 ;0000000000000;0000000000000;00000000;00000000;00000000;00000000;00000000;0000004744894;0000004760846;0000000000000;00015952;
20170713;OC1;*;F26 ;0000000000000;0000000000000;00000000;00000000;00000000;00000000;00000000;0000004277938;0000004290974;0000000000000;00013036;
20170713;OC1;*;F27 ;0000000000000;0000000000000;00000000;00000000;00000000;00000000;00000000;0000003848904;0000003858706;0000000000000;00009802;
20170713;OC1;*;F28 ;0000000000000;0000000000000;00000000;00000000;00000000;00000000;00000000;0000003463695;0000003473443;0000000000000;00009748;
20170713;OC1;*;F29 ;0000000000000;0000000000000;00000000;00000000;00000000;00000000;00000000;0000003123203;0000003132825;0000000000000;00009622;
20170713;OC1;*;F30 ;0000000000000;0000000000000;00000000;00000000;00000000;00000000;00000000;0000002806292;0000002815685;0000000000000;00009393;
20170713;OC1;*;G18 ;0000000000000;0000000000000;00000000;00000000;00000000;00000000;00000000;0000009554502;0000009554692;0000000000000;00000190;
20170713;OC1;*;H18 ;0000000000000;0000000000000;00000000;00000000;00000000;00000000;00000000;0000009500626;0000009500730;0000000000000;00000104;
20170713;OC1;*;J18 ;0000000000000;0000000000000;00000000;00000000;00000000;00000000;00000000;0000009438205;0000009438142;0000000000000;00000063;
20170713;OC1;*;J19 ;0000000000000;0000000000000;00000000;00000000;00000000;00000000;00000000;0000008664056;0000008664340;0000000000000;00000284;
20170713;OC1;*;J20 ;0000000000000;0000000000000;00000000;00000000;00000000;00000000;00000000;0000007835604;0000007843576;0000000000000;00007972;
20170713;OC1;*;J21 ;0000000000000;0000000000000;00000000;00000000;00000000;00000000;00000000;0000007052521;0000007065190;0000000000000;00012669;
20170713;OC1;*;J22 ;0000000000000;0000000000000;00000000;00000000;00000000;00000000;00000000;0000006330035;0000006333801;0000000000000;00003766;
20170713;OC1;*;K18 ;0000000000000;0000000000000;00000000;00000000;00000000;00000000;00000000;0000009375476;0000009375485;0000000000000;00000009;
20170713;OC1;*;M18 ;0000000000000;0000000000000;00000000;00000000;00000000;00000000;00000000;0000009311665;0000009311691;0000000000000;00000026;
20170713;OC1;*;N18 ;0000000000000;0000000000000;00000000;00000000;00000000;00000000;00000000;0000009250692;0000009250841;0000000000000;00000149;
20170713;OC1;*;N19 ;0000000000000;0000000000000;00000000;00000000;00000000;00000000;00000000;0000008461570;0000008463444;0000000000000;00001874;
20170713;OC1;*;N20 ;0000000000000;0000000000000;00000000;00000000;00000000;00000000;00000000;0000007635616;0000007646067;0000000000000;00010451;
20170713;OC1;*;N21 ;0000000000000;0000000000000;00000000;00000000;00000000;00000000;00000000;0000006858523;0000006870871;0000000000000;00012348;
20170713;OC1;*;N22 ;0000000000000;0000000000000;00000000;00000000;00000000;00000000;00000000;0000006184699;0000006198589;0000000000000;00013890;
20170713;OC1;*;N23 ;0000000000000;0000000000000;00000000;00000000;00000000;00000000;00000000;0000005571628;0000005584210;0000000000000;00012582;
20170713;OC1;*;N24 ;0000000000000;0000000000000;00000000;00000000;00000000;00000000;00000000;0000005015612;0000005030371;0000000000000;00014759;
20170713;OC1;*;Q17 ;0000000000000;0000000000000;00000000;00000000;00000000;00000000;00000000;0000009951228;0000009951252;0000000000000;00000024;
20170713;OC1;*;U17 ;0000000000000;0000000000000;00000000;00000000;00000000;00000000;00000000;0000009871304;0000009871524;0000000000000;00000220;
20170713;OC1;*;V17 ;0000000000000;0000000000000;00000000;00000000;00000000;00000000;00000000;0000009806281;0000009806230;0000000000000;00000051;
20170713;OC1;*;V18 ;0000000000000;0000000000000;00000000;00000000;00000000;00000000;00000000;0000009054753;0000009055277;0000000000000;00000524;
20170713;OC1;*;V19 ;0000000000000;0000000000000;00000000;00000000;00000000;00000000;00000000;0000008241567;0000008245200;0000000000000;00003633;
20170713;OC1;*;V20 ;0000000000000;0000000000000;00000000;00000000;00000000;00000000;00000000;0000007422505;0000007434569;0000000000000;00012064;
20170713;OC1;*;V21 ;0000000000000;0000000000000;00000000;00000000;00000000;00000000;00000000;0000006673862;0000006687915;0000000000000;00014053;
20170713;OC1;*;X17 ;0000000000000;0000000000000;00000000;00000000;00000000;00000000;00000000;0000009739597;0000009739802;0000000000000;00000205;
20170713;OC1;*;Z17 ;0000000000000;0000000000000;00000000;00000000;00000000;00000000;00000000;0000009678752;0000009679102;0000000000000;00000350;
20170713;OZ1;*;0000;0000001117913;0000000348173;00000000;00124110;00124000;00125430;00125400;0000000124337;0000000126039;0000000000000;00000600;
20170713;OZ1;*;Q17 ;0000000000000;0000000000000;00000000;00000000;00000000;00000000;00000000;0000000125967;0000000126618;0000000000000;00000651;
20170713;OZ1;*;U17 ;0000000000000;0000000000000;00000000;00000000;00000000;00000000;00000000;0000000126989;0000000127642;0000000000000;00000653;
20170713;OZ2;*;0000;0000000058908;0000000018347;00000000;00125500;00125000;00127500;00125400;0000000125463;0000000125784;0000000000000;00000200;
20170713;OZ3;*;0000;0000000000987;0000000000307;00000000;00125000;00125000;00125500;00125500;0000000125453;0000000125870;0000000000000;00000000;
20170713;SCS;*;F802;0000000000000;0000000000000;00160920;00000000;00000000;00000000;00000000;0000000000000;0000000000000;0000000000000;00000000;
20170713;SCS;*;J802;0001580296900;0000492181668;00106650;00002850;00002850;00002850;00002850;0000000000000;0000000000000;0000000000000;00000000;
20170713;SCS;*;Q701;0000000000000;0000000000000;00123620;00000000;00000000;00000000;00000000;0000000000000;0000000000000;0000000000000;00000000;
20170713;SCS;*;V702;0000000000000;0000000000000;00164095;00000000;00000000;00000000;00000000;0000000000000;0000000000000;0000000000000;00000000;
20170713;SFI;*;K18 ;0000000000000;0000000000000;00000000;00000000;00000000;00000000;00000000;0000000002137;0000000002226;0000000000000;00000089;
20170713;SFI;*;N18 ;0000000000000;0000000000000;00000000;00000000;00000000;00000000;00000000;0000000002153;0000000002240;0000000000000;00000087;
20170713;SFI;*;X17 ;0000000000000;0000000000000;00000000;00000000;00000000;00000000;00000000;0000000002106;0000000002205;0000000000000;00000099;
20170713;SJC;*;F18 ;0000000000000;0000000000000;00000000;00000000;00000000;00000000;00000000;0000000219577;0000000229718;0000000000000;00010141;
20170713;SJC;*;H18 ;0000000000000;0000000000000;00000000;00000000;00000000;00000000;00000000;0000000220348;0000000229938;0000000000000;00009590;
20170713;SJC;*;K18 ;0000001649663;0000000514138;00000457;00002253;00002240;00002253;00002240;0000000221396;0000000230600;0000000132893;00009204;
20170713;SJC;*;N18 ;0000000000000;0000000000000;00000000;00000000;00000000;00000000;00000000;0000000222884;0000000231867;0000000000000;00008983;
20170713;SJC;*;Q17 ;0000006257068;0000001950093;00000505;00002214;00002160;00002214;00002160;0000000215057;0000000225033;0000000144040;00009976;
20170713;SJC;*;U17 ;0000003754899;0000001170261;00000052;00002205;00002170;00002205;00002170;0000000215774;0000000226025;0000000148011;00010251;
20170713;SJC;*;X17 ;0000014001669;0000004363794;00002235;00002220;00002180;00002230;00002181;0000000217703;0000000227954;0000000148011;00010251;
20170713;TRY;*;Q17 ;0000000000000;0000000000000;00000621;00000000;00000000;00000000;00000000;0000008983000;0000008985320;0000000001740;00002320;
20170713;TRY;*;U17 ;0000000000000;0000000000000;00000012;00000000;00000000;00000000;00000000;0000008950020;0000008955140;0000000003840;00005120;
20170713;TRY;*;V17 ;0000000000000;0000000000000;00000000;00000000;00000000;00000000;00000000;0000008917880;0000008926450;0000000000000;00008570;
20170713;T10;*;U17 ;0000021340072;0000006646341;00001524;00125469;00125313;00125562;00125484;0000001254062;0000001255156;0000000035126;00001094;
20170713;T10;*;Z17 ;0000000000000;0000000000000;00000000;00000000;00000000;00000000;00000000;0000001250312;0000001251406;0000000000000;00001094;
20170713;WDO;*;F18 ;0000000000000;0000000000000;00000000;00000000;00000000;00000000;00000000;0000033024520;0000033073910;0000000000000;00049390;
20170713;WDO;*;F19 ;0000000000000;0000000000000;00000000;00000000;00000000;00000000;00000000;0000034910120;0000034957590;0000000000000;00047470;
20170713;WDO;*;F20 ;0000000000000;0000000000000;00000000;00000000;00000000;00000000;00000000;0000037215110;0000037254590;0000000000000;00039480;
20170713;WDO;*;F21 ;0000000000000;0000000000000;00000000;00000000;00000000;00000000;00000000;0000039731700;0000039722630;0000000000000;00009070;
20170713;WDO;*;F25 ;0000000000000;0000000000000;00000000;00000000;00000000;00000000;00000000;0000049314260;0000049150100;0000000000000;00164160;
20170713;WDO;*;G18 ;0000000000000;0000000000000;00000000;00000000;00000000;00000000;00000000;0000033188380;0000033239120;0000000000000;00050740;
20170713;WDO;*;H18 ;0000000000000;0000000000000;00000000;00000000;00000000;00000000;00000000;0000033312380;0000033362840;0000000000000;00050460;
20170713;WDO;*;J18 ;0000000000000;0000000000000;00000000;00000000;00000000;00000000;00000000;0000033458710;0000033508220;0000000000000;00049510;
20170713;WDO;*;J19 ;0000000000000;0000000000000;00000000;00000000;00000000;00000000;00000000;0000035442940;0000035493940;0000000000000;00051000;
20170713;WDO;*;J20 ;0000000000000;0000000000000;00000000;00000000;00000000;00000000;00000000;0000037845340;0000037861240;0000000000000;00015900;
20170713;WDO;*;J22 ;0000000000000;0000000000000;00000000;00000000;00000000;00000000;00000000;0000042913020;0000042948560;0000000000000;00035540;
20170713;WDO;*;K18 ;0000000000000;0000000000000;00000000;00000000;00000000;00000000;00000000;0000033619900;0000033665360;0000000000000;00045460;
20170713;WDO;*;M18 ;0000000000000;0000000000000;00000000;00000000;00000000;00000000;00000000;0000033770560;0000033822450;0000000000000;00051890;
20170713;WDO;*;N18 ;0000000000000;0000000000000;00000000;00000000;00000000;00000000;00000000;0000033923610;0000033966970;0000000000000;00043360;
20170713;WDO;*;N19 ;0000000000000;0000000000000;00000000;00000000;00000000;00000000;00000000;0000035997430;0000036036890;0000000000000;00039460;
20170713;WDO;*;N20 ;0000000000000;0000000000000;00000000;00000000;00000000;00000000;00000000;0000038455640;0000038458020;0000000000000;00002380;
20170713;WDO;*;N21 ;0000000000000;0000000000000;00000000;00000000;00000000;00000000;00000000;0000041027540;0000041005280;0000000000000;00022260;
20170713;WDO;*;N22 ;0000000000000;0000000000000;00000000;00000000;00000000;00000000;00000000;0000043411440;0000043345720;0000000000000;00065720;
20170713;WDO;*;Q17 ;0016895549060;0005262099495;00044122;03224000;03213500;03233500;03223000;0000032212210;0000032256330;0000000004412;00044120;
20170713;WDO;*;U17 ;0000018476300;0000005754423;00000289;03250000;03235000;03250000;03240000;0000032422540;0000032468470;0000000004593;00045930;
20170713;WDO;*;V17 ;0000000000000;0000000000000;00000000;00000000;00000000;00000000;00000000;0000032575200;0000032624460;0000000000000;00049260;
20170713;WDO;*;V18 ;0000000000000;0000000000000;00000000;00000000;00000000;00000000;00000000;0000034428040;0000034472660;0000000000000;00044620;
20170713;WDO;*;V19 ;0000000000000;0000000000000;00000000;00000000;00000000;00000000;00000000;0000036648900;0000036681610;0000000000000;00032710;
20170713;WDO;*;X17 ;0000000000000;0000000000000;00000024;00000000;00000000;00000000;00000000;0000032738990;0000032787500;0000000004851;00048510;
20170713;WDO;*;Z17 ;0000000000000;0000000000000;00000012;00000000;00000000;00000000;00000000;0000032886740;0000032934960;0000000004822;00048220;
20170713;WEU;*;Q17 ;0000000000000;0000000000000;00000017;00000000;00000000;00000000;00000000;0000036766350;0000036854070;0000000008772;00087720;
20170713;WEU;*;U17 ;0000000000000;0000000000000;00000000;00000000;00000000;00000000;00000000;0000037058850;0000037149260;0000000000000;00090410;
20170713;WEU;*;V17 ;0000000000000;0000000000000;00000000;00000000;00000000;00000000;00000000;0000037288910;0000037382920;0000000000000;00094010;
20170713;WEU;*;X17 ;0000000000000;0000000000000;00000000;00000000;00000000;00000000;00000000;0000037533620;0000037627460;0000000000000;00093840;
20170713;WIN;*;G18 ;0000000000000;0000000000000;00000000;00000000;00000000;00000000;00000000;0000000068086;0000000067743;0000000000000;00000343;
20170713;WIN;*;G19 ;0000000000000;0000000000000;00000000;00000000;00000000;00000000;00000000;0000000073389;0000000073012;0000000000000;00000377;
20170713;WIN;*;J18 ;0000000000000;0000000000000;00000000;00000000;00000000;00000000;00000000;0000000068924;0000000068578;0000000000000;00000346;
20170713;WIN;*;J19 ;0000000000000;0000000000000;00000000;00000000;00000000;00000000;00000000;0000000074454;0000000074074;0000000000000;00000380;
20170713;WIN;*;M18 ;0000000000000;0000000000000;00000000;00000000;00000000;00000000;00000000;0000000069672;0000000069322;0000000000000;00000350;
20170713;WIN;*;M19 ;0000000000000;0000000000000;00000000;00000000;00000000;00000000;00000000;0000000075435;0000000075042;0000000000000;00000393;
20170713;WIN;*;Q17 ;0010570613095;0003292205399;00063481;00065240;00065225;00065865;00065780;0000000065774;0000000065443;0000000006620;00000331;
20170713;WIN;*;Q18 ;0000000000000;0000000000000;00000000;00000000;00000000;00000000;00000000;0000000070592;0000000070235;0000000000000;00000357;
20170713;WIN;*;V17 ;0000000000000;0000000000000;00000002;00000000;00000000;00000000;00000000;0000000066620;0000000066285;0000000006700;00000335;
20170713;WIN;*;V18 ;0000000000000;0000000000000;00000000;00000000;00000000;00000000;00000000;0000000071514;0000000071149;0000000000000;00000365;
20170713;WIN;*;Z17 ;0000000000000;0000000000000;00000000;00000000;00000000;00000000;00000000;0000000067370;0000000067030;0000000000000;00000340;
20170713;WIN;*;Z18 ;0000000000000;0000000000000;00000000;00000000;00000000;00000000;00000000;0000000072369;0000000071994;0000000000000;00000375;
20170713;WTI;*;Q17 ;0000036552018;0000011391890;00001409;00004573;00004573;00004600;00004599;0000000004608;0000000004549;0000000018930;00000059;
20170713;WTI;*;U17 ;0000000089000;0000000027738;00000486;00004623;00004623;00004623;00004623;0000000004625;0000000004566;0000000018930;00000059;
20170713;WTI;*;V17 ;0000000000000;0000000000000;00000000;00000000;00000000;00000000;00000000;0000000004640;0000000004581;0000000000000;00000059;
20170713;ZAR;*;Q17 ;0000000000000;0000000000000;00000423;00000000;00000000;00000000;00000000;0000024310130;0000024256040;0000000018931;00054090;
20170713;ZAR;*;U17 ;0000000000000;0000000000000;00000011;00000000;00000000;00000000;00000000;0000024317370;0000024268540;0000000017090;00048830;
20170713;ZAR;*;V17 ;0000000000000;0000000000000;00000000;00000000;00000000;00000000;00000000;0000024318770;0000024262710;0000000000000;00056060;
