Data;Código do Contrato;Pregão;Vencimento;Volume(R$);Volume(U$);Número de contas em Aberto;Preço de Abertura;Preço Mínimo;Preço Máximo;Último Preço;Preço de Ajuste Atual; Preço de Ajuste Anterior;Valor de Ajuste por Contrato;Variação
20170613;AUD;*;N17 ;0000000749964;0000000225838;00001489;02499900;02499800;02499900;02499800;0000025039140;0000025108500;0000000041616;00069360;
20170613;AUD;*;Q17 ;0000002266680;0000000682570;00000924;02519500;02516600;02519500;02516600;0000025184160;0000025249750;0000000039354;00065590;
20170613;AUD;*;U17 ;0000000000000;0000000000000;00000000;00000000;00000000;00000000;00000000;0000025338080;0000025403820;0000000000000;00065740;
20170613;BGI;*;F18 ;0000000000000;0000000000000;00000000;00000000;00000000;00000000;00000000;0000000012712;0000000012709;0000000000000;00000003;
20170613;BGI;*;K18 ;0000000000000;0000000000000;00000058;00000000;00000000;00000000;00000000;0000000013039;0000000013035;0000000001320;00000004;
20170613;BGI;*;M17 ;0000010860517;0000003284894;00000540;00012610;00012600;00012690;00012650;0000000012650;0000000012610;0000000013200;00000040;
20170613;BGI;*;N17 ;0000002034608;0000000615392;00000505;00012631;00012501;00012631;00012560;0000000012598;0000000012577;0000000006930;00000021;
20170613;BGI;*;Q17 ;0000000416823;0000000126073;00000293;00012660;00012600;00012660;00012600;0000000012625;0000000012660;0000000011550;00000035;
20170613;BGI;*;U17 ;0000000042075;0000000012726;00000096;00012750;00012750;00012750;00012750;0000000012739;0000000012736;0000000000990;00000003;
20170613;BGI;*;V17 ;0000082233485;0000024872508;00005629;00012800;00012765;00012867;00012805;0000000012804;0000000012801;0000000000990;00000003;
20170613;BGI;*;V18 ;0000002269245;0000000686360;00000040;00013753;00013753;00013753;00013753;0000000013623;0000000013619;0000000001320;00000004;
20170613;BGI;*;X17 ;0000000000000;0000000000000;00000068;00000000;00000000;00000000;00000000;0000000012872;0000000012869;0000000000990;00000003;
20170613;BGI;*;Z17 ;0000000000000;0000000000000;00000003;00000000;00000000;00000000;00000000;0000000012913;0000000012910;0000000000990;00000003;
20170613;BRI;*;Q17 ;0000000522800;0000000157432;00000959;00010456;00010456;00010456;00010456;0000000010471;0000000010451;0000000020000;00000020;
20170613;BRI;*;V17 ;0000000000000;0000000000000;00000016;00000000;00000000;00000000;00000000;0000000010620;0000000010599;0000000021000;00000021;
20170613;BSE;*;M17 ;0000000000000;0000000000000;00000000;00000000;00000000;00000000;00000000;0000000031226;0000000031226;0000000000000;00000000;
20170613;BSE;*;N17 ;0000000000000;0000000000000;00000000;00000000;00000000;00000000;00000000;0000000031442;0000000031442;0000000000000;00000000;
20170613;CAD;*;N17 ;0000000300000;0000000090340;00000115;02500000;02500000;02500000;02500000;0000025114610;0000025008920;0000000063414;00105690;
20170613;CAD;*;Q17 ;0000001513440;0000000455746;00000700;02522400;02522400;02522400;02522400;0000025284620;0000025177400;0000000064332;00107220;
20170613;CAD;*;U17 ;0000000000000;0000000000000;00000105;00000000;00000000;00000000;00000000;0000025468070;0000025360340;0000000064638;00107730;
20170613;CCM;*;F18 ;0000002160391;0000000653436;00001108;00002881;00002869;00002889;00002878;0000000002878;0000000002876;0000000000900;00000002;
20170613;CCM;*;H18 ;0000000538200;0000000162785;00000295;00002990;00002990;00002990;00002990;0000000003018;0000000003010;0000000003600;00000008;
20170613;CCM;*;K18 ;0000000000000;0000000000000;00000000;00000000;00000000;00000000;00000000;0000000002959;0000000002951;0000000000000;00000008;
20170613;CCM;*;N17 ;0000000462186;0000000139794;00000922;00002641;00002631;00002650;00002631;0000000002631;0000000002620;0000000004950;00000011;
20170613;CCM;*;N18 ;0000000000000;0000000000000;00000000;00000000;00000000;00000000;00000000;0000000002969;0000000002962;0000000000000;00000007;
20170613;CCM;*;U17 ;0000023497483;0000007107097;00022807;00002706;00002688;00002720;00002719;0000000002719;0000000002717;0000000000900;00000002;
20170613;CCM;*;U18 ;0000000000000;0000000000000;00000030;00000000;00000000;00000000;00000000;0000000002982;0000000002975;0000000003150;00000007;
20170613;CCM;*;X17 ;0000000326205;0000000098665;00001244;00002791;00002782;00002791;00002790;0000000002792;0000000002790;0000000000900;00000002;
20170613;CCM;*;X18 ;0000000000000;0000000000000;00000000;00000000;00000000;00000000;00000000;0000000003055;0000000003048;0000000000000;00000007;
20170613;CHF;*;N17 ;0000000000000;0000000000000;00000009;00000000;00000000;00000000;00000000;0000034344600;0000034444540;0000000049970;00099940;
20170613;CHF;*;Q17 ;0000000000000;0000000000000;00000000;00000000;00000000;00000000;00000000;0000034619750;0000034716150;0000000000000;00096400;
20170613;CHF;*;U17 ;0000000000000;0000000000000;00000160;00000000;00000000;00000000;00000000;0000034926600;0000035023140;0000000048270;00096540;
20170613;CLP;*;N17 ;0000001895687;0000000570853;00000062;05058500;05048500;05058500;05048500;0000050207000;0000050334000;0000000031750;00127000;
20170613;CLP;*;Q17 ;0000000000000;0000000000000;00000055;00000000;00000000;00000000;00000000;0000050465000;0000050581000;0000000029000;00116000;
20170613;CLP;*;U17 ;0000000000000;0000000000000;00000460;00000000;00000000;00000000;00000000;0000050735000;0000050849000;0000000028500;00114000;
20170613;CNY;*;N17 ;0000000000000;0000000000000;00000090;00000000;00000000;00000000;00000000;0000048808380;0000048931380;0000000043050;00123000;
20170613;CNY;*;Q17 ;0000000000000;0000000000000;00000000;00000000;00000000;00000000;00000000;0000049004550;0000049121320;0000000000000;00116770;
20170613;CNY;*;U17 ;0000000000000;0000000000000;00000000;00000000;00000000;00000000;00000000;0000049202330;0000049318780;0000000000000;00116450;
20170613;DAP;*;F18 ;0001594207002;0000480067153;00025410;00000561;00000555;00000568;00000555;0000009689827;0000009682084;0000000009373;00007743;
20170613;DAP;*;F19 ;0000000000000;0000000000000;00000000;00000000;00000000;00000000;00000000;0000009222770;0000009231495;0000000000000;00008725;
20170613;DAP;*;K19 ;0000000000000;0000000000000;00038425;00000000;00000000;00000000;00000000;0000009091249;0000009103245;0000000014521;00011996;
20170613;DAP;*;K21 ;0000012211633;0000003677317;00013557;00000565;00000565;00000565;00000565;0000008076268;0000008085487;0000000011159;00009219;
20170613;DAP;*;K23 ;0000000000000;0000000000000;00012633;00000000;00000000;00000000;00000000;0000007202766;0000007211001;0000000009968;00008235;
20170613;DAP;*;M17 ;0000000000000;0000000000000;00000000;00000000;00000000;00000000;00000000;0000009994328;0000009994015;0000000000000;00000313;
20170613;DAP;*;N17 ;0000000000000;0000000000000;00002800;00000000;00000000;00000000;00000000;0000009900493;0000009899836;0000000000795;00000657;
20170613;DAP;*;Q17 ;0000190837344;0000057467280;00000000;00000885;00000885;00000885;00000885;0000009853026;0000009856696;0000000004442;00003670;
20170613;DAP;*;Q18 ;0002013710302;0000606393129;00053305;00000547;00000538;00000552;00000539;0000009406949;0000009405245;0000000002062;00001704;
20170613;DAP;*;Q20 ;0000000000000;0000000000000;00005785;00000000;00000000;00000000;00000000;0000008444806;0000008455266;0000000012662;00010460;
20170613;DAP;*;Q22 ;0000234877851;0000070729297;00016959;00000568;00000568;00000569;00000568;0000007512476;0000007512691;0000000000260;00000215;
20170613;DAP;*;Q24 ;0000025768045;0000007759590;00008390;00000564;00000564;00000564;00000564;0000006743982;0000006757884;0000000016828;00013902;
20170613;DAP;*;Q26 ;0000000000000;0000000000000;00002370;00000000;00000000;00000000;00000000;0000005991506;0000005996853;0000000006472;00005347;
20170613;DAP;*;Q30 ;0000000000000;0000000000000;00000235;00000000;00000000;00000000;00000000;0000004808431;0000004808563;0000000000159;00000132;
20170613;DAP;*;U17 ;0000000000000;0000000000000;00000000;00000000;00000000;00000000;00000000;0000009797841;0000009798694;0000000000000;00000853;
20170613;DCO;*;F18 ;0000000000000;0000000000000;00000000;00000000;00000000;00000000;00000000;0000009902284;0000009930355;0000000000000;00028071;
20170613;DCO;*;F19 ;0000000000000;0000000000000;00000000;00000000;00000000;00000000;00000000;0000009632220;0000009656042;0000000000000;00023822;
20170613;DCO;*;F20 ;0000000000000;0000000000000;00000000;00000000;00000000;00000000;00000000;0000009309932;0000009333533;0000000000000;00023601;
20170613;DCO;*;F21 ;0000000000000;0000000000000;00000000;00000000;00000000;00000000;00000000;0000008940261;0000008960280;0000000000000;00020019;
20170613;DCO;*;F22 ;0000000000000;0000000000000;00000000;00000000;00000000;00000000;00000000;0000008548927;0000008562203;0000000000000;00013276;
20170613;DCO;*;F23 ;0000000000000;0000000000000;00000000;00000000;00000000;00000000;00000000;0000008149061;0000008165691;0000000000000;00016630;
20170613;DCO;*;F24 ;0000000000000;0000000000000;00000000;00000000;00000000;00000000;00000000;0000007752299;0000007764785;0000000000000;00012486;
20170613;DCO;*;F25 ;0000000000000;0000000000000;00000000;00000000;00000000;00000000;00000000;0000007334605;0000007348124;0000000000000;00013519;
20170613;DCO;*;F26 ;0000000000000;0000000000000;00000000;00000000;00000000;00000000;00000000;0000006931408;0000006940152;0000000000000;00008744;
20170613;DCO;*;F27 ;0000000000000;0000000000000;00000000;00000000;00000000;00000000;00000000;0000006533428;0000006544625;0000000000000;00011197;
20170613;DCO;*;F28 ;0000000000000;0000000000000;00000000;00000000;00000000;00000000;00000000;0000006180351;0000006189277;0000000000000;00008926;
20170613;DCO;*;F29 ;0000000000000;0000000000000;00000000;00000000;00000000;00000000;00000000;0000005838121;0000005848283;0000000000000;00010162;
20170613;DCO;*;F30 ;0000000000000;0000000000000;00000000;00000000;00000000;00000000;00000000;0000005520387;0000005527435;0000000000000;00007048;
20170613;DCO;*;G18 ;0000000000000;0000000000000;00000000;00000000;00000000;00000000;00000000;0000009883577;0000009911192;0000000000000;00027615;
20170613;DCO;*;H18 ;0000000000000;0000000000000;00000000;00000000;00000000;00000000;00000000;0000009863416;0000009891078;0000000000000;00027662;
20170613;DCO;*;J18 ;0000000000000;0000000000000;00000000;00000000;00000000;00000000;00000000;0000009839041;0000009865581;0000000000000;00026540;
20170613;DCO;*;J19 ;0000000000000;0000000000000;00000000;00000000;00000000;00000000;00000000;0000009561989;0000009585824;0000000000000;00023835;
20170613;DCO;*;J20 ;0000000000000;0000000000000;00000000;00000000;00000000;00000000;00000000;0000009224128;0000009250375;0000000000000;00026247;
20170613;DCO;*;J21 ;0000000000000;0000000000000;00000000;00000000;00000000;00000000;00000000;0000008859157;0000008874602;0000000000000;00015445;
20170613;DCO;*;J22 ;0000000000000;0000000000000;00000000;00000000;00000000;00000000;00000000;0000008462884;0000008475639;0000000000000;00012755;
20170613;DCO;*;K18 ;0000000000000;0000000000000;00000000;00000000;00000000;00000000;00000000;0000009817661;0000009841542;0000000000000;00023881;
20170613;DCO;*;M18 ;0000000000000;0000000000000;00000000;00000000;00000000;00000000;00000000;0000009793533;0000009820112;0000000000000;00026579;
20170613;DCO;*;N17 ;0000000000000;0000000000000;00000000;00000000;00000000;00000000;00000000;0000010020207;0000010049345;0000000000000;00029138;
20170613;DCO;*;N18 ;0000000000000;0000000000000;00000000;00000000;00000000;00000000;00000000;0000009773770;0000009800315;0000000000000;00026545;
20170613;DCO;*;N19 ;0000000000000;0000000000000;00000000;00000000;00000000;00000000;00000000;0000009481859;0000009509775;0000000000000;00027916;
20170613;DCO;*;N20 ;0000000000000;0000000000000;00000000;00000000;00000000;00000000;00000000;0000009135006;0000009160358;0000000000000;00025352;
20170613;DCO;*;N21 ;0000000000000;0000000000000;00000000;00000000;00000000;00000000;00000000;0000008755430;0000008771662;0000000000000;00016232;
20170613;DCO;*;Q17 ;0000000000000;0000000000000;00000000;00000000;00000000;00000000;00000000;0000010001361;0000010030369;0000000000000;00029008;
20170613;DCO;*;U17 ;0000000000000;0000000000000;00000000;00000000;00000000;00000000;00000000;0000009986020;0000010014857;0000000000000;00028837;
20170613;DCO;*;V17 ;0000000000000;0000000000000;00000000;00000000;00000000;00000000;00000000;0000009964667;0000009993588;0000000000000;00028921;
20170613;DCO;*;V18 ;0000000000000;0000000000000;00000000;00000000;00000000;00000000;00000000;0000009706709;0000009732344;0000000000000;00025635;
20170613;DCO;*;V19 ;0000000000000;0000000000000;00000000;00000000;00000000;00000000;00000000;0000009399085;0000009425020;0000000000000;00025935;
20170613;DCO;*;V20 ;0000000000000;0000000000000;00000000;00000000;00000000;00000000;00000000;0000009039997;0000009063204;0000000000000;00023207;
20170613;DCO;*;V21 ;0000000000000;0000000000000;00000000;00000000;00000000;00000000;00000000;0000008661896;0000008678639;0000000000000;00016743;
20170613;DCO;*;X17 ;0000000000000;0000000000000;00000000;00000000;00000000;00000000;00000000;0000009945853;0000009973685;0000000000000;00027832;
20170613;DCO;*;Z17 ;0000000000000;0000000000000;00000000;00000000;00000000;00000000;00000000;0000009925509;0000009953483;0000000000000;00027974;
20170613;DDI;*;F18 ;0000000000000;0000000000000;00423458;00000000;00000000;00000000;00000000;0000009902837;0000009930915;0000000046309;00028078;
20170613;DDI;*;F19 ;0000000000000;0000000000000;00106984;00000000;00000000;00000000;00000000;0000009633684;0000009657524;0000000039319;00023840;
20170613;DDI;*;F20 ;0000000000000;0000000000000;00095779;00000000;00000000;00000000;00000000;0000009312179;0000009335807;0000000038969;00023628;
20170613;DDI;*;F21 ;0000000000000;0000000000000;00091041;00000000;00000000;00000000;00000000;0000008946042;0000008966130;0000000033131;00020088;
20170613;DDI;*;F22 ;0000000000000;0000000000000;00034834;00000000;00000000;00000000;00000000;0000008555692;0000008569039;0000000022013;00013347;
20170613;DDI;*;F23 ;0000000000000;0000000000000;00029996;00000000;00000000;00000000;00000000;0000008156553;0000008173268;0000000027568;00016715;
20170613;DDI;*;F24 ;0000000000000;0000000000000;00033225;00000000;00000000;00000000;00000000;0000007760300;0000007772871;0000000020733;00012571;
20170613;DDI;*;F25 ;0000000000000;0000000000000;00020280;00000000;00000000;00000000;00000000;0000007342863;0000007356472;0000000022445;00013609;
20170613;DDI;*;F26 ;0000000000000;0000000000000;00014030;00000000;00000000;00000000;00000000;0000006939759;0000006948585;0000000014556;00008826;
20170613;DDI;*;F27 ;0000000000000;0000000000000;00010950;00000000;00000000;00000000;00000000;0000006541720;0000006553005;0000000018612;00011285;
20170613;DDI;*;F28 ;0000000000000;0000000000000;00000110;00000000;00000000;00000000;00000000;0000006188544;0000006197553;0000000014858;00009009;
20170613;DDI;*;F29 ;0000000000000;0000000000000;00000000;00000000;00000000;00000000;00000000;0000005850134;0000005860425;0000000000000;00010291;
20170613;DDI;*;F30 ;0000000000000;0000000000000;00000500;00000000;00000000;00000000;00000000;0000005532058;0000005539220;0000000011812;00007162;
20170613;DDI;*;G18 ;0000000000000;0000000000000;00031410;00000000;00000000;00000000;00000000;0000009884209;0000009911832;0000000045558;00027623;
20170613;DDI;*;H18 ;0000000000000;0000000000000;00019920;00000000;00000000;00000000;00000000;0000009864122;0000009891792;0000000045636;00027670;
20170613;DDI;*;J18 ;0000000000000;0000000000000;00092969;00000000;00000000;00000000;00000000;0000009839829;0000009866378;0000000043787;00026549;
20170613;DDI;*;J19 ;0000000000000;0000000000000;00050496;00000000;00000000;00000000;00000000;0000009563658;0000009587512;0000000039342;00023854;
20170613;DDI;*;J20 ;0000000000000;0000000000000;00027895;00000000;00000000;00000000;00000000;0000009226546;0000009252825;0000000043341;00026279;
20170613;DDI;*;J21 ;0000000000000;0000000000000;00006137;00000000;00000000;00000000;00000000;0000008865213;0000008880724;0000000025582;00015511;
20170613;DDI;*;J22 ;0000000000000;0000000000000;00000120;00000000;00000000;00000000;00000000;0000008469865;0000008482693;0000000021157;00012828;
20170613;DDI;*;K18 ;0000000000000;0000000000000;00017620;00000000;00000000;00000000;00000000;0000009818526;0000009842417;0000000039403;00023891;
20170613;DDI;*;M18 ;0000000000000;0000000000000;00004830;00000000;00000000;00000000;00000000;0000009794474;0000009821064;0000000043854;00026590;
20170613;DDI;*;N17 ;0000000000000;0000000000000;00580846;00000000;00000000;00000000;00000000;0000010020263;0000010049401;0000000048057;00029138;
20170613;DDI;*;N18 ;0000000000000;0000000000000;00093789;00000000;00000000;00000000;00000000;0000009774789;0000009801346;0000000043800;00026557;
20170613;DDI;*;N19 ;0000000000000;0000000000000;00057674;00000000;00000000;00000000;00000000;0000009483727;0000009511667;0000000046081;00027940;
20170613;DDI;*;N20 ;0000000000000;0000000000000;00043635;00000000;00000000;00000000;00000000;0000009137589;0000009162974;0000000041867;00025385;
20170613;DDI;*;N21 ;0000000000000;0000000000000;00004910;00000000;00000000;00000000;00000000;0000008761733;0000008778036;0000000026888;00016303;
20170613;DDI;*;Q17 ;0000000000000;0000000000000;00480964;00000000;00000000;00000000;00000000;0000010001634;0000010030507;0000000047620;00028873;
20170613;DDI;*;U17 ;0000000000000;0000000000000;00142595;00000000;00000000;00000000;00000000;0000009986241;0000010015081;0000000047565;00028840;
20170613;DDI;*;V17 ;0000000000000;0000000000000;00246614;00000000;00000000;00000000;00000000;0000009964973;0000009993899;0000000047707;00028926;
20170613;DDI;*;V18 ;0000000000000;0000000000000;00059668;00000000;00000000;00000000;00000000;0000009707952;0000009733603;0000000042306;00025651;
20170613;DDI;*;V19 ;0000000000000;0000000000000;00033974;00000000;00000000;00000000;00000000;0000009401147;0000009427108;0000000042817;00025961;
20170613;DDI;*;V20 ;0000000000000;0000000000000;00023920;00000000;00000000;00000000;00000000;0000009045476;0000009068751;0000000038387;00023275;
20170613;DDI;*;V21 ;0000000000000;0000000000000;00002042;00000000;00000000;00000000;00000000;0000008668449;0000008685266;0000000027736;00016817;
20170613;DDI;*;X17 ;0000000000000;0000000000000;00093130;00000000;00000000;00000000;00000000;0000009946241;0000009974077;0000000045909;00027836;
20170613;DDI;*;Z17 ;0000000000000;0000000000000;00078190;00000000;00000000;00000000;00000000;0000009925977;0000009953957;0000000046147;00027980;
20170613;DDM;*;K25 ;0000000000000;0000000000000;00000000;00000000;00000000;00000000;00000000;0000006500788;0000006546654;0000000000000;00045866;
20170613;DI1;*;F18 ;0022542595883;0006788302783;03235305;00009140;00009130;00009210;00009200;0000009529705;0000009532197;0000000002492;00002492;
20170613;DI1;*;F19 ;0026796809222;0008069383649;01954436;00009160;00009140;00009260;00009250;0000008727792;0000008735481;0000000007689;00007689;
20170613;DI1;*;F20 ;0012732197634;0003834075414;01567851;00009730;00009700;00009860;00009850;0000007876249;0000007890967;0000000014718;00014718;
20170613;DI1;*;F21 ;0017783387058;0005355151487;01342938;00010230;00010190;00010380;00010360;0000007054402;0000007074770;0000000020368;00020368;
20170613;DI1;*;F22 ;0000326127986;0000098207657;00090106;00010530;00010520;00010670;00010650;0000006321599;0000006337071;0000000015472;00015472;
20170613;DI1;*;F23 ;0004410542861;0001328156728;00651772;00010730;00010680;00010830;00010820;0000005667618;0000005678820;0000000011202;00011202;
20170613;DI1;*;F24 ;0000041064052;0000012365711;00056305;00010840;00010830;00010910;00010860;0000005087950;0000005098293;0000000010343;00010343;
20170613;DI1;*;F25 ;0001905222511;0000573723955;00560730;00010930;00010880;00011020;00011010;0000004558466;0000004567614;0000000009148;00009148;
20170613;DI1;*;F26 ;0000060807906;0000018311222;00062718;00010980;00010920;00011200;00011020;0000004095572;0000004093868;0000000001704;00001704;
20170613;DI1;*;F27 ;0001094906920;0000329711792;00392081;00011030;00010980;00011130;00011130;0000003669678;0000003679007;0000000009329;00009329;
20170613;DI1;*;F28 ;0000000000000;0000000000000;00000010;00000000;00000000;00000000;00000000;0000003306612;0000003315911;0000000009299;00009299;
20170613;DI1;*;F29 ;0000032544534;0000009800209;00003338;00011030;00011000;00011130;00011130;0000002978931;0000002988105;0000000009174;00009174;
20170613;DI1;*;F30 ;0000000000000;0000000000000;00000720;00000000;00000000;00000000;00000000;0000002667667;0000002676590;0000000008923;00008923;
20170613;DI1;*;G18 ;0000019867948;0000005982880;00022700;00009120;00009120;00009120;00009120;0000009460928;0000009462940;0000000002012;00002012;
20170613;DI1;*;H18 ;0000180128178;0000054242405;00015575;00009050;00009050;00009090;00009090;0000009403957;0000009406152;0000000002195;00002195;
20170613;DI1;*;J18 ;0001353770214;0000407663880;00712181;00009010;00009010;00009070;00009065;0000009337712;0000009340455;0000000002743;00002743;
20170613;DI1;*;J19 ;0000683463105;0000205812788;00505973;00009330;00009310;00009400;00009400;0000008523589;0000008530786;0000000007197;00007197;
20170613;DI1;*;J20 ;0000251514078;0000075739002;00076218;00009880;00009880;00010000;00009990;0000007666244;0000007682858;0000000016614;00016614;
20170613;DI1;*;J21 ;0000014449618;0000004351246;00030810;00010310;00010310;00010470;00010470;0000006871565;0000006887299;0000000015734;00015734;
20170613;DI1;*;J22 ;0000000000000;0000000000000;00001370;00000000;00000000;00000000;00000000;0000006154035;0000006168569;0000000014534;00014534;
20170613;DI1;*;K18 ;0000096916735;0000029184755;00020215;00009010;00009010;00009070;00009070;0000009270730;0000009273851;0000000003121;00003121;
20170613;DI1;*;M18 ;0000000460242;0000000138594;00001800;00009050;00009050;00009050;00009050;0000009204446;0000009207889;0000000003443;00003443;
20170613;DI1;*;N17 ;0002254234620;0000678822760;03050439;00010140;00010140;00010150;00010146;0000009950272;0000009950254;0000000000018;00000018;
20170613;DI1;*;N18 ;0003969806963;0001195436932;00740515;00009010;00009000;00009090;00009080;0000009136891;0000009140743;0000000003852;00003852;
20170613;DI1;*;N19 ;0000850453023;0000256098839;00498415;00009440;00009420;00009560;00009550;0000008312952;0000008322392;0000000009440;00009440;
20170613;DI1;*;N20 ;0002784042041;0000838364864;01251396;00010000;00009980;00010150;00010140;0000007467786;0000007480161;0000000012375;00012375;
20170613;DI1;*;N21 ;0000240426066;0000072400044;00058491;00010400;00010400;00010560;00010540;0000006683898;0000006697233;0000000013335;00013335;
20170613;DI1;*;N22 ;0000000600523;0000000180837;00004830;00010630;00010630;00010720;00010720;0000005991596;0000006005102;0000000013506;00013506;
20170613;DI1;*;N23 ;0000078032641;0000023498145;00003180;00010810;00010810;00011000;00010810;0000005375300;0000005386282;0000000010982;00010982;
20170613;DI1;*;N24 ;0000016949215;0000005103955;00002530;00010890;00010890;00010900;00010900;0000004823082;0000004833015;0000000009933;00009933;
20170613;DI1;*;Q17 ;0002265427224;0000682193214;00608703;00010086;00010086;00010092;00010091;0000009871129;0000009871158;0000000000029;00000029;
20170613;DI1;*;U17 ;0025250787415;0007603826613;00237915;00009780;00009780;00009810;00009808;0000009790653;0000009790976;0000000000323;00000323;
20170613;DI1;*;V17 ;0026300696261;0007919988033;01846711;00009550;00009550;00009625;00009605;0000009723657;0000009724256;0000000000599;00000599;
20170613;DI1;*;V18 ;0000278676997;0000083918633;00594375;00009080;00009060;00009160;00009150;0000008930217;0000008934789;0000000004572;00004572;
20170613;DI1;*;V19 ;0000012541691;0000003776708;00080729;00009660;00009660;00009710;00009710;0000008088145;0000008100120;0000000011975;00011975;
20170613;DI1;*;V20 ;0000039210024;0000011807403;00046515;00010150;00010150;00010290;00010290;0000007255255;0000007267161;0000000011906;00011906;
20170613;DI1;*;V21 ;0000068296819;0000020566375;00012052;00010510;00010400;00010620;00010620;0000006498523;0000006512808;0000000014285;00014285;
20170613;DI1;*;X17 ;0000648304289;0000195225334;00118250;00009450;00009450;00009470;00009460;0000009654594;0000009655871;0000000001277;00001277;
20170613;DI1;*;Z17 ;0000981703939;0000295622723;00110285;00009295;00009290;00009320;00009310;0000009591739;0000009593477;0000000001738;00001738;
20170613;DOL;*;F18 ;0000000000000;0000000000000;00009085;00000000;00000000;00000000;00000000;0000034277550;0000034365760;0000000044105;00088210;
20170613;DOL;*;F19 ;0000000000000;0000000000000;00000000;00000000;00000000;00000000;00000000;0000036409750;0000036467720;0000000000000;00057970;
20170613;DOL;*;F20 ;0000000000000;0000000000000;00000000;00000000;00000000;00000000;00000000;0000038999720;0000039025750;0000000000000;00026030;
20170613;DOL;*;F21 ;0000000000000;0000000000000;00003100;00000000;00000000;00000000;00000000;0000041831210;0000041804440;0000000013385;00026770;
20170613;DOL;*;F25 ;0000000000000;0000000000000;00000000;00000000;00000000;00000000;00000000;0000053134470;0000053126330;0000000000000;00008140;
20170613;DOL;*;G18 ;0000000000000;0000000000000;00000000;00000000;00000000;00000000;00000000;0000034461790;0000034550750;0000000000000;00088960;
20170613;DOL;*;H18 ;0000000000000;0000000000000;00000000;00000000;00000000;00000000;00000000;0000034600110;0000034689070;0000000000000;00088960;
20170613;DOL;*;J18 ;0000000000000;0000000000000;00000180;00000000;00000000;00000000;00000000;0000034759760;0000034843310;0000000041775;00083550;
20170613;DOL;*;J19 ;0000000000000;0000000000000;00000050;00000000;00000000;00000000;00000000;0000037011030;0000037072050;0000000030510;00061020;
20170613;DOL;*;J20 ;0000000000000;0000000000000;00000000;00000000;00000000;00000000;00000000;0000039699610;0000039726580;0000000000000;00026970;
20170613;DOL;*;J22 ;0000000000000;0000000000000;00000000;00000000;00000000;00000000;00000000;0000045398990;0000045360620;0000000000000;00038370;
20170613;DOL;*;K18 ;0000000000000;0000000000000;00000000;00000000;00000000;00000000;00000000;0000034935100;0000035008320;0000000000000;00073220;
20170613;DOL;*;M18 ;0000000000000;0000000000000;00000000;00000000;00000000;00000000;00000000;0000035100480;0000035182620;0000000000000;00082140;
20170613;DOL;*;N17 ;0049011062375;0014758811845;00544056;03325000;03313500;03347500;03329500;0000033218080;0000033314760;0000000048340;00096680;
20170613;DOL;*;N18 ;0000000000000;0000000000000;00000620;00000000;00000000;00000000;00000000;0000035288940;0000035369910;0000000040485;00080970;
20170613;DOL;*;N19 ;0000000000000;0000000000000;00000400;00000000;00000000;00000000;00000000;0000037631660;0000037699730;0000000034035;00068070;
20170613;DOL;*;N21 ;0000000000000;0000000000000;00000000;00000000;00000000;00000000;00000000;0000043240420;0000043234620;0000000000000;00005800;
20170613;DOL;*;Q17 ;0000363756375;0000109538778;00018080;03345000;03337000;03346000;03340000;0000033422100;0000033518490;0000000048195;00096390;
20170613;DOL;*;U17 ;0000001694500;0000000510269;00001970;03389000;03389000;03389000;03389000;0000033644960;0000033741020;0000000048030;00096060;
20170613;DOL;*;V17 ;0000025358875;0000007636375;00003950;03400500;03379000;03401500;03379000;0000033804630;0000033900670;0000000048020;00096040;
20170613;DOL;*;V18 ;0000000000000;0000000000000;00000040;00000000;00000000;00000000;00000000;0000035858760;0000035935110;0000000038175;00076350;
20170613;DOL;*;V19 ;0000000000000;0000000000000;00000000;00000000;00000000;00000000;00000000;0000038340830;0000038389880;0000000000000;00049050;
20170613;DOL;*;X17 ;0000001709000;0000000514635;00000235;03418000;03418000;03418000;03418000;0000033982440;0000034073050;0000000045305;00090610;
20170613;DOL;*;Z17 ;0000000000000;0000000000000;00000005;00000000;00000000;00000000;00000000;0000034135450;0000034225470;0000000045010;00090020;
20170613;DR1;*;N7Q7;0000000000000;0000000000000;00000000;00000000;00000000;00000000;00000000;0000000000000;0000000000000;0000000000000;00000000;
20170613;ETH;*;F18 ;0000000000000;0000000000000;00000030;00000000;00000000;00000000;00000000;0000000165000;0000000165000;0000000000000;00000000;
20170613;ETH;*;G18 ;0000000000000;0000000000000;00000030;00000000;00000000;00000000;00000000;0000000165000;0000000165000;0000000000000;00000000;
20170613;ETH;*;H18 ;0000000000000;0000000000000;00000030;00000000;00000000;00000000;00000000;0000000165000;0000000165000;0000000000000;00000000;
20170613;ETH;*;J18 ;0000000000000;0000000000000;00000000;00000000;00000000;00000000;00000000;0000000157350;0000000157350;0000000000000;00000000;
20170613;ETH;*;K18 ;0000000000000;0000000000000;00000000;00000000;00000000;00000000;00000000;0000000150050;0000000150050;0000000000000;00000000;
20170613;ETH;*;M17 ;0000000000000;0000000000000;00000340;00000000;00000000;00000000;00000000;0000000135500;0000000135500;0000000000000;00000000;
20170613;ETH;*;N17 ;0000000000000;0000000000000;00000291;00000000;00000000;00000000;00000000;0000000137500;0000000137500;0000000000000;00000000;
20170613;ETH;*;Q17 ;0000000000000;0000000000000;00000650;00000000;00000000;00000000;00000000;0000000138000;0000000138000;0000000000000;00000000;
20170613;ETH;*;U17 ;0000000000000;0000000000000;00000000;00000000;00000000;00000000;00000000;0000000150000;0000000150000;0000000000000;00000000;
20170613;ETH;*;V17 ;0000000000000;0000000000000;00000410;00000000;00000000;00000000;00000000;0000000148000;0000000148000;0000000000000;00000000;
20170613;ETH;*;X17 ;0000000000000;0000000000000;00000267;00000000;00000000;00000000;00000000;0000000157000;0000000157000;0000000000000;00000000;
20170613;ETH;*;Z17 ;0000000000000;0000000000000;00000575;00000000;00000000;00000000;00000000;0000000158000;0000000158000;0000000000000;00000000;
20170613;EUR;*;N17 ;0000005593375;0000001684346;00014701;03730400;03726700;03730400;03726700;0000037272690;0000037372540;0000000049925;00099850;
20170613;EUR;*;Q17 ;0000006563750;0000001976557;00001785;03758000;03749500;03758000;03749500;0000037549020;0000037648530;0000000049755;00099510;
20170613;EUR;*;U17 ;0000001908700;0000000574771;00000445;03817400;03817400;03817400;03817400;0000037853770;0000037953880;0000000050055;00100110;
20170613;EUR;*;V17 ;0000000000000;0000000000000;00000000;00000000;00000000;00000000;00000000;0000038093030;0000038192450;0000000000000;00099420;
20170613;FRC;*;F18 ;0000000000000;0000000000000;00000000;00000235;00000233;00000235;00000234;0000000000233;0000000000235;0000000000001;00000002;
20170613;FRC;*;F19 ;0000000000000;0000000000000;00000000;00000267;00000264;00000267;00000264;0000000000264;0000000000267;0000000000001;00000003;
20170613;FRC;*;F20 ;0000000000000;0000000000000;00000000;00000300;00000300;00000300;00000300;0000000000300;0000000000301;0000000000000;00000001;
20170613;FRC;*;F21 ;0000000000000;0000000000000;00000000;00000340;00000337;00000340;00000337;0000000000337;0000000000340;0000000000001;00000003;
20170613;FRC;*;F22 ;0000000000000;0000000000000;00000000;00000000;00000000;00000000;00000000;0000000000375;0000000000378;0000000000000;00000003;
20170613;FRC;*;F23 ;0000000000000;0000000000000;00000000;00000411;00000409;00000411;00000409;0000000000409;0000000000411;0000000000001;00000002;
20170613;FRC;*;F24 ;0000000000000;0000000000000;00000000;00000000;00000000;00000000;00000000;0000000000442;0000000000444;0000000000000;00000002;
20170613;FRC;*;F25 ;0000000000000;0000000000000;00000000;00000000;00000000;00000000;00000000;0000000000479;0000000000481;0000000000000;00000002;
20170613;FRC;*;F26 ;0000000000000;0000000000000;00000000;00000000;00000000;00000000;00000000;0000000000515;0000000000517;0000000000000;00000002;
20170613;FRC;*;F27 ;0000000000000;0000000000000;00000000;00000000;00000000;00000000;00000000;0000000000551;0000000000553;0000000000000;00000002;
20170613;FRC;*;F28 ;0000000000000;0000000000000;00000000;00000000;00000000;00000000;00000000;0000000000581;0000000000583;0000000000000;00000002;
20170613;FRC;*;F29 ;0000000000000;0000000000000;00000000;00000000;00000000;00000000;00000000;0000000000611;0000000000613;0000000000000;00000002;
20170613;FRC;*;F30 ;0000000000000;0000000000000;00000000;00000000;00000000;00000000;00000000;0000000000640;0000000000642;0000000000000;00000002;
20170613;FRC;*;G18 ;0000000000000;0000000000000;00000000;00000000;00000000;00000000;00000000;0000000000233;0000000000235;0000000000000;00000002;
20170613;FRC;*;H18 ;0000000000000;0000000000000;00000000;00000238;00000238;00000238;00000238;0000000000236;0000000000238;0000000000001;00000002;
20170613;FRC;*;J18 ;0000000000000;0000000000000;00000000;00000244;00000242;00000245;00000242;0000000000242;0000000000245;0000000000001;00000003;
20170613;FRC;*;J19 ;0000000000000;0000000000000;00000000;00000000;00000000;00000000;00000000;0000000000270;0000000000272;0000000000000;00000002;
20170613;FRC;*;J20 ;0000000000000;0000000000000;00000000;00000310;00000309;00000310;00000309;0000000000309;0000000000309;0000000000000;00000000;
20170613;FRC;*;J21 ;0000000000000;0000000000000;00000000;00000000;00000000;00000000;00000000;0000000000343;0000000000346;0000000000000;00000003;
20170613;FRC;*;J22 ;0000000000000;0000000000000;00000000;00000000;00000000;00000000;00000000;0000000000380;0000000000384;0000000000000;00000004;
20170613;FRC;*;K18 ;0000000000000;0000000000000;00000000;00000244;00000244;00000244;00000244;0000000000244;0000000000250;0000000000003;00000006;
20170613;FRC;*;M18 ;0000000000000;0000000000000;00000000;00000249;00000249;00000249;00000249;0000000000249;0000000000251;0000000000001;00000002;
20170613;FRC;*;N18 ;0000000000000;0000000000000;00000000;00000250;00000248;00000250;00000248;0000000000248;0000000000250;0000000000001;00000002;
20170613;FRC;*;N19 ;0000000000000;0000000000000;00000000;00000280;00000280;00000280;00000280;0000000000280;0000000000280;0000000000000;00000000;
20170613;FRC;*;N20 ;0000000000000;0000000000000;00000000;00000000;00000000;00000000;00000000;0000000000318;0000000000318;0000000000000;00000000;
20170613;FRC;*;N21 ;0000000000000;0000000000000;00000000;00000000;00000000;00000000;00000000;0000000000354;0000000000357;0000000000000;00000003;
20170613;FRC;*;Q17 ;0000000000000;0000000000000;00000000;00000235;00000232;00000235;00000232;0000000000232;0000000000234;0000000000001;00000002;
20170613;FRC;*;U17 ;0000000000000;0000000000000;00000000;00000206;00000205;00000206;00000205;0000000000205;0000000000206;0000000000000;00000001;
20170613;FRC;*;V17 ;0000000000000;0000000000000;00000000;00000220;00000220;00000220;00000220;0000000000220;0000000000220;0000000000000;00000000;
20170613;FRC;*;V18 ;0000000000000;0000000000000;00000000;00000255;00000255;00000255;00000255;0000000000255;0000000000257;0000000000001;00000002;
20170613;FRC;*;V19 ;0000000000000;0000000000000;00000000;00000289;00000289;00000289;00000289;0000000000289;0000000000290;0000000000000;00000001;
20170613;FRC;*;V20 ;0000000000000;0000000000000;00000000;00000327;00000327;00000327;00000327;0000000000327;0000000000328;0000000000000;00000001;
20170613;FRC;*;V21 ;0000000000000;0000000000000;00000000;00000000;00000000;00000000;00000000;0000000000362;0000000000365;0000000000000;00000003;
20170613;FRC;*;X17 ;0000000000000;0000000000000;00000000;00000225;00000222;00000225;00000222;0000000000222;0000000000225;0000000000001;00000003;
20170613;FRC;*;Z17 ;0000000000000;0000000000000;00000000;00000229;00000226;00000229;00000226;0000000000226;0000000000229;0000000000001;00000003;
20170613;FRO;*;F18 ;0000000000000;0000000000000;00000000;00000000;00000000;00000000;00000000;0000000000234;0000000000236;0000000000000;00000002;
20170613;FRO;*;F19 ;0000000000000;0000000000000;00000000;00000000;00000000;00000000;00000000;0000000000265;0000000000268;0000000000000;00000003;
20170613;FRO;*;F20 ;0000000000000;0000000000000;00000000;00000000;00000000;00000000;00000000;0000000000301;0000000000302;0000000000000;00000001;
20170613;FRO;*;F21 ;0000000000000;0000000000000;00000000;00000000;00000000;00000000;00000000;0000000000339;0000000000342;0000000000000;00000003;
20170613;FRO;*;F22 ;0000000000000;0000000000000;00000000;00000000;00000000;00000000;00000000;0000000000377;0000000000380;0000000000000;00000003;
20170613;FRO;*;F23 ;0000000000000;0000000000000;00000000;00000000;00000000;00000000;00000000;0000000000411;0000000000413;0000000000000;00000002;
20170613;FRO;*;F24 ;0000000000000;0000000000000;00000000;00000000;00000000;00000000;00000000;0000000000444;0000000000446;0000000000000;00000002;
20170613;FRO;*;F25 ;0000000000000;0000000000000;00000000;00000000;00000000;00000000;00000000;0000000000481;0000000000483;0000000000000;00000002;
20170613;FRO;*;F26 ;0000000000000;0000000000000;00000000;00000000;00000000;00000000;00000000;0000000000517;0000000000519;0000000000000;00000002;
20170613;FRO;*;F27 ;0000000000000;0000000000000;00000000;00000000;00000000;00000000;00000000;0000000000553;0000000000555;0000000000000;00000002;
20170613;FRO;*;F28 ;0000000000000;0000000000000;00000000;00000000;00000000;00000000;00000000;0000000000583;0000000000585;0000000000000;00000002;
20170613;FRO;*;F29 ;0000000000000;0000000000000;00000000;00000000;00000000;00000000;00000000;0000000000614;0000000000616;0000000000000;00000002;
20170613;FRO;*;F30 ;0000000000000;0000000000000;00000000;00000000;00000000;00000000;00000000;0000000000643;0000000000645;0000000000000;00000002;
20170613;FRO;*;G18 ;0000000000000;0000000000000;00000000;00000000;00000000;00000000;00000000;0000000000234;0000000000236;0000000000000;00000002;
20170613;FRO;*;H18 ;0000000000000;0000000000000;00000000;00000000;00000000;00000000;00000000;0000000000237;0000000000239;0000000000000;00000002;
20170613;FRO;*;J18 ;0000000000000;0000000000000;00000000;00000000;00000000;00000000;00000000;0000000000243;0000000000246;0000000000000;00000003;
20170613;FRO;*;J19 ;0000000000000;0000000000000;00000000;00000000;00000000;00000000;00000000;0000000000271;0000000000273;0000000000000;00000002;
20170613;FRO;*;J20 ;0000000000000;0000000000000;00000000;00000000;00000000;00000000;00000000;0000000000310;0000000000310;0000000000000;00000000;
20170613;FRO;*;J21 ;0000000000000;0000000000000;00000000;00000000;00000000;00000000;00000000;0000000000345;0000000000348;0000000000000;00000003;
20170613;FRO;*;J22 ;0000000000000;0000000000000;00000000;00000000;00000000;00000000;00000000;0000000000382;0000000000386;0000000000000;00000004;
20170613;FRO;*;K18 ;0000000000000;0000000000000;00000000;00000000;00000000;00000000;00000000;0000000000245;0000000000251;0000000000000;00000006;
20170613;FRO;*;M18 ;0000000000000;0000000000000;00000000;00000000;00000000;00000000;00000000;0000000000250;0000000000252;0000000000000;00000002;
20170613;FRO;*;N18 ;0000000000000;0000000000000;00000000;00000000;00000000;00000000;00000000;0000000000249;0000000000251;0000000000000;00000002;
20170613;FRO;*;N19 ;0000000000000;0000000000000;00000000;00000000;00000000;00000000;00000000;0000000000281;0000000000281;0000000000000;00000000;
20170613;FRO;*;N20 ;0000000000000;0000000000000;00000000;00000000;00000000;00000000;00000000;0000000000319;0000000000319;0000000000000;00000000;
20170613;FRO;*;N21 ;0000000000000;0000000000000;00000000;00000000;00000000;00000000;00000000;0000000000356;0000000000359;0000000000000;00000003;
20170613;FRO;*;Q17 ;0000000000000;0000000000000;00000000;00000000;00000000;00000000;00000000;0000000000234;0000000000235;0000000000000;00000001;
20170613;FRO;*;U17 ;0000000000000;0000000000000;00000000;00000000;00000000;00000000;00000000;0000000000206;0000000000207;0000000000000;00000001;
20170613;FRO;*;V17 ;0000000000000;0000000000000;00000000;00000000;00000000;00000000;00000000;0000000000221;0000000000221;0000000000000;00000000;
20170613;FRO;*;V18 ;0000000000000;0000000000000;00000000;00000000;00000000;00000000;00000000;0000000000256;0000000000258;0000000000000;00000002;
20170613;FRO;*;V19 ;0000000000000;0000000000000;00000000;00000000;00000000;00000000;00000000;0000000000290;0000000000291;0000000000000;00000001;
20170613;FRO;*;V20 ;0000000000000;0000000000000;00000000;00000000;00000000;00000000;00000000;0000000000329;0000000000330;0000000000000;00000001;
20170613;FRO;*;V21 ;0000000000000;0000000000000;00000000;00000000;00000000;00000000;00000000;0000000000364;0000000000367;0000000000000;00000003;
20170613;FRO;*;X17 ;0000000000000;0000000000000;00000000;00000000;00000000;00000000;00000000;0000000000223;0000000000226;0000000000000;00000003;
20170613;FRO;*;Z17 ;0000000000000;0000000000000;00000000;00000000;00000000;00000000;00000000;0000000000227;0000000000230;0000000000000;00000003;
20170613;FRP;*;FRP0;0000000000000;0000000000000;00000000;00001330;00001320;00001350;00001340;0000000000000;0000000000000;0000000000000;00000000;
20170613;FRP;*;FRP1;0000000000000;0000000000000;00000000;00001300;00001300;00001300;00001300;0000000000000;0000000000000;0000000000000;00000000;
20170613;GBP;*;N17 ;0000000148680;0000000044772;00000606;04248000;04248000;04248000;04248000;0000042383990;0000042188150;0000000068544;00195840;
20170613;GBP;*;Q17 ;0000002237025;0000000673640;00000017;04261000;04261000;04261000;04261000;0000042675810;0000042477400;0000000069443;00198410;
20170613;GBP;*;U17 ;0000000000000;0000000000000;00000120;00000000;00000000;00000000;00000000;0000042997030;0000042796880;0000000070052;00200150;
20170613;HSI;*;M17 ;0000000000000;0000000000000;00000000;00000000;00000000;00000000;00000000;0000000025723;0000000025586;0000000000000;00000137;
20170613;HSI;*;N17 ;0000000000000;0000000000000;00000000;00000000;00000000;00000000;00000000;0000000025611;0000000025474;0000000000000;00000137;
20170613;IAP;*;K19 ;0000000000000;0000000000000;00000000;00000000;00000000;00000000;00000000;0000000523510;0000000523584;0000000000000;00000074;
20170613;IAP;*;K21 ;0000000000000;0000000000000;00000000;00000000;00000000;00000000;00000000;0000000576778;0000000575773;0000000000000;00001005;
20170613;IAP;*;M17 ;0000000000000;0000000000000;00000000;00000000;00000000;00000000;00000000;0000000484317;0000000484308;0000000000225;00000009;
20170613;IAP;*;N17 ;0000000000000;0000000000000;00000000;00000000;00000000;00000000;00000000;0000000484398;0000000484400;0000000000000;00000002;
20170613;IAP;*;Q17 ;0000000000000;0000000000000;00000000;00000000;00000000;00000000;00000000;0000000485342;0000000485354;0000000000000;00000012;
20170613;IAP;*;Q18 ;0000000000000;0000000000000;00000000;00000000;00000000;00000000;00000000;0000000504482;0000000504604;0000000000000;00000122;
20170613;IAP;*;Q20 ;0000000000000;0000000000000;00000000;00000000;00000000;00000000;00000000;0000000556809;0000000556923;0000000000000;00000114;
20170613;IAP;*;Q22 ;0000000000000;0000000000000;00000000;00000000;00000000;00000000;00000000;0000000614807;0000000613493;0000000000000;00001314;
20170613;ICF;*;H18 ;0000000000000;0000000000000;00000000;00000000;00000000;00000000;00000000;0000000016145;0000000016310;0000000000000;00000165;
20170613;ICF;*;N17 ;0000000000000;0000000000000;00000087;00000000;00000000;00000000;00000000;0000000014845;0000000015005;0000000052899;00000160;
20170613;ICF;*;U17 ;0000014102166;0000004265370;00006196;00015410;00015165;00015500;00015300;0000000015270;0000000015410;0000000046286;00000140;
20170613;ICF;*;U18 ;0000011130471;0000003366545;00001312;00016450;00016450;00016575;00016545;0000000016420;0000000016585;0000000054552;00000165;
20170613;ICF;*;U19 ;0000001595837;0000000482680;00000377;00017200;00017200;00017295;00017295;0000000016850;0000000016995;0000000047939;00000145;
20170613;ICF;*;Z17 ;0000000103220;0000000031220;00000300;00015670;00015550;00015670;00015550;0000000015685;0000000015845;0000000052899;00000160;
20170613;ICF;*;Z18 ;0000000000000;0000000000000;00000032;00000000;00000000;00000000;00000000;0000000016325;0000000016485;0000000052899;00000160;
20170613;IND;*;G18 ;0000000000000;0000000000000;00000000;00000000;00000000;00000000;00000000;0000000065097;0000000064928;0000000000000;00000169;
20170613;IND;*;G19 ;0000000000000;0000000000000;00000000;00000000;00000000;00000000;00000000;0000000070577;0000000070349;0000000000000;00000228;
20170613;IND;*;J18 ;0000000000000;0000000000000;00000000;00000000;00000000;00000000;00000000;0000000065967;0000000065789;0000000000000;00000178;
20170613;IND;*;M17 ;0004101202900;0001235004487;00163799;00061950;00061470;00062095;00061825;0000000061839;0000000061692;0000000014700;00000147;
20170613;IND;*;M18 ;0000000000000;0000000000000;00001785;00000000;00000000;00000000;00000000;0000000066742;0000000066557;0000000018500;00000185;
20170613;IND;*;Q17 ;0000684295950;0000206063584;00193249;00062985;00062450;00063055;00062755;0000000062781;0000000062636;0000000014500;00000145;
20170613;IND;*;Q18 ;0000000000000;0000000000000;00000000;00000000;00000000;00000000;00000000;0000000067708;0000000067515;0000000000000;00000193;
20170613;IND;*;V17 ;0000000000000;0000000000000;00001690;00000000;00000000;00000000;00000000;0000000063652;0000000063494;0000000015800;00000158;
20170613;IND;*;V18 ;0000000000000;0000000000000;00000000;00000000;00000000;00000000;00000000;0000000068659;0000000068456;0000000000000;00000203;
20170613;IND;*;Z17 ;0000007073000;0000002129908;00016355;00064300;00064300;00064300;00064300;0000000064359;0000000064183;0000000017600;00000176;
20170613;IND;*;Z18 ;0000000000000;0000000000000;00000150;00000000;00000000;00000000;00000000;0000000069534;0000000069313;0000000022100;00000221;
20170613;IR1;*;M7Q7;0000000000000;0000000000000;00000000;00000950;00000937;00000953;00000944;0000000000000;0000000000000;0000000000000;00000000;
20170613;IR1;*;M7Z7;0000000000000;0000000000000;00000000;00002500;00002500;00002500;00002500;0000000000000;0000000000000;0000000000000;00000000;
20170613;ISP;*;H18 ;0000000000000;0000000000000;00000000;00000000;00000000;00000000;00000000;0000000243250;0000000242200;0000000000000;00001050;
20170613;ISP;*;M17 ;0000236141986;0000071423987;00002701;00243050;00243000;00244100;00243900;0000000243900;0000000242850;0000000173575;00001050;
20170613;ISP;*;M18 ;0000000000000;0000000000000;00000000;00000000;00000000;00000000;00000000;0000000243350;0000000242300;0000000000000;00001050;
20170613;ISP;*;U17 ;0000133730004;0000040448250;00001793;00243025;00242950;00243975;00243950;0000000243950;0000000242800;0000000190106;00001150;
20170613;ISP;*;Z17 ;0000000000000;0000000000000;00000000;00000000;00000000;00000000;00000000;0000000243450;0000000242375;0000000000000;00001075;
20170613;JPY;*;N17 ;0000000000000;0000000000000;00000565;00000000;00000000;00000000;00000000;0000030226300;0000030361900;0000000067800;00135600;
20170613;JPY;*;Q17 ;0000002280375;0000000686694;00001804;03040500;03040500;03040500;03040500;0000030441500;0000030577000;0000000067750;00135500;
20170613;JPY;*;U17 ;0000000000000;0000000000000;00000000;00000000;00000000;00000000;00000000;0000030679000;0000030815800;0000000000000;00136800;
20170613;JPY;*;V17 ;0000000000000;0000000000000;00000000;00000000;00000000;00000000;00000000;0000030864200;0000031000800;0000000000000;00136600;
20170613;JSE;*;M17 ;0000000000000;0000000000000;00000000;00000000;00000000;00000000;00000000;0000000045279;0000000045222;0000000000000;00000057;
20170613;JSE;*;U17 ;0000000000000;0000000000000;00000000;00000000;00000000;00000000;00000000;0000000045683;0000000045627;0000000000000;00000056;
20170613;MIX;*;M17 ;0000000000000;0000000000000;00000000;00000000;00000000;00000000;00000000;0000000001867;0000000001877;0000000000000;00000010;
20170613;MIX;*;U17 ;0000000000000;0000000000000;00000000;00000000;00000000;00000000;00000000;0000000001863;0000000001869;0000000000000;00000006;
20170613;MXN;*;N17 ;0000011193000;0000003370573;00000342;01865500;01865500;01865500;01865500;0000018334720;0000018304300;0000000022815;00030420;
20170613;MXN;*;Q17 ;0000000000000;0000000000000;00000671;00000000;00000000;00000000;00000000;0000018357790;0000018326810;0000000023235;00030980;
20170613;MXN;*;U17 ;0000000000000;0000000000000;00000000;00000000;00000000;00000000;00000000;0000018385070;0000018354340;0000000000000;00030730;
20170613;NZD;*;N17 ;0000000000000;0000000000000;00000065;00000000;00000000;00000000;00000000;0000023992100;0000023981460;0000000007980;00010640;
20170613;NZD;*;Q17 ;0000001805850;0000000543800;00000015;02407800;02407800;02407800;02407800;0000024126060;0000024111340;0000000011040;00014720;
20170613;NZD;*;U17 ;0000000000000;0000000000000;00000000;00000000;00000000;00000000;00000000;0000024271530;0000024256620;0000000000000;00014910;
20170613;OC1;*;F18 ;0000000000000;0000000000000;00000000;00000000;00000000;00000000;00000000;0000009529036;0000009531526;0000000000000;00002490;
20170613;OC1;*;F19 ;0000000000000;0000000000000;00000000;00000000;00000000;00000000;00000000;0000008726070;0000008733755;0000000000000;00007685;
20170613;OC1;*;F20 ;0000000000000;0000000000000;00000000;00000000;00000000;00000000;00000000;0000007873514;0000007888224;0000000000000;00014710;
20170613;OC1;*;F21 ;0000000000000;0000000000000;00000000;00000000;00000000;00000000;00000000;0000007050783;0000007071135;0000000000000;00020352;
20170613;OC1;*;F22 ;0000000000000;0000000000000;00000000;00000000;00000000;00000000;00000000;0000006317454;0000006332912;0000000000000;00015458;
20170613;OC1;*;F23 ;0000000000000;0000000000000;00000000;00000000;00000000;00000000;00000000;0000005663093;0000005673999;0000000000000;00010906;
20170613;OC1;*;F24 ;0000000000000;0000000000000;00000000;00000000;00000000;00000000;00000000;0000005082869;0000005093199;0000000000000;00010330;
20170613;OC1;*;F25 ;0000000000000;0000000000000;00000000;00000000;00000000;00000000;00000000;0000004553214;0000004562349;0000000000000;00009135;
20170613;OC1;*;F26 ;0000000000000;0000000000000;00000000;00000000;00000000;00000000;00000000;0000004090226;0000004088522;0000000000000;00001704;
20170613;OC1;*;F27 ;0000000000000;0000000000000;00000000;00000000;00000000;00000000;00000000;0000003664335;0000003673647;0000000000000;00009312;
20170613;OC1;*;F28 ;0000000000000;0000000000000;00000000;00000000;00000000;00000000;00000000;0000003301294;0000003310574;0000000000000;00009280;
20170613;OC1;*;F29 ;0000000000000;0000000000000;00000000;00000000;00000000;00000000;00000000;0000002973690;0000002982846;0000000000000;00009156;
20170613;OC1;*;F30 ;0000000000000;0000000000000;00000000;00000000;00000000;00000000;00000000;0000002662572;0000002671475;0000000000000;00008903;
20170613;OC1;*;G18 ;0000000000000;0000000000000;00000000;00000000;00000000;00000000;00000000;0000009460157;0000009462166;0000000000000;00002009;
20170613;OC1;*;H18 ;0000000000000;0000000000000;00000000;00000000;00000000;00000000;00000000;0000009403105;0000009405296;0000000000000;00002191;
20170613;OC1;*;J18 ;0000000000000;0000000000000;00000000;00000000;00000000;00000000;00000000;0000009336766;0000009339505;0000000000000;00002739;
20170613;OC1;*;J19 ;0000000000000;0000000000000;00000000;00000000;00000000;00000000;00000000;0000008521646;0000008528837;0000000000000;00007191;
20170613;OC1;*;J20 ;0000000000000;0000000000000;00000000;00000000;00000000;00000000;00000000;0000007663328;0000007679932;0000000000000;00016604;
20170613;OC1;*;J21 ;0000000000000;0000000000000;00000000;00000000;00000000;00000000;00000000;0000006867801;0000006883522;0000000000000;00015721;
20170613;OC1;*;J22 ;0000000000000;0000000000000;00000000;00000000;00000000;00000000;00000000;0000006149783;0000006164303;0000000000000;00014520;
20170613;OC1;*;K18 ;0000000000000;0000000000000;00000000;00000000;00000000;00000000;00000000;0000009269692;0000009272810;0000000000000;00003118;
20170613;OC1;*;M18 ;0000000000000;0000000000000;00000000;00000000;00000000;00000000;00000000;0000009203317;0000009206756;0000000000000;00003439;
20170613;OC1;*;N17 ;0000000000000;0000000000000;00000000;00000000;00000000;00000000;00000000;0000009950211;0000009950187;0000000000000;00000024;
20170613;OC1;*;N18 ;0000000000000;0000000000000;00000000;00000000;00000000;00000000;00000000;0000009135672;0000009139522;0000000000000;00003850;
20170613;OC1;*;N19 ;0000000000000;0000000000000;00000000;00000000;00000000;00000000;00000000;0000008310798;0000008320077;0000000000000;00009279;
20170613;OC1;*;N20 ;0000000000000;0000000000000;00000000;00000000;00000000;00000000;00000000;0000007464703;0000007477069;0000000000000;00012366;
20170613;OC1;*;N21 ;0000000000000;0000000000000;00000000;00000000;00000000;00000000;00000000;0000006680002;0000006693326;0000000000000;00013324;
20170613;OC1;*;N22 ;0000000000000;0000000000000;00000000;00000000;00000000;00000000;00000000;0000005987245;0000006000737;0000000000000;00013492;
20170613;OC1;*;N23 ;0000000000000;0000000000000;00000000;00000000;00000000;00000000;00000000;0000005370629;0000005381304;0000000000000;00010675;
20170613;OC1;*;N24 ;0000000000000;0000000000000;00000000;00000000;00000000;00000000;00000000;0000004817903;0000004827823;0000000000000;00009920;
20170613;OC1;*;Q17 ;0000000000000;0000000000000;00000000;00000000;00000000;00000000;00000000;0000009870947;0000009870974;0000000000000;00000027;
20170613;OC1;*;U17 ;0000000000000;0000000000000;00000000;00000000;00000000;00000000;00000000;0000009790351;0000009790671;0000000000000;00000320;
20170613;OC1;*;V17 ;0000000000000;0000000000000;00000000;00000000;00000000;00000000;00000000;0000009723250;0000009723847;0000000000000;00000597;
20170613;OC1;*;V18 ;0000000000000;0000000000000;00000000;00000000;00000000;00000000;00000000;0000008928736;0000008933305;0000000000000;00004569;
20170613;OC1;*;V19 ;0000000000000;0000000000000;00000000;00000000;00000000;00000000;00000000;0000008085614;0000008097581;0000000000000;00011967;
20170613;OC1;*;V20 ;0000000000000;0000000000000;00000000;00000000;00000000;00000000;00000000;0000007251792;0000007263689;0000000000000;00011897;
20170613;OC1;*;V21 ;0000000000000;0000000000000;00000000;00000000;00000000;00000000;00000000;0000006494494;0000006508768;0000000000000;00014274;
20170613;OC1;*;X17 ;0000000000000;0000000000000;00000000;00000000;00000000;00000000;00000000;0000009654113;0000009655353;0000000000000;00001240;
20170613;OC1;*;Z17 ;0000000000000;0000000000000;00000000;00000000;00000000;00000000;00000000;0000009591164;0000009592899;0000000000000;00001735;
20170613;OZ1;*;0000;0000000807054;0000000243030;00000000;00134551;00134000;00135500;00134500;0000000134644;0000000134279;0000000000000;00000500;
20170613;OZ1;*;N17 ;0000000000000;0000000000000;00000000;00000000;00000000;00000000;00000000;0000000135120;0000000134670;0000000000000;00000450;
20170613;OZ1;*;Q17 ;0000000000000;0000000000000;00000000;00000000;00000000;00000000;00000000;0000000136204;0000000135749;0000000000000;00000455;
20170613;OZ2;*;0000;0000000139621;0000000042044;00000000;00134400;00133000;00135000;00133000;0000000134386;0000000134029;0000000000000;00001400;
20170613;OZ3;*;0000;0000000002728;0000000000821;00000000;00133500;00133000;00133500;00133000;0000000133241;0000000133014;0000000000000;00001000;
20170613;RSP;*;M7U7;0000000000000;0000000000000;00000000;00000245;00000245;00000200;00000220;0000000000000;0000000000000;0000000000000;00000000;
20170613;SCS;*;F802;0000000000000;0000000000000;00149220;00000000;00000000;00000000;00000000;0000000000000;0000000000000;0000000000000;00000000;
20170613;SCS;*;N703;0000000000000;0000000000000;00138770;00000000;00000000;00000000;00000000;0000000000000;0000000000000;0000000000000;00000000;
20170613;SCS;*;Q701;0000000000000;0000000000000;00123620;00000000;00000000;00000000;00000000;0000000000000;0000000000000;0000000000000;00000000;
20170613;SCS;*;V702;0000000000000;0000000000000;00143645;00000000;00000000;00000000;00000000;0000000000000;0000000000000;0000000000000;00000000;
20170613;SFI;*;K18 ;0000000000000;0000000000000;00000000;00000000;00000000;00000000;00000000;0000000002037;0000000002036;0000000000000;00000001;
20170613;SFI;*;N17 ;0000000000000;0000000000000;00000000;00000000;00000000;00000000;00000000;0000000001995;0000000001992;0000000000000;00000003;
20170613;SFI;*;X17 ;0000000000000;0000000000000;00000000;00000000;00000000;00000000;00000000;0000000002002;0000000002000;0000000000000;00000002;
20170613;SJC;*;F18 ;0000000000000;0000000000000;00000000;00000000;00000000;00000000;00000000;0000000208609;0000000208499;0000000000000;00000110;
20170613;SJC;*;H18 ;0000000000000;0000000000000;00000000;00000000;00000000;00000000;00000000;0000000209656;0000000209546;0000000000000;00000110;
20170613;SJC;*;K18 ;0000001577057;0000000477000;00000000;00002120;00002120;00002120;00002120;0000000210924;0000000210813;0000000001651;00000111;
20170613;SJC;*;N17 ;0000001632076;0000000493641;00002248;00002070;00002058;00002070;00002058;0000000205578;0000000205302;0000000004106;00000276;
20170613;SJC;*;N18 ;0000000000000;0000000000000;00000000;00000000;00000000;00000000;00000000;0000000212246;0000000212081;0000000000000;00000165;
20170613;SJC;*;Q17 ;0000000000000;0000000000000;00000110;00000000;00000000;00000000;00000000;0000000206404;0000000206129;0000000004091;00000275;
20170613;SJC;*;U17 ;0000000000000;0000000000000;00000010;00000000;00000000;00000000;00000000;0000000206515;0000000206239;0000000004106;00000276;
20170613;SJC;*;X17 ;0000000000000;0000000000000;00001300;00000000;00000000;00000000;00000000;0000000207011;0000000206845;0000000002469;00000166;
20170613;TRY;*;N17 ;0000000000000;0000000000000;00000066;00000000;00000000;00000000;00000000;0000009389480;0000009420260;0000000023085;00030780;
20170613;TRY;*;Q17 ;0000000000000;0000000000000;00000024;00000000;00000000;00000000;00000000;0000009366340;0000009395760;0000000022065;00029420;
20170613;TRY;*;U17 ;0000000000000;0000000000000;00000000;00000000;00000000;00000000;00000000;0000009336440;0000009370500;0000000000000;00034060;
20170613;T10;*;U17 ;0000019288080;0000005808263;00001631;00126172;00126172;00126468;00126422;0000001263750;0000001263281;0000000015574;00000469;
20170613;T10;*;Z17 ;0000000000000;0000000000000;00000000;00000000;00000000;00000000;00000000;0000001260000;0000001259531;0000000000000;00000469;
20170613;WDO;*;F18 ;0000000000000;0000000000000;00000000;00000000;00000000;00000000;00000000;0000034277550;0000034365760;0000000000000;00088210;
20170613;WDO;*;F19 ;0000000000000;0000000000000;00000000;00000000;00000000;00000000;00000000;0000036409750;0000036467720;0000000000000;00057970;
20170613;WDO;*;F20 ;0000000000000;0000000000000;00000000;00000000;00000000;00000000;00000000;0000038999720;0000039025750;0000000000000;00026030;
20170613;WDO;*;F21 ;0000000000000;0000000000000;00000000;00000000;00000000;00000000;00000000;0000041831210;0000041804440;0000000000000;00026770;
20170613;WDO;*;F25 ;0000000000000;0000000000000;00000000;00000000;00000000;00000000;00000000;0000053134470;0000053126330;0000000000000;00008140;
20170613;WDO;*;G18 ;0000000000000;0000000000000;00000000;00000000;00000000;00000000;00000000;0000034461790;0000034550750;0000000000000;00088960;
20170613;WDO;*;H18 ;0000000000000;0000000000000;00000000;00000000;00000000;00000000;00000000;0000034600110;0000034689070;0000000000000;00088960;
20170613;WDO;*;J18 ;0000000000000;0000000000000;00000000;00000000;00000000;00000000;00000000;0000034759760;0000034843310;0000000000000;00083550;
20170613;WDO;*;J19 ;0000000000000;0000000000000;00000000;00000000;00000000;00000000;00000000;0000037011030;0000037072050;0000000000000;00061020;
20170613;WDO;*;J20 ;0000000000000;0000000000000;00000000;00000000;00000000;00000000;00000000;0000039699610;0000039726580;0000000000000;00026970;
20170613;WDO;*;J22 ;0000000000000;0000000000000;00000000;00000000;00000000;00000000;00000000;0000045398990;0000045360620;0000000000000;00038370;
20170613;WDO;*;K18 ;0000000000000;0000000000000;00000000;00000000;00000000;00000000;00000000;0000034935100;0000035008320;0000000000000;00073220;
20170613;WDO;*;M18 ;0000000000000;0000000000000;00000000;00000000;00000000;00000000;00000000;0000035100480;0000035182620;0000000000000;00082140;
20170613;WDO;*;N17 ;0022474228920;0006767715285;00037650;03325000;03314000;03347500;03328500;0000033218080;0000033314760;0000000009668;00096680;
20170613;WDO;*;N18 ;0000000000000;0000000000000;00000000;00000000;00000000;00000000;00000000;0000035288940;0000035369910;0000000000000;00080970;
20170613;WDO;*;N19 ;0000000000000;0000000000000;00000000;00000000;00000000;00000000;00000000;0000037631660;0000037699730;0000000000000;00068070;
20170613;WDO;*;N21 ;0000000000000;0000000000000;00000000;00000000;00000000;00000000;00000000;0000043240420;0000043234620;0000000000000;00005800;
20170613;WDO;*;Q17 ;0000000402995;0000000121355;00000051;03356000;03344500;03363000;03344500;0000033422100;0000033518490;0000000009639;00096390;
20170613;WDO;*;U17 ;0000000000000;0000000000000;00000079;00000000;00000000;00000000;00000000;0000033644960;0000033741020;0000000009606;00096060;
20170613;WDO;*;V17 ;0000000714315;0000000215103;00000021;03401500;03401500;03401500;03401500;0000033804630;0000033900670;0000000009604;00096040;
20170613;WDO;*;V18 ;0000000000000;0000000000000;00000000;00000000;00000000;00000000;00000000;0000035858760;0000035935110;0000000000000;00076350;
20170613;WDO;*;V19 ;0000000000000;0000000000000;00000000;00000000;00000000;00000000;00000000;0000038340830;0000038389880;0000000000000;00049050;
20170613;WDO;*;X17 ;0000000000000;0000000000000;00000024;00000000;00000000;00000000;00000000;0000033982440;0000034073050;0000000009061;00090610;
20170613;WDO;*;Z17 ;0000000000000;0000000000000;00000012;00000000;00000000;00000000;00000000;0000034135450;0000034225470;0000000009002;00090020;
20170613;WEU;*;N17 ;0000000000000;0000000000000;00000015;00000000;00000000;00000000;00000000;0000037272690;0000037372540;0000000009985;00099850;
20170613;WEU;*;Q17 ;0000000000000;0000000000000;00000000;00000000;00000000;00000000;00000000;0000037549020;0000037648530;0000000000000;00099510;
20170613;WEU;*;U17 ;0000000000000;0000000000000;00000000;00000000;00000000;00000000;00000000;0000037853770;0000037953880;0000000000000;00100110;
20170613;WEU;*;V17 ;0000000000000;0000000000000;00000000;00000000;00000000;00000000;00000000;0000038093030;0000038192450;0000000000000;00099420;
20170613;WIN;*;G18 ;0000000000000;0000000000000;00000000;00000000;00000000;00000000;00000000;0000000065097;0000000064928;0000000000000;00000169;
20170613;WIN;*;G19 ;0000000000000;0000000000000;00000000;00000000;00000000;00000000;00000000;0000000070577;0000000070349;0000000000000;00000228;
20170613;WIN;*;J18 ;0000000000000;0000000000000;00000000;00000000;00000000;00000000;00000000;0000000065967;0000000065789;0000000000000;00000178;
20170613;WIN;*;M17 ;0012645009203;0003807820165;00118333;00061980;00061470;00062100;00061780;0000000061839;0000000061692;0000000002940;00000147;
20170613;WIN;*;M18 ;0000000000000;0000000000000;00000000;00000000;00000000;00000000;00000000;0000000066742;0000000066557;0000000000000;00000185;
20170613;WIN;*;Q17 ;0000119378859;0000035948825;00002224;00062955;00062410;00063040;00062740;0000000062781;0000000062636;0000000002900;00000145;
20170613;WIN;*;Q18 ;0000000000000;0000000000000;00000000;00000000;00000000;00000000;00000000;0000000067708;0000000067515;0000000000000;00000193;
20170613;WIN;*;V17 ;0000000000000;0000000000000;00000000;00000000;00000000;00000000;00000000;0000000063652;0000000063494;0000000000000;00000158;
20170613;WIN;*;V18 ;0000000000000;0000000000000;00000000;00000000;00000000;00000000;00000000;0000000068659;0000000068456;0000000000000;00000203;
20170613;WIN;*;Z17 ;0000000000000;0000000000000;00000000;00000000;00000000;00000000;00000000;0000000064359;0000000064183;0000000000000;00000176;
20170613;WIN;*;Z18 ;0000000000000;0000000000000;00000000;00000000;00000000;00000000;00000000;0000000069534;0000000069313;0000000000000;00000221;
20170613;WI1;*;M7Q7;0000000000000;0000000000000;00000000;00000955;00000935;00000960;00000940;0000000000000;0000000000000;0000000000000;00000000;
20170613;WTI;*;N17 ;0000004847980;0000001466330;00000800;00004591;00004582;00004591;00004582;0000000004646;0000000004608;0000000012563;00000038;
20170613;WTI;*;Q17 ;0000004720658;0000001427820;00000054;00004610;00004591;00004610;00004591;0000000004667;0000000004632;0000000011571;00000035;
20170613;WTI;*;U17 ;0000000000000;0000000000000;00000000;00000000;00000000;00000000;00000000;0000000004689;0000000004650;0000000000000;00000039;
20170613;ZAR;*;N17 ;0000000000000;0000000000000;00000287;00000000;00000000;00000000;00000000;0000025945550;0000025913390;0000000011256;00032160;
20170613;ZAR;*;Q17 ;0000000000000;0000000000000;00000011;00000000;00000000;00000000;00000000;0000025974700;0000025934640;0000000014021;00040060;
20170613;ZAR;*;U17 ;0000000000000;0000000000000;00000000;00000000;00000000;00000000;00000000;0000026000420;0000025960640;0000000000000;00039780;
