Data;Código do Contrato;Pregão;Vencimento;Volume(R$);Volume(U$);Número de contas em Aberto;Preço de Abertura;Preço Mínimo;Preço Máximo;Último Preço;Preço de Ajuste Atual; Preço de Ajuste Anterior;Valor de Ajuste por Contrato;Variação
20170714;AUD;*;Q17 ;0000211160310;0000066196530;00002569;02502000;02495100;02503000;02498400;0000024964140;0000024901360;0000000037668;00062780;
20170714;AUD;*;U17 ;0000000000000;0000000000000;00000210;00000000;00000000;00000000;00000000;0000025111900;0000025055310;0000000033954;00056590;
20170714;AUD;*;V17 ;0000000000000;0000000000000;00000000;00000000;00000000;00000000;00000000;0000025220130;0000025164220;0000000000000;00055910;
20170714;BGI;*;F18 ;0000000000000;0000000000000;00000000;00000000;00000000;00000000;00000000;0000000012683;0000000012581;0000000000000;00000102;
20170714;BGI;*;K18 ;0000000000000;0000000000000;00000093;00000000;00000000;00000000;00000000;0000000012908;0000000012830;0000000025740;00000078;
20170714;BGI;*;N17 ;0000010789993;0000003392866;00000733;00012350;00012350;00012400;00012361;0000000012362;0000000012369;0000000002310;00000007;
20170714;BGI;*;Q17 ;0000000208187;0000000065463;00000354;00012575;00012575;00012639;00012639;0000000012639;0000000012578;0000000020130;00000061;
20170714;BGI;*;U17 ;0000000125878;0000000039582;00000132;00012675;00012675;00012770;00012770;0000000012805;0000000012675;0000000042900;00000130;
20170714;BGI;*;V17 ;0000034941383;0000010987165;00004342;00012751;00012751;00012940;00012906;0000000012920;0000000012789;0000000043230;00000131;
20170714;BGI;*;V18 ;0000000400016;0000000125783;00000043;00013425;00013425;00013474;00013474;0000000013455;0000000013337;0000000038940;00000118;
20170714;BGI;*;X17 ;0000000000000;0000000000000;00000108;00000000;00000000;00000000;00000000;0000000012928;0000000012797;0000000043230;00000131;
20170714;BGI;*;Z17 ;0000000000000;0000000000000;00000003;00000000;00000000;00000000;00000000;0000000012970;0000000012839;0000000043230;00000131;
20170714;BRI;*;Q17 ;0000000660340;0000000207010;00000970;00011007;00011005;00011007;00011005;0000000011005;0000000010960;0000000045000;00000045;
20170714;BRI;*;V17 ;0000000000000;0000000000000;00000016;00000000;00000000;00000000;00000000;0000000011158;0000000011112;0000000046000;00000046;
20170714;BSE;*;N17 ;0000000000000;0000000000000;00000000;00000000;00000000;00000000;00000000;0000000032123;0000000032148;0000000000000;00000025;
20170714;BSE;*;Q17 ;0000000000000;0000000000000;00000000;00000000;00000000;00000000;00000000;0000000032402;0000000032426;0000000000000;00000024;
20170714;CAD;*;Q17 ;0000014545308;0000004559801;00000971;02522900;02521300;02525900;02521300;0000025239030;0000025315760;0000000046038;00076730;
20170714;CAD;*;U17 ;0000000000000;0000000000000;00000210;00000000;00000000;00000000;00000000;0000025414450;0000025492640;0000000046914;00078190;
20170714;CAD;*;V17 ;0000000000000;0000000000000;00000000;00000000;00000000;00000000;00000000;0000025542630;0000025622370;0000000000000;00079740;
20170714;CCM;*;F18 ;0000000706495;0000000222154;00002099;00002780;00002775;00002815;00002815;0000000002823;0000000002780;0000000019350;00000043;
20170714;CCM;*;H18 ;0000000000000;0000000000000;00000409;00000000;00000000;00000000;00000000;0000000002900;0000000002980;0000000036000;00000080;
20170714;CCM;*;K18 ;0000000954562;0000000300158;00000060;00002820;00002820;00002845;00002845;0000000002820;0000000002904;0000000037800;00000084;
20170714;CCM;*;N17 ;0000000656028;0000000206285;00000041;00002620;00002620;00002665;00002650;0000000002670;0000000002630;0000000018000;00000040;
20170714;CCM;*;N18 ;0000000000000;0000000000000;00000000;00000000;00000000;00000000;00000000;0000000002857;0000000002928;0000000000000;00000071;
20170714;CCM;*;U17 ;0000024014970;0000007551402;00018943;00002586;00002586;00002640;00002640;0000000002639;0000000002599;0000000018000;00000040;
20170714;CCM;*;U18 ;0000000325800;0000000102446;00000106;00002896;00002896;00002896;00002896;0000000002898;0000000002954;0000000025200;00000056;
20170714;CCM;*;X17 ;0000001247017;0000000392119;00001908;00002740;00002740;00002780;00002775;0000000002787;0000000002745;0000000018900;00000042;
20170714;CCM;*;X18 ;0000000000000;0000000000000;00000000;00000000;00000000;00000000;00000000;0000000002966;0000000003024;0000000000000;00000058;
20170714;CHF;*;Q17 ;0000023567350;0000007388116;00000578;03316000;03316000;03320000;03318400;0000033150050;0000033352800;0000000101375;00202750;
20170714;CHF;*;U17 ;0000000000000;0000000000000;00000160;00000000;00000000;00000000;00000000;0000033432340;0000033654080;0000000110870;00221740;
20170714;CHF;*;V17 ;0000000000000;0000000000000;00000000;00000000;00000000;00000000;00000000;0000033648040;0000033872550;0000000000000;00224510;
20170714;CLP;*;Q17 ;0000000000000;0000000000000;00000000;00000000;00000000;00000000;00000000;0000048516000;0000048731000;0000000000000;00215000;
20170714;CLP;*;U17 ;0000000000000;0000000000000;00000425;00000000;00000000;00000000;00000000;0000048760000;0000048991000;0000000057750;00231000;
20170714;CLP;*;V17 ;0000000000000;0000000000000;00000000;00000000;00000000;00000000;00000000;0000048940000;0000049179000;0000000000000;00239000;
20170714;CNY;*;Q17 ;0000000000000;0000000000000;00000000;00000000;00000000;00000000;00000000;0000047109510;0000047440080;0000000000000;00330570;
20170714;CNY;*;U17 ;0000000000000;0000000000000;00000000;00000000;00000000;00000000;00000000;0000047323960;0000047642700;0000000000000;00318740;
20170714;CNY;*;V17 ;0000000000000;0000000000000;00000000;00000000;00000000;00000000;00000000;0000047441610;0000047764940;0000000000000;00323330;
20170714;CR1;*;U7Z7;0000000000000;0000000000000;00000000;00000000;00000000;00000000;00000000;0000000000000;0000000000000;0000000000000;00000000;
20170714;DAP;*;F18 ;0000036647034;0000011488459;00031175;00000449;00000449;00000449;00000449;0000009785887;0000009783398;0000000003007;00002489;
20170714;DAP;*;F19 ;0000000000000;0000000000000;00000200;00000000;00000000;00000000;00000000;0000009377995;0000009376991;0000000001213;00001004;
20170714;DAP;*;K19 ;0001321196639;0000414181209;00045850;00000444;00000440;00000446;00000440;0000009247224;0000009242153;0000000006126;00005071;
20170714;DAP;*;K21 ;0000150531767;0000047190121;00024043;00000517;00000517;00000520;00000520;0000008260151;0000008232649;0000000033227;00027502;
20170714;DAP;*;K23 ;0000013372002;0000004191982;00012603;00000538;00000538;00000538;00000538;0000007382534;0000007348129;0000000041568;00034405;
20170714;DAP;*;N17 ;0000000000000;0000000000000;00007415;00000000;00000000;00000000;00000000;0000009995204;0000009995069;0000000000163;00000135;
20170714;DAP;*;Q17 ;0000071992032;0000022568743;00002000;00000825;00000825;00000825;00000825;0000009931433;0000009931381;0000000000062;00000052;
20170714;DAP;*;Q18 ;0000669001406;0000209724884;00079857;00000439;00000439;00000439;00000439;0000009546853;0000009546959;0000000000128;00000106;
20170714;DAP;*;Q20 ;0000185148622;0000058042140;00013500;00000499;00000499;00000499;00000499;0000008601617;0000008589065;0000000015165;00012552;
20170714;DAP;*;Q22 ;0000010207565;0000003199964;00021634;00000540;00000533;00000540;00000533;0000007691596;0000007653214;0000000046373;00038382;
20170714;DAP;*;Q24 ;0000000000000;0000000000000;00009270;00000000;00000000;00000000;00000000;0000006904584;0000006865055;0000000047758;00039529;
20170714;DAP;*;Q26 ;0000000000000;0000000000000;00004014;00000000;00000000;00000000;00000000;0000006193772;0000006142518;0000000061925;00051254;
20170714;DAP;*;Q30 ;0000000000000;0000000000000;00000235;00000000;00000000;00000000;00000000;0000004922138;0000004887177;0000000042239;00034961;
20170714;DAP;*;U17 ;0000000000000;0000000000000;00000000;00000000;00000000;00000000;00000000;0000009877731;0000009878030;0000000000000;00000299;
20170714;DAP;*;V17 ;0000000000000;0000000000000;00000000;00000000;00000000;00000000;00000000;0000009843684;0000000000000;0000000000000;00000000;
20170714;DCO;*;F18 ;0000000000000;0000000000000;00000000;00000000;00000000;00000000;00000000;0000009806496;0000009897387;0000000000000;00090891;
20170714;DCO;*;F19 ;0000000000000;0000000000000;00000000;00000000;00000000;00000000;00000000;0000009551212;0000009637637;0000000000000;00086425;
20170714;DCO;*;F20 ;0000000000000;0000000000000;00000000;00000000;00000000;00000000;00000000;0000009236311;0000009320668;0000000000000;00084357;
20170714;DCO;*;F21 ;0000000000000;0000000000000;00000000;00000000;00000000;00000000;00000000;0000008875893;0000008952506;0000000000000;00076613;
20170714;DCO;*;F22 ;0000000000000;0000000000000;00000000;00000000;00000000;00000000;00000000;0000008476444;0000008553025;0000000000000;00076581;
20170714;DCO;*;F23 ;0000000000000;0000000000000;00000000;00000000;00000000;00000000;00000000;0000008076925;0000008147731;0000000000000;00070806;
20170714;DCO;*;F24 ;0000000000000;0000000000000;00000000;00000000;00000000;00000000;00000000;0000007661539;0000007728169;0000000000000;00066630;
20170714;DCO;*;F25 ;0000000000000;0000000000000;00000000;00000000;00000000;00000000;00000000;0000007227647;0000007288779;0000000000000;00061132;
20170714;DCO;*;F26 ;0000000000000;0000000000000;00000000;00000000;00000000;00000000;00000000;0000006842184;0000006901719;0000000000000;00059535;
20170714;DCO;*;F27 ;0000000000000;0000000000000;00000000;00000000;00000000;00000000;00000000;0000006459983;0000006517487;0000000000000;00057504;
20170714;DCO;*;F28 ;0000000000000;0000000000000;00000000;00000000;00000000;00000000;00000000;0000006114805;0000006166282;0000000000000;00051477;
20170714;DCO;*;F29 ;0000000000000;0000000000000;00000000;00000000;00000000;00000000;00000000;0000005777267;0000005826571;0000000000000;00049304;
20170714;DCO;*;F30 ;0000000000000;0000000000000;00000000;00000000;00000000;00000000;00000000;0000005464415;0000005507758;0000000000000;00043343;
20170714;DCO;*;G18 ;0000000000000;0000000000000;00000000;00000000;00000000;00000000;00000000;0000009789078;0000009879738;0000000000000;00090660;
20170714;DCO;*;H18 ;0000000000000;0000000000000;00000000;00000000;00000000;00000000;00000000;0000009770900;0000009860724;0000000000000;00089824;
20170714;DCO;*;J18 ;0000000000000;0000000000000;00000000;00000000;00000000;00000000;00000000;0000009749529;0000009838960;0000000000000;00089431;
20170714;DCO;*;J19 ;0000000000000;0000000000000;00000000;00000000;00000000;00000000;00000000;0000009480695;0000009567534;0000000000000;00086839;
20170714;DCO;*;J20 ;0000000000000;0000000000000;00000000;00000000;00000000;00000000;00000000;0000009157211;0000009239454;0000000000000;00082243;
20170714;DCO;*;J21 ;0000000000000;0000000000000;00000000;00000000;00000000;00000000;00000000;0000008790554;0000008868210;0000000000000;00077656;
20170714;DCO;*;J22 ;0000000000000;0000000000000;00000000;00000000;00000000;00000000;00000000;0000008390587;0000008464390;0000000000000;00073803;
20170714;DCO;*;K18 ;0000000000000;0000000000000;00000000;00000000;00000000;00000000;00000000;0000009730855;0000009820647;0000000000000;00089792;
20170714;DCO;*;M18 ;0000000000000;0000000000000;00000000;00000000;00000000;00000000;00000000;0000009709078;0000009797515;0000000000000;00088437;
20170714;DCO;*;N18 ;0000000000000;0000000000000;00000000;00000000;00000000;00000000;00000000;0000009689320;0000009777467;0000000000000;00088147;
20170714;DCO;*;N19 ;0000000000000;0000000000000;00000000;00000000;00000000;00000000;00000000;0000009404374;0000009490284;0000000000000;00085910;
20170714;DCO;*;N20 ;0000000000000;0000000000000;00000000;00000000;00000000;00000000;00000000;0000009064656;0000009148859;0000000000000;00084203;
20170714;DCO;*;N21 ;0000000000000;0000000000000;00000000;00000000;00000000;00000000;00000000;0000008692394;0000008767862;0000000000000;00075468;
20170714;DCO;*;N22 ;0000000000000;0000000000000;00000000;00000000;00000000;00000000;00000000;0000008292032;0000008366189;0000000000000;00074157;
20170714;DCO;*;Q17 ;0000000000000;0000000000000;00000000;00000000;00000000;00000000;00000000;0000009896826;0000009987343;0000000000000;00090517;
20170714;DCO;*;U17 ;0000000000000;0000000000000;00000000;00000000;00000000;00000000;00000000;0000009880577;0000009971836;0000000000000;00091259;
20170714;DCO;*;V17 ;0000000000000;0000000000000;00000000;00000000;00000000;00000000;00000000;0000009861501;0000009952789;0000000000000;00091288;
20170714;DCO;*;V18 ;0000000000000;0000000000000;00000000;00000000;00000000;00000000;00000000;0000009623744;0000009712673;0000000000000;00088929;
20170714;DCO;*;V19 ;0000000000000;0000000000000;00000000;00000000;00000000;00000000;00000000;0000009325222;0000009410856;0000000000000;00085634;
20170714;DCO;*;V20 ;0000000000000;0000000000000;00000000;00000000;00000000;00000000;00000000;0000008974758;0000009055546;0000000000000;00080788;
20170714;DCO;*;V21 ;0000000000000;0000000000000;00000000;00000000;00000000;00000000;00000000;0000008601739;0000008678013;0000000000000;00076274;
20170714;DCO;*;X17 ;0000000000000;0000000000000;00000000;00000000;00000000;00000000;00000000;0000009844188;0000009934812;0000000000000;00090624;
20170714;DCO;*;Z17 ;0000000000000;0000000000000;00000000;00000000;00000000;00000000;00000000;0000009826883;0000009917269;0000000000000;00090386;
20170714;DDI;*;F18 ;0000000000000;0000000000000;00440171;00000000;00000000;00000000;00000000;0000009806956;0000009897853;0000000145926;00090897;
20170714;DDI;*;F19 ;0000000000000;0000000000000;00125079;00000000;00000000;00000000;00000000;0000009552573;0000009639015;0000000138773;00086442;
20170714;DDI;*;F20 ;0000000000000;0000000000000;00099850;00000000;00000000;00000000;00000000;0000009238449;0000009322833;0000000135470;00084384;
20170714;DDI;*;F21 ;0000000000000;0000000000000;00092357;00000000;00000000;00000000;00000000;0000008878673;0000008955319;0000000123047;00076646;
20170714;DDI;*;F22 ;0000000000000;0000000000000;00035124;00000000;00000000;00000000;00000000;0000008479706;0000008556329;0000000123010;00076623;
20170714;DDI;*;F23 ;0000000000000;0000000000000;00030226;00000000;00000000;00000000;00000000;0000008080547;0000008151396;0000000113740;00070849;
20170714;DDI;*;F24 ;0000000000000;0000000000000;00034595;00000000;00000000;00000000;00000000;0000007665394;0000007732070;0000000107041;00066676;
20170714;DDI;*;F25 ;0000000000000;0000000000000;00020935;00000000;00000000;00000000;00000000;0000007231609;0000007296801;0000000104659;00065192;
20170714;DDI;*;F26 ;0000000000000;0000000000000;00013860;00000000;00000000;00000000;00000000;0000006854276;0000006909875;0000000089258;00055599;
20170714;DDI;*;F27 ;0000000000000;0000000000000;00011400;00000000;00000000;00000000;00000000;0000006468017;0000006525623;0000000092480;00057606;
20170714;DDI;*;F28 ;0000000000000;0000000000000;00000110;00000000;00000000;00000000;00000000;0000006122761;0000006174331;0000000082790;00051570;
20170714;DDI;*;F29 ;0000000000000;0000000000000;00000000;00000000;00000000;00000000;00000000;0000005785047;0000005834442;0000000000000;00049395;
20170714;DDI;*;F30 ;0000000000000;0000000000000;00000500;00000000;00000000;00000000;00000000;0000005471981;0000005515405;0000000069712;00043424;
20170714;DDI;*;G18 ;0000000000000;0000000000000;00046940;00000000;00000000;00000000;00000000;0000009789616;0000009880282;0000000145555;00090666;
20170714;DDI;*;H18 ;0000000000000;0000000000000;00025899;00000000;00000000;00000000;00000000;0000009771510;0000009861341;0000000144214;00089831;
20170714;DDI;*;J18 ;0000000000000;0000000000000;00108089;00000000;00000000;00000000;00000000;0000009750221;0000009839661;0000000143586;00089440;
20170714;DDI;*;J19 ;0000000000000;0000000000000;00049750;00000000;00000000;00000000;00000000;0000009482258;0000009569118;0000000139445;00086860;
20170714;DDI;*;J20 ;0000000000000;0000000000000;00028292;00000000;00000000;00000000;00000000;0000009159522;0000009241794;0000000132079;00082272;
20170714;DDI;*;J21 ;0000000000000;0000000000000;00006237;00000000;00000000;00000000;00000000;0000008793468;0000008871159;0000000124725;00077691;
20170714;DDI;*;J22 ;0000000000000;0000000000000;00000640;00000000;00000000;00000000;00000000;0000008393956;0000008467800;0000000118549;00073844;
20170714;DDI;*;K18 ;0000000000000;0000000000000;00025620;00000000;00000000;00000000;00000000;0000009731623;0000009821425;0000000144168;00089802;
20170714;DDI;*;M18 ;0000000000000;0000000000000;00017860;00000000;00000000;00000000;00000000;0000009709921;0000009798369;0000000141994;00088448;
20170714;DDI;*;N18 ;0000000000000;0000000000000;00120497;00000000;00000000;00000000;00000000;0000009690241;0000009778398;0000000141527;00088157;
20170714;DDI;*;N19 ;0000000000000;0000000000000;00055934;00000000;00000000;00000000;00000000;0000009406136;0000009492069;0000000137956;00085933;
20170714;DDI;*;N20 ;0000000000000;0000000000000;00047036;00000000;00000000;00000000;00000000;0000009067128;0000009151365;0000000135234;00084237;
20170714;DDI;*;N21 ;0000000000000;0000000000000;00006040;00000000;00000000;00000000;00000000;0000008695434;0000008770938;0000000121214;00075504;
20170714;DDI;*;N22 ;0000000000000;0000000000000;00001490;00000000;00000000;00000000;00000000;0000008295497;0000008369696;0000000119119;00074199;
20170714;DDI;*;Q17 ;0000000000000;0000000000000;00505477;00000000;00000000;00000000;00000000;0000009896875;0000009987393;0000000145317;00090518;
20170714;DDI;*;U17 ;0000000000000;0000000000000;00230890;00000000;00000000;00000000;00000000;0000009880710;0000009971970;0000000146508;00091260;
20170714;DDI;*;V17 ;0000000000000;0000000000000;00292519;00000000;00000000;00000000;00000000;0000009861717;0000009953007;0000000146556;00091290;
20170714;DDI;*;V18 ;0000000000000;0000000000000;00067018;00000000;00000000;00000000;00000000;0000009624886;0000009713830;0000000142790;00088944;
20170714;DDI;*;V19 ;0000000000000;0000000000000;00039324;00000000;00000000;00000000;00000000;0000009327176;0000009412836;0000000137518;00085660;
20170714;DDI;*;V20 ;0000000000000;0000000000000;00022910;00000000;00000000;00000000;00000000;0000008977388;0000009058209;0000000129750;00080821;
20170714;DDI;*;V21 ;0000000000000;0000000000000;00002102;00000000;00000000;00000000;00000000;0000008604906;0000008681218;0000000122511;00076312;
20170714;DDI;*;X17 ;0000000000000;0000000000000;00134710;00000000;00000000;00000000;00000000;0000009844484;0000009935113;0000000145495;00090629;
20170714;DDI;*;Z17 ;0000000000000;0000000000000;00100470;00000000;00000000;00000000;00000000;0000009827259;0000009917649;0000000145112;00090390;
20170714;DDM;*;K25 ;0000000000000;0000000000000;00000000;00000000;00000000;00000000;00000000;0000006628791;0000006598059;0000000000000;00030732;
20170714;DI1;*;F18 ;0013295767007;0004168082701;03505782;00008670;00008660;00008695;00008670;0000009624498;0000009623161;0000000001337;00001337;
20170714;DI1;*;F19 ;0015904734474;0004985966480;02193001;00008620;00008580;00008640;00008600;0000008870773;0000008865323;0000000005450;00005450;
20170714;DI1;*;F20 ;0007309266639;0002291377986;01580374;00009240;00009150;00009270;00009180;0000008057671;0000008043441;0000000014230;00014230;
20170714;DI1;*;F21 ;0010800654303;0003385891189;01272113;00009800;00009680;00009810;00009710;0000007264260;0000007236977;0000000027283;00027283;
20170714;DI1;*;F22 ;0000292309425;0000091635921;00103201;00010120;00010000;00010120;00010030;0000006539086;0000006510083;0000000029003;00029003;
20170714;DI1;*;F23 ;0002727263155;0000854968229;00715776;00010260;00010140;00010280;00010180;0000005901854;0000005872745;0000000029109;00029109;
20170714;DI1;*;F24 ;0000000266134;0000000083430;00056670;00010300;00010300;00010300;00010300;0000005324244;0000005290163;0000000034081;00034081;
20170714;DI1;*;F25 ;0001786716584;0000560116801;00561091;00010500;00010380;00010510;00010410;0000004789494;0000004750871;0000000038623;00038623;
20170714;DI1;*;F26 ;0000006483389;0000002032474;00061778;00010440;00010440;00010450;00010450;0000004320057;0000004283830;0000000036227;00036227;
20170714;DI1;*;F27 ;0000438059855;0000137327143;00404285;00010620;00010510;00010630;00010540;0000003887756;0000003854653;0000000033103;00033103;
20170714;DI1;*;F28 ;0000000000000;0000000000000;00000010;00000000;00000000;00000000;00000000;0000003502211;0000003469272;0000000032939;00032939;
20170714;DI1;*;F29 ;0000000000000;0000000000000;00004387;00000000;00000000;00000000;00000000;0000003161115;0000003128594;0000000032521;00032521;
20170714;DI1;*;F30 ;0000000000000;0000000000000;00000720;00000000;00000000;00000000;00000000;0000002843223;0000002811461;0000000031762;00031762;
20170714;DI1;*;G18 ;0000002867622;0000000898969;00036130;00008590;00008590;00008590;00008590;0000009560286;0000009558649;0000000001637;00001637;
20170714;DI1;*;H18 ;0000001426006;0000000447038;00027090;00008510;00008510;00008525;00008525;0000009506708;0000009504813;0000000001895;00001895;
20170714;DI1;*;J18 ;0001349519573;0000423060150;00907896;00008510;00008465;00008510;00008465;0000009444634;0000009442438;0000000002196;00002196;
20170714;DI1;*;J19 ;0000602103799;0000188753189;00585937;00008790;00008730;00008790;00008740;0000008676415;0000008668729;0000000007686;00007686;
20170714;DI1;*;J20 ;0000051091514;0000016016651;00077174;00009370;00009310;00009370;00009330;0000007857991;0000007840740;0000000017251;00017251;
20170714;DI1;*;J21 ;0000002831762;0000000887728;00031840;00009800;00009800;00009800;00009800;0000007085366;0000007058074;0000000027292;00027292;
20170714;DI1;*;J22 ;0000000000000;0000000000000;00001510;00000000;00000000;00000000;00000000;0000006364946;0000006335702;0000000029244;00029244;
20170714;DI1;*;K18 ;0000003753825;0000001176785;00022375;00008420;00008420;00008420;00008420;0000009382387;0000009379752;0000000002635;00002635;
20170714;DI1;*;M18 ;0000000000000;0000000000000;00016215;00000000;00000000;00000000;00000000;0000009319013;0000009315983;0000000003030;00003030;
20170714;DI1;*;N18 ;0003232281732;0001013286226;00786941;00008460;00008415;00008460;00008430;0000009258559;0000009255054;0000000003505;00003505;
20170714;DI1;*;N19 ;0000774503788;0000242798767;00483118;00008950;00008870;00008970;00008890;0000008475167;0000008466475;0000000008692;00008692;
20170714;DI1;*;N20 ;0001207859735;0000378651285;01269647;00009550;00009450;00009570;00009480;0000007661216;0000007640804;0000000020412;00020412;
20170714;DI1;*;N21 ;0000994345410;0000311716797;00099473;00010000;00009870;00010000;00009910;0000006891184;0000006864104;0000000027080;00027080;
20170714;DI1;*;N22 ;0000000000000;0000000000000;00004930;00000000;00000000;00000000;00000000;0000006219638;0000006190401;0000000029237;00029237;
20170714;DI1;*;N23 ;0000000000000;0000000000000;00003535;00000000;00000000;00000000;00000000;0000005609018;0000005577365;0000000031653;00031653;
20170714;DI1;*;N24 ;0000000000000;0000000000000;00003395;00000000;00000000;00000000;00000000;0000005057720;0000005021312;0000000036408;00036408;
20170714;DI1;*;Q17 ;0002909379062;0000912059645;00882884;00009900;00009900;00009915;00009915;0000009955105;0000009955094;0000000000011;00000011;
20170714;DI1;*;U17 ;0002014065548;0000631388303;00410345;00009460;00009448;00009460;00009460;0000009875395;0000009875229;0000000000166;00000166;
20170714;DI1;*;V17 ;0025676906176;0008049439223;02239141;00009165;00009160;00009175;00009165;0000009810530;0000009810259;0000000000271;00000271;
20170714;DI1;*;V18 ;0000408295888;0000127996454;00619681;00008520;00008480;00008520;00008490;0000009064752;0000009059233;0000000005519;00005519;
20170714;DI1;*;V19 ;0000633058292;0000198457096;00102468;00009140;00009030;00009140;00009050;0000008259591;0000008246560;0000000013031;00013031;
20170714;DI1;*;V20 ;0000013022179;0000004082316;00046100;00009710;00009600;00009710;00009620;0000007451740;0000007427954;0000000023786;00023786;
20170714;DI1;*;V21 ;0000000335493;0000000105174;00016467;00009970;00009970;00009970;00009970;0000006707560;0000006679478;0000000028082;00028082;
20170714;DI1;*;X17 ;0000094030707;0000029477635;00142347;00008990;00008975;00008990;00008980;0000009744121;0000009743630;0000000000491;00000491;
20170714;DI1;*;Z17 ;0000302603068;0000094862870;00182590;00008820;00008810;00008820;00008815;0000009683299;0000009682804;0000000000495;00000495;
20170714;DOL;*;F18 ;0000000000000;0000000000000;00009085;00000000;00000000;00000000;00000000;0000032716690;0000033024520;0000000153915;00307830;
20170714;DOL;*;F19 ;0000000000000;0000000000000;00000000;00000000;00000000;00000000;00000000;0000034575800;0000034910120;0000000000000;00334320;
20170714;DOL;*;F20 ;0000000000000;0000000000000;00000000;00000000;00000000;00000000;00000000;0000036813130;0000037215110;0000000000000;00401980;
20170714;DOL;*;F21 ;0000000000000;0000000000000;00003100;00000000;00000000;00000000;00000000;0000039243700;0000039731700;0000000244000;00488000;
20170714;DOL;*;F25 ;0000000000000;0000000000000;00000000;00000000;00000000;00000000;00000000;0000048479550;0000049314260;0000000000000;00834710;
20170714;DOL;*;G18 ;0000000000000;0000000000000;00000000;00000000;00000000;00000000;00000000;0000032878200;0000033188380;0000000000000;00310180;
20170714;DOL;*;H18 ;0000000000000;0000000000000;00000000;00000000;00000000;00000000;00000000;0000033002340;0000033312380;0000000000000;00310040;
20170714;DOL;*;J18 ;0000000000000;0000000000000;00000180;00000000;00000000;00000000;00000000;0000033146880;0000033458710;0000000155915;00311830;
20170714;DOL;*;J19 ;0000000000000;0000000000000;00000050;00000000;00000000;00000000;00000000;0000035090110;0000035442940;0000000176415;00352830;
20170714;DOL;*;J20 ;0000000000000;0000000000000;00000000;00000000;00000000;00000000;00000000;0000037426100;0000037845340;0000000000000;00419240;
20170714;DOL;*;J22 ;0000000000000;0000000000000;00000000;00000000;00000000;00000000;00000000;0000042343350;0000042913020;0000000000000;00569670;
20170714;DOL;*;K18 ;0000000000000;0000000000000;00000500;00000000;00000000;00000000;00000000;0000033303140;0000033619900;0000000158380;00316760;
20170714;DOL;*;M18 ;0000000000000;0000000000000;00000000;00000000;00000000;00000000;00000000;0000033454850;0000033770560;0000000000000;00315710;
20170714;DOL;*;N18 ;0000000000000;0000000000000;00000665;00000000;00000000;00000000;00000000;0000033605040;0000033923610;0000000159285;00318570;
20170714;DOL;*;N19 ;0000000000000;0000000000000;00000400;00000000;00000000;00000000;00000000;0000035634960;0000035997430;0000000181235;00362470;
20170714;DOL;*;N20 ;0000000000000;0000000000000;00000000;00000000;00000000;00000000;00000000;0000038000150;0000038455640;0000000000000;00455490;
20170714;DOL;*;N21 ;0000000000000;0000000000000;00000000;00000000;00000000;00000000;00000000;0000040514520;0000041027540;0000000000000;00513020;
20170714;DOL;*;N22 ;0000000000000;0000000000000;00000000;00000000;00000000;00000000;00000000;0000042824320;0000043411440;0000000000000;00587120;
20170714;DOL;*;Q17 ;0041542280875;0013023066828;00593801;03216500;03189000;03221500;03189500;0000031920170;0000032212210;0000000146020;00292040;
20170714;DOL;*;U17 ;0000248895500;0000078026114;00013480;03222000;03215000;03223500;03215000;0000032125280;0000032422540;0000000148630;00297260;
20170714;DOL;*;V17 ;0000288168000;0000090337628;00013410;03242000;03237000;03242000;03237000;0000032275520;0000032575200;0000000149840;00299680;
20170714;DOL;*;V18 ;0000000000000;0000000000000;00000035;00000000;00000000;00000000;00000000;0000034092030;0000034428040;0000000168005;00336010;
20170714;DOL;*;V19 ;0000000000000;0000000000000;00000000;00000000;00000000;00000000;00000000;0000036258090;0000036648900;0000000000000;00390810;
20170714;DOL;*;X17 ;0000000000000;0000000000000;00000315;00000000;00000000;00000000;00000000;0000032438710;0000032738990;0000000150140;00300280;
20170714;DOL;*;Z17 ;0000000000000;0000000000000;00000025;00000000;00000000;00000000;00000000;0000032585340;0000032886740;0000000150700;00301400;
20170714;DR1;*;Q7U7;0000000000000;0000000000000;00000000;00021200;00020200;00021200;00020550;0000000000000;0000000000000;0000000000000;00000000;
20170714;DR1;*;Q7V7;0000000000000;0000000000000;00000000;00035000;00035000;00036000;00036000;0000000000000;0000000000000;0000000000000;00000000;
20170714;ETH;*;F18 ;0000000000000;0000000000000;00000030;00000000;00000000;00000000;00000000;0000000155000;0000000155000;0000000000000;00000000;
20170714;ETH;*;G18 ;0000000000000;0000000000000;00000030;00000000;00000000;00000000;00000000;0000000155000;0000000155000;0000000000000;00000000;
20170714;ETH;*;H18 ;0000000000000;0000000000000;00000030;00000000;00000000;00000000;00000000;0000000155000;0000000155000;0000000000000;00000000;
20170714;ETH;*;J18 ;0000000000000;0000000000000;00000000;00000000;00000000;00000000;00000000;0000000157350;0000000157350;0000000000000;00000000;
20170714;ETH;*;K18 ;0000000000000;0000000000000;00000000;00000000;00000000;00000000;00000000;0000000150050;0000000150050;0000000000000;00000000;
20170714;ETH;*;N17 ;0000000000000;0000000000000;00000378;00000000;00000000;00000000;00000000;0000000136250;0000000136000;0000000007500;00000250;
20170714;ETH;*;Q17 ;0000000975600;0000000306773;00000724;00135500;00135500;00135500;00135500;0000000137000;0000000137000;0000000000000;00000000;
20170714;ETH;*;U17 ;0000000000000;0000000000000;00000000;00000000;00000000;00000000;00000000;0000000138500;0000000138000;0000000000000;00000500;
20170714;ETH;*;V17 ;0000001033200;0000000324885;00000410;00143500;00143500;00143500;00143500;0000000142000;0000000145000;0000000090000;00003000;
20170714;ETH;*;X17 ;0000000000000;0000000000000;00000299;00000000;00000000;00000000;00000000;0000000150000;0000000150000;0000000000000;00000000;
20170714;ETH;*;Z17 ;0000000092400;0000000029055;00000569;00154000;00154000;00154000;00154000;0000000150500;0000000150500;0000000000000;00000000;
20170714;EUR;*;Q17 ;0000026603500;0000008339917;00013165;03674000;03660000;03674700;03661200;0000036629530;0000036766350;0000000068410;00136820;
20170714;EUR;*;U17 ;0000002774625;0000000869816;00000548;03699500;03699500;03699500;03699500;0000036917090;0000037058850;0000000070880;00141760;
20170714;EUR;*;V17 ;0000000000000;0000000000000;00003190;00000000;00000000;00000000;00000000;0000037144600;0000037288910;0000000072155;00144310;
20170714;EUR;*;X17 ;0000000000000;0000000000000;00000000;00000000;00000000;00000000;00000000;0000037389440;0000037533620;0000000000000;00144180;
20170714;FRC;*;F18 ;0000000000000;0000000000000;00000000;00000214;00000214;00000216;00000214;0000000000214;0000000000211;0000000000001;00000003;
20170714;FRC;*;F19 ;0000000000000;0000000000000;00000000;00000250;00000250;00000250;00000250;0000000000250;0000000000251;0000000000000;00000001;
20170714;FRC;*;F20 ;0000000000000;0000000000000;00000000;00000290;00000290;00000290;00000290;0000000000290;0000000000290;0000000000000;00000000;
20170714;FRC;*;F21 ;0000000000000;0000000000000;00000000;00000330;00000330;00000330;00000330;0000000000330;0000000000331;0000000000000;00000001;
20170714;FRC;*;F22 ;0000000000000;0000000000000;00000000;00000369;00000369;00000369;00000369;0000000000372;0000000000373;0000000000000;00000001;
20170714;FRC;*;F23 ;0000000000000;0000000000000;00000000;00000408;00000408;00000408;00000408;0000000000409;0000000000410;0000000000000;00000001;
20170714;FRC;*;F24 ;0000000000000;0000000000000;00000000;00000000;00000000;00000000;00000000;0000000000447;0000000000448;0000000000000;00000001;
20170714;FRC;*;F25 ;0000000000000;0000000000000;00000000;00000489;00000489;00000489;00000489;0000000000489;0000000000490;0000000000000;00000001;
20170714;FRC;*;F26 ;0000000000000;0000000000000;00000000;00000000;00000000;00000000;00000000;0000000000520;0000000000521;0000000000000;00000001;
20170714;FRC;*;F27 ;0000000000000;0000000000000;00000000;00000000;00000000;00000000;00000000;0000000000554;0000000000555;0000000000000;00000001;
20170714;FRC;*;F28 ;0000000000000;0000000000000;00000000;00000000;00000000;00000000;00000000;0000000000583;0000000000584;0000000000000;00000001;
20170714;FRC;*;F29 ;0000000000000;0000000000000;00000000;00000000;00000000;00000000;00000000;0000000000613;0000000000614;0000000000000;00000001;
20170714;FRC;*;F30 ;0000000000000;0000000000000;00000000;00000000;00000000;00000000;00000000;0000000000642;0000000000643;0000000000000;00000001;
20170714;FRC;*;G18 ;0000000000000;0000000000000;00000000;00000214;00000214;00000217;00000214;0000000000214;0000000000212;0000000000001;00000002;
20170714;FRC;*;H18 ;0000000000000;0000000000000;00000000;00000000;00000000;00000000;00000000;0000000000218;0000000000217;0000000000000;00000001;
20170714;FRC;*;J18 ;0000000000000;0000000000000;00000000;00000225;00000222;00000225;00000222;0000000000222;0000000000222;0000000000000;00000000;
20170714;FRC;*;J19 ;0000000000000;0000000000000;00000000;00000259;00000259;00000259;00000259;0000000000259;0000000000259;0000000000000;00000000;
20170714;FRC;*;J20 ;0000000000000;0000000000000;00000000;00000000;00000000;00000000;00000000;0000000000298;0000000000298;0000000000000;00000000;
20170714;FRC;*;J21 ;0000000000000;0000000000000;00000000;00000000;00000000;00000000;00000000;0000000000337;0000000000338;0000000000000;00000001;
20170714;FRC;*;J22 ;0000000000000;0000000000000;00000000;00000000;00000000;00000000;00000000;0000000000378;0000000000379;0000000000000;00000001;
20170714;FRC;*;K18 ;0000000000000;0000000000000;00000000;00000223;00000223;00000223;00000223;0000000000223;0000000000222;0000000000000;00000001;
20170714;FRC;*;M18 ;0000000000000;0000000000000;00000000;00000228;00000228;00000228;00000228;0000000000228;0000000000228;0000000000000;00000000;
20170714;FRC;*;N18 ;0000000000000;0000000000000;00000000;00000230;00000229;00000230;00000229;0000000000229;0000000000230;0000000000000;00000001;
20170714;FRC;*;N19 ;0000000000000;0000000000000;00000000;00000000;00000000;00000000;00000000;0000000000269;0000000000269;0000000000000;00000000;
20170714;FRC;*;N20 ;0000000000000;0000000000000;00000000;00000000;00000000;00000000;00000000;0000000000309;0000000000309;0000000000000;00000000;
20170714;FRC;*;N21 ;0000000000000;0000000000000;00000000;00000000;00000000;00000000;00000000;0000000000348;0000000000349;0000000000000;00000001;
20170714;FRC;*;N22 ;0000000000000;0000000000000;00000000;00000000;00000000;00000000;00000000;0000000000387;0000000000388;0000000000000;00000001;
20170714;FRC;*;U17 ;0000000000000;0000000000000;00000000;00000187;00000187;00000190;00000190;0000000000190;0000000000180;0000000000005;00000010;
20170714;FRC;*;V17 ;0000000000000;0000000000000;00000000;00000202;00000202;00000207;00000206;0000000000207;0000000000200;0000000000003;00000007;
20170714;FRC;*;V18 ;0000000000000;0000000000000;00000000;00000239;00000239;00000239;00000239;0000000000239;0000000000238;0000000000000;00000001;
20170714;FRC;*;V19 ;0000000000000;0000000000000;00000000;00000000;00000000;00000000;00000000;0000000000278;0000000000278;0000000000000;00000000;
20170714;FRC;*;V20 ;0000000000000;0000000000000;00000000;00000000;00000000;00000000;00000000;0000000000319;0000000000319;0000000000000;00000000;
20170714;FRC;*;V21 ;0000000000000;0000000000000;00000000;00000000;00000000;00000000;00000000;0000000000355;0000000000356;0000000000000;00000001;
20170714;FRC;*;X17 ;0000000000000;0000000000000;00000000;00000206;00000206;00000210;00000208;0000000000208;0000000000206;0000000000001;00000002;
20170714;FRC;*;Z17 ;0000000000000;0000000000000;00000000;00000207;00000207;00000210;00000209;0000000000209;0000000000207;0000000000001;00000002;
20170714;FRO;*;F18 ;0000000000000;0000000000000;00000000;00000000;00000000;00000000;00000000;0000000000215;0000000000212;0000000000000;00000003;
20170714;FRO;*;F19 ;0000000000000;0000000000000;00000000;00000000;00000000;00000000;00000000;0000000000251;0000000000252;0000000000000;00000001;
20170714;FRO;*;F20 ;0000000000000;0000000000000;00000000;00000000;00000000;00000000;00000000;0000000000291;0000000000291;0000000000000;00000000;
20170714;FRO;*;F21 ;0000000000000;0000000000000;00000000;00000000;00000000;00000000;00000000;0000000000331;0000000000332;0000000000000;00000001;
20170714;FRO;*;F22 ;0000000000000;0000000000000;00000000;00000000;00000000;00000000;00000000;0000000000373;0000000000374;0000000000000;00000001;
20170714;FRO;*;F23 ;0000000000000;0000000000000;00000000;00000000;00000000;00000000;00000000;0000000000410;0000000000411;0000000000000;00000001;
20170714;FRO;*;F24 ;0000000000000;0000000000000;00000000;00000000;00000000;00000000;00000000;0000000000448;0000000000449;0000000000000;00000001;
20170714;FRO;*;F25 ;0000000000000;0000000000000;00000000;00000000;00000000;00000000;00000000;0000000000490;0000000000492;0000000000000;00000002;
20170714;FRO;*;F26 ;0000000000000;0000000000000;00000000;00000000;00000000;00000000;00000000;0000000000522;0000000000523;0000000000000;00000001;
20170714;FRO;*;F27 ;0000000000000;0000000000000;00000000;00000000;00000000;00000000;00000000;0000000000556;0000000000557;0000000000000;00000001;
20170714;FRO;*;F28 ;0000000000000;0000000000000;00000000;00000000;00000000;00000000;00000000;0000000000585;0000000000586;0000000000000;00000001;
20170714;FRO;*;F29 ;0000000000000;0000000000000;00000000;00000000;00000000;00000000;00000000;0000000000615;0000000000616;0000000000000;00000001;
20170714;FRO;*;F30 ;0000000000000;0000000000000;00000000;00000000;00000000;00000000;00000000;0000000000644;0000000000645;0000000000000;00000001;
20170714;FRO;*;G18 ;0000000000000;0000000000000;00000000;00000000;00000000;00000000;00000000;0000000000215;0000000000213;0000000000000;00000002;
20170714;FRO;*;H18 ;0000000000000;0000000000000;00000000;00000000;00000000;00000000;00000000;0000000000219;0000000000218;0000000000000;00000001;
20170714;FRO;*;J18 ;0000000000000;0000000000000;00000000;00000000;00000000;00000000;00000000;0000000000223;0000000000223;0000000000000;00000000;
20170714;FRO;*;J19 ;0000000000000;0000000000000;00000000;00000000;00000000;00000000;00000000;0000000000260;0000000000260;0000000000000;00000000;
20170714;FRO;*;J20 ;0000000000000;0000000000000;00000000;00000000;00000000;00000000;00000000;0000000000299;0000000000299;0000000000000;00000000;
20170714;FRO;*;J21 ;0000000000000;0000000000000;00000000;00000000;00000000;00000000;00000000;0000000000338;0000000000339;0000000000000;00000001;
20170714;FRO;*;J22 ;0000000000000;0000000000000;00000000;00000000;00000000;00000000;00000000;0000000000379;0000000000380;0000000000000;00000001;
20170714;FRO;*;K18 ;0000000000000;0000000000000;00000000;00000000;00000000;00000000;00000000;0000000000224;0000000000223;0000000000000;00000001;
20170714;FRO;*;M18 ;0000000000000;0000000000000;00000000;00000000;00000000;00000000;00000000;0000000000229;0000000000229;0000000000000;00000000;
20170714;FRO;*;N18 ;0000000000000;0000000000000;00000000;00000000;00000000;00000000;00000000;0000000000230;0000000000231;0000000000000;00000001;
20170714;FRO;*;N19 ;0000000000000;0000000000000;00000000;00000000;00000000;00000000;00000000;0000000000270;0000000000270;0000000000000;00000000;
20170714;FRO;*;N20 ;0000000000000;0000000000000;00000000;00000000;00000000;00000000;00000000;0000000000310;0000000000310;0000000000000;00000000;
20170714;FRO;*;N21 ;0000000000000;0000000000000;00000000;00000000;00000000;00000000;00000000;0000000000349;0000000000350;0000000000000;00000001;
20170714;FRO;*;N22 ;0000000000000;0000000000000;00000000;00000000;00000000;00000000;00000000;0000000000388;0000000000389;0000000000000;00000001;
20170714;FRO;*;U17 ;0000000000000;0000000000000;00000000;00000000;00000000;00000000;00000000;0000000000191;0000000000181;0000000000000;00000010;
20170714;FRO;*;V17 ;0000000000000;0000000000000;00000000;00000000;00000000;00000000;00000000;0000000000208;0000000000201;0000000000000;00000007;
20170714;FRO;*;V18 ;0000000000000;0000000000000;00000000;00000000;00000000;00000000;00000000;0000000000240;0000000000239;0000000000000;00000001;
20170714;FRO;*;V19 ;0000000000000;0000000000000;00000000;00000000;00000000;00000000;00000000;0000000000279;0000000000279;0000000000000;00000000;
20170714;FRO;*;V20 ;0000000000000;0000000000000;00000000;00000000;00000000;00000000;00000000;0000000000320;0000000000320;0000000000000;00000000;
20170714;FRO;*;V21 ;0000000000000;0000000000000;00000000;00000000;00000000;00000000;00000000;0000000000356;0000000000357;0000000000000;00000001;
20170714;FRO;*;X17 ;0000000000000;0000000000000;00000000;00000000;00000000;00000000;00000000;0000000000209;0000000000207;0000000000000;00000002;
20170714;FRO;*;Z17 ;0000000000000;0000000000000;00000000;00000000;00000000;00000000;00000000;0000000000210;0000000000208;0000000000000;00000002;
20170714;FRP;*;FRP0;0000000000000;0000000000000;00000000;00001020;00001010;00001040;00001030;0000000000000;0000000000000;0000000000000;00000000;
20170714;FRP;*;FRP1;0000000000000;0000000000000;00000000;00000980;00000980;00000980;00000980;0000000000000;0000000000000;0000000000000;00000000;
20170714;GBP;*;Q17 ;0000011433866;0000003584396;00000716;04188300;04182800;04188300;04182800;0000041797410;0000041719970;0000000027104;00077440;
20170714;GBP;*;U17 ;0000002946300;0000000923634;00000012;04209000;04209000;04209000;04209000;0000042102110;0000042028510;0000000025760;00073600;
20170714;GBP;*;V17 ;0000000000000;0000000000000;00000000;00000000;00000000;00000000;00000000;0000042335860;0000042264690;0000000000000;00071170;
20170714;HSI;*;N17 ;0000000000000;0000000000000;00000000;00000000;00000000;00000000;00000000;0000000026390;0000000026387;0000000000000;00000003;
20170714;HSI;*;Q17 ;0000000000000;0000000000000;00000000;00000000;00000000;00000000;00000000;0000000026343;0000000026342;0000000000000;00000001;
20170714;ICF;*;H18 ;0000000000000;0000000000000;00000000;00000000;00000000;00000000;00000000;0000000016830;0000000016500;0000000000000;00000330;
20170714;ICF;*;N17 ;0000000000000;0000000000000;00000000;00000000;00000000;00000000;00000000;0000000015545;0000000015235;0000000098586;00000310;
20170714;ICF;*;U17 ;0000014337168;0000004508260;00003640;00015540;00015500;00015950;00015925;0000000015910;0000000015600;0000000098586;00000310;
20170714;ICF;*;U18 ;0000000054699;0000000017200;00001745;00017200;00017200;00017200;00017200;0000000017095;0000000016770;0000000103356;00000325;
20170714;ICF;*;U19 ;0000000000000;0000000000000;00000461;00000000;00000000;00000000;00000000;0000000018040;0000000017730;0000000098586;00000310;
20170714;ICF;*;Z17 ;0000011189470;0000003518480;00003690;00016090;00016090;00016450;00016440;0000000016460;0000000016130;0000000104946;00000330;
20170714;ICF;*;Z18 ;0000000000000;0000000000000;00000396;00000000;00000000;00000000;00000000;0000000017600;0000000017280;0000000101766;00000320;
20170714;IND;*;G18 ;0000000000000;0000000000000;00000000;00000000;00000000;00000000;00000000;0000000068239;0000000068086;0000000000000;00000153;
20170714;IND;*;G19 ;0000000000000;0000000000000;00000000;00000000;00000000;00000000;00000000;0000000073512;0000000073389;0000000000000;00000123;
20170714;IND;*;J18 ;0000000000000;0000000000000;00000000;00000000;00000000;00000000;00000000;0000000069074;0000000068924;0000000000000;00000150;
20170714;IND;*;J19 ;0000000000000;0000000000000;00000000;00000000;00000000;00000000;00000000;0000000074566;0000000074454;0000000000000;00000112;
20170714;IND;*;M18 ;0000000000000;0000000000000;00001815;00000000;00000000;00000000;00000000;0000000069817;0000000069672;0000000014500;00000145;
20170714;IND;*;M19 ;0000000000000;0000000000000;00000000;00000000;00000000;00000000;00000000;0000000075542;0000000075435;0000000000000;00000107;
20170714;IND;*;Q17 ;0004063444300;0001273846923;00241271;00065705;00065660;00066180;00066045;0000000065933;0000000065774;0000000015900;00000159;
20170714;IND;*;Q18 ;0000000000000;0000000000000;00000000;00000000;00000000;00000000;00000000;0000000070729;0000000070592;0000000000000;00000137;
20170714;IND;*;V17 ;0000000000000;0000000000000;00009645;00000000;00000000;00000000;00000000;0000000066779;0000000066620;0000000015900;00000159;
20170714;IND;*;V18 ;0000000000000;0000000000000;00000000;00000000;00000000;00000000;00000000;0000000071644;0000000071514;0000000000000;00000130;
20170714;IND;*;Z17 ;0000046969000;0000014724286;00022030;00067700;00067500;00067700;00067500;0000000067528;0000000067370;0000000015800;00000158;
20170714;IND;*;Z18 ;0000000000000;0000000000000;00000150;00000000;00000000;00000000;00000000;0000000072500;0000000072369;0000000013100;00000131;
20170714;IR1;*;Q7V7;0000000000000;0000000000000;00000000;00000875;00000875;00000875;00000875;0000000000000;0000000000000;0000000000000;00000000;
20170714;ISP;*;H18 ;0000000000000;0000000000000;00000000;00000000;00000000;00000000;00000000;0000000245325;0000000244275;0000000000000;00001050;
20170714;ISP;*;M18 ;0000000000000;0000000000000;00000000;00000000;00000000;00000000;00000000;0000000245225;0000000244175;0000000000000;00001050;
20170714;ISP;*;U17 ;0000227032808;0000071389475;00004200;00244500;00244475;00246100;00245700;0000000245700;0000000244650;0000000166960;00001050;
20170714;ISP;*;Z17 ;0000000000000;0000000000000;00000010;00000000;00000000;00000000;00000000;0000000245500;0000000244450;0000000166960;00001050;
20170714;JPY;*;Q17 ;0000040297135;0000012632727;00002573;02852000;02837300;02852000;02837900;0000028376100;0000028467300;0000000045600;00091200;
20170714;JPY;*;U17 ;0000000000000;0000000000000;00000047;00000000;00000000;00000000;00000000;0000028589400;0000028684600;0000000047600;00095200;
20170714;JPY;*;V17 ;0000000000000;0000000000000;00000085;00000000;00000000;00000000;00000000;0000028756800;0000028853500;0000000048350;00096700;
20170714;JPY;*;X17 ;0000000000000;0000000000000;00000000;00000000;00000000;00000000;00000000;0000028939100;0000029035600;0000000000000;00096500;
20170714;JSE;*;U17 ;0000000000000;0000000000000;00000000;00000000;00000000;00000000;00000000;0000000047487;0000000047224;0000000000000;00000263;
20170714;JSE;*;Z17 ;0000000000000;0000000000000;00000000;00000000;00000000;00000000;00000000;0000000048243;0000000047946;0000000000000;00000297;
20170714;MIX;*;U17 ;0000000000000;0000000000000;00000000;00000000;00000000;00000000;00000000;0000000001969;0000000001963;0000000000000;00000006;
20170714;MIX;*;Z17 ;0000000000000;0000000000000;00000000;00000000;00000000;00000000;00000000;0000000001985;0000000001983;0000000000000;00000002;
20170714;MXN;*;Q17 ;0000014980837;0000004696334;00000993;01819500;01810500;01819600;01810500;0000018131960;0000018099760;0000000024150;00032200;
20170714;MXN;*;U17 ;0000006148575;0000001927513;00000025;01821800;01821800;01821800;01821800;0000018153190;0000018123020;0000000022627;00030170;
20170714;MXN;*;V17 ;0000000000000;0000000000000;00000000;00000000;00000000;00000000;00000000;0000018144750;0000018115190;0000000000000;00029560;
20170714;NZD;*;Q17 ;0000000000000;0000000000000;00000161;00000000;00000000;00000000;00000000;0000023428770;0000023583890;0000000116340;00155120;
20170714;NZD;*;U17 ;0000000000000;0000000000000;00000000;00000000;00000000;00000000;00000000;0000023564430;0000023726840;0000000000000;00162410;
20170714;NZD;*;V17 ;0000000000000;0000000000000;00000000;00000000;00000000;00000000;00000000;0000023662410;0000023826420;0000000000000;00164010;
20170714;OC1;*;F18 ;0000000000000;0000000000000;00000000;00000000;00000000;00000000;00000000;0000009624090;0000009622753;0000000000000;00001337;
20170714;OC1;*;F19 ;0000000000000;0000000000000;00000000;00000000;00000000;00000000;00000000;0000008869586;0000008864138;0000000000000;00005448;
20170714;OC1;*;F20 ;0000000000000;0000000000000;00000000;00000000;00000000;00000000;00000000;0000008055678;0000008041452;0000000000000;00014226;
20170714;OC1;*;F21 ;0000000000000;0000000000000;00000000;00000000;00000000;00000000;00000000;0000007261746;0000007234246;0000000000000;00027500;
20170714;OC1;*;F22 ;0000000000000;0000000000000;00000000;00000000;00000000;00000000;00000000;0000006535914;0000006506928;0000000000000;00028986;
20170714;OC1;*;F23 ;0000000000000;0000000000000;00000000;00000000;00000000;00000000;00000000;0000005898355;0000005869266;0000000000000;00029089;
20170714;OC1;*;F24 ;0000000000000;0000000000000;00000000;00000000;00000000;00000000;00000000;0000005320520;0000005286465;0000000000000;00034055;
20170714;OC1;*;F25 ;0000000000000;0000000000000;00000000;00000000;00000000;00000000;00000000;0000004785622;0000004746714;0000000000000;00038908;
20170714;OC1;*;F26 ;0000000000000;0000000000000;00000000;00000000;00000000;00000000;00000000;0000004316096;0000004279579;0000000000000;00036517;
20170714;OC1;*;F27 ;0000000000000;0000000000000;00000000;00000000;00000000;00000000;00000000;0000003883776;0000003850380;0000000000000;00033396;
20170714;OC1;*;F28 ;0000000000000;0000000000000;00000000;00000000;00000000;00000000;00000000;0000003498248;0000003465024;0000000000000;00033224;
20170714;OC1;*;F29 ;0000000000000;0000000000000;00000000;00000000;00000000;00000000;00000000;0000003156875;0000003124401;0000000000000;00032474;
20170714;OC1;*;F30 ;0000000000000;0000000000000;00000000;00000000;00000000;00000000;00000000;0000002839081;0000002807368;0000000000000;00031713;
20170714;OC1;*;G18 ;0000000000000;0000000000000;00000000;00000000;00000000;00000000;00000000;0000009559804;0000009558167;0000000000000;00001637;
20170714;OC1;*;H18 ;0000000000000;0000000000000;00000000;00000000;00000000;00000000;00000000;0000009506165;0000009504270;0000000000000;00001895;
20170714;OC1;*;J18 ;0000000000000;0000000000000;00000000;00000000;00000000;00000000;00000000;0000009444022;0000009441825;0000000000000;00002197;
20170714;OC1;*;J19 ;0000000000000;0000000000000;00000000;00000000;00000000;00000000;00000000;0000008675063;0000008667380;0000000000000;00007683;
20170714;OC1;*;J20 ;0000000000000;0000000000000;00000000;00000000;00000000;00000000;00000000;0000007855855;0000007838610;0000000000000;00017245;
20170714;OC1;*;J21 ;0000000000000;0000000000000;00000000;00000000;00000000;00000000;00000000;0000007082505;0000007055226;0000000000000;00027279;
20170714;OC1;*;J22 ;0000000000000;0000000000000;00000000;00000000;00000000;00000000;00000000;0000006361690;0000006332463;0000000000000;00029227;
20170714;OC1;*;K18 ;0000000000000;0000000000000;00000000;00000000;00000000;00000000;00000000;0000009381707;0000009379072;0000000000000;00002635;
20170714;OC1;*;M18 ;0000000000000;0000000000000;00000000;00000000;00000000;00000000;00000000;0000009318266;0000009315237;0000000000000;00003029;
20170714;OC1;*;N18 ;0000000000000;0000000000000;00000000;00000000;00000000;00000000;00000000;0000009257746;0000009254241;0000000000000;00003505;
20170714;OC1;*;N19 ;0000000000000;0000000000000;00000000;00000000;00000000;00000000;00000000;0000008473657;0000008464816;0000000000000;00008841;
20170714;OC1;*;N20 ;0000000000000;0000000000000;00000000;00000000;00000000;00000000;00000000;0000007658950;0000007638545;0000000000000;00020405;
20170714;OC1;*;N21 ;0000000000000;0000000000000;00000000;00000000;00000000;00000000;00000000;0000006888220;0000006861154;0000000000000;00027066;
20170714;OC1;*;N22 ;0000000000000;0000000000000;00000000;00000000;00000000;00000000;00000000;0000006216290;0000006187071;0000000000000;00029219;
20170714;OC1;*;N23 ;0000000000000;0000000000000;00000000;00000000;00000000;00000000;00000000;0000005605395;0000005573765;0000000000000;00031630;
20170714;OC1;*;N24 ;0000000000000;0000000000000;00000000;00000000;00000000;00000000;00000000;0000005053913;0000005017536;0000000000000;00036377;
20170714;OC1;*;Q17 ;0000000000000;0000000000000;00000000;00000000;00000000;00000000;00000000;0000009955058;0000009955045;0000000000000;00000013;
20170714;OC1;*;U17 ;0000000000000;0000000000000;00000000;00000000;00000000;00000000;00000000;0000009875257;0000009875091;0000000000000;00000166;
20170714;OC1;*;V17 ;0000000000000;0000000000000;00000000;00000000;00000000;00000000;00000000;0000009810315;0000009810043;0000000000000;00000272;
20170714;OC1;*;V18 ;0000000000000;0000000000000;00000000;00000000;00000000;00000000;00000000;0000009063744;0000009058226;0000000000000;00005518;
20170714;OC1;*;V19 ;0000000000000;0000000000000;00000000;00000000;00000000;00000000;00000000;0000008257757;0000008244728;0000000000000;00013029;
20170714;OC1;*;V20 ;0000000000000;0000000000000;00000000;00000000;00000000;00000000;00000000;0000007449346;0000007425352;0000000000000;00023994;
20170714;OC1;*;V21 ;0000000000000;0000000000000;00000000;00000000;00000000;00000000;00000000;0000006704488;0000006676422;0000000000000;00028066;
20170714;OC1;*;X17 ;0000000000000;0000000000000;00000000;00000000;00000000;00000000;00000000;0000009743825;0000009743333;0000000000000;00000492;
20170714;OC1;*;Z17 ;0000000000000;0000000000000;00000000;00000000;00000000;00000000;00000000;0000009682960;0000009682465;0000000000000;00000495;
20170714;OZ1;*;0000;0000000530269;0000000166234;00000000;00125500;00124000;00125900;00125000;0000000124894;0000000124337;0000000000000;00000400;
20170714;OZ1;*;Q17 ;0000000000000;0000000000000;00000000;00000000;00000000;00000000;00000000;0000000125517;0000000125967;0000000000000;00000450;
20170714;OZ1;*;U17 ;0000000000000;0000000000000;00000000;00000000;00000000;00000000;00000000;0000000126533;0000000126989;0000000000000;00000456;
20170714;OZ2;*;0000;0000000160430;0000000050293;00000000;00125700;00124800;00125700;00124900;0000000125462;0000000125463;0000000000000;00000500;
20170714;OZ3;*;0000;0000000001632;0000000000512;00000000;00125750;00124900;00125750;00124900;0000000125116;0000000125453;0000000000000;00000600;
20170714;SCS;*;F802;0000000000000;0000000000000;00160920;00000000;00000000;00000000;00000000;0000000000000;0000000000000;0000000000000;00000000;
20170714;SCS;*;J802;0000000000000;0000000000000;00106650;00000000;00000000;00000000;00000000;0000000000000;0000000000000;0000000000000;00000000;
20170714;SCS;*;Q701;0000000000000;0000000000000;00123620;00000000;00000000;00000000;00000000;0000000000000;0000000000000;0000000000000;00000000;
20170714;SCS;*;V702;0000000000000;0000000000000;00164095;00000000;00000000;00000000;00000000;0000000000000;0000000000000;0000000000000;00000000;
20170714;SFI;*;K18 ;0000000000000;0000000000000;00000000;00000000;00000000;00000000;00000000;0000000002168;0000000002137;0000000000000;00000031;
20170714;SFI;*;N18 ;0000000000000;0000000000000;00000000;00000000;00000000;00000000;00000000;0000000002183;0000000002153;0000000000000;00000030;
20170714;SFI;*;X17 ;0000000000000;0000000000000;00000000;00000000;00000000;00000000;00000000;0000000002136;0000000002106;0000000000000;00000030;
20170714;SJC;*;F18 ;0000000000000;0000000000000;00000000;00000000;00000000;00000000;00000000;0000000222718;0000000219577;0000000000000;00003141;
20170714;SJC;*;H18 ;0000000000000;0000000000000;00000000;00000000;00000000;00000000;00000000;0000000223545;0000000220348;0000000000000;00003197;
20170714;SJC;*;K18 ;0000001623858;0000000510615;00000407;00002220;00002220;00002225;00002225;0000000224592;0000000221396;0000000045737;00003196;
20170714;SJC;*;N18 ;0000000000000;0000000000000;00000000;00000000;00000000;00000000;00000000;0000000225970;0000000222884;0000000000000;00003086;
20170714;SJC;*;Q17 ;0000001611636;0000000506772;00000538;00002165;00002165;00002183;00002183;0000000218034;0000000215057;0000000042603;00002977;
20170714;SJC;*;U17 ;0000000062567;0000000019674;00000129;00002186;00002186;00002186;00002186;0000000218860;0000000215774;0000000044163;00003086;
20170714;SJC;*;X17 ;0000010335631;0000003249994;00002130;00002190;00002190;00002211;00002208;0000000220789;0000000217703;0000000044163;00003086;
20170714;TRY;*;Q17 ;0000008897167;0000002789168;00000621;00898800;00898700;00898800;00898700;0000008991350;0000008983000;0000000006262;00008350;
20170714;TRY;*;U17 ;0000000000000;0000000000000;00000012;00000000;00000000;00000000;00000000;0000008957240;0000008950020;0000000005415;00007220;
20170714;TRY;*;V17 ;0000000000000;0000000000000;00000000;00000000;00000000;00000000;00000000;0000008929120;0000008917880;0000000000000;00011240;
20170714;T10;*;U17 ;0000156325745;0000049006472;00001562;00125700;00125563;00126047;00125563;0000001256718;0000001254062;0000000084723;00002656;
20170714;T10;*;Z17 ;0000000000000;0000000000000;00000000;00000000;00000000;00000000;00000000;0000001252968;0000001250312;0000000000000;00002656;
20170714;WDO;*;F18 ;0000000000000;0000000000000;00000000;00000000;00000000;00000000;00000000;0000032716690;0000033024520;0000000000000;00307830;
20170714;WDO;*;F19 ;0000000000000;0000000000000;00000000;00000000;00000000;00000000;00000000;0000034575800;0000034910120;0000000000000;00334320;
20170714;WDO;*;F20 ;0000000000000;0000000000000;00000000;00000000;00000000;00000000;00000000;0000036813130;0000037215110;0000000000000;00401980;
20170714;WDO;*;F21 ;0000000000000;0000000000000;00000000;00000000;00000000;00000000;00000000;0000039243700;0000039731700;0000000000000;00488000;
20170714;WDO;*;F25 ;0000000000000;0000000000000;00000000;00000000;00000000;00000000;00000000;0000048479550;0000049314260;0000000000000;00834710;
20170714;WDO;*;G18 ;0000000000000;0000000000000;00000000;00000000;00000000;00000000;00000000;0000032878200;0000033188380;0000000000000;00310180;
20170714;WDO;*;H18 ;0000000000000;0000000000000;00000000;00000000;00000000;00000000;00000000;0000033002340;0000033312380;0000000000000;00310040;
20170714;WDO;*;J18 ;0000000000000;0000000000000;00000000;00000000;00000000;00000000;00000000;0000033146880;0000033458710;0000000000000;00311830;
20170714;WDO;*;J19 ;0000000000000;0000000000000;00000000;00000000;00000000;00000000;00000000;0000035090110;0000035442940;0000000000000;00352830;
20170714;WDO;*;J20 ;0000000000000;0000000000000;00000000;00000000;00000000;00000000;00000000;0000037426100;0000037845340;0000000000000;00419240;
20170714;WDO;*;J22 ;0000000000000;0000000000000;00000000;00000000;00000000;00000000;00000000;0000042343350;0000042913020;0000000000000;00569670;
20170714;WDO;*;K18 ;0000000000000;0000000000000;00000000;00000000;00000000;00000000;00000000;0000033303140;0000033619900;0000000000000;00316760;
20170714;WDO;*;M18 ;0000000000000;0000000000000;00000000;00000000;00000000;00000000;00000000;0000033454850;0000033770560;0000000000000;00315710;
20170714;WDO;*;N18 ;0000000000000;0000000000000;00000000;00000000;00000000;00000000;00000000;0000033605040;0000033923610;0000000000000;00318570;
20170714;WDO;*;N19 ;0000000000000;0000000000000;00000000;00000000;00000000;00000000;00000000;0000035634960;0000035997430;0000000000000;00362470;
20170714;WDO;*;N20 ;0000000000000;0000000000000;00000000;00000000;00000000;00000000;00000000;0000038000150;0000038455640;0000000000000;00455490;
20170714;WDO;*;N21 ;0000000000000;0000000000000;00000000;00000000;00000000;00000000;00000000;0000040514520;0000041027540;0000000000000;00513020;
20170714;WDO;*;N22 ;0000000000000;0000000000000;00000000;00000000;00000000;00000000;00000000;0000042824320;0000043411440;0000000000000;00587120;
20170714;WDO;*;Q17 ;0018863892025;0005913631156;00045228;03216000;03189000;03221500;03189500;0000031920170;0000032212210;0000000029204;00292040;
20170714;WDO;*;U17 ;0000003289430;0000001031202;00000686;03230000;03216000;03230000;03216000;0000032125280;0000032422540;0000000029726;00297260;
20170714;WDO;*;V17 ;0000000000000;0000000000000;00000000;00000000;00000000;00000000;00000000;0000032275520;0000032575200;0000000000000;00299680;
20170714;WDO;*;V18 ;0000000000000;0000000000000;00000000;00000000;00000000;00000000;00000000;0000034092030;0000034428040;0000000000000;00336010;
20170714;WDO;*;V19 ;0000000000000;0000000000000;00000000;00000000;00000000;00000000;00000000;0000036258090;0000036648900;0000000000000;00390810;
20170714;WDO;*;X17 ;0000000000000;0000000000000;00000024;00000000;00000000;00000000;00000000;0000032438710;0000032738990;0000000030028;00300280;
20170714;WDO;*;Z17 ;0000000000000;0000000000000;00000012;00000000;00000000;00000000;00000000;0000032585340;0000032886740;0000000030140;00301400;
20170714;WEU;*;Q17 ;0000000000000;0000000000000;00000017;00000000;00000000;00000000;00000000;0000036629530;0000036766350;0000000013682;00136820;
20170714;WEU;*;U17 ;0000000000000;0000000000000;00000000;00000000;00000000;00000000;00000000;0000036917090;0000037058850;0000000000000;00141760;
20170714;WEU;*;V17 ;0000000000000;0000000000000;00000000;00000000;00000000;00000000;00000000;0000037144600;0000037288910;0000000000000;00144310;
20170714;WEU;*;X17 ;0000000000000;0000000000000;00000000;00000000;00000000;00000000;00000000;0000037389440;0000037533620;0000000000000;00144180;
20170714;WIN;*;G18 ;0000000000000;0000000000000;00000000;00000000;00000000;00000000;00000000;0000000068239;0000000068086;0000000000000;00000153;
20170714;WIN;*;G19 ;0000000000000;0000000000000;00000000;00000000;00000000;00000000;00000000;0000000073512;0000000073389;0000000000000;00000123;
20170714;WIN;*;J18 ;0000000000000;0000000000000;00000000;00000000;00000000;00000000;00000000;0000000069074;0000000068924;0000000000000;00000150;
20170714;WIN;*;J19 ;0000000000000;0000000000000;00000000;00000000;00000000;00000000;00000000;0000000074566;0000000074454;0000000000000;00000112;
20170714;WIN;*;M18 ;0000000000000;0000000000000;00000000;00000000;00000000;00000000;00000000;0000000069817;0000000069672;0000000000000;00000145;
20170714;WIN;*;M19 ;0000000000000;0000000000000;00000000;00000000;00000000;00000000;00000000;0000000075542;0000000075435;0000000000000;00000107;
20170714;WIN;*;Q17 ;0011126904853;0003488167295;00063589;00065765;00065650;00066180;00066035;0000000065933;0000000065774;0000000003180;00000159;
20170714;WIN;*;Q18 ;0000000000000;0000000000000;00000000;00000000;00000000;00000000;00000000;0000000070729;0000000070592;0000000000000;00000137;
20170714;WIN;*;V17 ;0000000000000;0000000000000;00000002;00000000;00000000;00000000;00000000;0000000066779;0000000066620;0000000003180;00000159;
20170714;WIN;*;V18 ;0000000000000;0000000000000;00000000;00000000;00000000;00000000;00000000;0000000071644;0000000071514;0000000000000;00000130;
20170714;WIN;*;Z17 ;0000000000000;0000000000000;00000000;00000000;00000000;00000000;00000000;0000000067528;0000000067370;0000000000000;00000158;
20170714;WIN;*;Z18 ;0000000000000;0000000000000;00000000;00000000;00000000;00000000;00000000;0000000072500;0000000072369;0000000000000;00000131;
20170714;WTI;*;Q17 ;0000062636513;0000019695778;00003860;00004640;00004614;00004667;00004647;0000000004654;0000000004608;0000000014628;00000046;
20170714;WTI;*;U17 ;0000056688655;0000017825500;00000486;00004630;00004630;00004630;00004630;0000000004675;0000000004625;0000000015901;00000050;
20170714;WTI;*;V17 ;0000000000000;0000000000000;00000000;00000000;00000000;00000000;00000000;0000000004692;0000000004640;0000000000000;00000052;
20170714;ZAR;*;Q17 ;0000020404972;0000006396743;00000423;02434300;02434300;02443200;02443200;0000024441370;0000024310130;0000000045934;00131240;
20170714;ZAR;*;U17 ;0000000000000;0000000000000;00000011;00000000;00000000;00000000;00000000;0000024450220;0000024317370;0000000046497;00132850;
20170714;ZAR;*;V17 ;0000000000000;0000000000000;00000000;00000000;00000000;00000000;00000000;0000024450540;0000024318770;0000000000000;00131770;
