Data;Código do Contrato;Pregão;Vencimento;Volume(R$);Volume(U$);Número de contas em Aberto;Preço de Abertura;Preço Mínimo;Preço Máximo;Último Preço;Preço de Ajuste Atual; Preço de Ajuste Anterior;Valor de Ajuste por Contrato;Variação
20170814;AUD;*;U17 ;0000003757350;0000001178296;00000661;02504900;02504900;02504900;02504900;0000025114410;0000025100250;0000000008496;00014160;
20170814;AUD;*;V17 ;0000000000000;0000000000000;00000836;00000000;00000000;00000000;00000000;0000025220080;0000025209380;0000000006420;00010700;
20170814;AUD;*;X17 ;0000000000000;0000000000000;00000000;00000000;00000000;00000000;00000000;0000025330230;0000025315550;0000000000000;00014680;
20170814;BGI;*;F18 ;0000000000000;0000000000000;00000000;00000000;00000000;00000000;00000000;0000000013744;0000000013705;0000000000000;00000039;
20170814;BGI;*;K18 ;0000000000000;0000000000000;00000169;00000000;00000000;00000000;00000000;0000000013979;0000000013928;0000000016830;00000051;
20170814;BGI;*;Q17 ;0000012771016;0000004014654;00001082;00013350;00013350;00013510;00013460;0000000013467;0000000013350;0000000038610;00000117;
20170814;BGI;*;U17 ;0000003215322;0000001010758;00000320;00013859;00013859;00013985;00013950;0000000014003;0000000013879;0000000040920;00000124;
20170814;BGI;*;V17 ;0000055937326;0000017584271;00007535;00014025;00013970;00014060;00014045;0000000014046;0000000014017;0000000009570;00000029;
20170814;BGI;*;V18 ;0000002124375;0000000667811;00000131;00014300;00014300;00014310;00014310;0000000014332;0000000014240;0000000030360;00000092;
20170814;BGI;*;X17 ;0000000554730;0000000174383;00000254;00014050;00014000;00014050;00014000;0000000014046;0000000014017;0000000009570;00000029;
20170814;BGI;*;Z17 ;0000000000000;0000000000000;00000005;00000000;00000000;00000000;00000000;0000000014064;0000000014035;0000000009570;00000029;
20170814;BRI;*;V17 ;0000000345780;0000000108436;00000860;00011526;00011526;00011526;00011526;0000000011535;0000000011383;0000000152000;00000152;
20170814;BRI;*;Z17 ;0000000000000;0000000000000;00000415;00000000;00000000;00000000;00000000;0000000011670;0000000011515;0000000155000;00000155;
20170814;BSE;*;Q17 ;0000000000000;0000000000000;00000000;00000000;00000000;00000000;00000000;0000000031581;0000000031368;0000000000000;00000213;
20170814;BSE;*;U17 ;0000000000000;0000000000000;00000000;00000000;00000000;00000000;00000000;0000000031800;0000000031585;0000000000000;00000215;
20170814;CAD;*;U17 ;0000000000000;0000000000000;00000312;00000000;00000000;00000000;00000000;0000025146590;0000025072610;0000000044388;00073980;
20170814;CAD;*;V17 ;0000004566270;0000001431971;00000950;02539000;02525900;02539000;02525900;0000025270150;0000025199110;0000000042624;00071040;
20170814;CAD;*;X17 ;0000000000000;0000000000000;00000000;00000000;00000000;00000000;00000000;0000025398760;0000025324950;0000000000000;00073810;
20170814;CCM;*;F18 ;0000001827049;0000000574345;00003112;00003023;00003023;00003039;00003030;0000000003034;0000000003024;0000000004500;00000010;
20170814;CCM;*;H18 ;0000000014175;0000000004456;00000873;00003150;00003150;00003150;00003150;0000000003170;0000000003120;0000000022500;00000050;
20170814;CCM;*;K18 ;0000000750285;0000000235857;00000161;00003079;00003070;00003099;00003070;0000000003099;0000000003050;0000000022050;00000049;
20170814;CCM;*;N18 ;0000000000000;0000000000000;00000000;00000000;00000000;00000000;00000000;0000000003080;0000000003039;0000000000000;00000041;
20170814;CCM;*;U17 ;0000026579245;0000008355363;00016821;00002720;00002716;00002745;00002739;0000000002736;0000000002714;0000000009900;00000022;
20170814;CCM;*;U18 ;0000000000000;0000000000000;00000124;00000000;00000000;00000000;00000000;0000000003064;0000000003030;0000000015300;00000034;
20170814;CCM;*;X17 ;0000008660340;0000002722436;00003853;00002843;00002820;00002845;00002835;0000000002833;0000000002824;0000000004050;00000009;
20170814;CCM;*;X18 ;0000000000000;0000000000000;00000000;00000000;00000000;00000000;00000000;0000000003134;0000000003099;0000000000000;00000035;
20170814;CHF;*;U17 ;0000000000000;0000000000000;00000595;00000000;00000000;00000000;00000000;0000032929790;0000033106170;0000000088190;00176380;
20170814;CHF;*;V17 ;0000000000000;0000000000000;00000000;00000000;00000000;00000000;00000000;0000033142040;0000033322870;0000000000000;00180830;
20170814;CHF;*;X17 ;0000000000000;0000000000000;00000000;00000000;00000000;00000000;00000000;0000033365320;0000033546100;0000000000000;00180780;
20170814;CLP;*;U17 ;0000000000000;0000000000000;00000522;00000000;00000000;00000000;00000000;0000049293000;0000049126000;0000000041750;00167000;
20170814;CLP;*;V17 ;0000000000000;0000000000000;00000000;00000000;00000000;00000000;00000000;0000049471000;0000049325000;0000000000000;00146000;
20170814;CLP;*;X17 ;0000000000000;0000000000000;00000000;00000000;00000000;00000000;00000000;0000049668000;0000049513000;0000000000000;00155000;
20170814;CLP;*;Z17 ;0000000000000;0000000000000;00000000;00000000;00000000;00000000;00000000;0000049830000;0000049686000;0000000000000;00144000;
20170814;CNY;*;U17 ;0000000000000;0000000000000;00000000;00000000;00000000;00000000;00000000;0000047845680;0000047627200;0000000000000;00218480;
20170814;CNY;*;V17 ;0000000000000;0000000000000;00000000;00000000;00000000;00000000;00000000;0000047964830;0000047750100;0000000000000;00214730;
20170814;CNY;*;X17 ;0000000000000;0000000000000;00000000;00000000;00000000;00000000;00000000;0000048102640;0000047878840;0000000000000;00223800;
20170814;CR1;*;U7Z7;0000000000000;0000000000000;00000000;00000530;00000530;00000530;00000530;0000000000000;0000000000000;0000000000000;00000000;
20170814;CR1;*;Z7H8;0000000000000;0000000000000;00000000;00000000;00000000;00000000;00000000;0000000000000;0000000000000;0000000000000;00000000;
20170814;DAP;*;F18 ;0000000000000;0000000000000;00044620;00000000;00000000;00000000;00000000;0000009881921;0000009882299;0000000000457;00000378;
20170814;DAP;*;F19 ;0000000000000;0000000000000;00000200;00000000;00000000;00000000;00000000;0000009516606;0000009520085;0000000004212;00003479;
20170814;DAP;*;K19 ;0000408215354;0000128015352;00065280;00000355;00000352;00000357;00000353;0000009417444;0000009418347;0000000001093;00000903;
20170814;DAP;*;K21 ;0000000000000;0000000000000;00030024;00000000;00000000;00000000;00000000;0000008479753;0000008480245;0000000000595;00000492;
20170814;DAP;*;K23 ;0000027571296;0000008646292;00012970;00000494;00000494;00000494;00000494;0000007581942;0000007582255;0000000000378;00000313;
20170814;DAP;*;Q17 ;0000000000000;0000000000000;00001580;00000000;00000000;00000000;00000000;0000009997699;0000009997651;0000000000058;00000048;
20170814;DAP;*;Q18 ;0000199136997;0000062448883;00093495;00000338;00000338;00000338;00000338;0000009674327;0000009677182;0000000003456;00002855;
20170814;DAP;*;Q20 ;0000029323032;0000009195632;00016970;00000434;00000434;00000434;00000434;0000008813890;0000008811940;0000000002361;00001950;
20170814;DAP;*;Q22 ;0000030173352;0000009462291;00026180;00000479;00000479;00000482;00000480;0000007910153;0000007921815;0000000014120;00011662;
20170814;DAP;*;Q24 ;0000027233192;0000008540263;00009270;00000495;00000495;00000495;00000495;0000007107008;0000007112008;0000000006054;00005000;
20170814;DAP;*;Q26 ;0000000000000;0000000000000;00004356;00000000;00000000;00000000;00000000;0000006409613;0000006415330;0000000006922;00005717;
20170814;DAP;*;Q30 ;0000000000000;0000000000000;00000335;00000000;00000000;00000000;00000000;0000005168062;0000005180962;0000000015619;00012900;
20170814;DAP;*;U17 ;0000000000000;0000000000000;00001500;00000000;00000000;00000000;00000000;0000009979980;0000009978934;0000000001266;00001046;
20170814;DAP;*;V17 ;0000000000000;0000000000000;00000930;00000000;00000000;00000000;00000000;0000009959115;0000009958286;0000000001003;00000829;
20170814;DCO;*;F18 ;0000000000000;0000000000000;00000000;00000000;00000000;00000000;00000000;0000009962930;0000009903211;0000000000000;00059719;
20170814;DCO;*;F19 ;0000000000000;0000000000000;00000000;00000000;00000000;00000000;00000000;0000009689484;0000009631398;0000000000000;00058086;
20170814;DCO;*;F20 ;0000000000000;0000000000000;00000000;00000000;00000000;00000000;00000000;0000009365537;0000009307014;0000000000000;00058523;
20170814;DCO;*;F21 ;0000000000000;0000000000000;00000000;00000000;00000000;00000000;00000000;0000008988421;0000008935151;0000000000000;00053270;
20170814;DCO;*;F22 ;0000000000000;0000000000000;00000000;00000000;00000000;00000000;00000000;0000008595371;0000008545046;0000000000000;00050325;
20170814;DCO;*;F23 ;0000000000000;0000000000000;00000000;00000000;00000000;00000000;00000000;0000008202759;0000008153044;0000000000000;00049715;
20170814;DCO;*;F24 ;0000000000000;0000000000000;00000000;00000000;00000000;00000000;00000000;0000007789820;0000007745127;0000000000000;00044693;
20170814;DCO;*;F25 ;0000000000000;0000000000000;00000000;00000000;00000000;00000000;00000000;0000007370633;0000007331635;0000000000000;00038998;
20170814;DCO;*;F26 ;0000000000000;0000000000000;00000000;00000000;00000000;00000000;00000000;0000006978006;0000006940774;0000000000000;00037232;
20170814;DCO;*;F27 ;0000000000000;0000000000000;00000000;00000000;00000000;00000000;00000000;0000006582135;0000006546779;0000000000000;00035356;
20170814;DCO;*;F28 ;0000000000000;0000000000000;00000000;00000000;00000000;00000000;00000000;0000006222620;0000006193080;0000000000000;00029540;
20170814;DCO;*;F29 ;0000000000000;0000000000000;00000000;00000000;00000000;00000000;00000000;0000005882013;0000005850122;0000000000000;00031891;
20170814;DCO;*;F30 ;0000000000000;0000000000000;00000000;00000000;00000000;00000000;00000000;0000005561787;0000005531541;0000000000000;00030246;
20170814;DCO;*;G18 ;0000000000000;0000000000000;00000000;00000000;00000000;00000000;00000000;0000009946142;0000009886214;0000000000000;00059928;
20170814;DCO;*;H18 ;0000000000000;0000000000000;00000000;00000000;00000000;00000000;00000000;0000009928652;0000009868564;0000000000000;00060088;
20170814;DCO;*;J18 ;0000000000000;0000000000000;00000000;00000000;00000000;00000000;00000000;0000009906556;0000009846694;0000000000000;00059862;
20170814;DCO;*;J19 ;0000000000000;0000000000000;00000000;00000000;00000000;00000000;00000000;0000009618467;0000009561605;0000000000000;00056862;
20170814;DCO;*;J20 ;0000000000000;0000000000000;00000000;00000000;00000000;00000000;00000000;0000009279185;0000009222069;0000000000000;00057116;
20170814;DCO;*;J21 ;0000000000000;0000000000000;00000000;00000000;00000000;00000000;00000000;0000008898697;0000008845271;0000000000000;00053426;
20170814;DCO;*;J22 ;0000000000000;0000000000000;00000000;00000000;00000000;00000000;00000000;0000008492172;0000008442003;0000000000000;00050169;
20170814;DCO;*;K18 ;0000000000000;0000000000000;00000000;00000000;00000000;00000000;00000000;0000009884622;0000009824377;0000000000000;00060245;
20170814;DCO;*;M18 ;0000000000000;0000000000000;00000000;00000000;00000000;00000000;00000000;0000009859729;0000009801020;0000000000000;00058709;
20170814;DCO;*;N18 ;0000000000000;0000000000000;00000000;00000000;00000000;00000000;00000000;0000009839819;0000009781538;0000000000000;00058281;
20170814;DCO;*;N19 ;0000000000000;0000000000000;00000000;00000000;00000000;00000000;00000000;0000009540068;0000009481857;0000000000000;00058211;
20170814;DCO;*;N20 ;0000000000000;0000000000000;00000000;00000000;00000000;00000000;00000000;0000009184123;0000009131299;0000000000000;00052824;
20170814;DCO;*;N21 ;0000000000000;0000000000000;00000000;00000000;00000000;00000000;00000000;0000008795255;0000008744785;0000000000000;00050470;
20170814;DCO;*;N22 ;0000000000000;0000000000000;00000000;00000000;00000000;00000000;00000000;0000008388839;0000008338842;0000000000000;00049997;
20170814;DCO;*;Q18 ;0000000000000;0000000000000;00000000;00000000;00000000;00000000;00000000;0000009814784;0000009757291;0000000000000;00057493;
20170814;DCO;*;U17 ;0000000000000;0000000000000;00000000;00000000;00000000;00000000;00000000;0000010037238;0000009977734;0000000000000;00059504;
20170814;DCO;*;V17 ;0000000000000;0000000000000;00000000;00000000;00000000;00000000;00000000;0000010018545;0000009958953;0000000000000;00059592;
20170814;DCO;*;V18 ;0000000000000;0000000000000;00000000;00000000;00000000;00000000;00000000;0000009766939;0000009709778;0000000000000;00057161;
20170814;DCO;*;V19 ;0000000000000;0000000000000;00000000;00000000;00000000;00000000;00000000;0000009456394;0000009398845;0000000000000;00057549;
20170814;DCO;*;V20 ;0000000000000;0000000000000;00000000;00000000;00000000;00000000;00000000;0000009092709;0000009039621;0000000000000;00053088;
20170814;DCO;*;V21 ;0000000000000;0000000000000;00000000;00000000;00000000;00000000;00000000;0000008720613;0000008666905;0000000000000;00053708;
20170814;DCO;*;X17 ;0000000000000;0000000000000;00000000;00000000;00000000;00000000;00000000;0000010000658;0000009940782;0000000000000;00059876;
20170814;DCO;*;Z17 ;0000000000000;0000000000000;00000000;00000000;00000000;00000000;00000000;0000009982470;0000009923085;0000000000000;00059385;
20170814;DDI;*;F18 ;0000000000000;0000000000000;00433500;00000000;00000000;00000000;00000000;0000009963318;0000009903602;0000000094634;00059716;
20170814;DDI;*;F19 ;0000000000000;0000000000000;00138281;00000000;00000000;00000000;00000000;0000009690804;0000009632713;0000000092059;00058091;
20170814;DDI;*;F20 ;0000000000000;0000000000000;00102764;00000000;00000000;00000000;00000000;0000009367660;0000009309123;0000000092766;00058537;
20170814;DDI;*;F21 ;0000000000000;0000000000000;00090257;00000000;00000000;00000000;00000000;0000008991202;0000008937916;0000000084444;00053286;
20170814;DDI;*;F22 ;0000000000000;0000000000000;00035554;00000000;00000000;00000000;00000000;0000008598662;0000008548316;0000000079785;00050346;
20170814;DDI;*;F23 ;0000000000000;0000000000000;00030026;00000000;00000000;00000000;00000000;0000008206437;0000008156696;0000000078827;00049741;
20170814;DDI;*;F24 ;0000000000000;0000000000000;00036235;00000000;00000000;00000000;00000000;0000007793753;0000007749034;0000000070868;00044719;
20170814;DDI;*;F25 ;0000000000000;0000000000000;00021965;00000000;00000000;00000000;00000000;0000007374707;0000007335687;0000000061836;00039020;
20170814;DDI;*;F26 ;0000000000000;0000000000000;00013660;00000000;00000000;00000000;00000000;0000006982151;0000006944896;0000000059039;00037255;
20170814;DDI;*;F27 ;0000000000000;0000000000000;00011700;00000000;00000000;00000000;00000000;0000006586265;0000006550884;0000000056070;00035381;
20170814;DDI;*;F28 ;0000000000000;0000000000000;00000110;00000000;00000000;00000000;00000000;0000006230793;0000006201215;0000000046873;00029578;
20170814;DDI;*;F29 ;0000000000000;0000000000000;00000000;00000000;00000000;00000000;00000000;0000005890018;0000005858079;0000000000000;00031939;
20170814;DDI;*;F30 ;0000000000000;0000000000000;00000500;00000000;00000000;00000000;00000000;0000005569572;0000005539279;0000000048006;00030293;
20170814;DDI;*;G18 ;0000000000000;0000000000000;00069960;00000000;00000000;00000000;00000000;0000009946612;0000009886686;0000000094967;00059926;
20170814;DDI;*;H18 ;0000000000000;0000000000000;00028279;00000000;00000000;00000000;00000000;0000009929197;0000009869109;0000000095224;00060088;
20170814;DDI;*;J18 ;0000000000000;0000000000000;00124660;00000000;00000000;00000000;00000000;0000009907186;0000009847325;0000000094864;00059861;
20170814;DDI;*;J19 ;0000000000000;0000000000000;00048377;00000000;00000000;00000000;00000000;0000009619997;0000009563127;0000000090124;00056870;
20170814;DDI;*;J20 ;0000000000000;0000000000000;00028792;00000000;00000000;00000000;00000000;0000009281484;0000009224354;0000000090536;00057130;
20170814;DDI;*;J21 ;0000000000000;0000000000000;00006037;00000000;00000000;00000000;00000000;0000008901615;0000008848171;0000000084695;00053444;
20170814;DDI;*;J22 ;0000000000000;0000000000000;00000640;00000000;00000000;00000000;00000000;0000008495561;0000008445371;0000000079538;00050190;
20170814;DDI;*;K18 ;0000000000000;0000000000000;00026170;00000000;00000000;00000000;00000000;0000009885330;0000009825085;0000000095473;00060245;
20170814;DDI;*;M18 ;0000000000000;0000000000000;00020300;00000000;00000000;00000000;00000000;0000009860515;0000009801805;0000000093040;00058710;
20170814;DDI;*;N18 ;0000000000000;0000000000000;00131807;00000000;00000000;00000000;00000000;0000009840685;0000009781535;0000000093737;00059150;
20170814;DDI;*;N19 ;0000000000000;0000000000000;00058164;00000000;00000000;00000000;00000000;0000009541803;0000009483584;0000000092262;00058219;
20170814;DDI;*;N20 ;0000000000000;0000000000000;00050065;00000000;00000000;00000000;00000000;0000009186589;0000009133751;0000000083735;00052838;
20170814;DDI;*;N21 ;0000000000000;0000000000000;00006520;00000000;00000000;00000000;00000000;0000008798301;0000008747813;0000000080010;00050488;
20170814;DDI;*;N22 ;0000000000000;0000000000000;00002150;00000000;00000000;00000000;00000000;0000008392324;0000008342304;0000000079269;00050020;
20170814;DDI;*;Q18 ;0000000000000;0000000000000;00004960;00000000;00000000;00000000;00000000;0000009815726;0000009757288;0000000092609;00058438;
20170814;DDI;*;U17 ;0000000000000;0000000000000;00442265;00000000;00000000;00000000;00000000;0000010037289;0000009977731;0000000094384;00059558;
20170814;DDI;*;V17 ;0000000000000;0000000000000;00457727;00000000;00000000;00000000;00000000;0000010018682;0000009959093;0000000094433;00059589;
20170814;DDI;*;V18 ;0000000000000;0000000000000;00066168;00000000;00000000;00000000;00000000;0000009768034;0000009709775;0000000092325;00058259;
20170814;DDI;*;V19 ;0000000000000;0000000000000;00039524;00000000;00000000;00000000;00000000;0000009458327;0000009400768;0000000091216;00057559;
20170814;DDI;*;V20 ;0000000000000;0000000000000;00022810;00000000;00000000;00000000;00000000;0000009095337;0000009042233;0000000084156;00053104;
20170814;DDI;*;V21 ;0000000000000;0000000000000;00002102;00000000;00000000;00000000;00000000;0000008723802;0000008670072;0000000085148;00053730;
20170814;DDI;*;X17 ;0000000000000;0000000000000;00185880;00000000;00000000;00000000;00000000;0000010000878;0000009940779;0000000095241;00060099;
20170814;DDI;*;Z17 ;0000000000000;0000000000000;00132230;00000000;00000000;00000000;00000000;0000009982771;0000009923390;0000000094104;00059381;
20170814;DDM;*;K25 ;0000000000000;0000000000000;00000000;00000000;00000000;00000000;00000000;0000006850288;0000006860908;0000000000000;00010620;
20170814;DI1;*;F18 ;0009725937439;0003050030557;03656931;00008175;00008150;00008190;00008165;0000009708787;0000009708965;0000000000178;00000178;
20170814;DI1;*;F19 ;0025756937126;0008077313449;02566389;00008090;00008040;00008140;00008060;0000008993134;0000008993489;0000000000355;00000355;
20170814;DI1;*;F20 ;0010033495618;0003146480061;01675368;00008830;00008780;00008900;00008800;0000008184353;0000008184451;0000000000098;00000098;
20170814;DI1;*;F21 ;0015135098848;0004746330547;01319694;00009420;00009360;00009490;00009400;0000007390648;0000007390581;0000000000067;00000067;
20170814;DI1;*;F22 ;0000380335648;0000119272343;00105741;00009790;00009740;00009870;00009780;0000006657108;0000006654307;0000000002801;00002801;
20170814;DI1;*;F23 ;0002633005758;0000825704264;00741406;00009990;00009950;00010100;00009980;0000006002068;0000006004812;0000000002744;00002744;
20170814;DI1;*;F24 ;0000025937146;0000008133827;00056930;00010160;00010140;00010230;00010180;0000005417604;0000005420535;0000000002931;00002931;
20170814;DI1;*;F25 ;0002037707314;0000639020106;00543385;00010300;00010220;00010370;00010260;0000004874441;0000004877498;0000000003057;00003057;
20170814;DI1;*;F26 ;0000004608237;0000001445132;00061463;00010330;00010320;00010420;00010350;0000004400759;0000004402241;0000000001482;00001482;
20170814;DI1;*;F27 ;0000531633182;0000166718885;00393573;00010410;00010350;00010500;00010380;0000003970441;0000003970263;0000000000178;00000178;
20170814;DI1;*;F28 ;0000000000000;0000000000000;00000010;00000000;00000000;00000000;00000000;0000003586351;0000003586186;0000000000165;00000165;
20170814;DI1;*;F29 ;0000000000000;0000000000000;00004387;00000000;00000000;00000000;00000000;0000003246532;0000003246380;0000000000152;00000152;
20170814;DI1;*;F30 ;0000000000000;0000000000000;00000720;00000000;00000000;00000000;00000000;0000002929710;0000002929569;0000000000141;00000141;
20170814;DI1;*;G18 ;0000001929383;0000000605050;00056040;00008050;00008050;00008050;00008050;0000009646916;0000009647300;0000000000384;00000384;
20170814;DI1;*;H18 ;0000001439485;0000000451419;00029130;00007990;00007990;00007990;00007990;0000009596426;0000009596924;0000000000498;00000498;
20170814;DI1;*;J18 ;0002151304482;0000674643904;00972331;00007935;00007925;00007970;00007940;0000009538847;0000009538995;0000000000148;00000148;
20170814;DI1;*;J19 ;0000596229460;0000186976123;00577075;00008270;00008220;00008310;00008250;0000008802326;0000008803929;0000000001603;00001603;
20170814;DI1;*;J20 ;0000025549321;0000008012206;00073939;00008970;00008960;00009000;00009000;0000007983383;0000007985351;0000000001968;00001968;
20170814;DI1;*;J21 ;0000003596874;0000001127971;00032925;00009550;00009550;00009550;00009550;0000007206806;0000007205523;0000000001283;00001283;
20170814;DI1;*;J22 ;0000000000000;0000000000000;00001690;00000000;00000000;00000000;00000000;0000006490341;0000006487452;0000000002889;00002889;
20170814;DI1;*;K18 ;0000000000000;0000000000000;00024370;00000000;00000000;00000000;00000000;0000009481068;0000009481380;0000000000312;00000312;
20170814;DI1;*;M18 ;0000000000000;0000000000000;00020165;00000000;00000000;00000000;00000000;0000009423236;0000009423748;0000000000512;00000512;
20170814;DI1;*;N18 ;0004512072478;0001414975062;01094195;00007875;00007860;00007920;00007880;0000009362843;0000009363657;0000000000814;00000814;
20170814;DI1;*;N19 ;0001441131730;0000451935440;00469422;00008460;00008420;00008520;00008430;0000008602963;0000008604659;0000000001696;00001696;
20170814;DI1;*;N20 ;0002000395440;0000627319192;01294968;00009150;00009110;00009230;00009140;0000007788208;0000007786167;0000000002041;00002041;
20170814;DI1;*;N21 ;0000952239967;0000298620160;00147256;00009650;00009590;00009710;00009650;0000007019274;0000007016682;0000000002592;00002592;
20170814;DI1;*;N22 ;0000000316110;0000000099131;00013430;00009900;00009900;00009900;00009900;0000006326395;0000006323426;0000000002969;00002969;
20170814;DI1;*;N23 ;0000000000000;0000000000000;00003535;00000000;00000000;00000000;00000000;0000005706956;0000005709804;0000000002848;00002848;
20170814;DI1;*;N24 ;0000000000000;0000000000000;00003445;00000000;00000000;00000000;00000000;0000005148337;0000005151340;0000000003003;00003003;
20170814;DI1;*;Q18 ;0000000000000;0000000000000;00005000;00000000;00000000;00000000;00000000;0000009301125;0000009301556;0000000000431;00000431;
20170814;DI1;*;U17 ;0000762285415;0000239050870;00493518;00009145;00009140;00009145;00009145;0000009951513;0000009951501;0000000000012;00000012;
20170814;DI1;*;V17 ;0003021734706;0000947608726;02639055;00008715;00008700;00008725;00008720;0000009887820;0000009887921;0000000000101;00000101;
20170814;DI1;*;V18 ;0001287667616;0000403809463;00603922;00007950;00007920;00008000;00007940;0000009178692;0000009178140;0000000000552;00000552;
20170814;DI1;*;V19 ;0000683268185;0000214271257;00191801;00008690;00008630;00008710;00008680;0000008387862;0000008389651;0000000001789;00001789;
20170814;DI1;*;V20 ;0000009848085;0000003088336;00050115;00009310;00009290;00009330;00009330;0000007578859;0000007584233;0000000005374;00005374;
20170814;DI1;*;V21 ;0000002388120;0000000748909;00016827;00009750;00009720;00009750;00009720;0000006833261;0000006827994;0000000005267;00005267;
20170814;DI1;*;X17 ;0000001964685;0000000616120;00245365;00008505;00008505;00008505;00008505;0000009823425;0000009823573;0000000000148;00000148;
20170814;DI1;*;Z17 ;0000860811846;0000269948522;00205880;00008310;00008305;00008310;00008310;0000009765353;0000009765242;0000000000111;00000111;
20170814;DOL;*;F18 ;0000000000000;0000000000000;00009090;00000000;00000000;00000000;00000000;0000032525940;0000032330400;0000000097770;00195540;
20170814;DOL;*;F19 ;0000000000000;0000000000000;00000000;00000000;00000000;00000000;00000000;0000034153840;0000033947770;0000000000000;00206070;
20170814;DOL;*;F20 ;0000000000000;0000000000000;00000000;00000000;00000000;00000000;00000000;0000036277510;0000036050390;0000000000000;00227120;
20170814;DOL;*;F21 ;0000000000000;0000000000000;00003100;00000000;00000000;00000000;00000000;0000038559020;0000038330850;0000000114085;00228170;
20170814;DOL;*;F25 ;0000000000000;0000000000000;00000000;00000000;00000000;00000000;00000000;0000047952440;0000047668820;0000000000000;00283620;
20170814;DOL;*;G18 ;0000000000000;0000000000000;00000000;00000000;00000000;00000000;00000000;0000032679650;0000032481470;0000000000000;00198180;
20170814;DOL;*;H18 ;0000000000000;0000000000000;00000000;00000000;00000000;00000000;00000000;0000032794070;0000032593930;0000000000000;00200140;
20170814;DOL;*;J18 ;0000000000000;0000000000000;00000180;00000000;00000000;00000000;00000000;0000032918890;0000032719480;0000000099705;00199410;
20170814;DOL;*;J19 ;0000000000000;0000000000000;00000050;00000000;00000000;00000000;00000000;0000034639230;0000034428190;0000000105520;00211040;
20170814;DOL;*;J20 ;0000000000000;0000000000000;00000000;00000000;00000000;00000000;00000000;0000036848620;0000036612780;0000000000000;00235840;
20170814;DOL;*;J22 ;0000000000000;0000000000000;00000000;00000000;00000000;00000000;00000000;0000041487320;0000041260580;0000000000000;00226740;
20170814;DOL;*;K18 ;0000000000000;0000000000000;00000500;00000000;00000000;00000000;00000000;0000033046440;0000032843960;0000000101240;00202480;
20170814;DOL;*;M18 ;0000000000000;0000000000000;00000000;00000000;00000000;00000000;00000000;0000033165780;0000032966520;0000000000000;00199260;
20170814;DOL;*;N18 ;0000000000000;0000000000000;00000665;00000000;00000000;00000000;00000000;0000033312580;0000033109480;0000000101550;00203100;
20170814;DOL;*;N19 ;0000000000000;0000000000000;00000400;00000000;00000000;00000000;00000000;0000035153870;0000034932490;0000000110690;00221380;
20170814;DOL;*;N20 ;0000000000000;0000000000000;00000000;00000000;00000000;00000000;00000000;0000037385870;0000037180590;0000000000000;00205280;
20170814;DOL;*;N21 ;0000000000000;0000000000000;00000000;00000000;00000000;00000000;00000000;0000039728060;0000039514680;0000000000000;00213380;
20170814;DOL;*;N22 ;0000000000000;0000000000000;00000000;00000000;00000000;00000000;00000000;0000042045230;0000041814250;0000000000000;00230980;
20170814;DOL;*;Q18 ;0000000000000;0000000000000;00000000;00000000;00000000;00000000;00000000;0000033448580;0000033247910;0000000000000;00200670;
20170814;DOL;*;U17 ;0048814990375;0015308263414;00479057;03187000;03186000;03218000;03201500;0000031968220;0000031778630;0000000094795;00189590;
20170814;DOL;*;V17 ;0000374430625;0000117420542;00028785;03229500;03211000;03229500;03212000;0000032114470;0000031923140;0000000095665;00191330;
20170814;DOL;*;V18 ;0000000000000;0000000000000;00000040;00000000;00000000;00000000;00000000;0000033730060;0000033530900;0000000099580;00199160;
20170814;DOL;*;V19 ;0000000000000;0000000000000;00000000;00000000;00000000;00000000;00000000;0000035739940;0000035514870;0000000000000;00225070;
20170814;DOL;*;X17 ;0000260499375;0000081691977;00002400;03241500;03236000;03241500;03236000;0000032267550;0000032073160;0000000097195;00194390;
20170814;DOL;*;Z17 ;0000000812750;0000000254876;00000030;03251000;03251000;03251000;03251000;0000032400670;0000032208300;0000000096185;00192370;
20170814;ETH;*;F18 ;0000000000000;0000000000000;00000438;00000000;00000000;00000000;00000000;0000000160500;0000000160500;0000000000000;00000000;
20170814;ETH;*;G18 ;0000002448000;0000000769545;00000160;00160000;00160000;00160000;00160000;0000000160000;0000000160000;0000000000000;00000000;
20170814;ETH;*;H18 ;0000000000000;0000000000000;00000030;00000000;00000000;00000000;00000000;0000000155000;0000000155000;0000000000000;00000000;
20170814;ETH;*;J18 ;0000000000000;0000000000000;00000000;00000000;00000000;00000000;00000000;0000000157350;0000000157350;0000000000000;00000000;
20170814;ETH;*;K18 ;0000000000000;0000000000000;00000000;00000000;00000000;00000000;00000000;0000000150050;0000000150050;0000000000000;00000000;
20170814;ETH;*;Q17 ;0000003848100;0000001209676;00000767;00149000;00149000;00149500;00149500;0000000149100;0000000149500;0000000012000;00000400;
20170814;ETH;*;U17 ;0000000000000;0000000000000;00000220;00000000;00000000;00000000;00000000;0000000150250;0000000152500;0000000067500;00002250;
20170814;ETH;*;V17 ;0000002272500;0000000714376;00000615;00151500;00151500;00151500;00151500;0000000152250;0000000153750;0000000045000;00001500;
20170814;ETH;*;X17 ;0000000000000;0000000000000;00000345;00000000;00000000;00000000;00000000;0000000156000;0000000156000;0000000000000;00000000;
20170814;ETH;*;Z17 ;0000000000000;0000000000000;00000706;00000000;00000000;00000000;00000000;0000000158500;0000000158500;0000000000000;00000000;
20170814;EUR;*;U17 ;0000041570200;0000013036315;00022666;03793100;03767100;03793100;03767300;0000037698900;0000037607610;0000000045645;00091290;
20170814;EUR;*;V17 ;0000003793475;0000001189625;00005034;03792500;03792500;03793800;03793800;0000037925850;0000037833100;0000000046375;00092750;
20170814;EUR;*;X17 ;0000000000000;0000000000000;00000000;00000000;00000000;00000000;00000000;0000038161610;0000038065200;0000000000000;00096410;
20170814;EUR;*;Z17 ;0000000000000;0000000000000;00000000;00000000;00000000;00000000;00000000;0000038377130;0000038283940;0000000000000;00093190;
20170814;FRC;*;F18 ;0000000000000;0000000000000;00000000;00000219;00000217;00000219;00000217;0000000000217;0000000000219;0000000000001;00000002;
20170814;FRC;*;F19 ;0000000000000;0000000000000;00000000;00000264;00000264;00000264;00000264;0000000000264;0000000000264;0000000000000;00000000;
20170814;FRC;*;F20 ;0000000000000;0000000000000;00000000;00000302;00000302;00000302;00000302;0000000000302;0000000000303;0000000000000;00000001;
20170814;FRC;*;F21 ;0000000000000;0000000000000;00000000;00000343;00000343;00000344;00000344;0000000000343;0000000000343;0000000000000;00000000;
20170814;FRC;*;F22 ;0000000000000;0000000000000;00000000;00000000;00000000;00000000;00000000;0000000000380;0000000000380;0000000000000;00000000;
20170814;FRC;*;F23 ;0000000000000;0000000000000;00000000;00000412;00000412;00000412;00000412;0000000000412;0000000000412;0000000000000;00000000;
20170814;FRC;*;F24 ;0000000000000;0000000000000;00000000;00000000;00000000;00000000;00000000;0000000000448;0000000000447;0000000000000;00000001;
20170814;FRC;*;F25 ;0000000000000;0000000000000;00000000;00000000;00000000;00000000;00000000;0000000000485;0000000000484;0000000000000;00000001;
20170814;FRC;*;F26 ;0000000000000;0000000000000;00000000;00000000;00000000;00000000;00000000;0000000000517;0000000000516;0000000000000;00000001;
20170814;FRC;*;F27 ;0000000000000;0000000000000;00000000;00000000;00000000;00000000;00000000;0000000000553;0000000000552;0000000000000;00000001;
20170814;FRC;*;F28 ;0000000000000;0000000000000;00000000;00000000;00000000;00000000;00000000;0000000000582;0000000000581;0000000000000;00000001;
20170814;FRC;*;F29 ;0000000000000;0000000000000;00000000;00000000;00000000;00000000;00000000;0000000000612;0000000000611;0000000000000;00000001;
20170814;FRC;*;F30 ;0000000000000;0000000000000;00000000;00000000;00000000;00000000;00000000;0000000000641;0000000000640;0000000000000;00000001;
20170814;FRC;*;G18 ;0000000000000;0000000000000;00000000;00000214;00000214;00000214;00000214;0000000000214;0000000000217;0000000000001;00000003;
20170814;FRC;*;H18 ;0000000000000;0000000000000;00000000;00000217;00000217;00000217;00000217;0000000000217;0000000000219;0000000000001;00000002;
20170814;FRC;*;J18 ;0000000000000;0000000000000;00000000;00000225;00000222;00000225;00000222;0000000000222;0000000000224;0000000000001;00000002;
20170814;FRC;*;J19 ;0000000000000;0000000000000;00000000;00000271;00000271;00000271;00000271;0000000000271;0000000000271;0000000000000;00000000;
20170814;FRC;*;J20 ;0000000000000;0000000000000;00000000;00000000;00000000;00000000;00000000;0000000000311;0000000000312;0000000000000;00000001;
20170814;FRC;*;J21 ;0000000000000;0000000000000;00000000;00000000;00000000;00000000;00000000;0000000000351;0000000000351;0000000000000;00000000;
20170814;FRC;*;J22 ;0000000000000;0000000000000;00000000;00000000;00000000;00000000;00000000;0000000000390;0000000000390;0000000000000;00000000;
20170814;FRC;*;K18 ;0000000000000;0000000000000;00000000;00000228;00000228;00000228;00000228;0000000000228;0000000000230;0000000000001;00000002;
20170814;FRC;*;M18 ;0000000000000;0000000000000;00000000;00000000;00000000;00000000;00000000;0000000000236;0000000000237;0000000000000;00000001;
20170814;FRC;*;N18 ;0000000000000;0000000000000;00000000;00000237;00000237;00000237;00000237;0000000000237;0000000000237;0000000000000;00000000;
20170814;FRC;*;N19 ;0000000000000;0000000000000;00000000;00000280;00000280;00000280;00000280;0000000000280;0000000000281;0000000000000;00000001;
20170814;FRC;*;N20 ;0000000000000;0000000000000;00000000;00000322;00000321;00000322;00000321;0000000000322;0000000000322;0000000000000;00000000;
20170814;FRC;*;N21 ;0000000000000;0000000000000;00000000;00000000;00000000;00000000;00000000;0000000000362;0000000000362;0000000000000;00000000;
20170814;FRC;*;N22 ;0000000000000;0000000000000;00000000;00000000;00000000;00000000;00000000;0000000000400;0000000000400;0000000000000;00000000;
20170814;FRC;*;Q18 ;0000000000000;0000000000000;00000000;00000000;00000000;00000000;00000000;0000000000243;0000000000243;0000000000000;00000000;
20170814;FRC;*;V17 ;0000000000000;0000000000000;00000000;00000219;00000215;00000220;00000216;0000000000216;0000000000218;0000000000001;00000002;
20170814;FRC;*;V18 ;0000000000000;0000000000000;00000000;00000251;00000251;00000251;00000251;0000000000251;0000000000251;0000000000000;00000000;
20170814;FRC;*;V19 ;0000000000000;0000000000000;00000000;00000290;00000290;00000290;00000290;0000000000290;0000000000291;0000000000000;00000001;
20170814;FRC;*;V20 ;0000000000000;0000000000000;00000000;00000000;00000000;00000000;00000000;0000000000331;0000000000331;0000000000000;00000000;
20170814;FRC;*;V21 ;0000000000000;0000000000000;00000000;00000000;00000000;00000000;00000000;0000000000364;0000000000364;0000000000000;00000000;
20170814;FRC;*;X17 ;0000000000000;0000000000000;00000000;00000215;00000215;00000215;00000215;0000000000215;0000000000219;0000000000002;00000004;
20170814;FRC;*;Z17 ;0000000000000;0000000000000;00000000;00000221;00000216;00000221;00000216;0000000000216;0000000000217;0000000000000;00000001;
20170814;FRO;*;F18 ;0000000000000;0000000000000;00000000;00000000;00000000;00000000;00000000;0000000000218;0000000000220;0000000000000;00000002;
20170814;FRO;*;F19 ;0000000000000;0000000000000;00000000;00000000;00000000;00000000;00000000;0000000000265;0000000000265;0000000000000;00000000;
20170814;FRO;*;F20 ;0000000000000;0000000000000;00000000;00000000;00000000;00000000;00000000;0000000000303;0000000000304;0000000000000;00000001;
20170814;FRO;*;F21 ;0000000000000;0000000000000;00000000;00000000;00000000;00000000;00000000;0000000000344;0000000000344;0000000000000;00000000;
20170814;FRO;*;F22 ;0000000000000;0000000000000;00000000;00000000;00000000;00000000;00000000;0000000000381;0000000000381;0000000000000;00000000;
20170814;FRO;*;F23 ;0000000000000;0000000000000;00000000;00000000;00000000;00000000;00000000;0000000000413;0000000000413;0000000000000;00000000;
20170814;FRO;*;F24 ;0000000000000;0000000000000;00000000;00000000;00000000;00000000;00000000;0000000000449;0000000000448;0000000000000;00000001;
20170814;FRO;*;F25 ;0000000000000;0000000000000;00000000;00000000;00000000;00000000;00000000;0000000000486;0000000000485;0000000000000;00000001;
20170814;FRO;*;F26 ;0000000000000;0000000000000;00000000;00000000;00000000;00000000;00000000;0000000000518;0000000000517;0000000000000;00000001;
20170814;FRO;*;F27 ;0000000000000;0000000000000;00000000;00000000;00000000;00000000;00000000;0000000000554;0000000000553;0000000000000;00000001;
20170814;FRO;*;F28 ;0000000000000;0000000000000;00000000;00000000;00000000;00000000;00000000;0000000000584;0000000000583;0000000000000;00000001;
20170814;FRO;*;F29 ;0000000000000;0000000000000;00000000;00000000;00000000;00000000;00000000;0000000000614;0000000000613;0000000000000;00000001;
20170814;FRO;*;F30 ;0000000000000;0000000000000;00000000;00000000;00000000;00000000;00000000;0000000000643;0000000000642;0000000000000;00000001;
20170814;FRO;*;G18 ;0000000000000;0000000000000;00000000;00000000;00000000;00000000;00000000;0000000000215;0000000000218;0000000000000;00000003;
20170814;FRO;*;H18 ;0000000000000;0000000000000;00000000;00000000;00000000;00000000;00000000;0000000000218;0000000000220;0000000000000;00000002;
20170814;FRO;*;J18 ;0000000000000;0000000000000;00000000;00000000;00000000;00000000;00000000;0000000000223;0000000000225;0000000000000;00000002;
20170814;FRO;*;J19 ;0000000000000;0000000000000;00000000;00000000;00000000;00000000;00000000;0000000000272;0000000000272;0000000000000;00000000;
20170814;FRO;*;J20 ;0000000000000;0000000000000;00000000;00000000;00000000;00000000;00000000;0000000000312;0000000000313;0000000000000;00000001;
20170814;FRO;*;J21 ;0000000000000;0000000000000;00000000;00000000;00000000;00000000;00000000;0000000000352;0000000000352;0000000000000;00000000;
20170814;FRO;*;J22 ;0000000000000;0000000000000;00000000;00000000;00000000;00000000;00000000;0000000000391;0000000000391;0000000000000;00000000;
20170814;FRO;*;K18 ;0000000000000;0000000000000;00000000;00000000;00000000;00000000;00000000;0000000000229;0000000000231;0000000000000;00000002;
20170814;FRO;*;M18 ;0000000000000;0000000000000;00000000;00000000;00000000;00000000;00000000;0000000000237;0000000000238;0000000000000;00000001;
20170814;FRO;*;N18 ;0000000000000;0000000000000;00000000;00000000;00000000;00000000;00000000;0000000000238;0000000000238;0000000000000;00000000;
20170814;FRO;*;N19 ;0000000000000;0000000000000;00000000;00000000;00000000;00000000;00000000;0000000000281;0000000000282;0000000000000;00000001;
20170814;FRO;*;N20 ;0000000000000;0000000000000;00000000;00000000;00000000;00000000;00000000;0000000000323;0000000000323;0000000000000;00000000;
20170814;FRO;*;N21 ;0000000000000;0000000000000;00000000;00000000;00000000;00000000;00000000;0000000000363;0000000000363;0000000000000;00000000;
20170814;FRO;*;N22 ;0000000000000;0000000000000;00000000;00000000;00000000;00000000;00000000;0000000000401;0000000000401;0000000000000;00000000;
20170814;FRO;*;Q18 ;0000000000000;0000000000000;00000000;00000000;00000000;00000000;00000000;0000000000244;0000000000244;0000000000000;00000000;
20170814;FRO;*;V17 ;0000000000000;0000000000000;00000000;00000000;00000000;00000000;00000000;0000000000217;0000000000219;0000000000000;00000002;
20170814;FRO;*;V18 ;0000000000000;0000000000000;00000000;00000000;00000000;00000000;00000000;0000000000252;0000000000252;0000000000000;00000000;
20170814;FRO;*;V19 ;0000000000000;0000000000000;00000000;00000000;00000000;00000000;00000000;0000000000291;0000000000292;0000000000000;00000001;
20170814;FRO;*;V20 ;0000000000000;0000000000000;00000000;00000000;00000000;00000000;00000000;0000000000332;0000000000332;0000000000000;00000000;
20170814;FRO;*;V21 ;0000000000000;0000000000000;00000000;00000000;00000000;00000000;00000000;0000000000365;0000000000365;0000000000000;00000000;
20170814;FRO;*;X17 ;0000000000000;0000000000000;00000000;00000000;00000000;00000000;00000000;0000000000216;0000000000220;0000000000000;00000004;
20170814;FRO;*;Z17 ;0000000000000;0000000000000;00000000;00000000;00000000;00000000;00000000;0000000000217;0000000000218;0000000000000;00000001;
20170814;FRP;*;FRP0;0000000000000;0000000000000;00000000;00001170;00001170;00001210;00001200;0000000000000;0000000000000;0000000000000;00000000;
20170814;FRP;*;FRP1;0000000000000;0000000000000;00000000;00001160;00001160;00001160;00001160;0000000000000;0000000000000;0000000000000;00000000;
20170814;GBP;*;U17 ;0000000000000;0000000000000;00001006;00000000;00000000;00000000;00000000;0000041479930;0000041383520;0000000033743;00096410;
20170814;GBP;*;V17 ;0000000729855;0000000228881;00000077;04170600;04170600;04170600;04170600;0000041706230;0000041608290;0000000034279;00097940;
20170814;GBP;*;X17 ;0000000000000;0000000000000;00000000;00000000;00000000;00000000;00000000;0000041941730;0000041840770;0000000000000;00100960;
20170814;HSI;*;Q17 ;0000000000000;0000000000000;00000000;00000000;00000000;00000000;00000000;0000000027173;0000000026842;0000000000000;00000331;
20170814;HSI;*;U17 ;0000000000000;0000000000000;00000000;00000000;00000000;00000000;00000000;0000000027012;0000000026682;0000000000000;00000330;
20170814;ICF;*;H18 ;0000000000000;0000000000000;00000170;00000000;00000000;00000000;00000000;0000000017260;0000000017710;0000000143149;00000450;
20170814;ICF;*;U17 ;0000016888746;0000005309090;00002153;00016750;00016320;00016850;00016400;0000000016255;0000000016700;0000000141558;00000445;
20170814;ICF;*;U18 ;0000001918967;0000000603240;00001965;00017850;00017700;00017935;00017720;0000000017805;0000000018245;0000000139968;00000440;
20170814;ICF;*;U19 ;0000000000000;0000000000000;00000461;00000000;00000000;00000000;00000000;0000000018565;0000000019000;0000000138377;00000435;
20170814;ICF;*;Z17 ;0000019297396;0000006066265;00004427;00017305;00016825;00017370;00016915;0000000016865;0000000017280;0000000132015;00000415;
20170814;ICF;*;Z18 ;0000000000000;0000000000000;00000412;00000000;00000000;00000000;00000000;0000000018055;0000000018495;0000000139968;00000440;
20170814;IND;*;G18 ;0000000000000;0000000000000;00000000;00000000;00000000;00000000;00000000;0000000070576;0000000069655;0000000000000;00000921;
20170814;IND;*;G19 ;0000000000000;0000000000000;00000000;00000000;00000000;00000000;00000000;0000000075660;0000000074667;0000000000000;00000993;
20170814;IND;*;J18 ;0000000000000;0000000000000;00000000;00000000;00000000;00000000;00000000;0000000071364;0000000070433;0000000000000;00000931;
20170814;IND;*;J19 ;0000000000000;0000000000000;00000000;00000000;00000000;00000000;00000000;0000000076709;0000000075697;0000000000000;00001012;
20170814;IND;*;M18 ;0000000000000;0000000000000;00001205;00000000;00000000;00000000;00000000;0000000072066;0000000071123;0000000094300;00000943;
20170814;IND;*;M19 ;0000000000000;0000000000000;00000000;00000000;00000000;00000000;00000000;0000000077686;0000000076660;0000000000000;00001026;
20170814;IND;*;Q17 ;0007469618075;0002342454238;00203946;00067395;00067220;00068725;00068400;0000000068295;0000000067406;0000000088900;00000889;
20170814;IND;*;Q18 ;0000000000000;0000000000000;00000000;00000000;00000000;00000000;00000000;0000000072944;0000000071993;0000000000000;00000951;
20170814;IND;*;V17 ;0000409638925;0000128461780;00146808;00067795;00067795;00069630;00069240;0000000069205;0000000068286;0000000091900;00000919;
20170814;IND;*;V18 ;0000000000000;0000000000000;00000000;00000000;00000000;00000000;00000000;0000000073836;0000000072878;0000000000000;00000958;
20170814;IND;*;Z17 ;0000019986000;0000006267561;00022155;00069500;00069500;00070200;00070200;0000000069884;0000000068975;0000000090900;00000909;
20170814;IND;*;Z18 ;0000000000000;0000000000000;00000195;00000000;00000000;00000000;00000000;0000000074663;0000000073690;0000000097300;00000973;
20170814;IR1;*;Q7G8;0000000000000;0000000000000;00000000;00002336;00002336;00002336;00002336;0000000000000;0000000000000;0000000000000;00000000;
20170814;IR1;*;Q7V7;0000000000000;0000000000000;00000000;00000895;00000890;00000946;00000910;0000000000000;0000000000000;0000000000000;00000000;
20170814;ISP;*;H18 ;0000000000000;0000000000000;00000000;00000000;00000000;00000000;00000000;0000000246000;0000000243650;0000000000000;00002350;
20170814;ISP;*;M18 ;0000000000000;0000000000000;00000000;00000000;00000000;00000000;00000000;0000000245925;0000000243575;0000000000000;00002350;
20170814;ISP;*;U17 ;0000172982333;0000054378150;00004882;00245325;00245300;00246600;00246225;0000000246350;0000000244000;0000000373779;00002350;
20170814;ISP;*;Z17 ;0000006653589;0000002091600;00000019;00245200;00245200;00246125;00246125;0000000246150;0000000243825;0000000369802;00002325;
20170814;JPY;*;U17 ;0000041989515;0000013167811;00000554;02925400;02917500;02928100;02928100;0000029181300;0000029179000;0000000001150;00002300;
20170814;JPY;*;V17 ;0000004406700;0000001381931;00002390;02937800;02937800;02937800;02937800;0000029347900;0000029345200;0000000001350;00002700;
20170814;JPY;*;X17 ;0000000000000;0000000000000;00000000;00000000;00000000;00000000;00000000;0000029522100;0000029516600;0000000000000;00005500;
20170814;JPY;*;Z17 ;0000000000000;0000000000000;00000000;00000000;00000000;00000000;00000000;0000029681000;0000029678400;0000000000000;00002600;
20170814;JSE;*;U17 ;0000000000000;0000000000000;00000000;00000000;00000000;00000000;00000000;0000000049067;0000000048728;0000000000000;00000339;
20170814;JSE;*;Z17 ;0000000000000;0000000000000;00000000;00000000;00000000;00000000;00000000;0000000049856;0000000049517;0000000000000;00000339;
20170814;MIX;*;U17 ;0000000000000;0000000000000;00000000;00000000;00000000;00000000;00000000;0000000001966;0000000001966;0000000000000;00000000;
20170814;MIX;*;Z17 ;0000000000000;0000000000000;00000000;00000000;00000000;00000000;00000000;0000000001996;0000000001981;0000000000000;00000015;
20170814;MXN;*;U17 ;0000012016050;0000003768204;00001072;01800200;01800100;01800200;01800100;0000017931730;0000017766980;0000000123562;00164750;
20170814;MXN;*;V17 ;0000000000000;0000000000000;00000151;00000000;00000000;00000000;00000000;0000017919720;0000017754950;0000000123577;00164770;
20170814;MXN;*;X17 ;0000000000000;0000000000000;00000000;00000000;00000000;00000000;00000000;0000017916260;0000017749910;0000000000000;00166350;
20170814;NZD;*;U17 ;0000000000000;0000000000000;00000352;00000000;00000000;00000000;00000000;0000023317950;0000023264450;0000000040125;00053500;
20170814;NZD;*;V17 ;0000000000000;0000000000000;00000045;00000000;00000000;00000000;00000000;0000023412020;0000023358740;0000000039960;00053280;
20170814;NZD;*;X17 ;0000000000000;0000000000000;00000000;00000000;00000000;00000000;00000000;0000023509370;0000023455290;0000000000000;00054080;
20170814;OC1;*;F18 ;0000000000000;0000000000000;00020000;00000000;00000000;00000000;00000000;0000009708482;0000009708661;0000000000179;00000179;
20170814;OC1;*;F19 ;0000000000000;0000000000000;00000000;00000000;00000000;00000000;00000000;0000008992109;0000008992463;0000000000000;00000354;
20170814;OC1;*;F20 ;0000000000000;0000000000000;00000000;00000000;00000000;00000000;00000000;0000008182746;0000008182845;0000000000000;00000099;
20170814;OC1;*;F21 ;0000000000000;0000000000000;00000000;00000000;00000000;00000000;00000000;0000007388373;0000007388305;0000000000000;00000068;
20170814;OC1;*;F22 ;0000000000000;0000000000000;00000000;00000000;00000000;00000000;00000000;0000006654461;0000006651661;0000000000000;00002800;
20170814;OC1;*;F23 ;0000000000000;0000000000000;00000000;00000000;00000000;00000000;00000000;0000005998851;0000006001592;0000000000000;00002741;
20170814;OC1;*;F24 ;0000000000000;0000000000000;00000000;00000000;00000000;00000000;00000000;0000005414170;0000005417098;0000000000000;00002928;
20170814;OC1;*;F25 ;0000000000000;0000000000000;00000000;00000000;00000000;00000000;00000000;0000004870865;0000004873920;0000000000000;00003055;
20170814;OC1;*;F26 ;0000000000000;0000000000000;00000000;00000000;00000000;00000000;00000000;0000004397092;0000004398572;0000000000000;00001480;
20170814;OC1;*;F27 ;0000000000000;0000000000000;00000000;00000000;00000000;00000000;00000000;0000003966742;0000003966564;0000000000000;00000178;
20170814;OC1;*;F28 ;0000000000000;0000000000000;00000000;00000000;00000000;00000000;00000000;0000003582656;0000003582490;0000000000000;00000166;
20170814;OC1;*;F29 ;0000000000000;0000000000000;00000000;00000000;00000000;00000000;00000000;0000003242868;0000003242716;0000000000000;00000152;
20170814;OC1;*;F30 ;0000000000000;0000000000000;00000000;00000000;00000000;00000000;00000000;0000002926115;0000002925974;0000000000000;00000141;
20170814;OC1;*;G18 ;0000000000000;0000000000000;00000000;00000000;00000000;00000000;00000000;0000009646543;0000009646926;0000000000000;00000383;
20170814;OC1;*;H18 ;0000000000000;0000000000000;00000000;00000000;00000000;00000000;00000000;0000009595997;0000009596495;0000000000000;00000498;
20170814;OC1;*;J18 ;0000000000000;0000000000000;00000000;00000000;00000000;00000000;00000000;0000009538409;0000009538503;0000000000000;00000094;
20170814;OC1;*;J19 ;0000000000000;0000000000000;00000000;00000000;00000000;00000000;00000000;0000008801147;0000008802749;0000000000000;00001602;
20170814;OC1;*;J20 ;0000000000000;0000000000000;00000000;00000000;00000000;00000000;00000000;0000007981464;0000007983431;0000000000000;00001967;
20170814;OC1;*;J21 ;0000000000000;0000000000000;00000000;00000000;00000000;00000000;00000000;0000007204430;0000007203148;0000000000000;00001282;
20170814;OC1;*;J22 ;0000000000000;0000000000000;00000000;00000000;00000000;00000000;00000000;0000006487344;0000006484456;0000000000000;00002888;
20170814;OC1;*;K18 ;0000000000000;0000000000000;00000000;00000000;00000000;00000000;00000000;0000009480574;0000009480886;0000000000000;00000312;
20170814;OC1;*;M18 ;0000000000000;0000000000000;00000000;00000000;00000000;00000000;00000000;0000009422687;0000009423199;0000000000000;00000512;
20170814;OC1;*;N18 ;0000000000000;0000000000000;00000000;00000000;00000000;00000000;00000000;0000009362240;0000009363054;0000000000000;00000814;
20170814;OC1;*;N19 ;0000000000000;0000000000000;00000000;00000000;00000000;00000000;00000000;0000008601637;0000008603333;0000000000000;00001696;
20170814;OC1;*;N20 ;0000000000000;0000000000000;00000000;00000000;00000000;00000000;00000000;0000007786167;0000007784125;0000000000000;00002042;
20170814;OC1;*;N21 ;0000000000000;0000000000000;00000000;00000000;00000000;00000000;00000000;0000007016804;0000007014213;0000000000000;00002591;
20170814;OC1;*;N22 ;0000000000000;0000000000000;00000000;00000000;00000000;00000000;00000000;0000006323320;0000006320352;0000000000000;00002968;
20170814;OC1;*;N23 ;0000000000000;0000000000000;00000000;00000000;00000000;00000000;00000000;0000005703618;0000005706464;0000000000000;00002846;
20170814;OC1;*;N24 ;0000000000000;0000000000000;00000000;00000000;00000000;00000000;00000000;0000005144823;0000005147823;0000000000000;00003000;
20170814;OC1;*;Q18 ;0000000000000;0000000000000;00000000;00000000;00000000;00000000;00000000;0000009300465;0000009300897;0000000000000;00000432;
20170814;OC1;*;U17 ;0000000000000;0000000000000;00000000;00000000;00000000;00000000;00000000;0000009951462;0000009951450;0000000000000;00000012;
20170814;OC1;*;V17 ;0000000000000;0000000000000;00000000;00000000;00000000;00000000;00000000;0000009887710;0000009887810;0000000000000;00000100;
20170814;OC1;*;V18 ;0000000000000;0000000000000;00000000;00000000;00000000;00000000;00000000;0000009177928;0000009177280;0000000000000;00000648;
20170814;OC1;*;V19 ;0000000000000;0000000000000;00000000;00000000;00000000;00000000;00000000;0000008386390;0000008388178;0000000000000;00001788;
20170814;OC1;*;V20 ;0000000000000;0000000000000;00000000;00000000;00000000;00000000;00000000;0000007576697;0000007582068;0000000000000;00005371;
20170814;OC1;*;V21 ;0000000000000;0000000000000;00000000;00000000;00000000;00000000;00000000;0000006830698;0000006825433;0000000000000;00005265;
20170814;OC1;*;X17 ;0000000000000;0000000000000;00000000;00000000;00000000;00000000;00000000;0000009823248;0000009823394;0000000000000;00000146;
20170814;OC1;*;Z17 ;0000000000000;0000000000000;00000000;00000000;00000000;00000000;00000000;0000009765111;0000009765000;0000000000000;00000111;
20170814;OZ1;*;0000;0000002440494;0000000765333;00000000;00131200;00129300;00131200;00129400;0000000130290;0000000129776;0000000000000;00000350;
20170814;OZ1;*;U17 ;0000000000000;0000000000000;00000000;00000000;00000000;00000000;00000000;0000000129985;0000000130382;0000000000000;00000397;
20170814;OZ1;*;V17 ;0000000000000;0000000000000;00000000;00000000;00000000;00000000;00000000;0000000130826;0000000131224;0000000000000;00000398;
20170814;OZ2;*;0000;0000000016795;0000000005267;00000000;00129001;00129001;00129800;00129800;0000000129323;0000000129949;0000000000000;00000050;
20170814;OZ3;*;0000;0000000002033;0000000000638;00000000;00133000;00129000;00133000;00129000;0000000129094;0000000129136;0000000000000;00000000;
20170814;SCS;*;F802;0000000000000;0000000000000;00182740;00000000;00000000;00000000;00000000;0000000000000;0000000000000;0000000000000;00000000;
20170814;SCS;*;J802;0000000000000;0000000000000;00173130;00000000;00000000;00000000;00000000;0000000000000;0000000000000;0000000000000;00000000;
20170814;SCS;*;V702;0000000000000;0000000000000;00199495;00000000;00000000;00000000;00000000;0000000000000;0000000000000;0000000000000;00000000;
20170814;SFI;*;K18 ;0000000000000;0000000000000;00000000;00000000;00000000;00000000;00000000;0000000002050;0000000002064;0000000000000;00000014;
20170814;SFI;*;N18 ;0000000000000;0000000000000;00000000;00000000;00000000;00000000;00000000;0000000002065;0000000002079;0000000000000;00000014;
20170814;SFI;*;X17 ;0000000000000;0000000000000;00000000;00000000;00000000;00000000;00000000;0000000002001;0000000002015;0000000000000;00000014;
20170814;SJC;*;F18 ;0000000000000;0000000000000;00000000;00000000;00000000;00000000;00000000;0000000208719;0000000210262;0000000000000;00001543;
20170814;SJC;*;H18 ;0000000030061;0000000009450;00000000;00002100;00002100;00002100;00002100;0000000210593;0000000212081;0000000021300;00001488;
20170814;SJC;*;K18 ;0000000273272;0000000085905;00000551;00002180;00002112;00002180;00002116;0000000212302;0000000213790;0000000021300;00001488;
20170814;SJC;*;N18 ;0000000000000;0000000000000;00000000;00000000;00000000;00000000;00000000;0000000213735;0000000215223;0000000000000;00001488;
20170814;SJC;*;Q18 ;0000000000000;0000000000000;00000000;00000000;00000000;00000000;00000000;0000000213955;0000000215443;0000000000000;00001488;
20170814;SJC;*;U17 ;0000001496526;0000000470443;00000393;00002043;00002043;00002050;00002050;0000000205633;0000000206845;0000000017349;00001212;
20170814;SJC;*;X17 ;0000003364500;0000001057653;00002314;00002080;00002054;00002080;00002066;0000000206845;0000000208333;0000000021300;00001488;
20170814;SJC;*;X18 ;0000000000000;0000000000000;00000000;00000000;00000000;00000000;00000000;0000000210924;0000000212246;0000000000000;00001322;
20170814;TRY;*;U17 ;0000000000000;0000000000000;00000958;00000000;00000000;00000000;00000000;0000009015800;0000008924820;0000000068235;00090980;
20170814;TRY;*;V17 ;0000000000000;0000000000000;00000000;00000000;00000000;00000000;00000000;0000008979100;0000008886100;0000000000000;00093000;
20170814;TRY;*;X17 ;0000000000000;0000000000000;00000000;00000000;00000000;00000000;00000000;0000008941610;0000008848820;0000000000000;00092790;
20170814;T10;*;U17 ;0000069409433;0000021766631;00001691;00126484;00126407;00126563;00126407;0000001265468;0000001268125;0000000084726;00002657;
20170814;T10;*;Z17 ;0000000000000;0000000000000;00000000;00000000;00000000;00000000;00000000;0000001262343;0000001265000;0000000000000;00002657;
20170814;WDO;*;F18 ;0000000000000;0000000000000;00000000;00000000;00000000;00000000;00000000;0000032525940;0000032330400;0000000000000;00195540;
20170814;WDO;*;F19 ;0000000000000;0000000000000;00000000;00000000;00000000;00000000;00000000;0000034153840;0000033947770;0000000000000;00206070;
20170814;WDO;*;F20 ;0000000000000;0000000000000;00000000;00000000;00000000;00000000;00000000;0000036277510;0000036050390;0000000000000;00227120;
20170814;WDO;*;F21 ;0000000000000;0000000000000;00000000;00000000;00000000;00000000;00000000;0000038559020;0000038330850;0000000000000;00228170;
20170814;WDO;*;F25 ;0000000000000;0000000000000;00000000;00000000;00000000;00000000;00000000;0000047952440;0000047668820;0000000000000;00283620;
20170814;WDO;*;G18 ;0000000000000;0000000000000;00000000;00000000;00000000;00000000;00000000;0000032679650;0000032481470;0000000000000;00198180;
20170814;WDO;*;H18 ;0000000000000;0000000000000;00000000;00000000;00000000;00000000;00000000;0000032794070;0000032593930;0000000000000;00200140;
20170814;WDO;*;J18 ;0000000000000;0000000000000;00000000;00000000;00000000;00000000;00000000;0000032918890;0000032719480;0000000000000;00199410;
20170814;WDO;*;J19 ;0000000000000;0000000000000;00000000;00000000;00000000;00000000;00000000;0000034639230;0000034428190;0000000000000;00211040;
20170814;WDO;*;J20 ;0000000000000;0000000000000;00000000;00000000;00000000;00000000;00000000;0000036848620;0000036612780;0000000000000;00235840;
20170814;WDO;*;J22 ;0000000000000;0000000000000;00000000;00000000;00000000;00000000;00000000;0000041487320;0000041260580;0000000000000;00226740;
20170814;WDO;*;K18 ;0000000000000;0000000000000;00000000;00000000;00000000;00000000;00000000;0000033046440;0000032843960;0000000000000;00202480;
20170814;WDO;*;M18 ;0000000000000;0000000000000;00000000;00000000;00000000;00000000;00000000;0000033165780;0000032966520;0000000000000;00199260;
20170814;WDO;*;N18 ;0000000000000;0000000000000;00000000;00000000;00000000;00000000;00000000;0000033312580;0000033109480;0000000000000;00203100;
20170814;WDO;*;N19 ;0000000000000;0000000000000;00000000;00000000;00000000;00000000;00000000;0000035153870;0000034932490;0000000000000;00221380;
20170814;WDO;*;N20 ;0000000000000;0000000000000;00000000;00000000;00000000;00000000;00000000;0000037385870;0000037180590;0000000000000;00205280;
20170814;WDO;*;N21 ;0000000000000;0000000000000;00000000;00000000;00000000;00000000;00000000;0000039728060;0000039514680;0000000000000;00213380;
20170814;WDO;*;N22 ;0000000000000;0000000000000;00000000;00000000;00000000;00000000;00000000;0000042045230;0000041814250;0000000000000;00230980;
20170814;WDO;*;U17 ;0025388993345;0007961927165;00060653;03189000;03184000;03218500;03201000;0000031968220;0000031778630;0000000018959;00189590;
20170814;WDO;*;V17 ;0000000064200;0000000020133;00000313;03210000;03210000;03210000;03210000;0000032114470;0000031923140;0000000019133;00191330;
20170814;WDO;*;V18 ;0000000000000;0000000000000;00000000;00000000;00000000;00000000;00000000;0000033730060;0000033530900;0000000000000;00199160;
20170814;WDO;*;V19 ;0000000000000;0000000000000;00000000;00000000;00000000;00000000;00000000;0000035739940;0000035514870;0000000000000;00225070;
20170814;WDO;*;X17 ;0000000000000;0000000000000;00000075;00000000;00000000;00000000;00000000;0000032267550;0000032073160;0000000019439;00194390;
20170814;WDO;*;Z17 ;0000000000000;0000000000000;00000000;00000000;00000000;00000000;00000000;0000032400670;0000032208300;0000000000000;00192370;
20170814;WEU;*;U17 ;0000000000000;0000000000000;00000014;00000000;00000000;00000000;00000000;0000037698900;0000037607610;0000000009129;00091290;
20170814;WEU;*;V17 ;0000000000000;0000000000000;00000000;00000000;00000000;00000000;00000000;0000037925850;0000037833100;0000000000000;00092750;
20170814;WEU;*;X17 ;0000000000000;0000000000000;00000000;00000000;00000000;00000000;00000000;0000038161610;0000038065200;0000000000000;00096410;
20170814;WIN;*;G18 ;0000000000000;0000000000000;00000000;00000000;00000000;00000000;00000000;0000000070576;0000000069655;0000000000000;00000921;
20170814;WIN;*;G19 ;0000000000000;0000000000000;00000000;00000000;00000000;00000000;00000000;0000000075660;0000000074667;0000000000000;00000993;
20170814;WIN;*;J18 ;0000000000000;0000000000000;00000000;00000000;00000000;00000000;00000000;0000000071364;0000000070433;0000000000000;00000931;
20170814;WIN;*;J19 ;0000000000000;0000000000000;00000000;00000000;00000000;00000000;00000000;0000000076709;0000000075697;0000000000000;00001012;
20170814;WIN;*;M18 ;0000000000000;0000000000000;00000000;00000000;00000000;00000000;00000000;0000000072066;0000000071123;0000000000000;00000943;
20170814;WIN;*;M19 ;0000000000000;0000000000000;00000000;00000000;00000000;00000000;00000000;0000000077686;0000000076660;0000000000000;00001026;
20170814;WIN;*;Q17 ;0018639085882;0005845172442;00093906;00067360;00067210;00068730;00068400;0000000068295;0000000067406;0000000017780;00000889;
20170814;WIN;*;Q18 ;0000000000000;0000000000000;00000000;00000000;00000000;00000000;00000000;0000000072944;0000000071993;0000000000000;00000951;
20170814;WIN;*;V17 ;0000077413449;0000024276671;00000646;00068135;00068010;00069620;00069250;0000000069205;0000000068286;0000000018380;00000919;
20170814;WIN;*;V18 ;0000000000000;0000000000000;00000000;00000000;00000000;00000000;00000000;0000000073836;0000000072878;0000000000000;00000958;
20170814;WIN;*;Z17 ;0000000000000;0000000000000;00000000;00000000;00000000;00000000;00000000;0000000069884;0000000068975;0000000000000;00000909;
20170814;WIN;*;Z18 ;0000000000000;0000000000000;00000000;00000000;00000000;00000000;00000000;0000000074663;0000000073690;0000000000000;00000973;
20170814;WI1;*;Q7V7;0000000000000;0000000000000;00000000;00000912;00000900;00000927;00000920;0000000000000;0000000000000;0000000000000;00000000;
20170814;WTI;*;U17 ;0000000635291;0000000199708;00002644;00004794;00004753;00004794;00004753;0000000004759;0000000004882;0000000039127;00000123;
20170814;WTI;*;V17 ;0000000259279;0000000081506;00000002;00004810;00004790;00004810;00004790;0000000004773;0000000004897;0000000039445;00000124;
20170814;ZAR;*;U17 ;0000011124295;0000003488552;00000842;02407000;02407000;02408000;02408000;0000023893090;0000023558910;0000000116963;00334180;
20170814;ZAR;*;V17 ;0000000000000;0000000000000;00000011;00000000;00000000;00000000;00000000;0000023890370;0000023553040;0000000118065;00337330;
20170814;ZAR;*;X17 ;0000000000000;0000000000000;00000000;00000000;00000000;00000000;00000000;0000023887950;0000023546690;0000000000000;00341260;
