Data;Código do Contrato;Pregão;Vencimento;Volume(R$);Volume(U$);Número de contas em Aberto;Preço de Abertura;Preço Mínimo;Preço Máximo;Último Preço;Preço de Ajuste Atual; Preço de Ajuste Anterior;Valor de Ajuste por Contrato;Variação
20170315;AUD;*;J17 ;0000025326258;0000008007290;00002138;02414600;02402000;02414600;02402900;0000024031520;0000024184040;0000000091512;00152520;
20170315;AUD;*;K17 ;0000000000000;0000000000000;00000011;00000000;00000000;00000000;00000000;0000024164690;0000024323780;0000000095454;00159090;
20170315;AUD;*;M17 ;0000000000000;0000000000000;00000405;00000000;00000000;00000000;00000000;0000024331480;0000024494130;0000000097590;00162650;
20170315;BGI;*;F18 ;0000000096465;0000000030862;00000002;00014616;00014616;00014616;00014616;0000000014545;0000000014544;0000000000330;00000001;
20170315;BGI;*;H17 ;0000003599913;0000001151714;00001393;00014312;00014312;00014371;00014360;0000000014423;0000000014351;0000000023760;00000072;
20170315;BGI;*;J17 ;0000002352075;0000000752495;00000091;00014255;00014255;00014255;00014255;0000000014255;0000000014275;0000000006600;00000020;
20170315;BGI;*;K17 ;0000049825917;0000015940723;00005060;00014150;00014141;00014210;00014181;0000000014177;0000000014164;0000000004290;00000013;
20170315;BGI;*;M17 ;0000000000000;0000000000000;00000004;00000000;00000000;00000000;00000000;0000000014277;0000000014253;0000000007920;00000024;
20170315;BGI;*;N17 ;0000000000000;0000000000000;00000002;00000000;00000000;00000000;00000000;0000000014367;0000000014333;0000000011220;00000034;
20170315;BGI;*;Q17 ;0000000000000;0000000000000;00000000;00000000;00000000;00000000;00000000;0000000014459;0000000014415;0000000000000;00000044;
20170315;BGI;*;U17 ;0000000000000;0000000000000;00000000;00000000;00000000;00000000;00000000;0000000014540;0000000014485;0000000000000;00000055;
20170315;BGI;*;V17 ;0000007661877;0000002451252;00001852;00014595;00014550;00014630;00014615;0000000014625;0000000014560;0000000021450;00000065;
20170315;BGI;*;X17 ;0000003077180;0000000984477;00000078;00014564;00014540;00014584;00014579;0000000014644;0000000014579;0000000021450;00000065;
20170315;BGI;*;Z17 ;0000002357850;0000000754343;00000087;00014564;00014564;00014600;00014600;0000000014630;0000000014629;0000000000330;00000001;
20170315;BRI;*;J17 ;0000000000000;0000000000000;00000712;00000000;00000000;00000000;00000000;0000000011093;0000000010840;0000000253000;00000253;
20170315;BRI;*;M17 ;0000000000000;0000000000000;00000000;00000000;00000000;00000000;00000000;0000000011276;0000000011019;0000000000000;00000257;
20170315;BSE;*;H17 ;0000000000000;0000000000000;00000000;00000000;00000000;00000000;00000000;0000000029507;0000000029525;0000000000000;00000018;
20170315;BSE;*;J17 ;0000000000000;0000000000000;00000000;00000000;00000000;00000000;00000000;0000000029711;0000000029764;0000000000000;00000053;
20170315;CAD;*;J17 ;0000064250880;0000020313914;00002025;02353400;02346000;02353400;02348000;0000023456260;0000023712710;0000000153870;00256450;
20170315;CAD;*;K17 ;0000000000000;0000000000000;00000000;00000000;00000000;00000000;00000000;0000023608300;0000023869730;0000000000000;00261430;
20170315;CAD;*;M17 ;0000059331720;0000018758646;00000000;02382800;02382800;02382800;02382800;0000023797010;0000024064080;0000000160242;00267070;
20170315;CCM;*;F18 ;0000000000000;0000000000000;00000150;00000000;00000000;00000000;00000000;0000000003009;0000000003011;0000000000900;00000002;
20170315;CCM;*;F19 ;0000000000000;0000000000000;00000000;00000000;00000000;00000000;00000000;0000000002634;0000000002636;0000000000000;00000002;
20170315;CCM;*;H17 ;0000011888883;0000003803591;00004203;00003453;00003452;00003509;00003505;0000000003510;0000000003456;0000000024300;00000054;
20170315;CCM;*;H18 ;0000000000000;0000000000000;00000034;00000000;00000000;00000000;00000000;0000000003075;0000000003077;0000000000900;00000002;
20170315;CCM;*;H19 ;0000000000000;0000000000000;00000000;00000000;00000000;00000000;00000000;0000000002522;0000000002524;0000000000000;00000002;
20170315;CCM;*;K17 ;0000020176074;0000006454898;00009495;00003053;00003032;00003095;00003070;0000000003070;0000000003053;0000000007650;00000017;
20170315;CCM;*;K18 ;0000000000000;0000000000000;00000000;00000000;00000000;00000000;00000000;0000000002742;0000000002744;0000000000000;00000002;
20170315;CCM;*;K19 ;0000000000000;0000000000000;00000000;00000000;00000000;00000000;00000000;0000000002414;0000000002416;0000000000000;00000002;
20170315;CCM;*;N17 ;0000000000000;0000000000000;00000000;00000000;00000000;00000000;00000000;0000000003013;0000000003006;0000000000000;00000007;
20170315;CCM;*;N18 ;0000000000000;0000000000000;00000000;00000000;00000000;00000000;00000000;0000000002620;0000000002622;0000000000000;00000002;
20170315;CCM;*;U17 ;0000005611329;0000001795223;00011183;00002951;00002926;00002970;00002955;0000000002955;0000000002957;0000000000900;00000002;
20170315;CCM;*;U18 ;0000000000000;0000000000000;00000000;00000000;00000000;00000000;00000000;0000000002501;0000000002503;0000000000000;00000002;
20170315;CCM;*;X17 ;0000000120690;0000000038612;00000450;00002980;00002980;00002980;00002980;0000000002983;0000000002985;0000000000900;00000002;
20170315;CCM;*;X18 ;0000000000000;0000000000000;00000000;00000000;00000000;00000000;00000000;0000000002566;0000000002568;0000000000000;00000002;
20170315;CHF;*;J17 ;0000000000000;0000000000000;00000206;00000000;00000000;00000000;00000000;0000031277250;0000031708210;0000000215480;00430960;
20170315;CHF;*;K17 ;0000000000000;0000000000000;00000000;00000000;00000000;00000000;00000000;0000031521500;0000031966970;0000000000000;00445470;
20170315;CHF;*;M17 ;0000000000000;0000000000000;00000000;00000000;00000000;00000000;00000000;0000031823920;0000032274140;0000000000000;00450220;
20170315;CLP;*;J17 ;0000000000000;0000000000000;00000063;00000000;00000000;00000000;00000000;0000046859000;0000047736000;0000000219250;00877000;
20170315;CLP;*;K17 ;0000000000000;0000000000000;00000000;00000000;00000000;00000000;00000000;0000047291000;0000047958000;0000000000000;00667000;
20170315;CLP;*;M17 ;0000000000000;0000000000000;00000775;00000000;00000000;00000000;00000000;0000047563000;0000048235000;0000000168000;00672000;
20170315;CNY;*;J17 ;0000000000000;0000000000000;00000175;00000000;00000000;00000000;00000000;0000045179890;0000046181570;0000000350588;01001680;
20170315;CNY;*;K17 ;0000000000000;0000000000000;00000000;00000000;00000000;00000000;00000000;0000045433040;0000046350500;0000000000000;00917460;
20170315;CNY;*;M17 ;0000000000000;0000000000000;00000000;00000000;00000000;00000000;00000000;0000045601740;0000046527770;0000000000000;00926030;
20170315;CR1;*;U7Z7;0000000000000;0000000000000;00000000;00000000;00000000;00000000;00000000;0000000000000;0000000000000;0000000000000;00000000;
20170315;DAP;*;F18 ;0000000000000;0000000000000;00000000;00000000;00000000;00000000;00000000;0000009532660;0000009530815;0000000000000;00001845;
20170315;DAP;*;H17 ;0000000000000;0000000000000;00000485;00000000;00000000;00000000;00000000;0000010000000;0000009999781;0000000000263;00000219;
20170315;DAP;*;J17 ;0000000000000;0000000000000;00000085;00000000;00000000;00000000;00000000;0000009924968;0000009927761;0000000003358;00002793;
20170315;DAP;*;K17 ;0000118979390;0000037617184;00026613;00000690;00000685;00000690;00000685;0000009893033;0000009893208;0000000000210;00000175;
20170315;DAP;*;K19 ;0000119942929;0000037921821;00045050;00000517;00000505;00000517;00000505;0000008998110;0000008976765;0000000025665;00021345;
20170315;DAP;*;K21 ;0000000000000;0000000000000;00010500;00000000;00000000;00000000;00000000;0000008092970;0000008074420;0000000022304;00018550;
20170315;DAP;*;K23 ;0000000000000;0000000000000;00011735;00000000;00000000;00000000;00000000;0000007269114;0000007227391;0000000050168;00041723;
20170315;DAP;*;M17 ;0000000000000;0000000000000;00000000;00000000;00000000;00000000;00000000;0000009834574;0000009839318;0000000000000;00004744;
20170315;DAP;*;Q18 ;0000229322184;0000072503773;00039570;00000526;00000526;00000526;00000526;0000009303298;0000009293950;0000000011240;00009348;
20170315;DAP;*;Q20 ;0000007062045;0000002232775;00003010;00000529;00000529;00000529;00000529;0000008422934;0000008399009;0000000028767;00023925;
20170315;DAP;*;Q22 ;0000000454597;0000000143728;00010665;00000532;00000532;00000532;00000532;0000007557529;0000007538689;0000000022653;00018840;
20170315;DAP;*;Q24 ;0000000000000;0000000000000;00005853;00000000;00000000;00000000;00000000;0000006829175;0000006800943;0000000033946;00028232;
20170315;DAP;*;Q26 ;0000004414932;0000001395849;00001471;00000542;00000532;00000542;00000532;0000006124911;0000006098068;0000000032276;00026843;
20170315;DAP;*;Q30 ;0000000000000;0000000000000;00000235;00000000;00000000;00000000;00000000;0000005086240;0000005073691;0000000015089;00012549;
20170315;DCO;*;F18 ;0000000000000;0000000000000;00000000;00000000;00000000;00000000;00000000;0000009661862;0000009881566;0000000000000;00219704;
20170315;DCO;*;F19 ;0000000000000;0000000000000;00000000;00000000;00000000;00000000;00000000;0000009389064;0000009595898;0000000000000;00206834;
20170315;DCO;*;F20 ;0000000000000;0000000000000;00000000;00000000;00000000;00000000;00000000;0000009039317;0000009228097;0000000000000;00188780;
20170315;DCO;*;F21 ;0000000000000;0000000000000;00000000;00000000;00000000;00000000;00000000;0000008635332;0000008808701;0000000000000;00173369;
20170315;DCO;*;F22 ;0000000000000;0000000000000;00000000;00000000;00000000;00000000;00000000;0000008247083;0000008403609;0000000000000;00156526;
20170315;DCO;*;F23 ;0000000000000;0000000000000;00000000;00000000;00000000;00000000;00000000;0000007840247;0000007988365;0000000000000;00148118;
20170315;DCO;*;F24 ;0000000000000;0000000000000;00000000;00000000;00000000;00000000;00000000;0000007431132;0000007565943;0000000000000;00134811;
20170315;DCO;*;F25 ;0000000000000;0000000000000;00000000;00000000;00000000;00000000;00000000;0000007032555;0000007152643;0000000000000;00120088;
20170315;DCO;*;F26 ;0000000000000;0000000000000;00000000;00000000;00000000;00000000;00000000;0000006630646;0000006744241;0000000000000;00113595;
20170315;DCO;*;F27 ;0000000000000;0000000000000;00000000;00000000;00000000;00000000;00000000;0000006238420;0000006339344;0000000000000;00100924;
20170315;DCO;*;F28 ;0000000000000;0000000000000;00000000;00000000;00000000;00000000;00000000;0000005888509;0000005984361;0000000000000;00095852;
20170315;DCO;*;F29 ;0000000000000;0000000000000;00000000;00000000;00000000;00000000;00000000;0000005559470;0000005649528;0000000000000;00090058;
20170315;DCO;*;F30 ;0000000000000;0000000000000;00000000;00000000;00000000;00000000;00000000;0000005255613;0000005335903;0000000000000;00080290;
20170315;DCO;*;G18 ;0000000000000;0000000000000;00000000;00000000;00000000;00000000;00000000;0000009645191;0000009865243;0000000000000;00220052;
20170315;DCO;*;H18 ;0000000000000;0000000000000;00000000;00000000;00000000;00000000;00000000;0000009629157;0000009846478;0000000000000;00217321;
20170315;DCO;*;J17 ;0000000000000;0000000000000;00000000;00000000;00000000;00000000;00000000;0000009821427;0000010046456;0000000000000;00225029;
20170315;DCO;*;J18 ;0000000000000;0000000000000;00000000;00000000;00000000;00000000;00000000;0000009605538;0000009822687;0000000000000;00217149;
20170315;DCO;*;J19 ;0000000000000;0000000000000;00000000;00000000;00000000;00000000;00000000;0000009313914;0000009516789;0000000000000;00202875;
20170315;DCO;*;J20 ;0000000000000;0000000000000;00000000;00000000;00000000;00000000;00000000;0000008946204;0000009126335;0000000000000;00180131;
20170315;DCO;*;J21 ;0000000000000;0000000000000;00000000;00000000;00000000;00000000;00000000;0000008535247;0000008704106;0000000000000;00168859;
20170315;DCO;*;K17 ;0000000000000;0000000000000;00000000;00000000;00000000;00000000;00000000;0000009804819;0000010030082;0000000000000;00225263;
20170315;DCO;*;M17 ;0000000000000;0000000000000;00000000;00000000;00000000;00000000;00000000;0000009788136;0000010013115;0000000000000;00224979;
20170315;DCO;*;N17 ;0000000000000;0000000000000;00000000;00000000;00000000;00000000;00000000;0000009773924;0000009999152;0000000000000;00225228;
20170315;DCO;*;N18 ;0000000000000;0000000000000;00000000;00000000;00000000;00000000;00000000;0000009540255;0000009756018;0000000000000;00215763;
20170315;DCO;*;N19 ;0000000000000;0000000000000;00000000;00000000;00000000;00000000;00000000;0000009224813;0000009426533;0000000000000;00201720;
20170315;DCO;*;N20 ;0000000000000;0000000000000;00000000;00000000;00000000;00000000;00000000;0000008848783;0000009025009;0000000000000;00176226;
20170315;DCO;*;N21 ;0000000000000;0000000000000;00000000;00000000;00000000;00000000;00000000;0000008443397;0000008607216;0000000000000;00163819;
20170315;DCO;*;Q17 ;0000000000000;0000000000000;00000000;00000000;00000000;00000000;00000000;0000009753703;0000009978608;0000000000000;00224905;
20170315;DCO;*;U17 ;0000000000000;0000000000000;00000000;00000000;00000000;00000000;00000000;0000009738784;0000009963152;0000000000000;00224368;
20170315;DCO;*;V17 ;0000000000000;0000000000000;00000000;00000000;00000000;00000000;00000000;0000009718385;0000009942322;0000000000000;00223937;
20170315;DCO;*;V18 ;0000000000000;0000000000000;00000000;00000000;00000000;00000000;00000000;0000009472251;0000009682794;0000000000000;00210543;
20170315;DCO;*;V19 ;0000000000000;0000000000000;00000000;00000000;00000000;00000000;00000000;0000009136175;0000009331635;0000000000000;00195460;
20170315;DCO;*;V20 ;0000000000000;0000000000000;00000000;00000000;00000000;00000000;00000000;0000008749519;0000008919532;0000000000000;00170013;
20170315;DCO;*;V21 ;0000000000000;0000000000000;00000000;00000000;00000000;00000000;00000000;0000008350909;0000008511754;0000000000000;00160845;
20170315;DCO;*;X17 ;0000000000000;0000000000000;00000000;00000000;00000000;00000000;00000000;0000009701203;0000009924317;0000000000000;00223114;
20170315;DCO;*;Z17 ;0000000000000;0000000000000;00000000;00000000;00000000;00000000;00000000;0000009683378;0000009905081;0000000000000;00221703;
20170315;DDI;*;F18 ;0000000000000;0000000000000;00263095;00000000;00000000;00000000;00000000;0000009663381;0000009883158;0000000347676;00219777;
20170315;DDI;*;F19 ;0000000000000;0000000000000;00108767;00000000;00000000;00000000;00000000;0000009390676;0000009597582;0000000327314;00206906;
20170315;DDI;*;F20 ;0000000000000;0000000000000;00093230;00000000;00000000;00000000;00000000;0000009043963;0000009232951;0000000298969;00188988;
20170315;DDI;*;F21 ;0000385512863;0000121885884;00106171;00000367;00000357;00000367;00000367;0000008641098;0000008814715;0000000274653;00173617;
20170315;DDI;*;F22 ;0000000000000;0000000000000;00038284;00000000;00000000;00000000;00000000;0000008253719;0000008410517;0000000248046;00156798;
20170315;DDI;*;F23 ;0000000000000;0000000000000;00030076;00000000;00000000;00000000;00000000;0000007847490;0000007995903;0000000234781;00148413;
20170315;DDI;*;F24 ;0000000000000;0000000000000;00025735;00000000;00000000;00000000;00000000;0000007438760;0000007573870;0000000213737;00135110;
20170315;DDI;*;F25 ;0000000000000;0000000000000;00017925;00000000;00000000;00000000;00000000;0000007040394;0000007160773;0000000190433;00120379;
20170315;DDI;*;F26 ;0000000000000;0000000000000;00014530;00000000;00000000;00000000;00000000;0000006638508;0000006752394;0000000180161;00113886;
20170315;DDI;*;F27 ;0000000000000;0000000000000;00010100;00000000;00000000;00000000;00000000;0000006246174;0000006351394;0000000166452;00105220;
20170315;DDI;*;F28 ;0000000000000;0000000000000;00000110;00000000;00000000;00000000;00000000;0000005899933;0000005996191;0000000152275;00096258;
20170315;DDI;*;F29 ;0000000000000;0000000000000;00000000;00000000;00000000;00000000;00000000;0000005570596;0000005661046;0000000000000;00090450;
20170315;DDI;*;F30 ;0000000000000;0000000000000;00000500;00000000;00000000;00000000;00000000;0000005266398;0000005347049;0000000127585;00080651;
20170315;DDI;*;G18 ;0000000000000;0000000000000;00016840;00000000;00000000;00000000;00000000;0000009646861;0000009866993;0000000348237;00220132;
20170315;DDI;*;H18 ;0000000000000;0000000000000;00004160;00000000;00000000;00000000;00000000;0000009630061;0000009848372;0000000345357;00218311;
20170315;DDI;*;J17 ;0000000000000;0000000000000;00712675;00000000;00000000;00000000;00000000;0000009821529;0000010046561;0000000355989;00225032;
20170315;DDI;*;J18 ;0000000000000;0000000000000;00057972;00000000;00000000;00000000;00000000;0000009606520;0000009824744;0000000345219;00218224;
20170315;DDI;*;J19 ;0000000000000;0000000000000;00042319;00000000;00000000;00000000;00000000;0000009315714;0000009518669;0000000321064;00202955;
20170315;DDI;*;J20 ;0000000000000;0000000000000;00021855;00000000;00000000;00000000;00000000;0000008951156;0000009131500;0000000285295;00180344;
20170315;DDI;*;J21 ;0000000000000;0000000000000;00005397;00000000;00000000;00000000;00000000;0000008541233;0000008710345;0000000267526;00169112;
20170315;DDI;*;K17 ;0000000000000;0000000000000;00317000;00000000;00000000;00000000;00000000;0000009805075;0000010030350;0000000356373;00225275;
20170315;DDI;*;M17 ;0000000000000;0000000000000;00118303;00000000;00000000;00000000;00000000;0000009788551;0000010013549;0000000355935;00224998;
20170315;DDI;*;N17 ;0000000000000;0000000000000;00370177;00000000;00000000;00000000;00000000;0000009774508;0000009999764;0000000356343;00225256;
20170315;DDI;*;N18 ;0000000000000;0000000000000;00043509;00000000;00000000;00000000;00000000;0000009541454;0000009757269;0000000341408;00215815;
20170315;DDI;*;N19 ;0000000000000;0000000000000;00055874;00000000;00000000;00000000;00000000;0000009228777;0000009430681;0000000319402;00201904;
20170315;DDI;*;N20 ;0000000000000;0000000000000;00030175;00000000;00000000;00000000;00000000;0000008854024;0000009030473;0000000279133;00176449;
20170315;DDI;*;N21 ;0000000000000;0000000000000;00004457;00000000;00000000;00000000;00000000;0000008449615;0000008613694;0000000259564;00164079;
20170315;DDI;*;Q17 ;0000000000000;0000000000000;00101994;00000000;00000000;00000000;00000000;0000009754437;0000009979378;0000000355845;00224941;
20170315;DDI;*;U17 ;0000000000000;0000000000000;00054700;00000000;00000000;00000000;00000000;0000009739680;0000009964090;0000000355005;00224410;
20170315;DDI;*;V17 ;0000000000000;0000000000000;00131302;00000000;00000000;00000000;00000000;0000009719440;0000009943428;0000000354337;00223988;
20170315;DDI;*;V18 ;0000000000000;0000000000000;00049448;00000000;00000000;00000000;00000000;0000009473659;0000009684265;0000000333168;00210606;
20170315;DDI;*;V19 ;0000000000000;0000000000000;00031814;00000000;00000000;00000000;00000000;0000009140489;0000009336146;0000000309519;00195657;
20170315;DDI;*;V20 ;0000000000000;0000000000000;00021670;00000000;00000000;00000000;00000000;0000008755034;0000008925277;0000000269315;00170243;
20170315;DDI;*;V21 ;0000000000000;0000000000000;00002172;00000000;00000000;00000000;00000000;0000008357349;0000008518461;0000000254871;00161112;
20170315;DDI;*;X17 ;0000000000000;0000000000000;00028709;00000000;00000000;00000000;00000000;0000009702411;0000009925582;0000000353045;00223171;
20170315;DDI;*;Z17 ;0000000000000;0000000000000;00027390;00000000;00000000;00000000;00000000;0000009684738;0000009906506;0000000350825;00221768;
20170315;DDM;*;K17 ;0000000000000;0000000000000;00000000;00000000;00000000;00000000;00000000;0000009891871;0000009893884;0000000000000;00002013;
20170315;DDM;*;K19 ;0000000000000;0000000000000;00000000;00000000;00000000;00000000;00000000;0000008890462;0000008886235;0000000000000;00004227;
20170315;DDM;*;K21 ;0000000000000;0000000000000;00000000;00000000;00000000;00000000;00000000;0000008005881;0000007997581;0000000000000;00008300;
20170315;DDM;*;K25 ;0000000000000;0000000000000;00000000;00000000;00000000;00000000;00000000;0000006504151;0000006485083;0000000000000;00019068;
20170315;DDM;*;Q18 ;0000000000000;0000000000000;00000000;00000000;00000000;00000000;00000000;0000009211838;0000009209249;0000000000000;00002589;
20170315;DDM;*;Q20 ;0000000000000;0000000000000;00000000;00000000;00000000;00000000;00000000;0000008324709;0000008317816;0000000000000;00006893;
20170315;DI1;*;F18 ;0024845998643;0007855448684;02629094;00010040;00009965;00010070;00010000;0000009276644;0000009272339;0000000004305;00004305;
20170315;DI1;*;F19 ;0022928206233;0007249108803;01620415;00009570;00009470;00009650;00009520;0000008508338;0000008493898;0000000014440;00014440;
20170315;DI1;*;F20 ;0012104358641;0003826981138;01191942;00009810;00009680;00009890;00009750;0000007724770;0000007699958;0000000024812;00024812;
20170315;DI1;*;F21 ;0019021599712;0006013974426;01515646;00010040;00009910;00010130;00009990;0000006985703;0000006957456;0000000028247;00028247;
20170315;DI1;*;F22 ;0000172422177;0000054513951;00090956;00010220;00010090;00010300;00010160;0000006310544;0000006276853;0000000033691;00033691;
20170315;DI1;*;F23 ;0002885696085;0000912357673;00682476;00010340;00010190;00010430;00010290;0000005698610;0000005660318;0000000038292;00038292;
20170315;DI1;*;F24 ;0000177243177;0000056038186;00047755;00010440;00010260;00010500;00010290;0000005151994;0000005112998;0000000038996;00038996;
20170315;DI1;*;F25 ;0002305068873;0000728783355;00543161;00010440;00010290;00010540;00010370;0000004658835;0000004613430;0000000045405;00045405;
20170315;DI1;*;F26 ;0000018138826;0000005734872;00063633;00010530;00010330;00010530;00010400;0000004215958;0000004164596;0000000051362;00051362;
20170315;DI1;*;F27 ;0000967593492;0000305919723;00313889;00010540;00010360;00010610;00010440;0000003808498;0000003761863;0000000046635;00046635;
20170315;DI1;*;F28 ;0000000000000;0000000000000;00000010;00000000;00000000;00000000;00000000;0000003444670;0000003396549;0000000048121;00048121;
20170315;DI1;*;F29 ;0000000000000;0000000000000;00003310;00000000;00000000;00000000;00000000;0000003116929;0000003068758;0000000048171;00048171;
20170315;DI1;*;F30 ;0000000000000;0000000000000;00000170;00000000;00000000;00000000;00000000;0000002818251;0000002771682;0000000046569;00046569;
20170315;DI1;*;G18 ;0000000000000;0000000000000;00013890;00000000;00000000;00000000;00000000;0000009206566;0000009202878;0000000003688;00003688;
20170315;DI1;*;H18 ;0000000000000;0000000000000;00004065;00000000;00000000;00000000;00000000;0000009149128;0000009145123;0000000004005;00004005;
20170315;DI1;*;J17 ;0004751849736;0001502371158;01957247;00012130;00012129;00012135;00012129;0000009941103;0000009941107;0000000000004;00000004;
20170315;DI1;*;J18 ;0002091735894;0000661334817;00628893;00009810;00009730;00009840;00009740;0000009086454;0000009079521;0000000006933;00006933;
20170315;DI1;*;J19 ;0000957592321;0000302757697;00255912;00009700;00009530;00009710;00009580;0000008314422;0000008298285;0000000016137;00016137;
20170315;DI1;*;J20 ;0000005651206;0000001786717;00074138;00009790;00009770;00009800;00009800;0000007535011;0000007509656;0000000025355;00025355;
20170315;DI1;*;J21 ;0000004416600;0000001396377;00025585;00010130;00010000;00010130;00010000;0000006818393;0000006782827;0000000035566;00035566;
20170315;DI1;*;K17 ;0005241391245;0001657147316;00277551;00011825;00011810;00011835;00011830;0000009863355;0000009863391;0000000000036;00000036;
20170315;DI1;*;M17 ;0000466155243;0000147382226;00213774;00011565;00011555;00011565;00011555;0000009772647;0000009772490;0000000000157;00000157;
20170315;DI1;*;N17 ;0033949671504;0010733716369;02718078;00011220;00011170;00011225;00011185;0000009693197;0000009692740;0000000000457;00000457;
20170315;DI1;*;N18 ;0002867077013;0000906470964;00692646;00009670;00009570;00009710;00009620;0000008893538;0000008882884;0000000010654;00010654;
20170315;DI1;*;N19 ;0000824458017;0000260665218;00446907;00009700;00009570;00009760;00009630;0000008123184;0000008103732;0000000019452;00019452;
20170315;DI1;*;N20 ;0004197607086;0001327138729;00942792;00009960;00009830;00010040;00009900;0000007352387;0000007324536;0000000027851;00027851;
20170315;DI1;*;N21 ;0000002323529;0000000734620;00055020;00010070;00010070;00010070;00010070;0000006645097;0000006613427;0000000031670;00031670;
20170315;DI1;*;N22 ;0000000000000;0000000000000;00004145;00000000;00000000;00000000;00000000;0000006000500;0000005964569;0000000035931;00035931;
20170315;DI1;*;N23 ;0000000000000;0000000000000;00003135;00000000;00000000;00000000;00000000;0000005419911;0000005380988;0000000038923;00038923;
20170315;DI1;*;N24 ;0000000000000;0000000000000;00001550;00000000;00000000;00000000;00000000;0000004904740;0000004862669;0000000042071;00042071;
20170315;DI1;*;Q17 ;0000587935507;0000185884950;00117453;00010990;00010960;00010995;00010960;0000009614936;0000009614934;0000000000002;00000002;
20170315;DI1;*;U17 ;0000003814707;0000001206079;00037193;00010660;00010660;00010660;00010660;0000009535476;0000009534704;0000000000772;00000772;
20170315;DI1;*;V17 ;0001258472317;0000397885585;00720855;00010495;00010425;00010510;00010470;0000009470254;0000009468458;0000000001796;00001796;
20170315;DI1;*;V18 ;0000673967522;0000213085308;00598253;00009630;00009510;00009650;00009550;0000008697817;0000008683977;0000000013840;00013840;
20170315;DI1;*;V19 ;0000018954357;0000005992715;00056908;00009800;00009660;00009800;00009660;0000007918778;0000007898457;0000000020321;00020321;
20170315;DI1;*;V20 ;0000018934492;0000005986434;00045818;00010040;00009910;00010080;00009910;0000007162539;0000007135524;0000000027015;00027015;
20170315;DI1;*;V21 ;0000002251476;0000000711839;00015412;00010220;00010220;00010250;00010250;0000006479043;0000006439653;0000000039390;00039390;
20170315;DI1;*;X17 ;0000065804866;0000020805231;00018097;00010330;00010275;00010330;00010275;0000009401540;0000009399186;0000000002354;00002354;
20170315;DI1;*;Z17 ;0000003268569;0000001033409;00020670;00010110;00010110;00010110;00010110;0000009338771;0000009335508;0000000003263;00003263;
20170315;DOL;*;F18 ;0000000000000;0000000000000;00003870;00000000;00000000;00000000;00000000;0000032958010;0000033723230;0000000382610;00765220;
20170315;DOL;*;F19 ;0000000000000;0000000000000;00000000;00000000;00000000;00000000;00000000;0000034920050;0000035750120;0000000000000;00830070;
20170315;DOL;*;F20 ;0000000000000;0000000000000;00000000;00000000;00000000;00000000;00000000;0000037042130;0000037938040;0000000000000;00895910;
20170315;DOL;*;F21 ;0000000000000;0000000000000;00003100;00000000;00000000;00000000;00000000;0000039136470;0000040084870;0000000474200;00948400;
20170315;DOL;*;F25 ;0000000000000;0000000000000;00000000;00000000;00000000;00000000;00000000;0000047812600;0000049108730;0000000000000;01296130;
20170315;DOL;*;G18 ;0000000000000;0000000000000;00000000;00000000;00000000;00000000;00000000;0000033152100;0000033922190;0000000000000;00770090;
20170315;DOL;*;H18 ;0000000000000;0000000000000;00000000;00000000;00000000;00000000;00000000;0000033302140;0000034072000;0000000000000;00769860;
20170315;DOL;*;J17 ;0066573830500;0021048351355;00553331;03180500;03113000;03193500;03120000;0000031258430;0000031974590;0000000358080;00716160;
20170315;DOL;*;J18 ;0000000000000;0000000000000;00000000;00000000;00000000;00000000;00000000;0000033449870;0000034235840;0000000000000;00785970;
20170315;DOL;*;J19 ;0000000000000;0000000000000;00000050;00000000;00000000;00000000;00000000;0000035449230;0000036291980;0000000421375;00842750;
20170315;DOL;*;K17 ;0000002380125;0000000752514;00006600;03186000;03148500;03186000;03148500;0000031452060;0000032174560;0000000361250;00722500;
20170315;DOL;*;M17 ;0000032503250;0000010276408;00004875;03204000;03170000;03204000;03170000;0000031690490;0000032419440;0000000364475;00728950;
20170315;DOL;*;N17 ;0000401705375;0000127005399;00030865;03245000;03189000;03245000;03189000;0000031904400;0000032641180;0000000368390;00736780;
20170315;DOL;*;N18 ;0000000000000;0000000000000;00000620;00000000;00000000;00000000;00000000;0000033943980;0000034753380;0000000404700;00809400;
20170315;DOL;*;N19 ;0000000000000;0000000000000;00000400;00000000;00000000;00000000;00000000;0000035945170;0000036819740;0000000437285;00874570;
20170315;DOL;*;N21 ;0000000000000;0000000000000;00000000;00000000;00000000;00000000;00000000;0000040230770;0000041208380;0000000000000;00977610;
20170315;DOL;*;Q17 ;0000000000000;0000000000000;00002905;00000000;00000000;00000000;00000000;0000032098040;0000032838240;0000000370100;00740200;
20170315;DOL;*;U17 ;0000000000000;0000000000000;00000840;00000000;00000000;00000000;00000000;0000032316550;0000033063830;0000000373640;00747280;
20170315;DOL;*;V17 ;0000000000000;0000000000000;00001035;00000000;00000000;00000000;00000000;0000032471500;0000033226120;0000000377310;00754620;
20170315;DOL;*;V18 ;0000000000000;0000000000000;00000000;00000000;00000000;00000000;00000000;0000034461190;0000035283420;0000000000000;00822230;
20170315;DOL;*;V19 ;0000000000000;0000000000000;00000000;00000000;00000000;00000000;00000000;0000036520270;0000037397970;0000000000000;00877700;
20170315;DOL;*;X17 ;0000000000000;0000000000000;00000000;00000000;00000000;00000000;00000000;0000032651520;0000033410920;0000000000000;00759400;
20170315;DOL;*;Z17 ;0000000000000;0000000000000;00000000;00000000;00000000;00000000;00000000;0000032811110;0000033574170;0000000000000;00763060;
20170315;DR1;*;J7K7;0000000000000;0000000000000;00000000;00020000;00019450;00020000;00019450;0000000000000;0000000000000;0000000000000;00000000;
20170315;DR1;*;J7M7;0000000000000;0000000000000;00000000;00000000;00000000;00000000;00000000;0000000000000;0000000000000;0000000000000;00000000;
20170315;ETH;*;H17 ;0000000970200;0000000310394;00000770;00154000;00154000;00154000;00154000;0000000153000;0000000153000;0000000000000;00000000;
20170315;ETH;*;J17 ;0000000000000;0000000000000;00000025;00000000;00000000;00000000;00000000;0000000150500;0000000150500;0000000000000;00000000;
20170315;ETH;*;K17 ;0000001314000;0000000420386;00000085;00146000;00146000;00146000;00146000;0000000150000;0000000150000;0000000000000;00000000;
20170315;ETH;*;M17 ;0000000000000;0000000000000;00000200;00000000;00000000;00000000;00000000;0000000155000;0000000161500;0000000195000;00006500;
20170315;ETH;*;N17 ;0000000000000;0000000000000;00000185;00000000;00000000;00000000;00000000;0000000156000;0000000160000;0000000120000;00004000;
20170315;ETH;*;Q17 ;0000000000000;0000000000000;00000185;00000000;00000000;00000000;00000000;0000000157000;0000000162600;0000000168000;00005600;
20170315;ETH;*;U17 ;0000000000000;0000000000000;00000000;00000000;00000000;00000000;00000000;0000000163000;0000000163000;0000000000000;00000000;
20170315;ETH;*;V17 ;0000000000000;0000000000000;00000000;00000000;00000000;00000000;00000000;0000000163000;0000000163000;0000000000000;00000000;
20170315;ETH;*;X17 ;0000000000000;0000000000000;00000000;00000000;00000000;00000000;00000000;0000000163000;0000000163000;0000000000000;00000000;
20170315;ETH;*;Z17 ;0000000000000;0000000000000;00000000;00000000;00000000;00000000;00000000;0000000165000;0000000165000;0000000000000;00000000;
20170315;EUR;*;J17 ;0000037813300;0000011955263;00011954;03376700;03346000;03380400;03347600;0000033494920;0000033952920;0000000229000;00458000;
20170315;EUR;*;K17 ;0000000000000;0000000000000;00000190;00000000;00000000;00000000;00000000;0000033739250;0000034202550;0000000231650;00463300;
20170315;EUR;*;M17 ;0000000000000;0000000000000;00000000;00000000;00000000;00000000;00000000;0000034040130;0000034509240;0000000000000;00469110;
20170315;EUR;*;N17 ;0000000000000;0000000000000;00003190;00000000;00000000;00000000;00000000;0000034326930;0000034802690;0000000237880;00475760;
20170315;EUR;*;V17 ;0000000000000;0000000000000;00000000;00000000;00000000;00000000;00000000;0000035109090;0000035601080;0000000000000;00491990;
20170315;FRC;*;F18 ;0000000000000;0000000000000;00000000;00000214;00000214;00000220;00000215;0000000000215;0000000000217;0000000000001;00000002;
20170315;FRC;*;F19 ;0000000000000;0000000000000;00000000;00000263;00000258;00000264;00000258;0000000000258;0000000000264;0000000000003;00000006;
20170315;FRC;*;F20 ;0000000000000;0000000000000;00000000;00000314;00000308;00000314;00000310;0000000000308;0000000000316;0000000000004;00000008;
20170315;FRC;*;F21 ;0000000000000;0000000000000;00000000;00000360;00000358;00000364;00000358;0000000000358;0000000000367;0000000000004;00000009;
20170315;FRC;*;F22 ;0000000000000;0000000000000;00000000;00000401;00000394;00000402;00000394;0000000000394;0000000000403;0000000000004;00000009;
20170315;FRC;*;F23 ;0000000000000;0000000000000;00000000;00000431;00000431;00000431;00000431;0000000000431;0000000000440;0000000000004;00000009;
20170315;FRC;*;F24 ;0000000000000;0000000000000;00000000;00000474;00000474;00000474;00000474;0000000000468;0000000000477;0000000000004;00000009;
20170315;FRC;*;F25 ;0000000000000;0000000000000;00000000;00000000;00000000;00000000;00000000;0000000000502;0000000000512;0000000000000;00000010;
20170315;FRC;*;F26 ;0000000000000;0000000000000;00000000;00000000;00000000;00000000;00000000;0000000000540;0000000000550;0000000000000;00000010;
20170315;FRC;*;F27 ;0000000000000;0000000000000;00000000;00000000;00000000;00000000;00000000;0000000000578;0000000000588;0000000000000;00000010;
20170315;FRC;*;F28 ;0000000000000;0000000000000;00000000;00000000;00000000;00000000;00000000;0000000000609;0000000000619;0000000000000;00000010;
20170315;FRC;*;F29 ;0000000000000;0000000000000;00000000;00000000;00000000;00000000;00000000;0000000000640;0000000000650;0000000000000;00000010;
20170315;FRC;*;F30 ;0000000000000;0000000000000;00000000;00000000;00000000;00000000;00000000;0000000000669;0000000000679;0000000000000;00000010;
20170315;FRC;*;G18 ;0000000000000;0000000000000;00000000;00000000;00000000;00000000;00000000;0000000000214;0000000000216;0000000000000;00000002;
20170315;FRC;*;H18 ;0000000000000;0000000000000;00000000;00000000;00000000;00000000;00000000;0000000000216;0000000000218;0000000000000;00000002;
20170315;FRC;*;J18 ;0000000000000;0000000000000;00000000;00000221;00000221;00000221;00000221;0000000000221;0000000000223;0000000000001;00000002;
20170315;FRC;*;J19 ;0000000000000;0000000000000;00000000;00000268;00000268;00000268;00000268;0000000000268;0000000000274;0000000000003;00000006;
20170315;FRC;*;J20 ;0000000000000;0000000000000;00000000;00000328;00000320;00000328;00000320;0000000000320;0000000000330;0000000000005;00000010;
20170315;FRC;*;J21 ;0000000000000;0000000000000;00000000;00000000;00000000;00000000;00000000;0000000000370;0000000000379;0000000000000;00000009;
20170315;FRC;*;K17 ;0000000000000;0000000000000;00000000;00000197;00000192;00000208;00000203;0000000000208;0000000000200;0000000000004;00000008;
20170315;FRC;*;M17 ;0000000000000;0000000000000;00000000;00000193;00000193;00000206;00000206;0000000000206;0000000000201;0000000000002;00000005;
20170315;FRC;*;N17 ;0000000000000;0000000000000;00000000;00000182;00000180;00000190;00000190;0000000000190;0000000000185;0000000000002;00000005;
20170315;FRC;*;N18 ;0000000000000;0000000000000;00000000;00000000;00000000;00000000;00000000;0000000000232;0000000000235;0000000000000;00000003;
20170315;FRC;*;N19 ;0000000000000;0000000000000;00000000;00000286;00000282;00000286;00000282;0000000000282;0000000000287;0000000000002;00000005;
20170315;FRC;*;N20 ;0000000000000;0000000000000;00000000;00000332;00000332;00000332;00000332;0000000000332;0000000000342;0000000000005;00000010;
20170315;FRC;*;N21 ;0000000000000;0000000000000;00000000;00000000;00000000;00000000;00000000;0000000000377;0000000000386;0000000000000;00000009;
20170315;FRC;*;Q17 ;0000000000000;0000000000000;00000000;00000206;00000206;00000206;00000206;0000000000206;0000000000202;0000000000002;00000004;
20170315;FRC;*;U17 ;0000000000000;0000000000000;00000000;00000200;00000200;00000200;00000200;0000000000200;0000000000197;0000000000001;00000003;
20170315;FRC;*;V17 ;0000000000000;0000000000000;00000000;00000203;00000203;00000208;00000208;0000000000208;0000000000205;0000000000001;00000003;
20170315;FRC;*;V18 ;0000000000000;0000000000000;00000000;00000242;00000242;00000242;00000242;0000000000242;0000000000247;0000000000002;00000005;
20170315;FRC;*;V19 ;0000000000000;0000000000000;00000000;00000294;00000294;00000294;00000294;0000000000294;0000000000301;0000000000003;00000007;
20170315;FRC;*;V20 ;0000000000000;0000000000000;00000000;00000343;00000343;00000343;00000343;0000000000343;0000000000354;0000000000005;00000011;
20170315;FRC;*;V21 ;0000000000000;0000000000000;00000000;00000000;00000000;00000000;00000000;0000000000384;0000000000393;0000000000000;00000009;
20170315;FRC;*;X17 ;0000000000000;0000000000000;00000000;00000202;00000202;00000208;00000208;0000000000208;0000000000207;0000000000000;00000001;
20170315;FRC;*;Z17 ;0000000000000;0000000000000;00000000;00000207;00000207;00000210;00000210;0000000000210;0000000000210;0000000000000;00000000;
20170315;FRO;*;F18 ;0000000000000;0000000000000;00000000;00000000;00000000;00000000;00000000;0000000000217;0000000000219;0000000000000;00000002;
20170315;FRO;*;F19 ;0000000000000;0000000000000;00000000;00000000;00000000;00000000;00000000;0000000000259;0000000000265;0000000000000;00000006;
20170315;FRO;*;F20 ;0000000000000;0000000000000;00000000;00000000;00000000;00000000;00000000;0000000000310;0000000000318;0000000000000;00000008;
20170315;FRO;*;F21 ;0000000000000;0000000000000;00000000;00000000;00000000;00000000;00000000;0000000000360;0000000000369;0000000000000;00000009;
20170315;FRO;*;F22 ;0000000000000;0000000000000;00000000;00000000;00000000;00000000;00000000;0000000000396;0000000000405;0000000000000;00000009;
20170315;FRO;*;F23 ;0000000000000;0000000000000;00000000;00000000;00000000;00000000;00000000;0000000000433;0000000000442;0000000000000;00000009;
20170315;FRO;*;F24 ;0000000000000;0000000000000;00000000;00000000;00000000;00000000;00000000;0000000000470;0000000000479;0000000000000;00000009;
20170315;FRO;*;F25 ;0000000000000;0000000000000;00000000;00000000;00000000;00000000;00000000;0000000000504;0000000000514;0000000000000;00000010;
20170315;FRO;*;F26 ;0000000000000;0000000000000;00000000;00000000;00000000;00000000;00000000;0000000000542;0000000000552;0000000000000;00000010;
20170315;FRO;*;F27 ;0000000000000;0000000000000;00000000;00000000;00000000;00000000;00000000;0000000000580;0000000000591;0000000000000;00000011;
20170315;FRO;*;F28 ;0000000000000;0000000000000;00000000;00000000;00000000;00000000;00000000;0000000000612;0000000000622;0000000000000;00000010;
20170315;FRO;*;F29 ;0000000000000;0000000000000;00000000;00000000;00000000;00000000;00000000;0000000000643;0000000000653;0000000000000;00000010;
20170315;FRO;*;F30 ;0000000000000;0000000000000;00000000;00000000;00000000;00000000;00000000;0000000000672;0000000000682;0000000000000;00000010;
20170315;FRO;*;G18 ;0000000000000;0000000000000;00000000;00000000;00000000;00000000;00000000;0000000000216;0000000000218;0000000000000;00000002;
20170315;FRO;*;H18 ;0000000000000;0000000000000;00000000;00000000;00000000;00000000;00000000;0000000000217;0000000000220;0000000000000;00000003;
20170315;FRO;*;J18 ;0000000000000;0000000000000;00000000;00000000;00000000;00000000;00000000;0000000000222;0000000000225;0000000000000;00000003;
20170315;FRO;*;J19 ;0000000000000;0000000000000;00000000;00000000;00000000;00000000;00000000;0000000000269;0000000000275;0000000000000;00000006;
20170315;FRO;*;J20 ;0000000000000;0000000000000;00000000;00000000;00000000;00000000;00000000;0000000000322;0000000000332;0000000000000;00000010;
20170315;FRO;*;J21 ;0000000000000;0000000000000;00000000;00000000;00000000;00000000;00000000;0000000000372;0000000000381;0000000000000;00000009;
20170315;FRO;*;K17 ;0000000000000;0000000000000;00000000;00000000;00000000;00000000;00000000;0000000000210;0000000000202;0000000000000;00000008;
20170315;FRO;*;M17 ;0000000000000;0000000000000;00000000;00000000;00000000;00000000;00000000;0000000000208;0000000000203;0000000000000;00000005;
20170315;FRO;*;N17 ;0000000000000;0000000000000;00000000;00000000;00000000;00000000;00000000;0000000000192;0000000000187;0000000000000;00000005;
20170315;FRO;*;N18 ;0000000000000;0000000000000;00000000;00000000;00000000;00000000;00000000;0000000000233;0000000000236;0000000000000;00000003;
20170315;FRO;*;N19 ;0000000000000;0000000000000;00000000;00000000;00000000;00000000;00000000;0000000000284;0000000000289;0000000000000;00000005;
20170315;FRO;*;N20 ;0000000000000;0000000000000;00000000;00000000;00000000;00000000;00000000;0000000000334;0000000000344;0000000000000;00000010;
20170315;FRO;*;N21 ;0000000000000;0000000000000;00000000;00000000;00000000;00000000;00000000;0000000000379;0000000000388;0000000000000;00000009;
20170315;FRO;*;Q17 ;0000000000000;0000000000000;00000000;00000000;00000000;00000000;00000000;0000000000208;0000000000204;0000000000000;00000004;
20170315;FRO;*;U17 ;0000000000000;0000000000000;00000000;00000000;00000000;00000000;00000000;0000000000202;0000000000199;0000000000000;00000003;
20170315;FRO;*;V17 ;0000000000000;0000000000000;00000000;00000000;00000000;00000000;00000000;0000000000210;0000000000207;0000000000000;00000003;
20170315;FRO;*;V18 ;0000000000000;0000000000000;00000000;00000000;00000000;00000000;00000000;0000000000243;0000000000248;0000000000000;00000005;
20170315;FRO;*;V19 ;0000000000000;0000000000000;00000000;00000000;00000000;00000000;00000000;0000000000296;0000000000303;0000000000000;00000007;
20170315;FRO;*;V20 ;0000000000000;0000000000000;00000000;00000000;00000000;00000000;00000000;0000000000345;0000000000356;0000000000000;00000011;
20170315;FRO;*;V21 ;0000000000000;0000000000000;00000000;00000000;00000000;00000000;00000000;0000000000386;0000000000395;0000000000000;00000009;
20170315;FRO;*;X17 ;0000000000000;0000000000000;00000000;00000000;00000000;00000000;00000000;0000000000210;0000000000209;0000000000000;00000001;
20170315;FRO;*;Z17 ;0000000000000;0000000000000;00000000;00000000;00000000;00000000;00000000;0000000000212;0000000000212;0000000000000;00000000;
20170315;FRP;*;FRP0;0000000000000;0000000000000;00000000;00001520;00001450;00001530;00001520;0000000000000;0000000000000;0000000000000;00000000;
20170315;GBP;*;J17 ;0000000000000;0000000000000;00000961;00000000;00000000;00000000;00000000;0000038439640;0000038901510;0000000161654;00461870;
20170315;GBP;*;K17 ;0000000000000;0000000000000;00000005;00000000;00000000;00000000;00000000;0000038698710;0000039166130;0000000163597;00467420;
20170315;GBP;*;M17 ;0000030048210;0000009500209;00000200;03902300;03902300;03902400;03902400;0000039020240;0000039493440;0000000165620;00473200;
20170315;HSI;*;H17 ;0000000000000;0000000000000;00000000;00000000;00000000;00000000;00000000;0000000023778;0000000023784;0000000000000;00000006;
20170315;HSI;*;J17 ;0000000000000;0000000000000;00000000;00000000;00000000;00000000;00000000;0000000023784;0000000023792;0000000000000;00000008;
20170315;IAP;*;H17 ;0000000000000;0000000000000;00000000;00000000;00000000;00000000;00000000;0000000480967;0000000480967;0000000000000;00000000;
20170315;IAP;*;J17 ;0000000000000;0000000000000;00000000;00000000;00000000;00000000;00000000;0000000482095;0000000482230;0000000000000;00000135;
20170315;IAP;*;K17 ;0000000000000;0000000000000;00000000;00000000;00000000;00000000;00000000;0000000484385;0000000484399;0000000000000;00000014;
20170315;IAP;*;K19 ;0000000000000;0000000000000;00000000;00000000;00000000;00000000;00000000;0000000526405;0000000526517;0000000000000;00000112;
20170315;IAP;*;K21 ;0000000000000;0000000000000;00000000;00000000;00000000;00000000;00000000;0000000577351;0000000578920;0000000000000;00001569;
20170315;IAP;*;M17 ;0000000000000;0000000000000;00000000;00000000;00000000;00000000;00000000;0000000485979;0000000486300;0000000000000;00000321;
20170315;IAP;*;Q18 ;0000000000000;0000000000000;00000000;00000000;00000000;00000000;00000000;0000000508962;0000000509158;0000000000000;00000196;
20170315;IAP;*;Q20 ;0000000000000;0000000000000;00000000;00000000;00000000;00000000;00000000;0000000558915;0000000559429;0000000000000;00000514;
20170315;IAP;*;Q22 ;0000000000000;0000000000000;00000000;00000000;00000000;00000000;00000000;0000000612201;0000000614470;0000000000000;00002269;
20170315;ICF;*;H17 ;0000000000000;0000000000000;00000127;00000000;00000000;00000000;00000000;0000000015860;0000000015915;0000000017191;00000055;
20170315;ICF;*;H18 ;0000000000000;0000000000000;00000000;00000000;00000000;00000000;00000000;0000000018330;0000000018370;0000000000000;00000040;
20170315;ICF;*;K17 ;0000000102851;0000000032905;00000102;00016450;00016450;00016455;00016455;0000000016840;0000000016890;0000000015628;00000050;
20170315;ICF;*;N17 ;0000000000000;0000000000000;00000100;00000000;00000000;00000000;00000000;0000000017070;0000000017120;0000000015628;00000050;
20170315;ICF;*;U17 ;0000008699198;0000002783120;00004370;00017400;00017245;00017510;00017335;0000000017330;0000000017380;0000000015628;00000050;
20170315;ICF;*;U18 ;0000000631532;0000000202045;00000356;00018405;00018360;00018405;00018360;0000000018165;0000000018195;0000000009377;00000030;
20170315;ICF;*;Z17 ;0000000000000;0000000000000;00000192;00000000;00000000;00000000;00000000;0000000017895;0000000017940;0000000014065;00000045;
20170315;ICF;*;Z18 ;0000000000000;0000000000000;00000029;00000000;00000000;00000000;00000000;0000000018335;0000000018360;0000000007814;00000025;
20170315;IGM;*;K17 ;0000000000000;0000000000000;00000000;00000000;00000000;00000000;00000000;0000000668751;0000000668885;0000000002680;00000134;
20170315;IGM;*;K19 ;0000000000000;0000000000000;00000000;00000000;00000000;00000000;00000000;0000000718669;0000000719827;0000000000000;00001158;
20170315;IGM;*;K21 ;0000000000000;0000000000000;00000000;00000000;00000000;00000000;00000000;0000000789482;0000000792675;0000000000000;00003193;
20170315;IGM;*;Q18 ;0000000000000;0000000000000;00000000;00000000;00000000;00000000;00000000;0000000695992;0000000696727;0000000000000;00000735;
20170315;IGM;*;Q20 ;0000000000000;0000000000000;00000000;00000000;00000000;00000000;00000000;0000000762022;0000000764299;0000000000000;00002277;
20170315;IND;*;G18 ;0000000000000;0000000000000;00000000;00000000;00000000;00000000;00000000;0000000071511;0000000069985;0000000000000;00001526;
20170315;IND;*;J17 ;0006578512800;0002079899080;00255110;00065895;00065060;00066970;00066850;0000000066771;0000000065373;0000000139800;00001398;
20170315;IND;*;J18 ;0000000000000;0000000000000;00000000;00000000;00000000;00000000;00000000;0000000072460;0000000070933;0000000000000;00001527;
20170315;IND;*;M17 ;0000050882000;0000016087135;00030450;00066200;00066200;00066800;00066800;0000000067859;0000000066438;0000000142100;00001421;
20170315;IND;*;M18 ;0000000000000;0000000000000;00001080;00000000;00000000;00000000;00000000;0000000073302;0000000071766;0000000153600;00001536;
20170315;IND;*;Q17 ;0000000000000;0000000000000;00002205;00000000;00000000;00000000;00000000;0000000068876;0000000067448;0000000142800;00001428;
20170315;IND;*;Q18 ;0000000000000;0000000000000;00000000;00000000;00000000;00000000;00000000;0000000074330;0000000072780;0000000000000;00001550;
20170315;IND;*;V17 ;0000000000000;0000000000000;00000950;00000000;00000000;00000000;00000000;0000000069771;0000000068325;0000000144600;00001446;
20170315;IND;*;V18 ;0000000000000;0000000000000;00000000;00000000;00000000;00000000;00000000;0000000075338;0000000073770;0000000000000;00001568;
20170315;IND;*;Z17 ;0000004152000;0000001312719;00012530;00069200;00069200;00069200;00069200;0000000070621;0000000069124;0000000149700;00001497;
20170315;IND;*;Z18 ;0000000000000;0000000000000;00000035;00000000;00000000;00000000;00000000;0000000076257;0000000074663;0000000159400;00001594;
20170315;IR1;*;J7M7;0000000000000;0000000000000;00000000;00001080;00001080;00001080;00001080;0000000000000;0000000000000;0000000000000;00000000;
20170315;ISP;*;H17 ;0000126049948;0000040326950;00001553;00237075;00237000;00239025;00237000;0000000238375;0000000236650;0000000269591;00001725;
20170315;ISP;*;M17 ;0000170456221;0000054533775;00001601;00236750;00236725;00238675;00237975;0000000238050;0000000236300;0000000273498;00001750;
20170315;ISP;*;U17 ;0000000000000;0000000000000;00000000;00000000;00000000;00000000;00000000;0000000237775;0000000236050;0000000000000;00001725;
20170315;ISP;*;Z17 ;0000000000000;0000000000000;00000000;00000000;00000000;00000000;00000000;0000000237575;0000000235825;0000000000000;00001750;
20170315;JPY;*;J17 ;0000010340555;0000003269327;00001661;02752400;02752400;02758400;02758400;0000027584000;0000027886700;0000000151350;00302700;
20170315;JPY;*;K17 ;0000000000000;0000000000000;00000189;00000000;00000000;00000000;00000000;0000027777500;0000028084200;0000000153350;00306700;
20170315;JPY;*;M17 ;0000000000000;0000000000000;00000000;00000000;00000000;00000000;00000000;0000028017200;0000028327300;0000000000000;00310100;
20170315;JPY;*;N17 ;0000083508350;0000026402463;00001013;02829900;02829900;02830800;02830800;0000028246400;0000028561900;0000000157750;00315500;
20170315;JSE;*;H17 ;0000000000000;0000000000000;00000000;00000000;00000000;00000000;00000000;0000000044707;0000000044602;0000000000000;00000105;
20170315;JSE;*;M17 ;0000000000000;0000000000000;00000000;00000000;00000000;00000000;00000000;0000000045198;0000000045092;0000000000000;00000106;
20170315;MIX;*;H17 ;0000000000000;0000000000000;00000000;00000000;00000000;00000000;00000000;0000000001996;0000000002000;0000000000000;00000004;
20170315;MIX;*;M17 ;0000000000000;0000000000000;00000000;00000000;00000000;00000000;00000000;0000000002031;0000000002035;0000000000000;00000004;
20170315;MXN;*;J17 ;0000019127422;0000006047432;00000729;01624600;01622000;01624800;01623200;0000016186690;0000016180160;0000000004897;00006530;
20170315;MXN;*;K17 ;0000000000000;0000000000000;00000019;00000000;00000000;00000000;00000000;0000016212340;0000016206280;0000000004545;00006060;
20170315;MXN;*;M17 ;0000000000000;0000000000000;00000000;00000000;00000000;00000000;00000000;0000016259200;0000016252920;0000000000000;00006280;
20170315;NZD;*;J17 ;0000000164550;0000000052025;00000066;02194000;02194000;02194000;02194000;0000021972910;0000022138880;0000000124477;00165970;
20170315;NZD;*;K17 ;0000000000000;0000000000000;00000000;00000000;00000000;00000000;00000000;0000022080990;0000022262900;0000000000000;00181910;
20170315;NZD;*;M17 ;0000000000000;0000000000000;00000000;00000000;00000000;00000000;00000000;0000022228450;0000022411830;0000000000000;00183380;
20170315;OC1;*;F18 ;0000000000000;0000000000000;00000000;00000000;00000000;00000000;00000000;0000009275511;0000009271209;0000000000000;00004302;
20170315;OC1;*;F19 ;0000000000000;0000000000000;00000000;00000000;00000000;00000000;00000000;0000008506123;0000008491690;0000000000000;00014433;
20170315;OC1;*;F20 ;0000000000000;0000000000000;00000000;00000000;00000000;00000000;00000000;0000007721632;0000007696640;0000000000000;00024992;
20170315;OC1;*;F21 ;0000000000000;0000000000000;00000000;00000000;00000000;00000000;00000000;0000006981619;0000006953395;0000000000000;00028224;
20170315;OC1;*;F22 ;0000000000000;0000000000000;00000000;00000000;00000000;00000000;00000000;0000006305891;0000006272231;0000000000000;00033660;
20170315;OC1;*;F23 ;0000000000000;0000000000000;00000000;00000000;00000000;00000000;00000000;0000005693539;0000005655288;0000000000000;00038251;
20170315;OC1;*;F24 ;0000000000000;0000000000000;00000000;00000000;00000000;00000000;00000000;0000005146628;0000005107366;0000000000000;00039262;
20170315;OC1;*;F25 ;0000000000000;0000000000000;00000000;00000000;00000000;00000000;00000000;0000004653262;0000004607594;0000000000000;00045668;
20170315;OC1;*;F26 ;0000000000000;0000000000000;00000000;00000000;00000000;00000000;00000000;0000004210264;0000004158649;0000000000000;00051615;
20170315;OC1;*;F27 ;0000000000000;0000000000000;00000000;00000000;00000000;00000000;00000000;0000003802775;0000003755886;0000000000000;00046889;
20170315;OC1;*;F28 ;0000000000000;0000000000000;00000000;00000000;00000000;00000000;00000000;0000003438967;0000003390603;0000000000000;00048364;
20170315;OC1;*;F29 ;0000000000000;0000000000000;00000000;00000000;00000000;00000000;00000000;0000003110965;0000003062894;0000000000000;00048071;
20170315;OC1;*;F30 ;0000000000000;0000000000000;00000000;00000000;00000000;00000000;00000000;0000002812405;0000002765940;0000000000000;00046465;
20170315;OC1;*;G18 ;0000000000000;0000000000000;00000000;00000000;00000000;00000000;00000000;0000009205317;0000009201631;0000000000000;00003686;
20170315;OC1;*;H18 ;0000000000000;0000000000000;00000000;00000000;00000000;00000000;00000000;0000009147864;0000009143781;0000000000000;00004083;
20170315;OC1;*;J17 ;0000000000000;0000000000000;00029800;00000000;00000000;00000000;00000000;0000009941012;0000009941016;0000000000004;00000004;
20170315;OC1;*;J18 ;0000000000000;0000000000000;00000000;00000000;00000000;00000000;00000000;0000009085088;0000009078073;0000000000000;00007015;
20170315;OC1;*;J19 ;0000000000000;0000000000000;00000000;00000000;00000000;00000000;00000000;0000008311965;0000008295837;0000000000000;00016128;
20170315;OC1;*;J20 ;0000000000000;0000000000000;00000000;00000000;00000000;00000000;00000000;0000007531683;0000007506136;0000000000000;00025547;
20170315;OC1;*;J21 ;0000000000000;0000000000000;00000000;00000000;00000000;00000000;00000000;0000006814154;0000006778616;0000000000000;00035538;
20170315;OC1;*;K17 ;0000000000000;0000000000000;00000000;00000000;00000000;00000000;00000000;0000009863138;0000009863174;0000000000000;00000036;
20170315;OC1;*;M17 ;0000000000000;0000000000000;00000000;00000000;00000000;00000000;00000000;0000009772297;0000009772140;0000000000000;00000157;
20170315;OC1;*;N17 ;0000000000000;0000000000000;00000000;00000000;00000000;00000000;00000000;0000009692710;0000009692254;0000000000000;00000456;
20170315;OC1;*;N18 ;0000000000000;0000000000000;00000000;00000000;00000000;00000000;00000000;0000008891874;0000008881224;0000000000000;00010650;
20170315;OC1;*;N19 ;0000000000000;0000000000000;00000000;00000000;00000000;00000000;00000000;0000008120493;0000008101051;0000000000000;00019442;
20170315;OC1;*;N20 ;0000000000000;0000000000000;00000000;00000000;00000000;00000000;00000000;0000007348663;0000007320831;0000000000000;00027832;
20170315;OC1;*;N21 ;0000000000000;0000000000000;00000000;00000000;00000000;00000000;00000000;0000006640716;0000006609071;0000000000000;00031645;
20170315;OC1;*;N22 ;0000000000000;0000000000000;00000000;00000000;00000000;00000000;00000000;0000005995623;0000005959728;0000000000000;00035895;
20170315;OC1;*;N23 ;0000000000000;0000000000000;00000000;00000000;00000000;00000000;00000000;0000005414678;0000005375494;0000000000000;00039184;
20170315;OC1;*;N24 ;0000000000000;0000000000000;00000000;00000000;00000000;00000000;00000000;0000004899260;0000004856924;0000000000000;00042336;
20170315;OC1;*;Q17 ;0000000000000;0000000000000;00000000;00000000;00000000;00000000;00000000;0000009614348;0000009614346;0000000000000;00000002;
20170315;OC1;*;U17 ;0000000000000;0000000000000;00000000;00000000;00000000;00000000;00000000;0000009534750;0000009533979;0000000000000;00000771;
20170315;OC1;*;V17 ;0000000000000;0000000000000;00000000;00000000;00000000;00000000;00000000;0000009469409;0000009467613;0000000000000;00001796;
20170315;OC1;*;V18 ;0000000000000;0000000000000;00000000;00000000;00000000;00000000;00000000;0000008695866;0000008682032;0000000000000;00013834;
20170315;OC1;*;V19 ;0000000000000;0000000000000;00000000;00000000;00000000;00000000;00000000;0000007915853;0000007895545;0000000000000;00020308;
20170315;OC1;*;V20 ;0000000000000;0000000000000;00000000;00000000;00000000;00000000;00000000;0000007158628;0000007131632;0000000000000;00026996;
20170315;OC1;*;V21 ;0000000000000;0000000000000;00000000;00000000;00000000;00000000;00000000;0000006474513;0000006435157;0000000000000;00039356;
20170315;OC1;*;X17 ;0000000000000;0000000000000;00000000;00000000;00000000;00000000;00000000;0000009400626;0000009398273;0000000000000;00002353;
20170315;OC1;*;Z17 ;0000000000000;0000000000000;00000000;00000000;00000000;00000000;00000000;0000009337747;0000009334486;0000000000000;00003261;
20170315;OZ1;*;0000;0000000453296;0000000143317;00000000;00121000;00121000;00121000;00121000;0000000121000;0000000121520;0000000000000;00000800;
20170315;OZ1;*;J17 ;0000000000000;0000000000000;00000000;00000000;00000000;00000000;00000000;0000000121662;0000000122522;0000000000000;00000860;
20170315;OZ1;*;K17 ;0000000000000;0000000000000;00000000;00000000;00000000;00000000;00000000;0000000122623;0000000123489;0000000000000;00000866;
20170315;OZ2;*;0000;0000000060779;0000000019216;00000000;00122000;00120200;00122001;00120200;0000000121680;0000000121406;0000000000000;00001800;
20170315;OZ3;*;0000;0000000004363;0000000001379;00000000;00121500;00120000;00121500;00120000;0000000121199;0000000121124;0000000000000;00001500;
20170315;RSP;*;H7M7;0000000000000;0000000000000;00000000;00000305;00000320;00000260;00000270;0000000000000;0000000000000;0000000000000;00000000;
20170315;SCS;*;J703;0000000000000;0000000000000;00194220;00000000;00000000;00000000;00000000;0000000000000;0000000000000;0000000000000;00000000;
20170315;SCS;*;K702;0000000000000;0000000000000;00127785;00000000;00000000;00000000;00000000;0000000000000;0000000000000;0000000000000;00000000;
20170315;SCS;*;M701;0000000000000;0000000000000;00026000;00000000;00000000;00000000;00000000;0000000000000;0000000000000;0000000000000;00000000;
20170315;SCS;*;N703;0000000000000;0000000000000;00091470;00000000;00000000;00000000;00000000;0000000000000;0000000000000;0000000000000;00000000;
20170315;SFI;*;K17 ;0000000000000;0000000000000;00000000;00000000;00000000;00000000;00000000;0000000002135;0000000002138;0000000000000;00000003;
20170315;SFI;*;N17 ;0000000000000;0000000000000;00000000;00000000;00000000;00000000;00000000;0000000002156;0000000002158;0000000000000;00000002;
20170315;SFI;*;X17 ;0000000000000;0000000000000;00000000;00000000;00000000;00000000;00000000;0000000002118;0000000002121;0000000000000;00000003;
20170315;SJC;*;F18 ;0000000000000;0000000000000;00000000;00000000;00000000;00000000;00000000;0000000220018;0000000220348;0000000000000;00000330;
20170315;SJC;*;H18 ;0000000000000;0000000000000;00000000;00000000;00000000;00000000;00000000;0000000220624;0000000220844;0000000000000;00000220;
20170315;SJC;*;K17 ;0000001524673;0000000487786;00000946;00002213;00002197;00002217;00002197;0000000220018;0000000220293;0000000003868;00000275;
20170315;SJC;*;K18 ;0000000000000;0000000000000;00000000;00000000;00000000;00000000;00000000;0000000221230;0000000221451;0000000000000;00000221;
20170315;SJC;*;N17 ;0000000000000;0000000000000;00000195;00000000;00000000;00000000;00000000;0000000222222;0000000222443;0000000003108;00000221;
20170315;SJC;*;Q17 ;0000000000000;0000000000000;00000000;00000000;00000000;00000000;00000000;0000000222388;0000000222663;0000000000000;00000275;
20170315;SJC;*;U17 ;0000000000000;0000000000000;00000000;00000000;00000000;00000000;00000000;0000000220348;0000000220679;0000000000000;00000331;
20170315;SJC;*;X17 ;0000000000000;0000000000000;00000448;00000000;00000000;00000000;00000000;0000000218915;0000000219246;0000000004655;00000331;
20170315;TRY;*;J17 ;0000000063375;0000000020037;00000465;00845000;00845000;00845000;00845000;0000008446870;0000008496870;0000000037500;00050000;
20170315;TRY;*;K17 ;0000000000000;0000000000000;00000000;00000000;00000000;00000000;00000000;0000008430410;0000008482440;0000000000000;00052030;
20170315;TRY;*;M17 ;0000000000000;0000000000000;00000000;00000000;00000000;00000000;00000000;0000008413050;0000008465470;0000000000000;00052420;
20170315;T10;*;M17 ;0000098391617;0000031108039;00002855;00122984;00122984;00123984;00123813;0000001237343;0000001228750;0000000271787;00008593;
20170315;T10;*;U17 ;0000000000000;0000000000000;00000000;00000000;00000000;00000000;00000000;0000001231093;0000001222343;0000000000000;00008750;
20170315;WDO;*;F18 ;0000000000000;0000000000000;00000000;00000000;00000000;00000000;00000000;0000032958010;0000033723230;0000000000000;00765220;
20170315;WDO;*;F19 ;0000000000000;0000000000000;00000000;00000000;00000000;00000000;00000000;0000034920050;0000035750120;0000000000000;00830070;
20170315;WDO;*;F20 ;0000000000000;0000000000000;00000000;00000000;00000000;00000000;00000000;0000037042130;0000037938040;0000000000000;00895910;
20170315;WDO;*;F21 ;0000000000000;0000000000000;00000000;00000000;00000000;00000000;00000000;0000039136470;0000040084870;0000000000000;00948400;
20170315;WDO;*;F25 ;0000000000000;0000000000000;00000000;00000000;00000000;00000000;00000000;0000047812600;0000049108730;0000000000000;01296130;
20170315;WDO;*;G18 ;0000000000000;0000000000000;00000000;00000000;00000000;00000000;00000000;0000033152100;0000033922190;0000000000000;00770090;
20170315;WDO;*;H18 ;0000000000000;0000000000000;00000000;00000000;00000000;00000000;00000000;0000033302140;0000034072000;0000000000000;00769860;
20170315;WDO;*;J17 ;0021846124010;0006906991688;00031396;03181000;03113000;03193000;03118500;0000031258430;0000031974590;0000000071616;00716160;
20170315;WDO;*;J18 ;0000000000000;0000000000000;00000000;00000000;00000000;00000000;00000000;0000033449870;0000034235840;0000000000000;00785970;
20170315;WDO;*;J19 ;0000000000000;0000000000000;00000000;00000000;00000000;00000000;00000000;0000035449230;0000036291980;0000000000000;00842750;
20170315;WDO;*;K17 ;0000002827280;0000000893889;00000172;03195500;03142000;03203000;03143000;0000031452060;0000032174560;0000000072250;00722500;
20170315;WDO;*;M17 ;0000000159550;0000000050444;00000001;03191000;03191000;03191000;03191000;0000031690490;0000032419440;0000000072895;00728950;
20170315;WDO;*;N17 ;0000000032200;0000000010181;00000001;03220000;03220000;03220000;03220000;0000031904400;0000032641180;0000000073678;00736780;
20170315;WDO;*;N18 ;0000000000000;0000000000000;00000000;00000000;00000000;00000000;00000000;0000033943980;0000034753380;0000000000000;00809400;
20170315;WDO;*;N19 ;0000000000000;0000000000000;00000000;00000000;00000000;00000000;00000000;0000035945170;0000036819740;0000000000000;00874570;
20170315;WDO;*;N21 ;0000000000000;0000000000000;00000000;00000000;00000000;00000000;00000000;0000040230770;0000041208380;0000000000000;00977610;
20170315;WDO;*;Q17 ;0000000000000;0000000000000;00000000;00000000;00000000;00000000;00000000;0000032098040;0000032838240;0000000000000;00740200;
20170315;WDO;*;U17 ;0000000000000;0000000000000;00000000;00000000;00000000;00000000;00000000;0000032316550;0000033063830;0000000000000;00747280;
20170315;WDO;*;V17 ;0000000000000;0000000000000;00000000;00000000;00000000;00000000;00000000;0000032471500;0000033226120;0000000000000;00754620;
20170315;WDO;*;V18 ;0000000000000;0000000000000;00000000;00000000;00000000;00000000;00000000;0000034461190;0000035283420;0000000000000;00822230;
20170315;WDO;*;V19 ;0000000000000;0000000000000;00000000;00000000;00000000;00000000;00000000;0000036520270;0000037397970;0000000000000;00877700;
20170315;WDO;*;X17 ;0000000000000;0000000000000;00000000;00000000;00000000;00000000;00000000;0000032651520;0000033410920;0000000000000;00759400;
20170315;WDO;*;Z17 ;0000000000000;0000000000000;00000000;00000000;00000000;00000000;00000000;0000032811110;0000033574170;0000000000000;00763060;
20170315;WEU;*;J17 ;0000000000000;0000000000000;00000000;00000000;00000000;00000000;00000000;0000033494920;0000033952920;0000000000000;00458000;
20170315;WEU;*;K17 ;0000000000000;0000000000000;00000000;00000000;00000000;00000000;00000000;0000033739250;0000034202550;0000000000000;00463300;
20170315;WEU;*;M17 ;0000000000000;0000000000000;00000000;00000000;00000000;00000000;00000000;0000034040130;0000034509240;0000000000000;00469110;
20170315;WEU;*;N17 ;0000000000000;0000000000000;00000000;00000000;00000000;00000000;00000000;0000034326930;0000034802690;0000000000000;00475760;
20170315;WEU;*;V17 ;0000000000000;0000000000000;00000000;00000000;00000000;00000000;00000000;0000035109090;0000035601080;0000000000000;00491990;
20170315;WIN;*;G18 ;0000000000000;0000000000000;00000000;00000000;00000000;00000000;00000000;0000000071511;0000000069985;0000000000000;00001526;
20170315;WIN;*;J17 ;0014554088394;0004601501279;00062842;00065820;00065060;00066980;00066850;0000000066771;0000000065373;0000000027960;00001398;
20170315;WIN;*;J18 ;0000000000000;0000000000000;00000000;00000000;00000000;00000000;00000000;0000000072460;0000000070933;0000000000000;00001527;
20170315;WIN;*;M17 ;0000000068000;0000000021499;00000013;00068000;00068000;00068000;00068000;0000000067859;0000000066438;0000000028420;00001421;
20170315;WIN;*;M18 ;0000000000000;0000000000000;00000000;00000000;00000000;00000000;00000000;0000000073302;0000000071766;0000000000000;00001536;
20170315;WIN;*;Q17 ;0000000000000;0000000000000;00000000;00000000;00000000;00000000;00000000;0000000068876;0000000067448;0000000000000;00001428;
20170315;WIN;*;Q18 ;0000000000000;0000000000000;00000000;00000000;00000000;00000000;00000000;0000000074330;0000000072780;0000000000000;00001550;
20170315;WIN;*;V17 ;0000000000000;0000000000000;00000000;00000000;00000000;00000000;00000000;0000000069771;0000000068325;0000000000000;00001446;
20170315;WIN;*;V18 ;0000000000000;0000000000000;00000000;00000000;00000000;00000000;00000000;0000000075338;0000000073770;0000000000000;00001568;
20170315;WIN;*;Z17 ;0000000000000;0000000000000;00000000;00000000;00000000;00000000;00000000;0000000070621;0000000069124;0000000000000;00001497;
20170315;WIN;*;Z18 ;0000000000000;0000000000000;00000000;00000000;00000000;00000000;00000000;0000000076257;0000000074663;0000000000000;00001594;
20170315;WTI;*;J17 ;0000001058987;0000000338800;00000243;00004840;00004840;00004840;00004840;0000000004886;0000000004772;0000000035632;00000114;
20170315;WTI;*;K17 ;0000000000000;0000000000000;00000530;00000000;00000000;00000000;00000000;0000000004938;0000000004835;0000000032194;00000103;
20170315;WTI;*;M17 ;0000000000000;0000000000000;00000000;00000000;00000000;00000000;00000000;0000000004978;0000000004880;0000000000000;00000098;
20170315;ZAR;*;J17 ;0000000085120;0000000026912;00000124;02432000;02432000;02432000;02432000;0000024294850;0000024243360;0000000018021;00051490;
20170315;ZAR;*;K17 ;0000000000000;0000000000000;00000010;00000000;00000000;00000000;00000000;0000024333040;0000024289990;0000000015067;00043050;
20170315;ZAR;*;M17 ;0000000000000;0000000000000;00000000;00000000;00000000;00000000;00000000;0000024373940;0000024329740;0000000000000;00044200;
