Data;Código do Contrato;Pregão;Vencimento;Volume(R$);Volume(U$);Número de contas em Aberto;Preço de Abertura;Preço Mínimo;Preço Máximo;Último Preço;Preço de Ajuste Atual; Preço de Ajuste Anterior;Valor de Ajuste por Contrato;Variação
20170316;AUD;*;J17 ;0000064992480;0000020911351;00002053;02398300;02398300;02412000;02412000;0000023964960;0000024031520;0000000039936;00066560;
20170316;AUD;*;K17 ;0000000000000;0000000000000;00000011;00000000;00000000;00000000;00000000;0000024090580;0000024164690;0000000044466;00074110;
20170316;AUD;*;M17 ;0000051205770;0000016475473;00000405;02426500;02426500;02440800;02440800;0000024255770;0000024331480;0000000045426;00075710;
20170316;BGI;*;F18 ;0000000000000;0000000000000;00000002;00000000;00000000;00000000;00000000;0000000014495;0000000014545;0000000016500;00000050;
20170316;BGI;*;H17 ;0000019945015;0000006403511;00001372;00014366;00014330;00014366;00014335;0000000014335;0000000014423;0000000029040;00000088;
20170316;BGI;*;J17 ;0000000000000;0000000000000;00000091;00000000;00000000;00000000;00000000;0000000014183;0000000014255;0000000023760;00000072;
20170316;BGI;*;K17 ;0000059236392;0000019018330;00005253;00014180;00014100;00014185;00014109;0000000014105;0000000014177;0000000023760;00000072;
20170316;BGI;*;M17 ;0000000000000;0000000000000;00000004;00000000;00000000;00000000;00000000;0000000014210;0000000014277;0000000022110;00000067;
20170316;BGI;*;N17 ;0000000000000;0000000000000;00000002;00000000;00000000;00000000;00000000;0000000014305;0000000014367;0000000020460;00000062;
20170316;BGI;*;Q17 ;0000000000000;0000000000000;00000000;00000000;00000000;00000000;00000000;0000000014402;0000000014459;0000000000000;00000057;
20170316;BGI;*;U17 ;0000000000000;0000000000000;00000000;00000000;00000000;00000000;00000000;0000000014486;0000000014540;0000000000000;00000054;
20170316;BGI;*;V17 ;0000003953621;0000001269342;00001883;00014630;00014580;00014640;00014580;0000000014575;0000000014625;0000000016500;00000050;
20170316;BGI;*;X17 ;0000000721957;0000000231790;00000040;00014585;00014585;00014585;00014585;0000000014594;0000000014644;0000000016500;00000050;
20170316;BGI;*;Z17 ;0000000000000;0000000000000;00000038;00000000;00000000;00000000;00000000;0000000014580;0000000014630;0000000016500;00000050;
20170316;BRI;*;J17 ;0000001321800;0000000425290;00000712;00011015;00011015;00011015;00011015;0000000011013;0000000011093;0000000080000;00000080;
20170316;BRI;*;M17 ;0000000000000;0000000000000;00000000;00000000;00000000;00000000;00000000;0000000011194;0000000011276;0000000000000;00000082;
20170316;BSE;*;H17 ;0000000000000;0000000000000;00000000;00000000;00000000;00000000;00000000;0000000029688;0000000029507;0000000000000;00000181;
20170316;BSE;*;J17 ;0000000000000;0000000000000;00000000;00000000;00000000;00000000;00000000;0000000029894;0000000029711;0000000000000;00000183;
20170316;CAD;*;J17 ;0000001407840;0000000452973;00001906;02346400;02346400;02346400;02346400;0000023449950;0000023456260;0000000003786;00006310;
20170316;CAD;*;K17 ;0000000000000;0000000000000;00000000;00000000;00000000;00000000;00000000;0000023600130;0000023608300;0000000000000;00008170;
20170316;CAD;*;M17 ;0000007853340;0000002526815;00000415;02379800;02379800;02379800;02379800;0000023787680;0000023797010;0000000005598;00009330;
20170316;CCM;*;F18 ;0000000000000;0000000000000;00000150;00000000;00000000;00000000;00000000;0000000003004;0000000003009;0000000002250;00000005;
20170316;CCM;*;F19 ;0000000000000;0000000000000;00000000;00000000;00000000;00000000;00000000;0000000002629;0000000002634;0000000000000;00000005;
20170316;CCM;*;H18 ;0000000000000;0000000000000;00000034;00000000;00000000;00000000;00000000;0000000003070;0000000003075;0000000002250;00000005;
20170316;CCM;*;H19 ;0000000000000;0000000000000;00000000;00000000;00000000;00000000;00000000;0000000002517;0000000002522;0000000000000;00000005;
20170316;CCM;*;K17 ;0000027677169;0000008885982;00009549;00003063;00003057;00003110;00003065;0000000003072;0000000003070;0000000000900;00000002;
20170316;CCM;*;K18 ;0000000000000;0000000000000;00000000;00000000;00000000;00000000;00000000;0000000002737;0000000002742;0000000000000;00000005;
20170316;CCM;*;K19 ;0000000000000;0000000000000;00000000;00000000;00000000;00000000;00000000;0000000002409;0000000002414;0000000000000;00000005;
20170316;CCM;*;N17 ;0000000000000;0000000000000;00000000;00000000;00000000;00000000;00000000;0000000003012;0000000003013;0000000000000;00000001;
20170316;CCM;*;N18 ;0000000000000;0000000000000;00000000;00000000;00000000;00000000;00000000;0000000002615;0000000002620;0000000000000;00000005;
20170316;CCM;*;U17 ;0000007350916;0000002360072;00011246;00002950;00002933;00002979;00002950;0000000002950;0000000002955;0000000002250;00000005;
20170316;CCM;*;U18 ;0000000000000;0000000000000;00000000;00000000;00000000;00000000;00000000;0000000002496;0000000002501;0000000000000;00000005;
20170316;CCM;*;X17 ;0000000040500;0000000013003;00000455;00003000;00003000;00003000;00003000;0000000002978;0000000002983;0000000002250;00000005;
20170316;CCM;*;X18 ;0000000000000;0000000000000;00000000;00000000;00000000;00000000;00000000;0000000002561;0000000002566;0000000000000;00000005;
20170316;CHF;*;J17 ;0000003458400;0000001112741;00000206;03144000;03144000;03144000;03144000;0000031401160;0000031277250;0000000061955;00123910;
20170316;CHF;*;K17 ;0000000000000;0000000000000;00000000;00000000;00000000;00000000;00000000;0000031641740;0000031521500;0000000000000;00120240;
20170316;CHF;*;M17 ;0000000000000;0000000000000;00000000;00000000;00000000;00000000;00000000;0000031943230;0000031823920;0000000000000;00119310;
20170316;CLP;*;J17 ;0000000117900;0000000037934;00000063;04716000;04716000;04716000;04716000;0000047114000;0000046859000;0000000063750;00255000;
20170316;CLP;*;K17 ;0000000000000;0000000000000;00000000;00000000;00000000;00000000;00000000;0000047290000;0000047291000;0000000000000;00001000;
20170316;CLP;*;M17 ;0000000000000;0000000000000;00000775;00000000;00000000;00000000;00000000;0000047562000;0000047563000;0000000000250;00001000;
20170316;CNY;*;J17 ;0000000000000;0000000000000;00000175;00000000;00000000;00000000;00000000;0000045322910;0000045179890;0000000050057;00143020;
20170316;CNY;*;K17 ;0000000000000;0000000000000;00000000;00000000;00000000;00000000;00000000;0000045530370;0000045433040;0000000000000;00097330;
20170316;CNY;*;M17 ;0000000000000;0000000000000;00000000;00000000;00000000;00000000;00000000;0000045679280;0000045601740;0000000000000;00077540;
20170316;DAP;*;F18 ;0000000000000;0000000000000;00000000;00000000;00000000;00000000;00000000;0000009540030;0000009536040;0000000000000;00003990;
20170316;DAP;*;J17 ;0000000000000;0000000000000;00000085;00000000;00000000;00000000;00000000;0000009928139;0000009928487;0000000000418;00000348;
20170316;DAP;*;K17 ;0000089267220;0000028721757;00026613;00000686;00000686;00000688;00000688;0000009897555;0000009896541;0000000001219;00001014;
20170316;DAP;*;K19 ;0000213192364;0000068594712;00045090;00000504;00000504;00000508;00000508;0000008998037;0000009001301;0000000003925;00003264;
20170316;DAP;*;K21 ;0000000000000;0000000000000;00010500;00000000;00000000;00000000;00000000;0000008094611;0000008095840;0000000001477;00001229;
20170316;DAP;*;K23 ;0000000000000;0000000000000;00011735;00000000;00000000;00000000;00000000;0000007274845;0000007271692;0000000003791;00003153;
20170316;DAP;*;M17 ;0000000000000;0000000000000;00000000;00000000;00000000;00000000;00000000;0000009838538;0000009838061;0000000000000;00000477;
20170316;DAP;*;Q18 ;0000032462410;0000010444791;00038370;00000525;00000523;00000526;00000526;0000009306433;0000009306597;0000000000197;00000164;
20170316;DAP;*;Q20 ;0000028366576;0000009126955;00003010;00000517;00000517;00000517;00000517;0000008424619;0000008425921;0000000001565;00001302;
20170316;DAP;*;Q22 ;0000000000000;0000000000000;00010670;00000000;00000000;00000000;00000000;0000007562955;0000007560209;0000000003302;00002746;
20170316;DAP;*;Q24 ;0000000000000;0000000000000;00005853;00000000;00000000;00000000;00000000;0000006835365;0000006831597;0000000004531;00003768;
20170316;DAP;*;Q26 ;0000001105044;0000000355548;00001411;00000536;00000536;00000536;00000536;0000006148051;0000006127083;0000000025214;00020968;
20170316;DAP;*;Q30 ;0000000000000;0000000000000;00000235;00000000;00000000;00000000;00000000;0000005100199;0000005088044;0000000014616;00012155;
20170316;DCO;*;F18 ;0000000000000;0000000000000;00000000;00000000;00000000;00000000;00000000;0000009670556;0000009669315;0000000000000;00001241;
20170316;DCO;*;F19 ;0000000000000;0000000000000;00000000;00000000;00000000;00000000;00000000;0000009394766;0000009396307;0000000000000;00001541;
20170316;DCO;*;F20 ;0000000000000;0000000000000;00000000;00000000;00000000;00000000;00000000;0000009040165;0000009046290;0000000000000;00006125;
20170316;DCO;*;F21 ;0000000000000;0000000000000;00000000;00000000;00000000;00000000;00000000;0000008641943;0000008641993;0000000000000;00000050;
20170316;DCO;*;F22 ;0000000000000;0000000000000;00000000;00000000;00000000;00000000;00000000;0000008251222;0000008253445;0000000000000;00002223;
20170316;DCO;*;F23 ;0000000000000;0000000000000;00000000;00000000;00000000;00000000;00000000;0000007844665;0000007846295;0000000000000;00001630;
20170316;DCO;*;F24 ;0000000000000;0000000000000;00000000;00000000;00000000;00000000;00000000;0000007435712;0000007436864;0000000000000;00001152;
20170316;DCO;*;F25 ;0000000000000;0000000000000;00000000;00000000;00000000;00000000;00000000;0000007041125;0000007037980;0000000000000;00003145;
20170316;DCO;*;F26 ;0000000000000;0000000000000;00000000;00000000;00000000;00000000;00000000;0000006635270;0000006635761;0000000000000;00000491;
20170316;DCO;*;F27 ;0000000000000;0000000000000;00000000;00000000;00000000;00000000;00000000;0000006246829;0000006243232;0000000000000;00003597;
20170316;DCO;*;F28 ;0000000000000;0000000000000;00000000;00000000;00000000;00000000;00000000;0000005896733;0000005893051;0000000000000;00003682;
20170316;DCO;*;F29 ;0000000000000;0000000000000;00000000;00000000;00000000;00000000;00000000;0000005563747;0000005563759;0000000000000;00000012;
20170316;DCO;*;F30 ;0000000000000;0000000000000;00000000;00000000;00000000;00000000;00000000;0000005259736;0000005259667;0000000000000;00000069;
20170316;DCO;*;G18 ;0000000000000;0000000000000;00000000;00000000;00000000;00000000;00000000;0000009653747;0000009652631;0000000000000;00001116;
20170316;DCO;*;H18 ;0000000000000;0000000000000;00000000;00000000;00000000;00000000;00000000;0000009635587;0000009636585;0000000000000;00000998;
20170316;DCO;*;J17 ;0000000000000;0000000000000;00000000;00000000;00000000;00000000;00000000;0000009830425;0000009829003;0000000000000;00001422;
20170316;DCO;*;J18 ;0000000000000;0000000000000;00000000;00000000;00000000;00000000;00000000;0000009613387;0000009612948;0000000000000;00000439;
20170316;DCO;*;J19 ;0000000000000;0000000000000;00000000;00000000;00000000;00000000;00000000;0000009321967;0000009321099;0000000000000;00000868;
20170316;DCO;*;J20 ;0000000000000;0000000000000;00000000;00000000;00000000;00000000;00000000;0000008951999;0000008953105;0000000000000;00001106;
20170316;DCO;*;J21 ;0000000000000;0000000000000;00000000;00000000;00000000;00000000;00000000;0000008539084;0000008541831;0000000000000;00002747;
20170316;DCO;*;K17 ;0000000000000;0000000000000;00000000;00000000;00000000;00000000;00000000;0000009812326;0000009812382;0000000000000;00000056;
20170316;DCO;*;M17 ;0000000000000;0000000000000;00000000;00000000;00000000;00000000;00000000;0000009794898;0000009795687;0000000000000;00000789;
20170316;DCO;*;N17 ;0000000000000;0000000000000;00000000;00000000;00000000;00000000;00000000;0000009780855;0000009781464;0000000000000;00000609;
20170316;DCO;*;N18 ;0000000000000;0000000000000;00000000;00000000;00000000;00000000;00000000;0000009548362;0000009547614;0000000000000;00000748;
20170316;DCO;*;N19 ;0000000000000;0000000000000;00000000;00000000;00000000;00000000;00000000;0000009229626;0000009231929;0000000000000;00002303;
20170316;DCO;*;N20 ;0000000000000;0000000000000;00000000;00000000;00000000;00000000;00000000;0000008854867;0000008855609;0000000000000;00000742;
20170316;DCO;*;N21 ;0000000000000;0000000000000;00000000;00000000;00000000;00000000;00000000;0000008447341;0000008449910;0000000000000;00002569;
20170316;DCO;*;Q17 ;0000000000000;0000000000000;00000000;00000000;00000000;00000000;00000000;0000009760541;0000009761227;0000000000000;00000686;
20170316;DCO;*;U17 ;0000000000000;0000000000000;00000000;00000000;00000000;00000000;00000000;0000009745628;0000009746296;0000000000000;00000668;
20170316;DCO;*;V17 ;0000000000000;0000000000000;00000000;00000000;00000000;00000000;00000000;0000009725524;0000009725882;0000000000000;00000358;
20170316;DCO;*;V18 ;0000000000000;0000000000000;00000000;00000000;00000000;00000000;00000000;0000009478763;0000009479558;0000000000000;00000795;
20170316;DCO;*;V19 ;0000000000000;0000000000000;00000000;00000000;00000000;00000000;00000000;0000009141334;0000009143223;0000000000000;00001889;
20170316;DCO;*;V20 ;0000000000000;0000000000000;00000000;00000000;00000000;00000000;00000000;0000008758634;0000008756268;0000000000000;00002366;
20170316;DCO;*;V21 ;0000000000000;0000000000000;00000000;00000000;00000000;00000000;00000000;0000008354956;0000008357351;0000000000000;00002395;
20170316;DCO;*;X17 ;0000000000000;0000000000000;00000000;00000000;00000000;00000000;00000000;0000009709078;0000009708687;0000000000000;00000391;
20170316;DCO;*;Z17 ;0000000000000;0000000000000;00000000;00000000;00000000;00000000;00000000;0000009692009;0000009690848;0000000000000;00001161;
20170316;DDI;*;F18 ;0000000000000;0000000000000;00265305;00000000;00000000;00000000;00000000;0000009672074;0000009670829;0000000001968;00001245;
20170316;DDI;*;F19 ;0000000000000;0000000000000;00110487;00000000;00000000;00000000;00000000;0000009396377;0000009397913;0000000002429;00001536;
20170316;DDI;*;F20 ;0000000000000;0000000000000;00093830;00000000;00000000;00000000;00000000;0000009044808;0000009050933;0000000009686;00006125;
20170316;DDI;*;F21 ;0000049233337;0000015840842;00107521;00000405;00000405;00000405;00000405;0000008647714;0000008647758;0000000000069;00000044;
20170316;DDI;*;F22 ;0000000000000;0000000000000;00038384;00000000;00000000;00000000;00000000;0000008257862;0000008260080;0000000003507;00002218;
20170316;DDI;*;F23 ;0000000000000;0000000000000;00030176;00000000;00000000;00000000;00000000;0000007851913;0000007853538;0000000002569;00001625;
20170316;DDI;*;F24 ;0000000000000;0000000000000;00026235;00000000;00000000;00000000;00000000;0000007443347;0000007444493;0000000001812;00001146;
20170316;DDI;*;F25 ;0000000000000;0000000000000;00017925;00000000;00000000;00000000;00000000;0000007048981;0000007045820;0000000004998;00003161;
20170316;DDI;*;F26 ;0000000000000;0000000000000;00014530;00000000;00000000;00000000;00000000;0000006643140;0000006643624;0000000000765;00000484;
20170316;DDI;*;F27 ;0000000000000;0000000000000;00010100;00000000;00000000;00000000;00000000;0000006254602;0000006250988;0000000005715;00003614;
20170316;DDI;*;F28 ;0000000000000;0000000000000;00000110;00000000;00000000;00000000;00000000;0000005908187;0000005904480;0000000005862;00003707;
20170316;DDI;*;F29 ;0000000000000;0000000000000;00000000;00000000;00000000;00000000;00000000;0000005574887;0000005574889;0000000000000;00000002;
20170316;DDI;*;F30 ;0000000000000;0000000000000;00000500;00000000;00000000;00000000;00000000;0000005270536;0000005270457;0000000000124;00000079;
20170316;DDI;*;G18 ;0000000000000;0000000000000;00016840;00000000;00000000;00000000;00000000;0000009655414;0000009654296;0000000001768;00001118;
20170316;DDI;*;H18 ;0000000000000;0000000000000;00004160;00000000;00000000;00000000;00000000;0000009636490;0000009637483;0000000001570;00000993;
20170316;DDI;*;J17 ;0000000000000;0000000000000;00704867;00000000;00000000;00000000;00000000;0000009830522;0000009829098;0000000002251;00001424;
20170316;DDI;*;J18 ;0000000000000;0000000000000;00060482;00000000;00000000;00000000;00000000;0000009614368;0000009613924;0000000000702;00000444;
20170316;DDI;*;J19 ;0000000000000;0000000000000;00042319;00000000;00000000;00000000;00000000;0000009323768;0000009322894;0000000001382;00000874;
20170316;DDI;*;J20 ;0000000000000;0000000000000;00022555;00000000;00000000;00000000;00000000;0000008956953;0000008958055;0000000001742;00001102;
20170316;DDI;*;J21 ;0000000000000;0000000000000;00005397;00000000;00000000;00000000;00000000;0000008545071;0000008547816;0000000004341;00002745;
20170316;DDI;*;K17 ;0000000000000;0000000000000;00334740;00000000;00000000;00000000;00000000;0000009812577;0000009812632;0000000000086;00000055;
20170316;DDI;*;M17 ;0000000000000;0000000000000;00125663;00000000;00000000;00000000;00000000;0000009795308;0000009796095;0000000001244;00000787;
20170316;DDI;*;N17 ;0000000000000;0000000000000;00385677;00000000;00000000;00000000;00000000;0000009781434;0000009782041;0000000000959;00000607;
20170316;DDI;*;N18 ;0000000000000;0000000000000;00043509;00000000;00000000;00000000;00000000;0000009549560;0000009548808;0000000001189;00000752;
20170316;DDI;*;N19 ;0000000000000;0000000000000;00055974;00000000;00000000;00000000;00000000;0000009233589;0000009235890;0000000003638;00002301;
20170316;DDI;*;N20 ;0000000000000;0000000000000;00030275;00000000;00000000;00000000;00000000;0000008860110;0000008860848;0000000001167;00000738;
20170316;DDI;*;N21 ;0000000000000;0000000000000;00004457;00000000;00000000;00000000;00000000;0000008453562;0000008456127;0000000004056;00002565;
20170316;DDI;*;Q17 ;0000000000000;0000000000000;00102794;00000000;00000000;00000000;00000000;0000009761272;0000009761955;0000000001080;00000683;
20170316;DDI;*;U17 ;0000000000000;0000000000000;00055700;00000000;00000000;00000000;00000000;0000009746520;0000009747186;0000000001053;00000666;
20170316;DDI;*;V17 ;0000000000000;0000000000000;00131702;00000000;00000000;00000000;00000000;0000009726575;0000009726931;0000000000562;00000356;
20170316;DDI;*;V18 ;0000000000000;0000000000000;00049448;00000000;00000000;00000000;00000000;0000009480171;0000009480960;0000000001247;00000789;
20170316;DDI;*;V19 ;0000000000000;0000000000000;00032314;00000000;00000000;00000000;00000000;0000009145649;0000009147534;0000000002981;00001885;
20170316;DDI;*;V20 ;0000000000000;0000000000000;00021670;00000000;00000000;00000000;00000000;0000008764157;0000008761782;0000000003755;00002375;
20170316;DDI;*;V21 ;0000000000000;0000000000000;00002172;00000000;00000000;00000000;00000000;0000008361398;0000008363790;0000000003782;00002392;
20170316;DDI;*;X17 ;0000000000000;0000000000000;00032259;00000000;00000000;00000000;00000000;0000009710283;0000009709889;0000000000623;00000394;
20170316;DDI;*;Z17 ;0000000000000;0000000000000;00027990;00000000;00000000;00000000;00000000;0000009693367;0000009692202;0000000001842;00001165;
20170316;DDM;*;K17 ;0000000000000;0000000000000;00000000;00000000;00000000;00000000;00000000;0000009894263;0000009895298;0000000000000;00001035;
20170316;DDM;*;K19 ;0000000000000;0000000000000;00000000;00000000;00000000;00000000;00000000;0000008892431;0000008893542;0000000000000;00001111;
20170316;DDM;*;K21 ;0000000000000;0000000000000;00000000;00000000;00000000;00000000;00000000;0000008007603;0000008008654;0000000000000;00001051;
20170316;DDM;*;K25 ;0000000000000;0000000000000;00000000;00000000;00000000;00000000;00000000;0000006505524;0000006506404;0000000000000;00000880;
20170316;DDM;*;Q18 ;0000000000000;0000000000000;00000000;00000000;00000000;00000000;00000000;0000009214030;0000009215029;0000000000000;00000999;
20170316;DDM;*;Q20 ;0000000000000;0000000000000;00000000;00000000;00000000;00000000;00000000;0000008326509;0000008327593;0000000000000;00001084;
20170316;DI1;*;F18 ;0018467820159;0005942027078;02594414;00010000;00009985;00010015;00010005;0000009278156;0000009280859;0000000002703;00002703;
20170316;DI1;*;F19 ;0021155954899;0006806935296;01673564;00009520;00009490;00009560;00009540;0000008504494;0000008512204;0000000007710;00007710;
20170316;DI1;*;F20 ;0005500907996;0001769918918;01200228;00009750;00009710;00009790;00009760;0000007715867;0000007728280;0000000012413;00012413;
20170316;DI1;*;F21 ;0010251146379;0003298309646;01532650;00010000;00009930;00010020;00009990;0000006978736;0000006988877;0000000010141;00010141;
20170316;DI1;*;F22 ;0000208050214;0000066940223;00091511;00010160;00010100;00010180;00010150;0000006302021;0000006313412;0000000011391;00011391;
20170316;DI1;*;F23 ;0003093518589;0000995340601;00681879;00010290;00010210;00010290;00010250;0000005694849;0000005701199;0000000006350;00006350;
20170316;DI1;*;F24 ;0000005412411;0000001741445;00047665;00010310;00010280;00010310;00010310;0000005153999;0000005154335;0000000000336;00000336;
20170316;DI1;*;F25 ;0001493491369;0000480531329;00544366;00010350;00010300;00010390;00010360;0000004654097;0000004660952;0000000006855;00006855;
20170316;DI1;*;F26 ;0000006322561;0000002034286;00063733;00010310;00010310;00010380;00010360;0000004209235;0000004217874;0000000008639;00008639;
20170316;DI1;*;F27 ;0000627801344;0000201995284;00315071;00010440;00010360;00010440;00010400;0000003803260;0000003810229;0000000006969;00006969;
20170316;DI1;*;F28 ;0000000000000;0000000000000;00000010;00000000;00000000;00000000;00000000;0000003439315;0000003446235;0000000006920;00006920;
20170316;DI1;*;F29 ;0000000000000;0000000000000;00003310;00000000;00000000;00000000;00000000;0000003111531;0000003118345;0000000006814;00006814;
20170316;DI1;*;F30 ;0000000000000;0000000000000;00000170;00000000;00000000;00000000;00000000;0000002812868;0000002819532;0000000006664;00006664;
20170316;DI1;*;G18 ;0000000000000;0000000000000;00013890;00000000;00000000;00000000;00000000;0000009208913;0000009210749;0000000001836;00001836;
20170316;DI1;*;H18 ;0000000000000;0000000000000;00004065;00000000;00000000;00000000;00000000;0000009150959;0000009153285;0000000002326;00002326;
20170316;DI1;*;J17 ;0003759448217;0001209603673;01956959;00012130;00012125;00012132;00012130;0000009945630;0000009945620;0000000000010;00000010;
20170316;DI1;*;J18 ;0001127087612;0000362640802;00614563;00009750;00009750;00009780;00009770;0000009086399;0000009090583;0000000004184;00004184;
20170316;DI1;*;J19 ;0004765621193;0001533340152;00259442;00009560;00009560;00009610;00009590;0000008309770;0000008318200;0000000008430;00008430;
20170316;DI1;*;J20 ;0000050792183;0000016342401;00074163;00009840;00009840;00009850;00009840;0000007525344;0000007538435;0000000013091;00013091;
20170316;DI1;*;J21 ;0000001361454;0000000438048;00025610;00010040;00010040;00010040;00010040;0000006810508;0000006821491;0000000010983;00010983;
20170316;DI1;*;K17 ;0002705261106;0000870418631;00291011;00011830;00011820;00011835;00011830;0000009867775;0000009867837;0000000000062;00000062;
20170316;DI1;*;M17 ;0000313845471;0000100979881;00216904;00011591;00011540;00011591;00011540;0000009777160;0000009777088;0000000000072;00000072;
20170316;DI1;*;N17 ;0014597443394;0004696732109;02751897;00011180;00011170;00011200;00011185;0000009697406;0000009697602;0000000000196;00000196;
20170316;DI1;*;N18 ;0003117808967;0001003156038;00691961;00009620;00009600;00009640;00009620;0000008890547;0000008897579;0000000007032;00007032;
20170316;DI1;*;N19 ;0001177514069;0000378865531;00446227;00009630;00009600;00009660;00009640;0000008116065;0000008126875;0000000010810;00010810;
20170316;DI1;*;N20 ;0004621680582;0001487027214;00964020;00009910;00009850;00009930;00009910;0000007342008;0000007355728;0000000013720;00013720;
20170316;DI1;*;N21 ;0000003981751;0000001281130;00054985;00010070;00010070;00010100;00010090;0000006636038;0000006648117;0000000012079;00012079;
20170316;DI1;*;N22 ;0000000000000;0000000000000;00004145;00000000;00000000;00000000;00000000;0000005994208;0000006003227;0000000009019;00009019;
20170316;DI1;*;N23 ;0000000000000;0000000000000;00003135;00000000;00000000;00000000;00000000;0000005418936;0000005422374;0000000003438;00003438;
20170316;DI1;*;N24 ;0000000000000;0000000000000;00001550;00000000;00000000;00000000;00000000;0000004903428;0000004906969;0000000003541;00003541;
20170316;DI1;*;Q17 ;0000126013249;0000040544803;00117573;00010965;00010965;00010965;00010965;0000009619332;0000009619305;0000000000027;00000027;
20170316;DI1;*;U17 ;0000010493341;0000003376236;00037193;00010690;00010690;00010690;00010690;0000009539401;0000009539809;0000000000408;00000408;
20170316;DI1;*;V17 ;0006006353846;0001932546282;00718858;00010460;00010460;00010475;00010465;0000009473057;0000009474557;0000000001500;00001500;
20170316;DI1;*;V18 ;0001417305329;0000456018446;00598069;00009540;00009540;00009580;00009560;0000008693656;0000008701769;0000000008113;00008113;
20170316;DI1;*;V19 ;0000025716020;0000008274138;00056958;00009700;00009690;00009720;00009700;0000007909817;0000007922376;0000000012559;00012559;
20170316;DI1;*;V20 ;0000002862413;0000000920982;00046023;00009950;00009950;00009950;00009950;0000007150296;0000007165794;0000000015498;00015498;
20170316;DI1;*;V21 ;0000000323277;0000000104014;00015447;00010120;00010120;00010120;00010120;0000006470064;0000006481987;0000000011923;00011923;
20170316;DI1;*;X17 ;0000318313150;0000102417358;00018522;00010275;00010275;00010305;00010305;0000009403960;0000009405812;0000000001852;00001852;
20170316;DI1;*;Z17 ;0000000000000;0000000000000;00020705;00000000;00000000;00000000;00000000;0000009340783;0000009343015;0000000002232;00002232;
20170316;DOL;*;F18 ;0000000000000;0000000000000;00003870;00000000;00000000;00000000;00000000;0000032971860;0000032958010;0000000006925;00013850;
20170316;DOL;*;F19 ;0000000000000;0000000000000;00000000;00000000;00000000;00000000;00000000;0000034946000;0000034920050;0000000000000;00025950;
20170316;DOL;*;F20 ;0000000000000;0000000000000;00000000;00000000;00000000;00000000;00000000;0000037076620;0000037042130;0000000000000;00034490;
20170316;DOL;*;F21 ;0000000000000;0000000000000;00003100;00000000;00000000;00000000;00000000;0000039193130;0000039136470;0000000028330;00056660;
20170316;DOL;*;F25 ;0000000000000;0000000000000;00000000;00000000;00000000;00000000;00000000;0000047904500;0000047812600;0000000000000;00091900;
20170316;DOL;*;G18 ;0000000000000;0000000000000;00000000;00000000;00000000;00000000;00000000;0000033162560;0000033152100;0000000000000;00010460;
20170316;DOL;*;H18 ;0000000000000;0000000000000;00000000;00000000;00000000;00000000;00000000;0000033307170;0000033302140;0000000000000;00005030;
20170316;DOL;*;J17 ;0054128893875;0017415989020;00553439;03133000;03106000;03137000;03134500;0000031262910;0000031258430;0000000002240;00004480;
20170316;DOL;*;J18 ;0000000000000;0000000000000;00000000;00000000;00000000;00000000;00000000;0000033466820;0000033449870;0000000000000;00016950;
20170316;DOL;*;J19 ;0000000000000;0000000000000;00000050;00000000;00000000;00000000;00000000;0000035488520;0000035449230;0000000019645;00039290;
20170316;DOL;*;K17 ;0000015740500;0000005064511;00007085;03135000;03135000;03151000;03151000;0000031452070;0000031452060;0000000000005;00000010;
20170316;DOL;*;M17 ;0000000000000;0000000000000;00004865;00000000;00000000;00000000;00000000;0000031687710;0000031690490;0000000001390;00002780;
20170316;DOL;*;N17 ;0000004770000;0000001534749;00032800;03180000;03180000;03180000;03180000;0000031903070;0000031904400;0000000000665;00001330;
20170316;DOL;*;N18 ;0000000000000;0000000000000;00000620;00000000;00000000;00000000;00000000;0000033973510;0000033943980;0000000014765;00029530;
20170316;DOL;*;N19 ;0000000000000;0000000000000;00000400;00000000;00000000;00000000;00000000;0000035984090;0000035945170;0000000019460;00038920;
20170316;DOL;*;N21 ;0000000000000;0000000000000;00000000;00000000;00000000;00000000;00000000;0000040291770;0000040230770;0000000000000;00061000;
20170316;DOL;*;Q17 ;0000000000000;0000000000000;00002905;00000000;00000000;00000000;00000000;0000032095710;0000032098040;0000000001165;00002330;
20170316;DOL;*;U17 ;0000000000000;0000000000000;00000840;00000000;00000000;00000000;00000000;0000032315730;0000032316550;0000000000410;00000820;
20170316;DOL;*;V17 ;0000000000000;0000000000000;00001035;00000000;00000000;00000000;00000000;0000032475450;0000032471500;0000000001975;00003950;
20170316;DOL;*;V18 ;0000000000000;0000000000000;00000000;00000000;00000000;00000000;00000000;0000034490470;0000034461190;0000000000000;00029280;
20170316;DOL;*;V19 ;0000000000000;0000000000000;00000000;00000000;00000000;00000000;00000000;0000036570720;0000036520270;0000000000000;00050450;
20170316;DOL;*;X17 ;0000014692500;0000004727317;00000000;03265000;03265000;03265000;03265000;0000032659280;0000032651520;0000000003880;00007760;
20170316;DOL;*;Z17 ;0000000000000;0000000000000;00000000;00000000;00000000;00000000;00000000;0000032822890;0000032811110;0000000000000;00011780;
20170316;DR1;*;J7K7;0000000000000;0000000000000;00000000;00019050;00019050;00019300;00019300;0000000000000;0000000000000;0000000000000;00000000;
20170316;DR1;*;J7M7;0000000000000;0000000000000;00000000;00000000;00000000;00000000;00000000;0000000000000;0000000000000;0000000000000;00000000;
20170316;ETH;*;H17 ;0000004662000;0000001496773;00000759;00154000;00154000;00157000;00157000;0000000155000;0000000153000;0000000060000;00002000;
20170316;ETH;*;J17 ;0000001106250;0000000355171;00000025;00147500;00147500;00147500;00147500;0000000150500;0000000150500;0000000000000;00000000;
20170316;ETH;*;K17 ;0000001110000;0000000356375;00000085;00148000;00148000;00148000;00148000;0000000150000;0000000150000;0000000000000;00000000;
20170316;ETH;*;M17 ;0000003115500;0000001000257;00000200;00147500;00147500;00149000;00149000;0000000155000;0000000155000;0000000000000;00000000;
20170316;ETH;*;N17 ;0000001341000;0000000430539;00000185;00149000;00149000;00149000;00149000;0000000156000;0000000156000;0000000000000;00000000;
20170316;ETH;*;Q17 ;0000001363500;0000000437763;00000185;00151500;00151500;00151500;00151500;0000000157000;0000000157000;0000000000000;00000000;
20170316;ETH;*;U17 ;0000000000000;0000000000000;00000000;00000000;00000000;00000000;00000000;0000000163000;0000000163000;0000000000000;00000000;
20170316;ETH;*;V17 ;0000000000000;0000000000000;00000000;00000000;00000000;00000000;00000000;0000000163000;0000000163000;0000000000000;00000000;
20170316;ETH;*;X17 ;0000000000000;0000000000000;00000000;00000000;00000000;00000000;00000000;0000000163000;0000000163000;0000000000000;00000000;
20170316;ETH;*;Z17 ;0000000000000;0000000000000;00000000;00000000;00000000;00000000;00000000;0000000165000;0000000165000;0000000000000;00000000;
20170316;EUR;*;J17 ;0000014315975;0000004606170;00011794;03358500;03358500;03375000;03373000;0000033627130;0000033494920;0000000066105;00132210;
20170316;EUR;*;K17 ;0000000000000;0000000000000;00000190;00000000;00000000;00000000;00000000;0000033867330;0000033739250;0000000064040;00128080;
20170316;EUR;*;M17 ;0000002554800;0000000822008;00000000;03406400;03406400;03406400;03406400;0000034167060;0000034040130;0000000063465;00126930;
20170316;EUR;*;N17 ;0000000000000;0000000000000;00003190;00000000;00000000;00000000;00000000;0000034455510;0000034326930;0000000064290;00128580;
20170316;EUR;*;V17 ;0000000000000;0000000000000;00000000;00000000;00000000;00000000;00000000;0000035248350;0000035109090;0000000000000;00139260;
20170316;FRC;*;F18 ;0000000000000;0000000000000;00000000;00000225;00000215;00000225;00000215;0000000000215;0000000000215;0000000000000;00000000;
20170316;FRC;*;F19 ;0000000000000;0000000000000;00000000;00000263;00000260;00000263;00000260;0000000000260;0000000000258;0000000000001;00000002;
20170316;FRC;*;F20 ;0000000000000;0000000000000;00000000;00000311;00000311;00000311;00000311;0000000000311;0000000000308;0000000000001;00000003;
20170316;FRC;*;F21 ;0000000000000;0000000000000;00000000;00000354;00000354;00000360;00000359;0000000000359;0000000000358;0000000000000;00000001;
20170316;FRC;*;F22 ;0000000000000;0000000000000;00000000;00000000;00000000;00000000;00000000;0000000000395;0000000000394;0000000000000;00000001;
20170316;FRC;*;F23 ;0000000000000;0000000000000;00000000;00000000;00000000;00000000;00000000;0000000000432;0000000000431;0000000000000;00000001;
20170316;FRC;*;F24 ;0000000000000;0000000000000;00000000;00000468;00000468;00000468;00000468;0000000000468;0000000000468;0000000000000;00000000;
20170316;FRC;*;F25 ;0000000000000;0000000000000;00000000;00000000;00000000;00000000;00000000;0000000000502;0000000000502;0000000000000;00000000;
20170316;FRC;*;F26 ;0000000000000;0000000000000;00000000;00000000;00000000;00000000;00000000;0000000000540;0000000000540;0000000000000;00000000;
20170316;FRC;*;F27 ;0000000000000;0000000000000;00000000;00000000;00000000;00000000;00000000;0000000000578;0000000000578;0000000000000;00000000;
20170316;FRC;*;F28 ;0000000000000;0000000000000;00000000;00000000;00000000;00000000;00000000;0000000000609;0000000000609;0000000000000;00000000;
20170316;FRC;*;F29 ;0000000000000;0000000000000;00000000;00000000;00000000;00000000;00000000;0000000000640;0000000000640;0000000000000;00000000;
20170316;FRC;*;F30 ;0000000000000;0000000000000;00000000;00000000;00000000;00000000;00000000;0000000000669;0000000000669;0000000000000;00000000;
20170316;FRC;*;G18 ;0000000000000;0000000000000;00000000;00000000;00000000;00000000;00000000;0000000000215;0000000000214;0000000000000;00000001;
20170316;FRC;*;H18 ;0000000000000;0000000000000;00000000;00000218;00000218;00000218;00000218;0000000000218;0000000000216;0000000000001;00000002;
20170316;FRC;*;J18 ;0000000000000;0000000000000;00000000;00000222;00000222;00000222;00000222;0000000000222;0000000000221;0000000000000;00000001;
20170316;FRC;*;J19 ;0000000000000;0000000000000;00000000;00000269;00000269;00000269;00000269;0000000000269;0000000000268;0000000000000;00000001;
20170316;FRC;*;J20 ;0000000000000;0000000000000;00000000;00000321;00000321;00000321;00000321;0000000000321;0000000000320;0000000000000;00000001;
20170316;FRC;*;J21 ;0000000000000;0000000000000;00000000;00000000;00000000;00000000;00000000;0000000000371;0000000000370;0000000000000;00000001;
20170316;FRC;*;K17 ;0000000000000;0000000000000;00000000;00000208;00000208;00000230;00000227;0000000000227;0000000000208;0000000000009;00000019;
20170316;FRC;*;M17 ;0000000000000;0000000000000;00000000;00000212;00000212;00000220;00000220;0000000000219;0000000000206;0000000000006;00000013;
20170316;FRC;*;N17 ;0000000000000;0000000000000;00000000;00000196;00000196;00000199;00000199;0000000000199;0000000000190;0000000000004;00000009;
20170316;FRC;*;N18 ;0000000000000;0000000000000;00000000;00000233;00000233;00000233;00000233;0000000000233;0000000000232;0000000000000;00000001;
20170316;FRC;*;N19 ;0000000000000;0000000000000;00000000;00000282;00000282;00000282;00000282;0000000000284;0000000000282;0000000000001;00000002;
20170316;FRC;*;N20 ;0000000000000;0000000000000;00000000;00000333;00000333;00000333;00000333;0000000000333;0000000000332;0000000000000;00000001;
20170316;FRC;*;N21 ;0000000000000;0000000000000;00000000;00000000;00000000;00000000;00000000;0000000000378;0000000000377;0000000000000;00000001;
20170316;FRC;*;Q17 ;0000000000000;0000000000000;00000000;00000212;00000212;00000213;00000213;0000000000213;0000000000206;0000000000003;00000007;
20170316;FRC;*;U17 ;0000000000000;0000000000000;00000000;00000206;00000205;00000206;00000205;0000000000205;0000000000200;0000000000002;00000005;
20170316;FRC;*;V17 ;0000000000000;0000000000000;00000000;00000212;00000211;00000212;00000211;0000000000211;0000000000208;0000000000001;00000003;
20170316;FRC;*;V18 ;0000000000000;0000000000000;00000000;00000244;00000244;00000244;00000244;0000000000244;0000000000242;0000000000001;00000002;
20170316;FRC;*;V19 ;0000000000000;0000000000000;00000000;00000000;00000000;00000000;00000000;0000000000296;0000000000294;0000000000000;00000002;
20170316;FRC;*;V20 ;0000000000000;0000000000000;00000000;00000343;00000343;00000344;00000344;0000000000343;0000000000343;0000000000000;00000000;
20170316;FRC;*;V21 ;0000000000000;0000000000000;00000000;00000000;00000000;00000000;00000000;0000000000385;0000000000384;0000000000000;00000001;
20170316;FRC;*;X17 ;0000000000000;0000000000000;00000000;00000211;00000210;00000212;00000210;0000000000210;0000000000208;0000000000001;00000002;
20170316;FRC;*;Z17 ;0000000000000;0000000000000;00000000;00000205;00000205;00000210;00000210;0000000000210;0000000000210;0000000000000;00000000;
20170316;FRO;*;F18 ;0000000000000;0000000000000;00000000;00000000;00000000;00000000;00000000;0000000000217;0000000000217;0000000000000;00000000;
20170316;FRO;*;F19 ;0000000000000;0000000000000;00000000;00000000;00000000;00000000;00000000;0000000000261;0000000000259;0000000000000;00000002;
20170316;FRO;*;F20 ;0000000000000;0000000000000;00000000;00000000;00000000;00000000;00000000;0000000000313;0000000000310;0000000000000;00000003;
20170316;FRO;*;F21 ;0000000000000;0000000000000;00000000;00000000;00000000;00000000;00000000;0000000000361;0000000000360;0000000000000;00000001;
20170316;FRO;*;F22 ;0000000000000;0000000000000;00000000;00000000;00000000;00000000;00000000;0000000000397;0000000000396;0000000000000;00000001;
20170316;FRO;*;F23 ;0000000000000;0000000000000;00000000;00000000;00000000;00000000;00000000;0000000000434;0000000000433;0000000000000;00000001;
20170316;FRO;*;F24 ;0000000000000;0000000000000;00000000;00000000;00000000;00000000;00000000;0000000000470;0000000000470;0000000000000;00000000;
20170316;FRO;*;F25 ;0000000000000;0000000000000;00000000;00000000;00000000;00000000;00000000;0000000000504;0000000000504;0000000000000;00000000;
20170316;FRO;*;F26 ;0000000000000;0000000000000;00000000;00000000;00000000;00000000;00000000;0000000000542;0000000000542;0000000000000;00000000;
20170316;FRO;*;F27 ;0000000000000;0000000000000;00000000;00000000;00000000;00000000;00000000;0000000000580;0000000000580;0000000000000;00000000;
20170316;FRO;*;F28 ;0000000000000;0000000000000;00000000;00000000;00000000;00000000;00000000;0000000000612;0000000000612;0000000000000;00000000;
20170316;FRO;*;F29 ;0000000000000;0000000000000;00000000;00000000;00000000;00000000;00000000;0000000000643;0000000000643;0000000000000;00000000;
20170316;FRO;*;F30 ;0000000000000;0000000000000;00000000;00000000;00000000;00000000;00000000;0000000000672;0000000000672;0000000000000;00000000;
20170316;FRO;*;G18 ;0000000000000;0000000000000;00000000;00000000;00000000;00000000;00000000;0000000000217;0000000000216;0000000000000;00000001;
20170316;FRO;*;H18 ;0000000000000;0000000000000;00000000;00000000;00000000;00000000;00000000;0000000000219;0000000000217;0000000000000;00000002;
20170316;FRO;*;J18 ;0000000000000;0000000000000;00000000;00000000;00000000;00000000;00000000;0000000000223;0000000000222;0000000000000;00000001;
20170316;FRO;*;J19 ;0000000000000;0000000000000;00000000;00000000;00000000;00000000;00000000;0000000000270;0000000000269;0000000000000;00000001;
20170316;FRO;*;J20 ;0000000000000;0000000000000;00000000;00000000;00000000;00000000;00000000;0000000000323;0000000000322;0000000000000;00000001;
20170316;FRO;*;J21 ;0000000000000;0000000000000;00000000;00000000;00000000;00000000;00000000;0000000000373;0000000000372;0000000000000;00000001;
20170316;FRO;*;K17 ;0000000000000;0000000000000;00000000;00000000;00000000;00000000;00000000;0000000000229;0000000000210;0000000000000;00000019;
20170316;FRO;*;M17 ;0000000000000;0000000000000;00000000;00000000;00000000;00000000;00000000;0000000000221;0000000000208;0000000000000;00000013;
20170316;FRO;*;N17 ;0000000000000;0000000000000;00000000;00000000;00000000;00000000;00000000;0000000000201;0000000000192;0000000000000;00000009;
20170316;FRO;*;N18 ;0000000000000;0000000000000;00000000;00000000;00000000;00000000;00000000;0000000000234;0000000000233;0000000000000;00000001;
20170316;FRO;*;N19 ;0000000000000;0000000000000;00000000;00000000;00000000;00000000;00000000;0000000000286;0000000000284;0000000000000;00000002;
20170316;FRO;*;N20 ;0000000000000;0000000000000;00000000;00000000;00000000;00000000;00000000;0000000000335;0000000000334;0000000000000;00000001;
20170316;FRO;*;N21 ;0000000000000;0000000000000;00000000;00000000;00000000;00000000;00000000;0000000000380;0000000000379;0000000000000;00000001;
20170316;FRO;*;Q17 ;0000000000000;0000000000000;00000000;00000000;00000000;00000000;00000000;0000000000215;0000000000208;0000000000000;00000007;
20170316;FRO;*;U17 ;0000000000000;0000000000000;00000000;00000000;00000000;00000000;00000000;0000000000207;0000000000202;0000000000000;00000005;
20170316;FRO;*;V17 ;0000000000000;0000000000000;00000000;00000000;00000000;00000000;00000000;0000000000213;0000000000210;0000000000000;00000003;
20170316;FRO;*;V18 ;0000000000000;0000000000000;00000000;00000000;00000000;00000000;00000000;0000000000245;0000000000243;0000000000000;00000002;
20170316;FRO;*;V19 ;0000000000000;0000000000000;00000000;00000000;00000000;00000000;00000000;0000000000298;0000000000296;0000000000000;00000002;
20170316;FRO;*;V20 ;0000000000000;0000000000000;00000000;00000000;00000000;00000000;00000000;0000000000345;0000000000345;0000000000000;00000000;
20170316;FRO;*;V21 ;0000000000000;0000000000000;00000000;00000000;00000000;00000000;00000000;0000000000387;0000000000386;0000000000000;00000001;
20170316;FRO;*;X17 ;0000000000000;0000000000000;00000000;00000000;00000000;00000000;00000000;0000000000212;0000000000210;0000000000000;00000002;
20170316;FRO;*;Z17 ;0000000000000;0000000000000;00000000;00000000;00000000;00000000;00000000;0000000000212;0000000000212;0000000000000;00000000;
20170316;FRP;*;FRP0;0000000000000;0000000000000;00000000;00001350;00001300;00001580;00001580;0000000000000;0000000000000;0000000000000;00000000;
20170316;FRP;*;FRP1;0000000000000;0000000000000;00000000;00001290;00001290;00001290;00001290;0000000000000;0000000000000;0000000000000;00000000;
20170316;GBP;*;J17 ;0000003377255;0000001086633;00000961;03858300;03858300;03865400;03865400;0000038651080;0000038439640;0000000074004;00211440;
20170316;GBP;*;K17 ;0000000000000;0000000000000;00000005;00000000;00000000;00000000;00000000;0000038905940;0000038698710;0000000072530;00207230;
20170316;GBP;*;M17 ;0000000000000;0000000000000;00000420;00000000;00000000;00000000;00000000;0000039226570;0000039020240;0000000072215;00206330;
20170316;HSI;*;H17 ;0000000000000;0000000000000;00000000;00000000;00000000;00000000;00000000;0000000024329;0000000023778;0000000000000;00000551;
20170316;HSI;*;J17 ;0000000000000;0000000000000;00000000;00000000;00000000;00000000;00000000;0000000024334;0000000023784;0000000000000;00000550;
20170316;IAP;*;J17 ;0000000000000;0000000000000;00000000;00000000;00000000;00000000;00000000;0000000482078;0000000482095;0000000000425;00000017;
20170316;IAP;*;K17 ;0000000000000;0000000000000;00000000;00000000;00000000;00000000;00000000;0000000484347;0000000484385;0000000000000;00000038;
20170316;IAP;*;K19 ;0000000000000;0000000000000;00000000;00000000;00000000;00000000;00000000;0000000527053;0000000526405;0000000000000;00000648;
20170316;IAP;*;K21 ;0000000000000;0000000000000;00000000;00000000;00000000;00000000;00000000;0000000578242;0000000577351;0000000000000;00000891;
20170316;IAP;*;M17 ;0000000000000;0000000000000;00000000;00000000;00000000;00000000;00000000;0000000486005;0000000485979;0000000000000;00000026;
20170316;IAP;*;Q18 ;0000000000000;0000000000000;00000000;00000000;00000000;00000000;00000000;0000000509527;0000000508962;0000000000000;00000565;
20170316;IAP;*;Q20 ;0000000000000;0000000000000;00000000;00000000;00000000;00000000;00000000;0000000560308;0000000558915;0000000000000;00001393;
20170316;IAP;*;Q22 ;0000000000000;0000000000000;00000000;00000000;00000000;00000000;00000000;0000000613276;0000000612201;0000000000000;00001075;
20170316;ICF;*;H17 ;0000000000000;0000000000000;00000127;00000000;00000000;00000000;00000000;0000000015935;0000000015860;0000000023360;00000075;
20170316;ICF;*;H18 ;0000000000000;0000000000000;00000000;00000000;00000000;00000000;00000000;0000000018385;0000000018330;0000000000000;00000055;
20170316;ICF;*;K17 ;0000000000000;0000000000000;00000102;00000000;00000000;00000000;00000000;0000000016915;0000000016840;0000000023360;00000075;
20170316;ICF;*;N17 ;0000000000000;0000000000000;00000100;00000000;00000000;00000000;00000000;0000000017140;0000000017070;0000000021802;00000070;
20170316;ICF;*;U17 ;0000012487969;0000004009365;00004399;00017400;00017365;00017735;00017450;0000000017395;0000000017330;0000000020245;00000065;
20170316;ICF;*;U18 ;0000000057933;0000000018600;00000357;00018600;00018600;00018600;00018600;0000000018200;0000000018165;0000000010901;00000035;
20170316;ICF;*;Z17 ;0000000000000;0000000000000;00000192;00000000;00000000;00000000;00000000;0000000017960;0000000017895;0000000020245;00000065;
20170316;ICF;*;Z18 ;0000000000000;0000000000000;00000029;00000000;00000000;00000000;00000000;0000000018355;0000000018335;0000000006229;00000020;
20170316;IGM;*;K17 ;0000000000000;0000000000000;00000000;00000000;00000000;00000000;00000000;0000000668685;0000000668751;0000000001320;00000066;
20170316;IGM;*;K19 ;0000000000000;0000000000000;00000000;00000000;00000000;00000000;00000000;0000000719377;0000000718669;0000000000000;00000708;
20170316;IGM;*;K21 ;0000000000000;0000000000000;00000000;00000000;00000000;00000000;00000000;0000000790704;0000000789482;0000000000000;00001222;
20170316;IGM;*;Q18 ;0000000000000;0000000000000;00000000;00000000;00000000;00000000;00000000;0000000696501;0000000695992;0000000000000;00000509;
20170316;IGM;*;Q20 ;0000000000000;0000000000000;00000000;00000000;00000000;00000000;00000000;0000000763431;0000000762022;0000000000000;00001409;
20170316;IND;*;G18 ;0000000000000;0000000000000;00000000;00000000;00000000;00000000;00000000;0000000070984;0000000071511;0000000000000;00000527;
20170316;IND;*;J17 ;0004424877525;0001423705767;00252805;00067120;00066015;00067205;00066205;0000000066265;0000000066771;0000000050600;00000506;
20170316;IND;*;J18 ;0000000000000;0000000000000;00000000;00000000;00000000;00000000;00000000;0000000071948;0000000072460;0000000000000;00000512;
20170316;IND;*;M17 ;0000022965000;0000007388996;00030945;00068200;00067400;00068200;00067400;0000000067330;0000000067859;0000000052900;00000529;
20170316;IND;*;M18 ;0000000000000;0000000000000;00001080;00000000;00000000;00000000;00000000;0000000072799;0000000073302;0000000050300;00000503;
20170316;IND;*;Q17 ;0000002748000;0000000884170;00002205;00068700;00068700;00068700;00068700;0000000068356;0000000068876;0000000052000;00000520;
20170316;IND;*;Q18 ;0000000000000;0000000000000;00000000;00000000;00000000;00000000;00000000;0000000073830;0000000074330;0000000000000;00000500;
20170316;IND;*;V17 ;0000000000000;0000000000000;00000950;00000000;00000000;00000000;00000000;0000000069254;0000000069771;0000000051700;00000517;
20170316;IND;*;V18 ;0000000000000;0000000000000;00000000;00000000;00000000;00000000;00000000;0000000074836;0000000075338;0000000000000;00000502;
20170316;IND;*;Z17 ;0000000000000;0000000000000;00012535;00000000;00000000;00000000;00000000;0000000070103;0000000070621;0000000051800;00000518;
20170316;IND;*;Z18 ;0000000000000;0000000000000;00000035;00000000;00000000;00000000;00000000;0000000075748;0000000076257;0000000050900;00000509;
20170316;IR1;*;J7M7;0000000000000;0000000000000;00000000;00001090;00001090;00001093;00001093;0000000000000;0000000000000;0000000000000;00000000;
20170316;ISP;*;H17 ;0000053050738;0000017032375;00001413;00238825;00237750;00238850;00238325;0000000238325;0000000238375;0000000007786;00000050;
20170316;ISP;*;M17 ;0000104109860;0000033425325;00002038;00238425;00237500;00238525;00238100;0000000238100;0000000238050;0000000007786;00000050;
20170316;ISP;*;U17 ;0000000000000;0000000000000;00000000;00000000;00000000;00000000;00000000;0000000237675;0000000237775;0000000000000;00000100;
20170316;ISP;*;Z17 ;0000000000000;0000000000000;00000000;00000000;00000000;00000000;00000000;0000000237450;0000000237575;0000000000000;00000125;
20170316;JPY;*;J17 ;0000009661575;0000003108615;00001676;02748400;02748400;02766500;02766500;0000027616800;0000027584000;0000000016400;00032800;
20170316;JPY;*;K17 ;0000000000000;0000000000000;00000189;00000000;00000000;00000000;00000000;0000027806700;0000027777500;0000000014600;00029200;
20170316;JPY;*;M17 ;0000000000000;0000000000000;00000000;00000000;00000000;00000000;00000000;0000028045000;0000028017200;0000000000000;00027800;
20170316;JPY;*;N17 ;0000000000000;0000000000000;00000423;00000000;00000000;00000000;00000000;0000028275200;0000028246400;0000000014400;00028800;
20170316;JSE;*;H17 ;0000000000000;0000000000000;00000000;00000000;00000000;00000000;00000000;0000000045512;0000000044707;0000000000000;00000805;
20170316;JSE;*;M17 ;0000000000000;0000000000000;00000000;00000000;00000000;00000000;00000000;0000000045976;0000000045198;0000000000000;00000778;
20170316;JSE;*;U17 ;0000000000000;0000000000000;00000000;00000000;00000000;00000000;00000000;0000000046316;0000000045300;0000000000000;00001016;
20170316;MIX;*;M17 ;0000000000000;0000000000000;00000000;00000000;00000000;00000000;00000000;0000000002047;0000000002031;0000000000000;00000016;
20170316;MIX;*;U17 ;0000000000000;0000000000000;00000000;00000000;00000000;00000000;00000000;0000000002073;0000000002050;0000000000000;00000023;
20170316;MXN;*;J17 ;0000005381970;0000001731651;00000714;01630900;01630900;01630900;01630900;0000016263050;0000016186690;0000000057270;00076360;
20170316;MXN;*;K17 ;0000000000000;0000000000000;00000019;00000000;00000000;00000000;00000000;0000016286240;0000016212340;0000000055425;00073900;
20170316;MXN;*;M17 ;0000000000000;0000000000000;00000000;00000000;00000000;00000000;00000000;0000016331410;0000016259200;0000000000000;00072210;
20170316;NZD;*;J17 ;0000014704200;0000004731081;00000065;02178400;02178400;02178400;02178400;0000021782490;0000021972910;0000000142815;00190420;
20170316;NZD;*;K17 ;0000000000000;0000000000000;00000000;00000000;00000000;00000000;00000000;0000021890520;0000022080990;0000000000000;00190470;
20170316;NZD;*;M17 ;0000000000000;0000000000000;00000000;00000000;00000000;00000000;00000000;0000022035760;0000022228450;0000000000000;00192690;
20170316;OC1;*;F18 ;0000000000000;0000000000000;00000000;00000000;00000000;00000000;00000000;0000009277029;0000009279732;0000000000000;00002703;
20170316;OC1;*;F19 ;0000000000000;0000000000000;00000000;00000000;00000000;00000000;00000000;0000008502286;0000008509994;0000000000000;00007708;
20170316;OC1;*;F20 ;0000000000000;0000000000000;00000000;00000000;00000000;00000000;00000000;0000007712739;0000007725146;0000000000000;00012407;
20170316;OC1;*;F21 ;0000000000000;0000000000000;00000000;00000000;00000000;00000000;00000000;0000006974663;0000006984796;0000000000000;00010133;
20170316;OC1;*;F22 ;0000000000000;0000000000000;00000000;00000000;00000000;00000000;00000000;0000006297381;0000006308761;0000000000000;00011380;
20170316;OC1;*;F23 ;0000000000000;0000000000000;00000000;00000000;00000000;00000000;00000000;0000005689785;0000005696130;0000000000000;00006345;
20170316;OC1;*;F24 ;0000000000000;0000000000000;00000000;00000000;00000000;00000000;00000000;0000005148634;0000005148970;0000000000000;00000336;
20170316;OC1;*;F25 ;0000000000000;0000000000000;00000000;00000000;00000000;00000000;00000000;0000004648533;0000004655380;0000000000000;00006847;
20170316;OC1;*;F26 ;0000000000000;0000000000000;00000000;00000000;00000000;00000000;00000000;0000004203553;0000004212180;0000000000000;00008627;
20170316;OC1;*;F27 ;0000000000000;0000000000000;00000000;00000000;00000000;00000000;00000000;0000003797548;0000003804506;0000000000000;00006958;
20170316;OC1;*;F28 ;0000000000000;0000000000000;00000000;00000000;00000000;00000000;00000000;0000003433625;0000003440532;0000000000000;00006907;
20170316;OC1;*;F29 ;0000000000000;0000000000000;00000000;00000000;00000000;00000000;00000000;0000003105911;0000003112381;0000000000000;00006470;
20170316;OC1;*;F30 ;0000000000000;0000000000000;00000000;00000000;00000000;00000000;00000000;0000002807036;0000002813685;0000000000000;00006649;
20170316;OC1;*;G18 ;0000000000000;0000000000000;00000000;00000000;00000000;00000000;00000000;0000009207669;0000009209506;0000000000000;00001837;
20170316;OC1;*;H18 ;0000000000000;0000000000000;00000000;00000000;00000000;00000000;00000000;0000009149700;0000009152027;0000000000000;00002327;
20170316;OC1;*;J17 ;0000000000000;0000000000000;00029800;00000000;00000000;00000000;00000000;0000009945545;0000009945536;0000000000009;00000009;
20170316;OC1;*;J18 ;0000000000000;0000000000000;00000000;00000000;00000000;00000000;00000000;0000009085038;0000009089223;0000000000000;00004185;
20170316;OC1;*;J19 ;0000000000000;0000000000000;00000000;00000000;00000000;00000000;00000000;0000008307320;0000008315748;0000000000000;00008428;
20170316;OC1;*;J20 ;0000000000000;0000000000000;00000000;00000000;00000000;00000000;00000000;0000007522026;0000007535111;0000000000000;00013085;
20170316;OC1;*;J21 ;0000000000000;0000000000000;00000000;00000000;00000000;00000000;00000000;0000006806280;0000006817255;0000000000000;00010975;
20170316;OC1;*;K17 ;0000000000000;0000000000000;00000000;00000000;00000000;00000000;00000000;0000009867565;0000009867627;0000000000000;00000062;
20170316;OC1;*;M17 ;0000000000000;0000000000000;00000000;00000000;00000000;00000000;00000000;0000009776816;0000009776744;0000000000000;00000072;
20170316;OC1;*;N17 ;0000000000000;0000000000000;00000000;00000000;00000000;00000000;00000000;0000009696926;0000009697121;0000000000000;00000195;
20170316;OC1;*;N18 ;0000000000000;0000000000000;00000000;00000000;00000000;00000000;00000000;0000008888889;0000008895921;0000000000000;00007032;
20170316;OC1;*;N19 ;0000000000000;0000000000000;00000000;00000000;00000000;00000000;00000000;0000008113382;0000008124189;0000000000000;00010807;
20170316;OC1;*;N20 ;0000000000000;0000000000000;00000000;00000000;00000000;00000000;00000000;0000007338296;0000007352007;0000000000000;00013711;
20170316;OC1;*;N21 ;0000000000000;0000000000000;00000000;00000000;00000000;00000000;00000000;0000006631669;0000006643738;0000000000000;00012069;
20170316;OC1;*;N22 ;0000000000000;0000000000000;00000000;00000000;00000000;00000000;00000000;0000005989341;0000005998352;0000000000000;00009011;
20170316;OC1;*;N23 ;0000000000000;0000000000000;00000000;00000000;00000000;00000000;00000000;0000005413708;0000005417142;0000000000000;00003434;
20170316;OC1;*;N24 ;0000000000000;0000000000000;00000000;00000000;00000000;00000000;00000000;0000004897954;0000004901490;0000000000000;00003536;
20170316;OC1;*;Q17 ;0000000000000;0000000000000;00000000;00000000;00000000;00000000;00000000;0000009618750;0000009618723;0000000000000;00000027;
20170316;OC1;*;U17 ;0000000000000;0000000000000;00000000;00000000;00000000;00000000;00000000;0000009538681;0000009539089;0000000000000;00000408;
20170316;OC1;*;V17 ;0000000000000;0000000000000;00000000;00000000;00000000;00000000;00000000;0000009472265;0000009473719;0000000000000;00001454;
20170316;OC1;*;V18 ;0000000000000;0000000000000;00000000;00000000;00000000;00000000;00000000;0000008691712;0000008699823;0000000000000;00008111;
20170316;OC1;*;V19 ;0000000000000;0000000000000;00000000;00000000;00000000;00000000;00000000;0000007906902;0000007919456;0000000000000;00012554;
20170316;OC1;*;V20 ;0000000000000;0000000000000;00000000;00000000;00000000;00000000;00000000;0000007146399;0000007161886;0000000000000;00015487;
20170316;OC1;*;V21 ;0000000000000;0000000000000;00000000;00000000;00000000;00000000;00000000;0000006465547;0000006477460;0000000000000;00011913;
20170316;OC1;*;X17 ;0000000000000;0000000000000;00000000;00000000;00000000;00000000;00000000;0000009403051;0000009404904;0000000000000;00001853;
20170316;OC1;*;Z17 ;0000000000000;0000000000000;00000000;00000000;00000000;00000000;00000000;0000009339765;0000009341997;0000000000000;00002232;
20170316;OZ1;*;0000;0000000790658;0000000254394;00000000;00121500;00121500;00122000;00122000;0000000121762;0000000121000;0000000000000;00001000;
20170316;OZ1;*;J17 ;0000000000000;0000000000000;00000000;00000000;00000000;00000000;00000000;0000000122611;0000000121662;0000000000000;00000949;
20170316;OZ1;*;K17 ;0000000000000;0000000000000;00000000;00000000;00000000;00000000;00000000;0000000123581;0000000122623;0000000000000;00000958;
20170316;OZ2;*;0000;0000000089480;0000000028790;00000000;00122000;00119020;00122000;00121500;0000000121040;0000000121680;0000000000000;00001300;
20170316;OZ3;*;0000;0000000004916;0000000001582;00000000;00121000;00120500;00121000;00121000;0000000120721;0000000121199;0000000000000;00001000;
20170316;RSP;*;H7M7;0000000000000;0000000000000;00000000;00000320;00000320;00000290;00000300;0000000000000;0000000000000;0000000000000;00000000;
20170316;SCS;*;J703;0000000000000;0000000000000;00194220;00000000;00000000;00000000;00000000;0000000000000;0000000000000;0000000000000;00000000;
20170316;SCS;*;K702;0000000000000;0000000000000;00127785;00000000;00000000;00000000;00000000;0000000000000;0000000000000;0000000000000;00000000;
20170316;SCS;*;M701;0000000000000;0000000000000;00026000;00000000;00000000;00000000;00000000;0000000000000;0000000000000;0000000000000;00000000;
20170316;SCS;*;N703;0000000000000;0000000000000;00091470;00000000;00000000;00000000;00000000;0000000000000;0000000000000;0000000000000;00000000;
20170316;SFI;*;K17 ;0000000000000;0000000000000;00000000;00000000;00000000;00000000;00000000;0000000002142;0000000002135;0000000000000;00000007;
20170316;SFI;*;N17 ;0000000000000;0000000000000;00000000;00000000;00000000;00000000;00000000;0000000002163;0000000002156;0000000000000;00000007;
20170316;SFI;*;X17 ;0000000000000;0000000000000;00000000;00000000;00000000;00000000;00000000;0000000002123;0000000002118;0000000000000;00000005;
20170316;SJC;*;F18 ;0000000000000;0000000000000;00000000;00000000;00000000;00000000;00000000;0000000220624;0000000220018;0000000000000;00000606;
20170316;SJC;*;H18 ;0000000000000;0000000000000;00000000;00000000;00000000;00000000;00000000;0000000221120;0000000220624;0000000000000;00000496;
20170316;SJC;*;K17 ;0000012289220;0000003945555;00000945;00002212;00002200;00002215;00002209;0000000220789;0000000220018;0000000010806;00000771;
20170316;SJC;*;K18 ;0000000000000;0000000000000;00000000;00000000;00000000;00000000;00000000;0000000221726;0000000221230;0000000000000;00000496;
20170316;SJC;*;N17 ;0000000156420;0000000050220;00000195;00002232;00002232;00002232;00002232;0000000222994;0000000222222;0000000010820;00000772;
20170316;SJC;*;Q17 ;0000000000000;0000000000000;00000000;00000000;00000000;00000000;00000000;0000000223214;0000000222388;0000000000000;00000826;
20170316;SJC;*;U17 ;0000000000000;0000000000000;00000000;00000000;00000000;00000000;00000000;0000000221010;0000000220348;0000000000000;00000662;
20170316;SJC;*;X17 ;0000000122781;0000000039420;00000448;00002190;00002190;00002190;00002190;0000000219466;0000000218915;0000000007722;00000551;
20170316;TRY;*;J17 ;0000027390262;0000008812826;00000464;00852400;00852300;00864600;00861300;0000008605050;0000008446870;0000000118635;00158180;
20170316;TRY;*;K17 ;0000000000000;0000000000000;00000000;00000000;00000000;00000000;00000000;0000008586380;0000008430410;0000000000000;00155970;
20170316;TRY;*;M17 ;0000000000000;0000000000000;00000000;00000000;00000000;00000000;00000000;0000008566550;0000008413050;0000000000000;00153500;
20170316;T10;*;M17 ;0000008452595;0000002719625;00002819;00123594;00123594;00123734;00123641;0000001235937;0000001237343;0000000043698;00001406;
20170316;T10;*;U17 ;0000000000000;0000000000000;00000000;00000000;00000000;00000000;00000000;0000001229843;0000001231093;0000000000000;00001250;
20170316;WDO;*;F18 ;0000000000000;0000000000000;00000000;00000000;00000000;00000000;00000000;0000032971860;0000032958010;0000000000000;00013850;
20170316;WDO;*;F19 ;0000000000000;0000000000000;00000000;00000000;00000000;00000000;00000000;0000034946000;0000034920050;0000000000000;00025950;
20170316;WDO;*;F20 ;0000000000000;0000000000000;00000000;00000000;00000000;00000000;00000000;0000037076620;0000037042130;0000000000000;00034490;
20170316;WDO;*;F21 ;0000000000000;0000000000000;00000000;00000000;00000000;00000000;00000000;0000039193130;0000039136470;0000000000000;00056660;
20170316;WDO;*;F25 ;0000000000000;0000000000000;00000000;00000000;00000000;00000000;00000000;0000047904500;0000047812600;0000000000000;00091900;
20170316;WDO;*;G18 ;0000000000000;0000000000000;00000000;00000000;00000000;00000000;00000000;0000033162560;0000033152100;0000000000000;00010460;
20170316;WDO;*;H18 ;0000000000000;0000000000000;00000000;00000000;00000000;00000000;00000000;0000033307170;0000033302140;0000000000000;00005030;
20170316;WDO;*;J17 ;0016631565075;0005351211414;00034815;03133500;03106000;03136500;03134000;0000031262910;0000031258430;0000000000448;00004480;
20170316;WDO;*;J18 ;0000000000000;0000000000000;00000000;00000000;00000000;00000000;00000000;0000033466820;0000033449870;0000000000000;00016950;
20170316;WDO;*;J19 ;0000000000000;0000000000000;00000000;00000000;00000000;00000000;00000000;0000035488520;0000035449230;0000000000000;00039290;
20170316;WDO;*;K17 ;0000000219955;0000000070771;00000187;03130000;03130000;03150000;03147000;0000031452070;0000031452060;0000000000001;00000010;
20170316;WDO;*;M17 ;0000000031520;0000000010142;00000000;03152000;03152000;03152000;03152000;0000031687710;0000031690490;0000000000278;00002780;
20170316;WDO;*;N17 ;0000000000000;0000000000000;00000001;00000000;00000000;00000000;00000000;0000031903070;0000031904400;0000000000133;00001330;
20170316;WDO;*;N18 ;0000000000000;0000000000000;00000000;00000000;00000000;00000000;00000000;0000033973510;0000033943980;0000000000000;00029530;
20170316;WDO;*;N19 ;0000000000000;0000000000000;00000000;00000000;00000000;00000000;00000000;0000035984090;0000035945170;0000000000000;00038920;
20170316;WDO;*;N21 ;0000000000000;0000000000000;00000000;00000000;00000000;00000000;00000000;0000040291770;0000040230770;0000000000000;00061000;
20170316;WDO;*;Q17 ;0000000000000;0000000000000;00000000;00000000;00000000;00000000;00000000;0000032095710;0000032098040;0000000000000;00002330;
20170316;WDO;*;U17 ;0000000000000;0000000000000;00000000;00000000;00000000;00000000;00000000;0000032315730;0000032316550;0000000000000;00000820;
20170316;WDO;*;V17 ;0000000000000;0000000000000;00000000;00000000;00000000;00000000;00000000;0000032475450;0000032471500;0000000000000;00003950;
20170316;WDO;*;V18 ;0000000000000;0000000000000;00000000;00000000;00000000;00000000;00000000;0000034490470;0000034461190;0000000000000;00029280;
20170316;WDO;*;V19 ;0000000000000;0000000000000;00000000;00000000;00000000;00000000;00000000;0000036570720;0000036520270;0000000000000;00050450;
20170316;WDO;*;X17 ;0000000000000;0000000000000;00000000;00000000;00000000;00000000;00000000;0000032659280;0000032651520;0000000000000;00007760;
20170316;WDO;*;Z17 ;0000000000000;0000000000000;00000000;00000000;00000000;00000000;00000000;0000032822890;0000032811110;0000000000000;00011780;
20170316;WD1;*;J7K7;0000000000000;0000000000000;00000000;00000000;00000000;00000000;00000000;0000000000000;0000000000000;0000000000000;00000000;
20170316;WEU;*;J17 ;0000000000000;0000000000000;00000000;00000000;00000000;00000000;00000000;0000033627130;0000033494920;0000000000000;00132210;
20170316;WEU;*;K17 ;0000000000000;0000000000000;00000000;00000000;00000000;00000000;00000000;0000033867330;0000033739250;0000000000000;00128080;
20170316;WEU;*;M17 ;0000000000000;0000000000000;00000000;00000000;00000000;00000000;00000000;0000034167060;0000034040130;0000000000000;00126930;
20170316;WEU;*;N17 ;0000000000000;0000000000000;00000000;00000000;00000000;00000000;00000000;0000034455510;0000034326930;0000000000000;00128580;
20170316;WEU;*;V17 ;0000000000000;0000000000000;00000000;00000000;00000000;00000000;00000000;0000035248350;0000035109090;0000000000000;00139260;
20170316;WIN;*;G18 ;0000000000000;0000000000000;00000000;00000000;00000000;00000000;00000000;0000000070984;0000000071511;0000000000000;00000527;
20170316;WIN;*;J17 ;0014039441681;0004517194878;00058024;00067100;00066015;00067215;00066210;0000000066265;0000000066771;0000000010120;00000506;
20170316;WIN;*;J18 ;0000000000000;0000000000000;00000000;00000000;00000000;00000000;00000000;0000000071948;0000000072460;0000000000000;00000512;
20170316;WIN;*;M17 ;0000000000000;0000000000000;00000018;00000000;00000000;00000000;00000000;0000000067330;0000000067859;0000000010580;00000529;
20170316;WIN;*;M18 ;0000000000000;0000000000000;00000000;00000000;00000000;00000000;00000000;0000000072799;0000000073302;0000000000000;00000503;
20170316;WIN;*;Q17 ;0000000000000;0000000000000;00000000;00000000;00000000;00000000;00000000;0000000068356;0000000068876;0000000000000;00000520;
20170316;WIN;*;Q18 ;0000000000000;0000000000000;00000000;00000000;00000000;00000000;00000000;0000000073830;0000000074330;0000000000000;00000500;
20170316;WIN;*;V17 ;0000000000000;0000000000000;00000000;00000000;00000000;00000000;00000000;0000000069254;0000000069771;0000000000000;00000517;
20170316;WIN;*;V18 ;0000000000000;0000000000000;00000000;00000000;00000000;00000000;00000000;0000000074836;0000000075338;0000000000000;00000502;
20170316;WIN;*;Z17 ;0000000000000;0000000000000;00000000;00000000;00000000;00000000;00000000;0000000070103;0000000070621;0000000000000;00000518;
20170316;WIN;*;Z18 ;0000000000000;0000000000000;00000000;00000000;00000000;00000000;00000000;0000000075748;0000000076257;0000000000000;00000509;
20170316;WTI;*;J17 ;0000000000000;0000000000000;00000243;00000000;00000000;00000000;00000000;0000000004875;0000000004886;0000000003426;00000011;
20170316;WTI;*;K17 ;0000000000000;0000000000000;00000530;00000000;00000000;00000000;00000000;0000000004924;0000000004938;0000000004360;00000014;
20170316;WTI;*;M17 ;0000000000000;0000000000000;00000000;00000000;00000000;00000000;00000000;0000000004963;0000000004978;0000000000000;00000015;
20170316;ZAR;*;J17 ;0000000000000;0000000000000;00000123;00000000;00000000;00000000;00000000;0000024420020;0000024294850;0000000043809;00125170;
20170316;ZAR;*;K17 ;0000000000000;0000000000000;00000010;00000000;00000000;00000000;00000000;0000024442890;0000024333040;0000000038447;00109850;
20170316;ZAR;*;M17 ;0000000000000;0000000000000;00000000;00000000;00000000;00000000;00000000;0000024492510;0000024373940;0000000000000;00118570;
