Data;Código do Contrato;Pregão;Vencimento;Volume(R$);Volume(U$);Número de contas em Aberto;Preço de Abertura;Preço Mínimo;Preço Máximo;Último Preço;Preço de Ajuste Atual; Preço de Ajuste Anterior;Valor de Ajuste por Contrato;Variação
20170516;AUD;*;M17 ;0000100715526;0000032568725;00002087;02309200;02307100;02309300;02309000;0000023086620;0000023094960;0000000005004;00008340;
20170516;AUD;*;N17 ;0000000000000;0000000000000;00000011;00000000;00000000;00000000;00000000;0000023230560;0000023237380;0000000004092;00006820;
20170516;AUD;*;Q17 ;0000097378020;0000031489464;00000000;02335500;02335200;02335500;02335200;0000023360340;0000023366920;0000000003948;00006580;
20170516;BGI;*;F18 ;0000000000000;0000000000000;00000000;00000000;00000000;00000000;00000000;0000000013752;0000000013800;0000000000000;00000048;
20170516;BGI;*;K17 ;0000015449916;0000004993186;00004034;00013562;00013520;00013562;00013530;0000000013522;0000000013569;0000000015510;00000047;
20170516;BGI;*;K18 ;0000000000000;0000000000000;00000050;00000000;00000000;00000000;00000000;0000000014173;0000000014227;0000000017820;00000054;
20170516;BGI;*;M17 ;0000011857705;0000003832236;00001875;00013550;00013491;00013580;00013491;0000000013491;0000000013561;0000000023100;00000070;
20170516;BGI;*;N17 ;0000000044959;0000000014530;00000048;00013624;00013624;00013624;00013624;0000000013578;0000000013624;0000000015180;00000046;
20170516;BGI;*;Q17 ;0000000045210;0000000014611;00000081;00013700;00013700;00013700;00013700;0000000013640;0000000013683;0000000014190;00000043;
20170516;BGI;*;U17 ;0000000045375;0000000014665;00000000;00013750;00013750;00013750;00013750;0000000013756;0000000013802;0000000015180;00000046;
20170516;BGI;*;V17 ;0000009326215;0000003014096;00002948;00013850;00013770;00013850;00013796;0000000013805;0000000013850;0000000014850;00000045;
20170516;BGI;*;V18 ;0000000000000;0000000000000;00000000;00000000;00000000;00000000;00000000;0000000014843;0000000014900;0000000000000;00000057;
20170516;BGI;*;X17 ;0000000045870;0000000014825;00000057;00013900;00013900;00013900;00013900;0000000013875;0000000013920;0000000014850;00000045;
20170516;BGI;*;Z17 ;0000000045870;0000000014825;00000002;00013900;00013900;00013900;00013900;0000000013919;0000000013967;0000000015840;00000048;
20170516;BRI;*;M17 ;0000000691620;0000000223652;00000679;00011527;00011527;00011527;00011527;0000000011527;0000000011494;0000000033000;00000033;
20170516;BRI;*;Q17 ;0000000000000;0000000000000;00000000;00000000;00000000;00000000;00000000;0000000011697;0000000011665;0000000000000;00000032;
20170516;BSE;*;K17 ;0000000000000;0000000000000;00000000;00000000;00000000;00000000;00000000;0000000030650;0000000030397;0000000000000;00000253;
20170516;BSE;*;M17 ;0000000000000;0000000000000;00000000;00000000;00000000;00000000;00000000;0000000030916;0000000030660;0000000000000;00000256;
20170516;CAD;*;M17 ;0000000687330;0000000222264;00001033;02291100;02291100;02291100;02291100;0000022899260;0000022837510;0000000037050;00061750;
20170516;CAD;*;N17 ;0000000000000;0000000000000;00000000;00000000;00000000;00000000;00000000;0000023063100;0000023000060;0000000000000;00063040;
20170516;CAD;*;Q17 ;0000000000000;0000000000000;00000000;00000000;00000000;00000000;00000000;0000023213850;0000023149530;0000000000000;00064320;
20170516;CCM;*;F18 ;0000000038749;0000000012523;00000502;00002875;00002861;00002875;00002861;0000000002860;0000000002844;0000000007200;00000016;
20170516;CCM;*;H18 ;0000000387697;0000000125298;00000256;00002970;00002970;00002971;00002971;0000000002971;0000000002970;0000000000450;00000001;
20170516;CCM;*;K18 ;0000000000000;0000000000000;00000000;00000000;00000000;00000000;00000000;0000000002912;0000000002929;0000000000000;00000017;
20170516;CCM;*;N17 ;0000000000000;0000000000000;00000000;00000000;00000000;00000000;00000000;0000000002739;0000000002751;0000000000000;00000012;
20170516;CCM;*;N18 ;0000000000000;0000000000000;00000000;00000000;00000000;00000000;00000000;0000000002901;0000000002914;0000000000000;00000013;
20170516;CCM;*;U17 ;0000017098929;0000005526123;00020533;00002685;00002671;00002696;00002680;0000000002680;0000000002692;0000000005400;00000012;
20170516;CCM;*;U18 ;0000000000000;0000000000000;00000000;00000000;00000000;00000000;00000000;0000000002891;0000000002899;0000000000000;00000008;
20170516;CCM;*;X17 ;0000001019457;0000000329474;00000833;00002730;00002726;00002730;00002726;0000000002708;0000000002706;0000000000900;00000002;
20170516;CCM;*;X18 ;0000000000000;0000000000000;00000000;00000000;00000000;00000000;00000000;0000000002960;0000000002968;0000000000000;00000008;
20170516;CHF;*;M17 ;0000000000000;0000000000000;00000119;00000000;00000000;00000000;00000000;0000031586230;0000031301920;0000000142155;00284310;
20170516;CHF;*;N17 ;0000000000000;0000000000000;00000000;00000000;00000000;00000000;00000000;0000031853060;0000031566610;0000000000000;00286450;
20170516;CHF;*;Q17 ;0000000000000;0000000000000;00000000;00000000;00000000;00000000;00000000;0000032106380;0000031816300;0000000000000;00290080;
20170516;CLP;*;M17 ;0000000000000;0000000000000;00000737;00000000;00000000;00000000;00000000;0000046607000;0000046566000;0000000010250;00041000;
20170516;CLP;*;N17 ;0000000000000;0000000000000;00000000;00000000;00000000;00000000;00000000;0000046863000;0000046803000;0000000000000;00060000;
20170516;CLP;*;Q17 ;0000000000000;0000000000000;00000000;00000000;00000000;00000000;00000000;0000047081000;0000047022000;0000000000000;00059000;
20170516;CNY;*;M17 ;0000000000000;0000000000000;00000000;00000000;00000000;00000000;00000000;0000045110600;0000045138310;0000000000000;00027710;
20170516;CNY;*;N17 ;0000000000000;0000000000000;00000090;00000000;00000000;00000000;00000000;0000045311720;0000045323050;0000000003965;00011330;
20170516;CNY;*;Q17 ;0000000000000;0000000000000;00000000;00000000;00000000;00000000;00000000;0000045459800;0000045475300;0000000000000;00015500;
20170516;CR1;*;U7Z7;0000000000000;0000000000000;00000000;00000000;00000000;00000000;00000000;0000000000000;0000000000000;0000000000000;00000000;
20170516;DAP;*;F18 ;0000000000000;0000000000000;00005310;00000000;00000000;00000000;00000000;0000009689792;0000009684989;0000000005799;00004803;
20170516;DAP;*;K19 ;0000919707143;0000297408855;00045750;00000451;00000451;00000454;00000453;0000009161828;0000009153375;0000000010205;00008453;
20170516;DAP;*;K21 ;0000000498267;0000000161126;00012463;00000494;00000494;00000494;00000494;0000008260013;0000008241309;0000000022582;00018704;
20170516;DAP;*;K23 ;0000000000000;0000000000000;00012749;00000000;00000000;00000000;00000000;0000007452516;0000007422969;0000000035674;00029547;
20170516;DAP;*;M17 ;0000000000000;0000000000000;00000000;00000000;00000000;00000000;00000000;0000009954109;0000009953858;0000000000000;00000251;
20170516;DAP;*;N17 ;0000000000000;0000000000000;00002500;00000000;00000000;00000000;00000000;0000009885057;0000009884711;0000000000417;00000346;
20170516;DAP;*;Q17 ;0000000000000;0000000000000;00000000;00000000;00000000;00000000;00000000;0000009839225;0000009838952;0000000000000;00000273;
20170516;DAP;*;Q18 ;0000110654690;0000035782787;00052655;00000465;00000465;00000468;00000466;0000009448276;0000009442830;0000000006575;00005446;
20170516;DAP;*;Q20 ;0000020729556;0000006703388;00005785;00000482;00000482;00000482;00000482;0000008587230;0000008571419;0000000019089;00015811;
20170516;DAP;*;Q22 ;0000117552041;0000038013207;00016574;00000508;00000502;00000509;00000502;0000007740054;0000007713160;0000000032471;00026894;
20170516;DAP;*;Q24 ;0000000000000;0000000000000;00008370;00000000;00000000;00000000;00000000;0000007001230;0000006967651;0000000040542;00033579;
20170516;DAP;*;Q26 ;0000032760617;0000010593913;00002045;00000511;00000511;00000514;00000514;0000006308510;0000006269887;0000000046632;00038623;
20170516;DAP;*;Q30 ;0000000000000;0000000000000;00000235;00000000;00000000;00000000;00000000;0000005225787;0000005167063;0000000070901;00058724;
20170516;DCO;*;F18 ;0000000000000;0000000000000;00000000;00000000;00000000;00000000;00000000;0000009861422;0000009879637;0000000000000;00018215;
20170516;DCO;*;F19 ;0000000000000;0000000000000;00000000;00000000;00000000;00000000;00000000;0000009620915;0000009641706;0000000000000;00020791;
20170516;DCO;*;F20 ;0000000000000;0000000000000;00000000;00000000;00000000;00000000;00000000;0000009318425;0000009340418;0000000000000;00021993;
20170516;DCO;*;F21 ;0000000000000;0000000000000;00000000;00000000;00000000;00000000;00000000;0000008967162;0000008985446;0000000000000;00018284;
20170516;DCO;*;F22 ;0000000000000;0000000000000;00000000;00000000;00000000;00000000;00000000;0000008583194;0000008604250;0000000000000;00021056;
20170516;DCO;*;F23 ;0000000000000;0000000000000;00000000;00000000;00000000;00000000;00000000;0000008192987;0000008207934;0000000000000;00014947;
20170516;DCO;*;F24 ;0000000000000;0000000000000;00000000;00000000;00000000;00000000;00000000;0000007780540;0000007791913;0000000000000;00011373;
20170516;DCO;*;F25 ;0000000000000;0000000000000;00000000;00000000;00000000;00000000;00000000;0000007385955;0000007399792;0000000000000;00013837;
20170516;DCO;*;F26 ;0000000000000;0000000000000;00000000;00000000;00000000;00000000;00000000;0000006975751;0000006989532;0000000000000;00013781;
20170516;DCO;*;F27 ;0000000000000;0000000000000;00000000;00000000;00000000;00000000;00000000;0000006590896;0000006605503;0000000000000;00014607;
20170516;DCO;*;F28 ;0000000000000;0000000000000;00000000;00000000;00000000;00000000;00000000;0000006233723;0000006249795;0000000000000;00016072;
20170516;DCO;*;F29 ;0000000000000;0000000000000;00000000;00000000;00000000;00000000;00000000;0000005890863;0000005904719;0000000000000;00013856;
20170516;DCO;*;F30 ;0000000000000;0000000000000;00000000;00000000;00000000;00000000;00000000;0000005572169;0000005584234;0000000000000;00012065;
20170516;DCO;*;G18 ;0000000000000;0000000000000;00000000;00000000;00000000;00000000;00000000;0000009845815;0000009863766;0000000000000;00017951;
20170516;DCO;*;H18 ;0000000000000;0000000000000;00000000;00000000;00000000;00000000;00000000;0000009828780;0000009846719;0000000000000;00017939;
20170516;DCO;*;J18 ;0000000000000;0000000000000;00000000;00000000;00000000;00000000;00000000;0000009810181;0000009829561;0000000000000;00019380;
20170516;DCO;*;J19 ;0000000000000;0000000000000;00000000;00000000;00000000;00000000;00000000;0000009554584;0000009574239;0000000000000;00019655;
20170516;DCO;*;J20 ;0000000000000;0000000000000;00000000;00000000;00000000;00000000;00000000;0000009239340;0000009263180;0000000000000;00023840;
20170516;DCO;*;J21 ;0000000000000;0000000000000;00000000;00000000;00000000;00000000;00000000;0000008875845;0000008893501;0000000000000;00017656;
20170516;DCO;*;J22 ;0000000000000;0000000000000;00000000;00000000;00000000;00000000;00000000;0000008484681;0000008503171;0000000000000;00018490;
20170516;DCO;*;K18 ;0000000000000;0000000000000;00000000;00000000;00000000;00000000;00000000;0000009790939;0000009811201;0000000000000;00020262;
20170516;DCO;*;M17 ;0000000000000;0000000000000;00000000;00000000;00000000;00000000;00000000;0000009976234;0000009994942;0000000000000;00018708;
20170516;DCO;*;N17 ;0000000000000;0000000000000;00000000;00000000;00000000;00000000;00000000;0000009963864;0000009981840;0000000000000;00017976;
20170516;DCO;*;N18 ;0000000000000;0000000000000;00000000;00000000;00000000;00000000;00000000;0000009752228;0000009772439;0000000000000;00020211;
20170516;DCO;*;N19 ;0000000000000;0000000000000;00000000;00000000;00000000;00000000;00000000;0000009478972;0000009499604;0000000000000;00020632;
20170516;DCO;*;N20 ;0000000000000;0000000000000;00000000;00000000;00000000;00000000;00000000;0000009152238;0000009173794;0000000000000;00021556;
20170516;DCO;*;N21 ;0000000000000;0000000000000;00000000;00000000;00000000;00000000;00000000;0000008783022;0000008803508;0000000000000;00020486;
20170516;DCO;*;Q17 ;0000000000000;0000000000000;00000000;00000000;00000000;00000000;00000000;0000009945754;0000009963381;0000000000000;00017627;
20170516;DCO;*;U17 ;0000000000000;0000000000000;00000000;00000000;00000000;00000000;00000000;0000009931177;0000009949005;0000000000000;00017828;
20170516;DCO;*;V17 ;0000000000000;0000000000000;00000000;00000000;00000000;00000000;00000000;0000009913494;0000009931598;0000000000000;00018104;
20170516;DCO;*;V18 ;0000000000000;0000000000000;00000000;00000000;00000000;00000000;00000000;0000009692581;0000009713434;0000000000000;00020853;
20170516;DCO;*;V19 ;0000000000000;0000000000000;00000000;00000000;00000000;00000000;00000000;0000009407957;0000009427427;0000000000000;00019470;
20170516;DCO;*;V20 ;0000000000000;0000000000000;00000000;00000000;00000000;00000000;00000000;0000009061920;0000009084462;0000000000000;00022542;
20170516;DCO;*;V21 ;0000000000000;0000000000000;00000000;00000000;00000000;00000000;00000000;0000008687972;0000008708570;0000000000000;00020598;
20170516;DCO;*;X17 ;0000000000000;0000000000000;00000000;00000000;00000000;00000000;00000000;0000009897778;0000009915338;0000000000000;00017560;
20170516;DCO;*;Z17 ;0000000000000;0000000000000;00000000;00000000;00000000;00000000;00000000;0000009880929;0000009898431;0000000000000;00017502;
20170516;DDI;*;F18 ;0000000000000;0000000000000;00360013;00000000;00000000;00000000;00000000;0000009862046;0000009880253;0000000028230;00018207;
20170516;DDI;*;F19 ;0000000000000;0000000000000;00111920;00000000;00000000;00000000;00000000;0000009622447;0000009643228;0000000032221;00020781;
20170516;DDI;*;F20 ;0000000000000;0000000000000;00096574;00000000;00000000;00000000;00000000;0000009323063;0000009345033;0000000034065;00021970;
20170516;DDI;*;F21 ;0000000000000;0000000000000;00093131;00000000;00000000;00000000;00000000;0000008973103;0000008991354;0000000028299;00018251;
20170516;DDI;*;F22 ;0000000000000;0000000000000;00035784;00000000;00000000;00000000;00000000;0000008590128;0000008611152;0000000032598;00021024;
20170516;DDI;*;F23 ;0000000000000;0000000000000;00031416;00000000;00000000;00000000;00000000;0000008200665;0000008215567;0000000023106;00014902;
20170516;DDI;*;F24 ;0000000000000;0000000000000;00036485;00000000;00000000;00000000;00000000;0000007788694;0000007800012;0000000017549;00011318;
20170516;DDI;*;F25 ;0000000000000;0000000000000;00020730;00000000;00000000;00000000;00000000;0000007394414;0000007408201;0000000021377;00013787;
20170516;DDI;*;F26 ;0000000000000;0000000000000;00015430;00000000;00000000;00000000;00000000;0000006984285;0000006998017;0000000021292;00013732;
20170516;DDI;*;F27 ;0000000000000;0000000000000;00010950;00000000;00000000;00000000;00000000;0000006599402;0000006613965;0000000022580;00014563;
20170516;DDI;*;F28 ;0000000000000;0000000000000;00000110;00000000;00000000;00000000;00000000;0000006246326;0000006262343;0000000024835;00016017;
20170516;DDI;*;F29 ;0000000000000;0000000000000;00000000;00000000;00000000;00000000;00000000;0000005903176;0000005916974;0000000000000;00013798;
20170516;DDI;*;F30 ;0000000000000;0000000000000;00000500;00000000;00000000;00000000;00000000;0000005584133;0000005596136;0000000018611;00012003;
20170516;DDI;*;G18 ;0000000000000;0000000000000;00029190;00000000;00000000;00000000;00000000;0000009846517;0000009864460;0000000027821;00017943;
20170516;DDI;*;H18 ;0000000000000;0000000000000;00013360;00000000;00000000;00000000;00000000;0000009829556;0000009847486;0000000027801;00017930;
20170516;DDI;*;J18 ;0000000000000;0000000000000;00090286;00000000;00000000;00000000;00000000;0000009811039;0000009830411;0000000030037;00019372;
20170516;DDI;*;J19 ;0000000000000;0000000000000;00049506;00000000;00000000;00000000;00000000;0000009556321;0000009575963;0000000030455;00019642;
20170516;DDI;*;J20 ;0000000000000;0000000000000;00027355;00000000;00000000;00000000;00000000;0000009244328;0000009268144;0000000036927;00023816;
20170516;DDI;*;J21 ;0000000000000;0000000000000;00005297;00000000;00000000;00000000;00000000;0000008882046;0000008899667;0000000027322;00017621;
20170516;DDI;*;J22 ;0000000000000;0000000000000;00000120;00000000;00000000;00000000;00000000;0000008491810;0000008510263;0000000028612;00018453;
20170516;DDI;*;K18 ;0000000000000;0000000000000;00010760;00000000;00000000;00000000;00000000;0000009791874;0000009812127;0000000031403;00020253;
20170516;DDI;*;M17 ;0000000000000;0000000000000;00408187;00000000;00000000;00000000;00000000;0000009976323;0000009994981;0000000028930;00018658;
20170516;DDI;*;N17 ;0000101827162;0000032928199;00536815;00000375;00000375;00000375;00000375;0000009964129;0000009982102;0000000027868;00017973;
20170516;DDI;*;N18 ;0000000000000;0000000000000;00058391;00000000;00000000;00000000;00000000;0000009753317;0000009773519;0000000031324;00020202;
20170516;DDI;*;N19 ;0000000000000;0000000000000;00057944;00000000;00000000;00000000;00000000;0000009482848;0000009501528;0000000028964;00018680;
20170516;DDI;*;N20 ;0000000000000;0000000000000;00040905;00000000;00000000;00000000;00000000;0000009157556;0000009179084;0000000033380;00021528;
20170516;DDI;*;N21 ;0000000000000;0000000000000;00004420;00000000;00000000;00000000;00000000;0000008789485;0000008809939;0000000031714;00020454;
20170516;DDI;*;Q17 ;0000000000000;0000000000000;00221004;00000000;00000000;00000000;00000000;0000009946177;0000009963800;0000000027325;00017623;
20170516;DDI;*;U17 ;0000061587808;0000019915861;00078035;00000235;00000235;00000235;00000235;0000009931769;0000009949593;0000000027637;00017824;
20170516;DDI;*;V17 ;0000202972923;0000065636051;00205009;00000209;00000209;00000222;00000222;0000009914253;0000009932351;0000000028061;00018098;
20170516;DDI;*;V18 ;0000045049890;0000014567938;00055688;00000233;00000233;00000233;00000233;0000009693894;0000009714735;0000000032315;00020841;
20170516;DDI;*;V19 ;0000000000000;0000000000000;00031704;00000000;00000000;00000000;00000000;0000009412227;0000009431673;0000000030151;00019446;
20170516;DDI;*;V20 ;0000000000000;0000000000000;00024040;00000000;00000000;00000000;00000000;0000009067553;0000009090069;0000000034912;00022516;
20170516;DDI;*;V21 ;0000000000000;0000000000000;00002042;00000000;00000000;00000000;00000000;0000008694682;0000008715248;0000000031888;00020566;
20170516;DDI;*;X17 ;0000000000000;0000000000000;00061660;00000000;00000000;00000000;00000000;0000009898698;0000009916252;0000000027218;00017554;
20170516;DDI;*;Z17 ;0000000000000;0000000000000;00054130;00000000;00000000;00000000;00000000;0000009881469;0000009898963;0000000027125;00017494;
20170516;DDM;*;K19 ;0000000000000;0000000000000;00000000;00000000;00000000;00000000;00000000;0000009132082;0000009146960;0000000000000;00014878;
20170516;DDM;*;K21 ;0000000000000;0000000000000;00000000;00000000;00000000;00000000;00000000;0000008241669;0000008252008;0000000000000;00010339;
20170516;DDM;*;K25 ;0000000000000;0000000000000;00000000;00000000;00000000;00000000;00000000;0000006700409;0000006734151;0000000000000;00033742;
20170516;DDM;*;Q18 ;0000000000000;0000000000000;00000000;00000000;00000000;00000000;00000000;0000009459916;0000009468068;0000000000000;00008152;
20170516;DDM;*;Q20 ;0000000000000;0000000000000;00000000;00000000;00000000;00000000;00000000;0000008563942;0000008576126;0000000000000;00012184;
20170516;DI1;*;F18 ;0031397579893;0010153143155;03305607;00009025;00008950;00009030;00008970;0000009475653;0000009474470;0000000001183;00001183;
20170516;DI1;*;F19 ;0032216670193;0010418015196;01831381;00008860;00008760;00008880;00008790;0000008723607;0000008717837;0000000005770;00005770;
20170516;DI1;*;F20 ;0010329161636;0003340176444;01272733;00009280;00009150;00009290;00009190;0000007938554;0000007929565;0000000008989;00008989;
20170516;DI1;*;F21 ;0013222062379;0004275663685;01442824;00009600;00009460;00009620;00009500;0000007198051;0000007177077;0000000020974;00020974;
20170516;DI1;*;F22 ;0000616942646;0000199502861;00078896;00009840;00009690;00009840;00009740;0000006517452;0000006490413;0000000027039;00027039;
20170516;DI1;*;F23 ;0003878473748;0001254195365;00620310;00009980;00009830;00010000;00009870;0000005896885;0000005864109;0000000032776;00032776;
20170516;DI1;*;F24 ;0000012810732;0000004142650;00056880;00009990;00009930;00009990;00009930;0000005345814;0000005304490;0000000041324;00041324;
20170516;DI1;*;F25 ;0002648460818;0000856441863;00555481;00010170;00009990;00010170;00010030;0000004833025;0000004789973;0000000043052;00043052;
20170516;DI1;*;F26 ;0000002615162;0000000845674;00062778;00010170;00010070;00010170;00010070;0000004370231;0000004322805;0000000047426;00047426;
20170516;DI1;*;F27 ;0001920395040;0000621004734;00378519;00010310;00010120;00010320;00010150;0000003945103;0000003900792;0000000044311;00044311;
20170516;DI1;*;F28 ;0000000000000;0000000000000;00000010;00000000;00000000;00000000;00000000;0000003579888;0000003535526;0000000044362;00044362;
20170516;DI1;*;F29 ;0000000000000;0000000000000;00003465;00000000;00000000;00000000;00000000;0000003250231;0000003206218;0000000044013;00044013;
20170516;DI1;*;F30 ;0000000000000;0000000000000;00000270;00000000;00000000;00000000;00000000;0000002933592;0000002890499;0000000043093;00043093;
20170516;DI1;*;G18 ;0000000470474;0000000152139;00019785;00008895;00008895;00008895;00008895;0000009410038;0000009408504;0000000001534;00001534;
20170516;DI1;*;H18 ;0000006081463;0000001966584;00009400;00008840;00008840;00008840;00008840;0000009357313;0000009355512;0000000001801;00001801;
20170516;DI1;*;J18 ;0000793302506;0000256532954;00710491;00008840;00008765;00008840;00008785;0000009294366;0000009292170;0000000002196;00002196;
20170516;DI1;*;J19 ;0000358408920;0000115899922;00527981;00008970;00008880;00008970;00008900;0000008532710;0000008524635;0000000008075;00008075;
20170516;DI1;*;J20 ;0000012783704;0000004133910;00074138;00009330;00009280;00009330;00009290;0000007751182;0000007733384;0000000017798;00017798;
20170516;DI1;*;J21 ;0000006674423;0000002158331;00029815;00009680;00009550;00009680;00009570;0000007027357;0000007004249;0000000023108;00023108;
20170516;DI1;*;J22 ;0000000000000;0000000000000;00000700;00000000;00000000;00000000;00000000;0000006359116;0000006330755;0000000028361;00028361;
20170516;DI1;*;K18 ;0000005538595;0000001791034;00011740;00008765;00008765;00008765;00008765;0000009230589;0000009227724;0000000002865;00002865;
20170516;DI1;*;M17 ;0001560637488;0000504668700;00501655;00011130;00011130;00011136;00011130;0000009949873;0000009949849;0000000000024;00000024;
20170516;DI1;*;N17 ;0033840530790;0010943128570;04166362;00010370;00010370;00010385;00010380;0000009871541;0000009871529;0000000000012;00000012;
20170516;DI1;*;N18 ;0004062700826;0001313769508;00814522;00008810;00008700;00008810;00008710;0000009105909;0000009101996;0000000003913;00003913;
20170516;DI1;*;N19 ;0000725087655;0000234474083;00497440;00009080;00008960;00009080;00009000;0000008339443;0000008330399;0000000009044;00009044;
20170516;DI1;*;N20 ;0002478289745;0000801413059;01279317;00009470;00009340;00009470;00009370;0000007565886;0000007551298;0000000014588;00014588;
20170516;DI1;*;N21 ;0000007537753;0000002437509;00060557;00009740;00009610;00009740;00009640;0000006849815;0000006824555;0000000025260;00025260;
20170516;DI1;*;N22 ;0000000000000;0000000000000;00004180;00000000;00000000;00000000;00000000;0000006203518;0000006173580;0000000029938;00029938;
20170516;DI1;*;N23 ;0000000000000;0000000000000;00003260;00000000;00000000;00000000;00000000;0000005616560;0000005579500;0000000037060;00037060;
20170516;DI1;*;N24 ;0000000000000;0000000000000;00001655;00000000;00000000;00000000;00000000;0000005089432;0000005047162;0000000042270;00042270;
20170516;DI1;*;Q17 ;0000313922082;0000101514061;00247843;00010190;00010155;00010190;00010156;0000009794879;0000009794872;0000000000007;00000007;
20170516;DI1;*;U17 ;0000680810205;0000220155932;00111030;00009780;00009780;00009780;00009780;0000009718918;0000009719389;0000000000471;00000471;
20170516;DI1;*;V17 ;0009120178301;0002949223354;01430228;00009550;00009465;00009550;00009480;0000009657378;0000009656751;0000000000627;00000627;
20170516;DI1;*;V18 ;0000347807955;0000112471852;00599370;00008790;00008720;00008790;00008730;0000008913266;0000008909522;0000000003744;00003744;
20170516;DI1;*;V19 ;0000057289443;0000018525884;00075344;00009200;00009090;00009200;00009110;0000008133867;0000008122088;0000000011779;00011779;
20170516;DI1;*;V20 ;0000007366690;0000002382192;00046120;00009550;00009460;00009550;00009460;0000007371333;0000007353630;0000000017703;00017703;
20170516;DI1;*;V21 ;0000000667434;0000000215830;00012047;00009720;00009690;00009720;00009690;0000006681517;0000006655313;0000000026204;00026204;
20170516;DI1;*;X17 ;0000067629350;0000021869535;00093170;00009280;00009280;00009285;00009285;0000009592766;0000009591538;0000000001228;00001228;
20170516;DI1;*;Z17 ;0000335143739;0000108376581;00074810;00009105;00009090;00009120;00009120;0000009533770;0000009532536;0000000001234;00001234;
20170516;DOL;*;F18 ;0000000000000;0000000000000;00007685;00000000;00000000;00000000;00000000;0000032275550;0000032339170;0000000031810;00063620;
20170516;DOL;*;F19 ;0000000000000;0000000000000;00000000;00000000;00000000;00000000;00000000;0000034206230;0000034302790;0000000000000;00096560;
20170516;DOL;*;F20 ;0000000000000;0000000000000;00000000;00000000;00000000;00000000;00000000;0000036419420;0000036546630;0000000000000;00127210;
20170516;DOL;*;F21 ;0000000000000;0000000000000;00003100;00000000;00000000;00000000;00000000;0000038658370;0000038850200;0000000095915;00191830;
20170516;DOL;*;F25 ;0000000000000;0000000000000;00000000;00000000;00000000;00000000;00000000;0000047446100;0000047961810;0000000000000;00515710;
20170516;DOL;*;G18 ;0000000000000;0000000000000;00000000;00000000;00000000;00000000;00000000;0000032449430;0000032513870;0000000000000;00064440;
20170516;DOL;*;H18 ;0000000000000;0000000000000;00000000;00000000;00000000;00000000;00000000;0000032576050;0000032641760;0000000000000;00065710;
20170516;DOL;*;J18 ;0000000000000;0000000000000;00000180;00000000;00000000;00000000;00000000;0000032734900;0000032807290;0000000036195;00072390;
20170516;DOL;*;J19 ;0000000000000;0000000000000;00000050;00000000;00000000;00000000;00000000;0000034731180;0000034835540;0000000052180;00104360;
20170516;DOL;*;J20 ;0000000000000;0000000000000;00000000;00000000;00000000;00000000;00000000;0000036984790;0000037165410;0000000000000;00180620;
20170516;DOL;*;J22 ;0000000000000;0000000000000;00000000;00000000;00000000;00000000;00000000;0000041411340;0000041687250;0000000000000;00275910;
20170516;DOL;*;K18 ;0000000000000;0000000000000;00000000;00000000;00000000;00000000;00000000;0000032896690;0000032974970;0000000000000;00078280;
20170516;DOL;*;M17 ;0044935959750;0014531095508;00480806;03111000;03100000;03119000;03107500;0000031093400;0000031151740;0000000029170;00058340;
20170516;DOL;*;N17 ;0000568848250;0000183950411;00045881;03125000;03124000;03130500;03129000;0000031301860;0000031358360;0000000028250;00056500;
20170516;DOL;*;N18 ;0000000000000;0000000000000;00000620;00000000;00000000;00000000;00000000;0000033215810;0000033298910;0000000041550;00083100;
20170516;DOL;*;N19 ;0000000000000;0000000000000;00000400;00000000;00000000;00000000;00000000;0000035262860;0000035370680;0000000053910;00107820;
20170516;DOL;*;N21 ;0000000000000;0000000000000;00000000;00000000;00000000;00000000;00000000;0000039792420;0000040032650;0000000000000;00240230;
20170516;DOL;*;Q17 ;0000047245750;0000015278020;00005325;03144500;03144500;03150500;03148000;0000031490020;0000031545840;0000000027910;00055820;
20170516;DOL;*;U17 ;0000019008000;0000006146682;00001385;03168000;03168000;03168000;03168000;0000031690160;0000031745500;0000000027670;00055340;
20170516;DOL;*;V17 ;0000000000000;0000000000000;00003910;00000000;00000000;00000000;00000000;0000031835860;0000031896050;0000000030095;00060190;
20170516;DOL;*;V18 ;0000000000000;0000000000000;00000035;00000000;00000000;00000000;00000000;0000033726960;0000033813680;0000000043360;00086720;
20170516;DOL;*;V19 ;0000000000000;0000000000000;00000000;00000000;00000000;00000000;00000000;0000035884850;0000036011140;0000000000000;00126290;
20170516;DOL;*;X17 ;0000000000000;0000000000000;00000105;00000000;00000000;00000000;00000000;0000032000000;0000032060850;0000000030425;00060850;
20170516;DOL;*;Z17 ;0000000000000;0000000000000;00000005;00000000;00000000;00000000;00000000;0000032141980;0000032203060;0000000030540;00061080;
20170516;DR1;*;M7N7;0000000000000;0000000000000;00000000;00020800;00020800;00020950;00020950;0000000000000;0000000000000;0000000000000;00000000;
20170516;DR1;*;M7Q7;0000000000000;0000000000000;00000000;00039810;00039810;00039810;00039810;0000000000000;0000000000000;0000000000000;00000000;
20170516;ETH;*;F18 ;0000000000000;0000000000000;00000000;00000000;00000000;00000000;00000000;0000000168700;0000000168700;0000000000000;00000000;
20170516;ETH;*;K17 ;0000000000000;0000000000000;00000149;00000000;00000000;00000000;00000000;0000000143500;0000000143500;0000000000000;00000000;
20170516;ETH;*;M17 ;0000000000000;0000000000000;00000345;00000000;00000000;00000000;00000000;0000000141500;0000000141500;0000000000000;00000000;
20170516;ETH;*;N17 ;0000000427500;0000000138162;00000219;00142500;00142500;00142500;00142500;0000000142000;0000000142000;0000000000000;00000000;
20170516;ETH;*;Q17 ;0000000000000;0000000000000;00000210;00000000;00000000;00000000;00000000;0000000143500;0000000143500;0000000000000;00000000;
20170516;ETH;*;U17 ;0000000000000;0000000000000;00000000;00000000;00000000;00000000;00000000;0000000150000;0000000157000;0000000000000;00007000;
20170516;ETH;*;V17 ;0000000000000;0000000000000;00000050;00000000;00000000;00000000;00000000;0000000163000;0000000163000;0000000000000;00000000;
20170516;ETH;*;X17 ;0000000000000;0000000000000;00000100;00000000;00000000;00000000;00000000;0000000163000;0000000163000;0000000000000;00000000;
20170516;ETH;*;Z17 ;0000000000000;0000000000000;00000080;00000000;00000000;00000000;00000000;0000000165000;0000000165000;0000000000000;00000000;
20170516;EUR;*;M17 ;0000282516325;0000091358274;00011769;03447100;03439800;03448000;03448000;0000034519700;0000034220930;0000000149385;00298770;
20170516;EUR;*;N17 ;0000000000000;0000000000000;00003240;00000000;00000000;00000000;00000000;0000034796380;0000034493190;0000000151595;00303190;
20170516;EUR;*;Q17 ;0000098937150;0000031993646;00000037;03502200;03502200;03502200;03502200;0000035052040;0000034745490;0000000153275;00306550;
20170516;EUR;*;U17 ;0000000000000;0000000000000;00000000;00000000;00000000;00000000;00000000;0000035329600;0000035019490;0000000000000;00310110;
20170516;EUR;*;V17 ;0000000000000;0000000000000;00000000;00000000;00000000;00000000;00000000;0000035548560;0000035242980;0000000000000;00305580;
20170516;FRC;*;F18 ;0000000000000;0000000000000;00000000;00000191;00000191;00000194;00000194;0000000000194;0000000000194;0000000000000;00000000;
20170516;FRC;*;F19 ;0000000000000;0000000000000;00000000;00000228;00000228;00000228;00000228;0000000000228;0000000000226;0000000000001;00000002;
20170516;FRC;*;F20 ;0000000000000;0000000000000;00000000;00000267;00000267;00000267;00000267;0000000000267;0000000000265;0000000000001;00000002;
20170516;FRC;*;F21 ;0000000000000;0000000000000;00000000;00000306;00000306;00000307;00000307;0000000000307;0000000000306;0000000000000;00000001;
20170516;FRC;*;F22 ;0000000000000;0000000000000;00000000;00000000;00000000;00000000;00000000;0000000000346;0000000000345;0000000000000;00000001;
20170516;FRC;*;F23 ;0000000000000;0000000000000;00000000;00000382;00000382;00000382;00000382;0000000000382;0000000000382;0000000000000;00000000;
20170516;FRC;*;F24 ;0000000000000;0000000000000;00000000;00000420;00000420;00000420;00000420;0000000000420;0000000000421;0000000000000;00000001;
20170516;FRC;*;F25 ;0000000000000;0000000000000;00000000;00000000;00000000;00000000;00000000;0000000000453;0000000000453;0000000000000;00000000;
20170516;FRC;*;F26 ;0000000000000;0000000000000;00000000;00000492;00000492;00000492;00000492;0000000000492;0000000000491;0000000000000;00000001;
20170516;FRC;*;F27 ;0000000000000;0000000000000;00000000;00000000;00000000;00000000;00000000;0000000000526;0000000000525;0000000000000;00000001;
20170516;FRC;*;F28 ;0000000000000;0000000000000;00000000;00000000;00000000;00000000;00000000;0000000000556;0000000000555;0000000000000;00000001;
20170516;FRC;*;F29 ;0000000000000;0000000000000;00000000;00000000;00000000;00000000;00000000;0000000000587;0000000000586;0000000000000;00000001;
20170516;FRC;*;F30 ;0000000000000;0000000000000;00000000;00000000;00000000;00000000;00000000;0000000000616;0000000000615;0000000000000;00000001;
20170516;FRC;*;G18 ;0000000000000;0000000000000;00000000;00000000;00000000;00000000;00000000;0000000000194;0000000000194;0000000000000;00000000;
20170516;FRC;*;H18 ;0000000000000;0000000000000;00000000;00000197;00000197;00000197;00000197;0000000000197;0000000000197;0000000000000;00000000;
20170516;FRC;*;J18 ;0000000000000;0000000000000;00000000;00000194;00000194;00000199;00000199;0000000000199;0000000000198;0000000000000;00000001;
20170516;FRC;*;J19 ;0000000000000;0000000000000;00000000;00000236;00000236;00000236;00000236;0000000000236;0000000000235;0000000000000;00000001;
20170516;FRC;*;J20 ;0000000000000;0000000000000;00000000;00000275;00000275;00000275;00000275;0000000000275;0000000000273;0000000000001;00000002;
20170516;FRC;*;J21 ;0000000000000;0000000000000;00000000;00000000;00000000;00000000;00000000;0000000000317;0000000000316;0000000000000;00000001;
20170516;FRC;*;J22 ;0000000000000;0000000000000;00000000;00000000;00000000;00000000;00000000;0000000000357;0000000000356;0000000000000;00000001;
20170516;FRC;*;K18 ;0000000000000;0000000000000;00000000;00000202;00000202;00000202;00000202;0000000000202;0000000000200;0000000000001;00000002;
20170516;FRC;*;N17 ;0000000000000;0000000000000;00000000;00000135;00000133;00000139;00000138;0000000000137;0000000000145;0000000000004;00000008;
20170516;FRC;*;N18 ;0000000000000;0000000000000;00000000;00000208;00000208;00000208;00000208;0000000000208;0000000000206;0000000000001;00000002;
20170516;FRC;*;N19 ;0000000000000;0000000000000;00000000;00000248;00000248;00000248;00000248;0000000000247;0000000000246;0000000000000;00000001;
20170516;FRC;*;N20 ;0000000000000;0000000000000;00000000;00000286;00000286;00000286;00000286;0000000000286;0000000000284;0000000000001;00000002;
20170516;FRC;*;N21 ;0000000000000;0000000000000;00000000;00000000;00000000;00000000;00000000;0000000000326;0000000000325;0000000000000;00000001;
20170516;FRC;*;Q17 ;0000000000000;0000000000000;00000000;00000180;00000177;00000181;00000180;0000000000179;0000000000185;0000000000003;00000006;
20170516;FRC;*;U17 ;0000000000000;0000000000000;00000000;00000173;00000173;00000176;00000176;0000000000176;0000000000179;0000000000001;00000003;
20170516;FRC;*;V17 ;0000000000000;0000000000000;00000000;00000182;00000182;00000183;00000183;0000000000183;0000000000185;0000000000001;00000002;
20170516;FRC;*;V18 ;0000000000000;0000000000000;00000000;00000215;00000215;00000215;00000215;0000000000215;0000000000213;0000000000001;00000002;
20170516;FRC;*;V19 ;0000000000000;0000000000000;00000000;00000000;00000000;00000000;00000000;0000000000253;0000000000252;0000000000000;00000001;
20170516;FRC;*;V20 ;0000000000000;0000000000000;00000000;00000000;00000000;00000000;00000000;0000000000296;0000000000294;0000000000000;00000002;
20170516;FRC;*;V21 ;0000000000000;0000000000000;00000000;00000000;00000000;00000000;00000000;0000000000335;0000000000334;0000000000000;00000001;
20170516;FRC;*;X17 ;0000000000000;0000000000000;00000000;00000184;00000184;00000185;00000185;0000000000185;0000000000187;0000000000001;00000002;
20170516;FRC;*;Z17 ;0000000000000;0000000000000;00000000;00000188;00000188;00000189;00000189;0000000000189;0000000000191;0000000000001;00000002;
20170516;FRO;*;F18 ;0000000000000;0000000000000;00000000;00000000;00000000;00000000;00000000;0000000000195;0000000000195;0000000000000;00000000;
20170516;FRO;*;F19 ;0000000000000;0000000000000;00000000;00000000;00000000;00000000;00000000;0000000000229;0000000000227;0000000000000;00000002;
20170516;FRO;*;F20 ;0000000000000;0000000000000;00000000;00000000;00000000;00000000;00000000;0000000000269;0000000000267;0000000000000;00000002;
20170516;FRO;*;F21 ;0000000000000;0000000000000;00000000;00000000;00000000;00000000;00000000;0000000000309;0000000000308;0000000000000;00000001;
20170516;FRO;*;F22 ;0000000000000;0000000000000;00000000;00000000;00000000;00000000;00000000;0000000000348;0000000000347;0000000000000;00000001;
20170516;FRO;*;F23 ;0000000000000;0000000000000;00000000;00000000;00000000;00000000;00000000;0000000000384;0000000000384;0000000000000;00000000;
20170516;FRO;*;F24 ;0000000000000;0000000000000;00000000;00000000;00000000;00000000;00000000;0000000000422;0000000000423;0000000000000;00000001;
20170516;FRO;*;F25 ;0000000000000;0000000000000;00000000;00000000;00000000;00000000;00000000;0000000000455;0000000000455;0000000000000;00000000;
20170516;FRO;*;F26 ;0000000000000;0000000000000;00000000;00000000;00000000;00000000;00000000;0000000000494;0000000000493;0000000000000;00000001;
20170516;FRO;*;F27 ;0000000000000;0000000000000;00000000;00000000;00000000;00000000;00000000;0000000000528;0000000000527;0000000000000;00000001;
20170516;FRO;*;F28 ;0000000000000;0000000000000;00000000;00000000;00000000;00000000;00000000;0000000000559;0000000000558;0000000000000;00000001;
20170516;FRO;*;F29 ;0000000000000;0000000000000;00000000;00000000;00000000;00000000;00000000;0000000000590;0000000000589;0000000000000;00000001;
20170516;FRO;*;F30 ;0000000000000;0000000000000;00000000;00000000;00000000;00000000;00000000;0000000000619;0000000000618;0000000000000;00000001;
20170516;FRO;*;G18 ;0000000000000;0000000000000;00000000;00000000;00000000;00000000;00000000;0000000000195;0000000000195;0000000000000;00000000;
20170516;FRO;*;H18 ;0000000000000;0000000000000;00000000;00000000;00000000;00000000;00000000;0000000000198;0000000000198;0000000000000;00000000;
20170516;FRO;*;J18 ;0000000000000;0000000000000;00000000;00000000;00000000;00000000;00000000;0000000000200;0000000000199;0000000000000;00000001;
20170516;FRO;*;J19 ;0000000000000;0000000000000;00000000;00000000;00000000;00000000;00000000;0000000000237;0000000000236;0000000000000;00000001;
20170516;FRO;*;J20 ;0000000000000;0000000000000;00000000;00000000;00000000;00000000;00000000;0000000000277;0000000000275;0000000000000;00000002;
20170516;FRO;*;J21 ;0000000000000;0000000000000;00000000;00000000;00000000;00000000;00000000;0000000000319;0000000000318;0000000000000;00000001;
20170516;FRO;*;J22 ;0000000000000;0000000000000;00000000;00000000;00000000;00000000;00000000;0000000000359;0000000000358;0000000000000;00000001;
20170516;FRO;*;K18 ;0000000000000;0000000000000;00000000;00000000;00000000;00000000;00000000;0000000000203;0000000000201;0000000000000;00000002;
20170516;FRO;*;N17 ;0000000000000;0000000000000;00000000;00000000;00000000;00000000;00000000;0000000000139;0000000000147;0000000000000;00000008;
20170516;FRO;*;N18 ;0000000000000;0000000000000;00000000;00000000;00000000;00000000;00000000;0000000000209;0000000000207;0000000000000;00000002;
20170516;FRO;*;N19 ;0000000000000;0000000000000;00000000;00000000;00000000;00000000;00000000;0000000000248;0000000000247;0000000000000;00000001;
20170516;FRO;*;N20 ;0000000000000;0000000000000;00000000;00000000;00000000;00000000;00000000;0000000000288;0000000000286;0000000000000;00000002;
20170516;FRO;*;N21 ;0000000000000;0000000000000;00000000;00000000;00000000;00000000;00000000;0000000000328;0000000000327;0000000000000;00000001;
20170516;FRO;*;Q17 ;0000000000000;0000000000000;00000000;00000000;00000000;00000000;00000000;0000000000181;0000000000187;0000000000000;00000006;
20170516;FRO;*;U17 ;0000000000000;0000000000000;00000000;00000000;00000000;00000000;00000000;0000000000178;0000000000181;0000000000000;00000003;
20170516;FRO;*;V17 ;0000000000000;0000000000000;00000000;00000000;00000000;00000000;00000000;0000000000185;0000000000187;0000000000000;00000002;
20170516;FRO;*;V18 ;0000000000000;0000000000000;00000000;00000000;00000000;00000000;00000000;0000000000216;0000000000214;0000000000000;00000002;
20170516;FRO;*;V19 ;0000000000000;0000000000000;00000000;00000000;00000000;00000000;00000000;0000000000255;0000000000254;0000000000000;00000001;
20170516;FRO;*;V20 ;0000000000000;0000000000000;00000000;00000000;00000000;00000000;00000000;0000000000298;0000000000296;0000000000000;00000002;
20170516;FRO;*;V21 ;0000000000000;0000000000000;00000000;00000000;00000000;00000000;00000000;0000000000337;0000000000336;0000000000000;00000001;
20170516;FRO;*;X17 ;0000000000000;0000000000000;00000000;00000000;00000000;00000000;00000000;0000000000187;0000000000189;0000000000000;00000002;
20170516;FRO;*;Z17 ;0000000000000;0000000000000;00000000;00000000;00000000;00000000;00000000;0000000000190;0000000000192;0000000000000;00000002;
20170516;FRP;*;FRP0;0000000000000;0000000000000;00000000;00001190;00001190;00001390;00001390;0000000000000;0000000000000;0000000000000;00000000;
20170516;FRP;*;FRP1;0000000000000;0000000000000;00000000;00001160;00001160;00001160;00001160;0000000000000;0000000000000;0000000000000;00000000;
20170516;GBP;*;M17 ;0000007021350;0000002270518;00001096;04005500;04005500;04019200;04017700;0000040195510;0000040184130;0000000003983;00011380;
20170516;GBP;*;N17 ;0000000000000;0000000000000;00000012;00000000;00000000;00000000;00000000;0000040494230;0000040480020;0000000004973;00014210;
20170516;GBP;*;Q17 ;0000000000000;0000000000000;00000000;00000000;00000000;00000000;00000000;0000040767690;0000040753450;0000000000000;00014240;
20170516;HSI;*;K17 ;0000000000000;0000000000000;00000000;00000000;00000000;00000000;00000000;0000000025301;0000000025257;0000000000000;00000044;
20170516;HSI;*;M17 ;0000000000000;0000000000000;00000000;00000000;00000000;00000000;00000000;0000000025102;0000000025052;0000000000000;00000050;
20170516;IAP;*;K19 ;0000000000000;0000000000000;00000000;00000000;00000000;00000000;00000000;0000000521858;0000000521902;0000000000000;00000044;
20170516;IAP;*;K21 ;0000000000000;0000000000000;00000000;00000000;00000000;00000000;00000000;0000000583752;0000000585371;0000000000000;00001619;
20170516;IAP;*;M17 ;0000000000000;0000000000000;00000000;00000000;00000000;00000000;00000000;0000000485097;0000000485091;0000000000150;00000006;
20170516;IAP;*;N17 ;0000000000000;0000000000000;00000000;00000000;00000000;00000000;00000000;0000000486031;0000000486029;0000000000000;00000002;
20170516;IAP;*;Q17 ;0000000000000;0000000000000;00000000;00000000;00000000;00000000;00000000;0000000486978;0000000486958;0000000000000;00000020;
20170516;IAP;*;Q18 ;0000000000000;0000000000000;00000000;00000000;00000000;00000000;00000000;0000000504933;0000000504969;0000000000000;00000036;
20170516;IAP;*;Q20 ;0000000000000;0000000000000;00000000;00000000;00000000;00000000;00000000;0000000559757;0000000560460;0000000000000;00000703;
20170516;IAP;*;Q22 ;0000000000000;0000000000000;00000000;00000000;00000000;00000000;00000000;0000000622672;0000000625213;0000000000000;00002541;
20170516;ICF;*;H18 ;0000000000000;0000000000000;00000000;00000000;00000000;00000000;00000000;0000000016835;0000000017080;0000000000000;00000245;
20170516;ICF;*;K17 ;0000000000000;0000000000000;00000000;00000000;00000000;00000000;00000000;0000000015300;0000000015565;0000000081996;00000265;
20170516;ICF;*;N17 ;0000000048919;0000000015810;00000177;00015810;00015810;00015810;00015810;0000000015515;0000000015780;0000000081996;00000265;
20170516;ICF;*;U17 ;0000005058986;0000001634990;00005973;00016270;00016000;00016350;00016050;0000000016035;0000000016285;0000000077355;00000250;
20170516;ICF;*;U18 ;0000000692791;0000000223900;00000914;00017295;00017110;00017295;00017110;0000000017080;0000000017310;0000000071166;00000230;
20170516;ICF;*;U19 ;0000000000000;0000000000000;00000377;00000000;00000000;00000000;00000000;0000000017485;0000000017710;0000000069619;00000225;
20170516;ICF;*;Z17 ;0000001770037;0000000572050;00000267;00016795;00016695;00016855;00016750;0000000016375;0000000016625;0000000077355;00000250;
20170516;ICF;*;Z18 ;0000000054288;0000000017545;00000032;00017545;00017545;00017545;00017545;0000000016960;0000000017195;0000000072713;00000235;
20170516;IGM;*;K19 ;0000000000000;0000000000000;00000000;00000000;00000000;00000000;00000000;0000000708705;0000000710566;0000000000000;00001861;
20170516;IGM;*;K21 ;0000000000000;0000000000000;00000000;00000000;00000000;00000000;00000000;0000000776998;0000000780649;0000000000000;00003651;
20170516;IGM;*;Q18 ;0000000000000;0000000000000;00000000;00000000;00000000;00000000;00000000;0000000687649;0000000688535;0000000017720;00000886;
20170516;IGM;*;Q20 ;0000000000000;0000000000000;00000000;00000000;00000000;00000000;00000000;0000000750625;0000000753278;0000000000000;00002653;
20170516;IND;*;G18 ;0000000000000;0000000000000;00000000;00000000;00000000;00000000;00000000;0000000072737;0000000072485;0000000000000;00000252;
20170516;IND;*;G19 ;0000000000000;0000000000000;00000000;00000000;00000000;00000000;00000000;0000000078426;0000000078204;0000000000000;00000222;
20170516;IND;*;J18 ;0000000000000;0000000000000;00000000;00000000;00000000;00000000;00000000;0000000073653;0000000073405;0000000000000;00000248;
20170516;IND;*;M17 ;0004631014325;0001497546994;00266838;00069290;00068665;00069425;00069360;0000000069290;0000000069038;0000000025200;00000252;
20170516;IND;*;M18 ;0000000000000;0000000000000;00001080;00000000;00000000;00000000;00000000;0000000074464;0000000074223;0000000024100;00000241;
20170516;IND;*;Q17 ;0000003154500;0000001020081;00005975;00070100;00070100;00070100;00070100;0000000070315;0000000070063;0000000025200;00000252;
20170516;IND;*;Q18 ;0000000000000;0000000000000;00000000;00000000;00000000;00000000;00000000;0000000075459;0000000075216;0000000000000;00000243;
20170516;IND;*;V17 ;0000000000000;0000000000000;00001740;00000000;00000000;00000000;00000000;0000000071204;0000000070952;0000000025200;00000252;
20170516;IND;*;V18 ;0000000000000;0000000000000;00000000;00000000;00000000;00000000;00000000;0000000076442;0000000076199;0000000000000;00000243;
20170516;IND;*;Z17 ;0000003600000;0000001164144;00013900;00072000;00072000;00072000;00072000;0000000071986;0000000071733;0000000025300;00000253;
20170516;IND;*;Z18 ;0000000000000;0000000000000;00000150;00000000;00000000;00000000;00000000;0000000077349;0000000077115;0000000023400;00000234;
20170516;IR1;*;M7Q7;0000000000000;0000000000000;00000000;00001030;00001030;00001030;00001030;0000000000000;0000000000000;0000000000000;00000000;
20170516;ISP;*;M17 ;0000320051631;0000103435987;00004274;00240150;00239475;00240500;00239700;0000000239700;0000000240150;0000000069619;00000450;
20170516;ISP;*;M18 ;0000000000000;0000000000000;00000000;00000000;00000000;00000000;00000000;0000000239050;0000000239450;0000000000000;00000400;
20170516;ISP;*;U17 ;0000002226469;0000000719562;00000005;00239875;00239425;00240100;00239675;0000000239450;0000000239850;0000000061884;00000400;
20170516;ISP;*;Z17 ;0000000000000;0000000000000;00000000;00000000;00000000;00000000;00000000;0000000239150;0000000239550;0000000000000;00000400;
20170516;JPY;*;M17 ;0000017395865;0000005625361;00002156;02738100;02738100;02754800;02754800;0000027524100;0000027416000;0000000054050;00108100;
20170516;JPY;*;N17 ;0000000000000;0000000000000;00000260;00000000;00000000;00000000;00000000;0000027735600;0000027624900;0000000055350;00110700;
20170516;JPY;*;Q17 ;0000000000000;0000000000000;00000129;00000000;00000000;00000000;00000000;0000027931000;0000027819600;0000000055700;00111400;
20170516;JPY;*;U17 ;0000000000000;0000000000000;00000000;00000000;00000000;00000000;00000000;0000028145600;0000028032800;0000000000000;00112800;
20170516;JSE;*;M17 ;0000000000000;0000000000000;00000000;00000000;00000000;00000000;00000000;0000000047733;0000000047754;0000000000000;00000021;
20170516;JSE;*;U17 ;0000000000000;0000000000000;00000000;00000000;00000000;00000000;00000000;0000000048153;0000000048154;0000000000000;00000001;
20170516;MIX;*;M17 ;0000000000000;0000000000000;00000000;00000000;00000000;00000000;00000000;0000000001999;0000000002004;0000000000000;00000005;
20170516;MIX;*;U17 ;0000000000000;0000000000000;00000000;00000000;00000000;00000000;00000000;0000000002004;0000000002005;0000000000000;00000001;
20170516;MXN;*;M17 ;0000000000000;0000000000000;00000797;00000000;00000000;00000000;00000000;0000016646700;0000016629970;0000000012547;00016730;
20170516;MXN;*;N17 ;0000000000000;0000000000000;00000019;00000000;00000000;00000000;00000000;0000016671500;0000016653620;0000000013410;00017880;
20170516;MXN;*;Q17 ;0000000000000;0000000000000;00000000;00000000;00000000;00000000;00000000;0000016693850;0000016675600;0000000000000;00018250;
20170516;NZD;*;M17 ;0000000000000;0000000000000;00000110;00000000;00000000;00000000;00000000;0000021410380;0000021412320;0000000001455;00001940;
20170516;NZD;*;N17 ;0000000000000;0000000000000;00000000;00000000;00000000;00000000;00000000;0000021535480;0000021539100;0000000000000;00003620;
20170516;NZD;*;Q17 ;0000000000000;0000000000000;00000000;00000000;00000000;00000000;00000000;0000021651850;0000021655340;0000000000000;00003490;
20170516;OC1;*;F18 ;0000000000000;0000000000000;00000000;00000000;00000000;00000000;00000000;0000009474780;0000009473600;0000000000000;00001180;
20170516;OC1;*;F19 ;0000000000000;0000000000000;00000000;00000000;00000000;00000000;00000000;0000008721530;0000008715763;0000000000000;00005767;
20170516;OC1;*;F20 ;0000000000000;0000000000000;00000000;00000000;00000000;00000000;00000000;0000007935504;0000007926329;0000000000000;00009175;
20170516;OC1;*;F21 ;0000000000000;0000000000000;00000000;00000000;00000000;00000000;00000000;0000007194008;0000007173050;0000000000000;00020958;
20170516;OC1;*;F22 ;0000000000000;0000000000000;00000000;00000000;00000000;00000000;00000000;0000006512794;0000006485507;0000000000000;00027287;
20170516;OC1;*;F23 ;0000000000000;0000000000000;00000000;00000000;00000000;00000000;00000000;0000005891468;0000005858727;0000000000000;00032741;
20170516;OC1;*;F24 ;0000000000000;0000000000000;00000000;00000000;00000000;00000000;00000000;0000005340042;0000005298770;0000000000000;00041272;
20170516;OC1;*;F25 ;0000000000000;0000000000000;00000000;00000000;00000000;00000000;00000000;0000004827015;0000004784023;0000000000000;00042992;
20170516;OC1;*;F26 ;0000000000000;0000000000000;00000000;00000000;00000000;00000000;00000000;0000004364083;0000004316731;0000000000000;00047352;
20170516;OC1;*;F27 ;0000000000000;0000000000000;00000000;00000000;00000000;00000000;00000000;0000003938918;0000003894684;0000000000000;00044234;
20170516;OC1;*;F28 ;0000000000000;0000000000000;00000000;00000000;00000000;00000000;00000000;0000003573695;0000003529417;0000000000000;00044278;
20170516;OC1;*;F29 ;0000000000000;0000000000000;00000000;00000000;00000000;00000000;00000000;0000003244084;0000003200163;0000000000000;00043921;
20170516;OC1;*;F30 ;0000000000000;0000000000000;00000000;00000000;00000000;00000000;00000000;0000002927573;0000002884247;0000000000000;00043326;
20170516;OC1;*;G18 ;0000000000000;0000000000000;00000000;00000000;00000000;00000000;00000000;0000009409051;0000009407518;0000000000000;00001533;
20170516;OC1;*;H18 ;0000000000000;0000000000000;00000000;00000000;00000000;00000000;00000000;0000009356232;0000009354433;0000000000000;00001799;
20170516;OC1;*;J18 ;0000000000000;0000000000000;00000000;00000000;00000000;00000000;00000000;0000009293178;0000009290984;0000000000000;00002194;
20170516;OC1;*;J19 ;0000000000000;0000000000000;00000000;00000000;00000000;00000000;00000000;0000008530378;0000008522306;0000000000000;00008072;
20170516;OC1;*;J20 ;0000000000000;0000000000000;00000000;00000000;00000000;00000000;00000000;0000007747724;0000007729938;0000000000000;00017786;
20170516;OC1;*;J21 ;0000000000000;0000000000000;00000000;00000000;00000000;00000000;00000000;0000007023148;0000007000059;0000000000000;00023089;
20170516;OC1;*;J22 ;0000000000000;0000000000000;00000000;00000000;00000000;00000000;00000000;0000006354330;0000006325716;0000000000000;00028614;
20170516;OC1;*;K18 ;0000000000000;0000000000000;00000000;00000000;00000000;00000000;00000000;0000009229296;0000009226433;0000000000000;00002863;
20170516;OC1;*;M17 ;0000000000000;0000000000000;00000000;00000000;00000000;00000000;00000000;0000009949788;0000009949764;0000000000000;00000024;
20170516;OC1;*;N17 ;0000000000000;0000000000000;00000000;00000000;00000000;00000000;00000000;0000009871318;0000009871307;0000000000000;00000011;
20170516;OC1;*;N18 ;0000000000000;0000000000000;00000000;00000000;00000000;00000000;00000000;0000009104410;0000009100500;0000000000000;00003910;
20170516;OC1;*;N19 ;0000000000000;0000000000000;00000000;00000000;00000000;00000000;00000000;0000008336864;0000008327825;0000000000000;00009039;
20170516;OC1;*;N20 ;0000000000000;0000000000000;00000000;00000000;00000000;00000000;00000000;0000007562229;0000007547651;0000000000000;00014578;
20170516;OC1;*;N21 ;0000000000000;0000000000000;00000000;00000000;00000000;00000000;00000000;0000006845455;0000006820216;0000000000000;00025239;
20170516;OC1;*;N22 ;0000000000000;0000000000000;00000000;00000000;00000000;00000000;00000000;0000006198327;0000006168420;0000000000000;00029907;
20170516;OC1;*;N23 ;0000000000000;0000000000000;00000000;00000000;00000000;00000000;00000000;0000005610950;0000005573932;0000000000000;00037018;
20170516;OC1;*;N24 ;0000000000000;0000000000000;00000000;00000000;00000000;00000000;00000000;0000005083529;0000005041316;0000000000000;00042213;
20170516;OC1;*;Q17 ;0000000000000;0000000000000;00000000;00000000;00000000;00000000;00000000;0000009794537;0000009794530;0000000000000;00000007;
20170516;OC1;*;U17 ;0000000000000;0000000000000;00000000;00000000;00000000;00000000;00000000;0000009718458;0000009718902;0000000000000;00000444;
20170516;OC1;*;V17 ;0000000000000;0000000000000;00000000;00000000;00000000;00000000;00000000;0000009656801;0000009656174;0000000000000;00000627;
20170516;OC1;*;V18 ;0000000000000;0000000000000;00000000;00000000;00000000;00000000;00000000;0000008911466;0000008907723;0000000000000;00003743;
20170516;OC1;*;V19 ;0000000000000;0000000000000;00000000;00000000;00000000;00000000;00000000;0000008131042;0000008119270;0000000000000;00011772;
20170516;OC1;*;V20 ;0000000000000;0000000000000;00000000;00000000;00000000;00000000;00000000;0000007367478;0000007349788;0000000000000;00017690;
20170516;OC1;*;V21 ;0000000000000;0000000000000;00000000;00000000;00000000;00000000;00000000;0000006676999;0000006650553;0000000000000;00026446;
20170516;OC1;*;X17 ;0000000000000;0000000000000;00000000;00000000;00000000;00000000;00000000;0000009592068;0000009590841;0000000000000;00001227;
20170516;OC1;*;Z17 ;0000000000000;0000000000000;00000000;00000000;00000000;00000000;00000000;0000009533004;0000009531772;0000000000000;00001232;
20170516;OZ1;*;0000;0000000426697;0000000137982;00000000;00121500;00121300;00122800;00122800;0000000122036;0000000121825;0000000000000;00000300;
20170516;OZ1;*;M17 ;0000000000000;0000000000000;00000000;00000000;00000000;00000000;00000000;0000000123367;0000000123117;0000000000000;00000250;
20170516;OZ1;*;N17 ;0000000000000;0000000000000;00000000;00000000;00000000;00000000;00000000;0000000124351;0000000124100;0000000000000;00000251;
20170516;OZ2;*;0000;0000000100092;0000000032367;00000000;00121500;00121500;00123000;00122000;0000000122187;0000000122463;0000000000000;00000200;
20170516;OZ3;*;0000;0000000003202;0000000001035;00000000;00121500;00121500;00122000;00122000;0000000121644;0000000123000;0000000000000;00001000;
20170516;SCS;*;M701;0000000000000;0000000000000;00088700;00000000;00000000;00000000;00000000;0000000000000;0000000000000;0000000000000;00000000;
20170516;SCS;*;N703;0000000000000;0000000000000;00138770;00000000;00000000;00000000;00000000;0000000000000;0000000000000;0000000000000;00000000;
20170516;SCS;*;Q701;0000000000000;0000000000000;00051500;00000000;00000000;00000000;00000000;0000000000000;0000000000000;0000000000000;00000000;
20170516;SCS;*;V702;0000000000000;0000000000000;00076285;00000000;00000000;00000000;00000000;0000000000000;0000000000000;0000000000000;00000000;
20170516;SFI;*;K18 ;0000000000000;0000000000000;00000000;00000000;00000000;00000000;00000000;0000000002093;0000000002079;0000000000000;00000014;
20170516;SFI;*;N17 ;0000000000000;0000000000000;00000000;00000000;00000000;00000000;00000000;0000000002088;0000000002064;0000000000000;00000024;
20170516;SFI;*;X17 ;0000000000000;0000000000000;00000000;00000000;00000000;00000000;00000000;0000000002062;0000000002047;0000000000000;00000015;
20170516;SJC;*;F18 ;0000000000000;0000000000000;00000000;00000000;00000000;00000000;00000000;0000000215002;0000000213459;0000000000000;00001543;
20170516;SJC;*;H18 ;0000000000000;0000000000000;00000000;00000000;00000000;00000000;00000000;0000000215829;0000000214286;0000000000000;00001543;
20170516;SJC;*;K18 ;0000000000000;0000000000000;00000000;00000000;00000000;00000000;00000000;0000000216766;0000000215278;0000000000000;00001488;
20170516;SJC;*;N17 ;0000005017533;0000001621593;00002635;00002141;00002141;00002151;00002151;0000000215223;0000000212798;0000000033765;00002425;
20170516;SJC;*;N18 ;0000000000000;0000000000000;00000000;00000000;00000000;00000000;00000000;0000000218089;0000000216656;0000000000000;00001433;
20170516;SJC;*;Q17 ;0000000298668;0000000096525;00000055;00002145;00002145;00002145;00002145;0000000215223;0000000213073;0000000029936;00002150;
20170516;SJC;*;U17 ;0000000000000;0000000000000;00000012;00000000;00000000;00000000;00000000;0000000214065;0000000212246;0000000025327;00001819;
20170516;SJC;*;X17 ;0000000000000;0000000000000;00001185;00000000;00000000;00000000;00000000;0000000213349;0000000211806;0000000021484;00001543;
20170516;TRY;*;M17 ;0000000000000;0000000000000;00000066;00000000;00000000;00000000;00000000;0000008738050;0000008732810;0000000003930;00005240;
20170516;TRY;*;N17 ;0000000000000;0000000000000;00000000;00000000;00000000;00000000;00000000;0000008721410;0000008716200;0000000000000;00005210;
20170516;TRY;*;Q17 ;0000000000000;0000000000000;00000000;00000000;00000000;00000000;00000000;0000008700800;0000008695110;0000000000000;00005690;
20170516;T10;*;M17 ;0000016302016;0000005271639;00002928;00125656;00125469;00125720;00125609;0000001255468;0000001254531;0000000028975;00000937;
20170516;T10;*;U17 ;0000000000000;0000000000000;00000000;00000000;00000000;00000000;00000000;0000001252187;0000001251406;0000000000000;00000781;
20170516;WDO;*;F18 ;0000000000000;0000000000000;00000000;00000000;00000000;00000000;00000000;0000032275550;0000032339170;0000000000000;00063620;
20170516;WDO;*;F19 ;0000000000000;0000000000000;00000000;00000000;00000000;00000000;00000000;0000034206230;0000034302790;0000000000000;00096560;
20170516;WDO;*;F20 ;0000000000000;0000000000000;00000000;00000000;00000000;00000000;00000000;0000036419420;0000036546630;0000000000000;00127210;
20170516;WDO;*;F21 ;0000000000000;0000000000000;00000000;00000000;00000000;00000000;00000000;0000038658370;0000038850200;0000000000000;00191830;
20170516;WDO;*;F25 ;0000000000000;0000000000000;00000000;00000000;00000000;00000000;00000000;0000047446100;0000047961810;0000000000000;00515710;
20170516;WDO;*;G18 ;0000000000000;0000000000000;00000000;00000000;00000000;00000000;00000000;0000032449430;0000032513870;0000000000000;00064440;
20170516;WDO;*;H18 ;0000000000000;0000000000000;00000000;00000000;00000000;00000000;00000000;0000032576050;0000032641760;0000000000000;00065710;
20170516;WDO;*;J18 ;0000000000000;0000000000000;00000000;00000000;00000000;00000000;00000000;0000032734900;0000032807290;0000000000000;00072390;
20170516;WDO;*;J19 ;0000000000000;0000000000000;00000000;00000000;00000000;00000000;00000000;0000034731180;0000034835540;0000000000000;00104360;
20170516;WDO;*;J20 ;0000000000000;0000000000000;00000000;00000000;00000000;00000000;00000000;0000036984790;0000037165410;0000000000000;00180620;
20170516;WDO;*;J22 ;0000000000000;0000000000000;00000000;00000000;00000000;00000000;00000000;0000041411340;0000041687250;0000000000000;00275910;
20170516;WDO;*;K18 ;0000000000000;0000000000000;00000000;00000000;00000000;00000000;00000000;0000032896690;0000032974970;0000000000000;00078280;
20170516;WDO;*;M17 ;0015588192640;0005040807347;00037797;03113000;03100000;03119000;03108500;0000031093400;0000031151740;0000000005834;00058340;
20170516;WDO;*;N17 ;0000000125040;0000000040435;00000105;03126000;03126000;03126000;03126000;0000031301860;0000031358360;0000000005650;00056500;
20170516;WDO;*;N18 ;0000000000000;0000000000000;00000000;00000000;00000000;00000000;00000000;0000033215810;0000033298910;0000000000000;00083100;
20170516;WDO;*;N19 ;0000000000000;0000000000000;00000000;00000000;00000000;00000000;00000000;0000035262860;0000035370680;0000000000000;00107820;
20170516;WDO;*;N21 ;0000000000000;0000000000000;00000000;00000000;00000000;00000000;00000000;0000039792420;0000040032650;0000000000000;00240230;
20170516;WDO;*;Q17 ;0000000000000;0000000000000;00000000;00000000;00000000;00000000;00000000;0000031490020;0000031545840;0000000000000;00055820;
20170516;WDO;*;U17 ;0000000000000;0000000000000;00000063;00000000;00000000;00000000;00000000;0000031690160;0000031745500;0000000005534;00055340;
20170516;WDO;*;V17 ;0000000000000;0000000000000;00000000;00000000;00000000;00000000;00000000;0000031835860;0000031896050;0000000000000;00060190;
20170516;WDO;*;V18 ;0000000000000;0000000000000;00000000;00000000;00000000;00000000;00000000;0000033726960;0000033813680;0000000000000;00086720;
20170516;WDO;*;V19 ;0000000000000;0000000000000;00000000;00000000;00000000;00000000;00000000;0000035884850;0000036011140;0000000000000;00126290;
20170516;WDO;*;X17 ;0000000000000;0000000000000;00000024;00000000;00000000;00000000;00000000;0000032000000;0000032060850;0000000006085;00060850;
20170516;WDO;*;Z17 ;0000000000000;0000000000000;00000000;00000000;00000000;00000000;00000000;0000032141980;0000032203060;0000000000000;00061080;
20170516;WEU;*;M17 ;0000000000000;0000000000000;00000000;00000000;00000000;00000000;00000000;0000034519700;0000034220930;0000000000000;00298770;
20170516;WEU;*;N17 ;0000000000000;0000000000000;00000000;00000000;00000000;00000000;00000000;0000034796380;0000034493190;0000000000000;00303190;
20170516;WEU;*;Q17 ;0000000000000;0000000000000;00000000;00000000;00000000;00000000;00000000;0000035052040;0000034745490;0000000000000;00306550;
20170516;WEU;*;U17 ;0000000000000;0000000000000;00000000;00000000;00000000;00000000;00000000;0000035329600;0000035019490;0000000000000;00310110;
20170516;WEU;*;V17 ;0000000000000;0000000000000;00000000;00000000;00000000;00000000;00000000;0000035548560;0000035242980;0000000000000;00305580;
20170516;WIN;*;G18 ;0000000000000;0000000000000;00000000;00000000;00000000;00000000;00000000;0000000072737;0000000072485;0000000000000;00000252;
20170516;WIN;*;G19 ;0000000000000;0000000000000;00000000;00000000;00000000;00000000;00000000;0000000078426;0000000078204;0000000000000;00000222;
20170516;WIN;*;J18 ;0000000000000;0000000000000;00000000;00000000;00000000;00000000;00000000;0000000073653;0000000073405;0000000000000;00000248;
20170516;WIN;*;M17 ;0013035192836;0004215235039;00062930;00069250;00068655;00069440;00069365;0000000069290;0000000069038;0000000005040;00000252;
20170516;WIN;*;M18 ;0000000000000;0000000000000;00000000;00000000;00000000;00000000;00000000;0000000074464;0000000074223;0000000000000;00000241;
20170516;WIN;*;Q17 ;0000000112176;0000000036275;00000007;00069915;00069915;00070300;00070300;0000000070315;0000000070063;0000000005040;00000252;
20170516;WIN;*;Q18 ;0000000000000;0000000000000;00000000;00000000;00000000;00000000;00000000;0000000075459;0000000075216;0000000000000;00000243;
20170516;WIN;*;V17 ;0000000000000;0000000000000;00000000;00000000;00000000;00000000;00000000;0000000071204;0000000070952;0000000000000;00000252;
20170516;WIN;*;V18 ;0000000000000;0000000000000;00000000;00000000;00000000;00000000;00000000;0000000076442;0000000076199;0000000000000;00000243;
20170516;WIN;*;Z17 ;0000000000000;0000000000000;00000000;00000000;00000000;00000000;00000000;0000000071986;0000000071733;0000000000000;00000253;
20170516;WIN;*;Z18 ;0000000000000;0000000000000;00000000;00000000;00000000;00000000;00000000;0000000077349;0000000077115;0000000000000;00000234;
20170516;WTI;*;M17 ;0000029655586;0000009584250;00002315;00004915;00004915;00004915;00004915;0000000004866;0000000004885;0000000005878;00000019;
20170516;WTI;*;N17 ;0000055610386;0000017972460;00000639;00004946;00004946;00004957;00004957;0000000004900;0000000004916;0000000004950;00000016;
20170516;WTI;*;Q17 ;0000000000000;0000000000000;00000000;00000000;00000000;00000000;00000000;0000000004929;0000000004940;0000000000000;00000011;
20170516;ZAR;*;M17 ;0000000000000;0000000000000;00000144;00000000;00000000;00000000;00000000;0000023733310;0000023557630;0000000061488;00175680;
20170516;ZAR;*;N17 ;0000000000000;0000000000000;00000030;00000000;00000000;00000000;00000000;0000023767480;0000023592020;0000000061411;00175460;
20170516;ZAR;*;Q17 ;0000000000000;0000000000000;00000000;00000000;00000000;00000000;00000000;0000023787180;0000023615880;0000000000000;00171300;
