Data;Código do Contrato;Pregão;Vencimento;Volume(R$);Volume(U$);Número de contas em Aberto;Preço de Abertura;Preço Mínimo;Preço Máximo;Último Preço;Preço de Ajuste Atual; Preço de Ajuste Anterior;Valor de Ajuste por Contrato;Variação
20170217;AUD;*;H17 ;0000007108740;0000002296847;00001197;02365000;02365000;02380500;02380500;0000023739990;0000023742870;0000000001728;00002880;
20170217;AUD;*;J17 ;0000004297500;0000001388530;00000506;02385000;02385000;02392500;02392500;0000023922940;0000023926660;0000000002232;00003720;
20170217;AUD;*;K17 ;0000000000000;0000000000000;00000000;00000000;00000000;00000000;00000000;0000024056270;0000024060810;0000000000000;00004540;
20170217;BGI;*;F18 ;0000000000000;0000000000000;00000000;00000000;00000000;00000000;00000000;0000000014424;0000000014412;0000000000000;00000012;
20170217;BGI;*;G17 ;0000014895771;0000004813628;00000674;00014405;00014380;00014440;00014427;0000000014427;0000000014420;0000000002310;00000007;
20170217;BGI;*;H17 ;0000000701085;0000000226558;00000516;00014150;00014101;00014200;00014200;0000000014179;0000000014128;0000000016830;00000051;
20170217;BGI;*;J17 ;0000000046549;0000000015042;00000018;00014106;00014106;00014106;00014106;0000000014157;0000000014106;0000000016830;00000051;
20170217;BGI;*;K17 ;0000042855773;0000013849014;00003953;00013991;00013973;00014060;00014050;0000000014042;0000000013991;0000000016830;00000051;
20170217;BGI;*;M17 ;0000000000000;0000000000000;00000003;00000000;00000000;00000000;00000000;0000000014127;0000000014085;0000000013860;00000042;
20170217;BGI;*;N17 ;0000000000000;0000000000000;00000000;00000000;00000000;00000000;00000000;0000000014204;0000000014169;0000000000000;00000035;
20170217;BGI;*;Q17 ;0000000000000;0000000000000;00000000;00000000;00000000;00000000;00000000;0000000014282;0000000014256;0000000000000;00000026;
20170217;BGI;*;U17 ;0000000000000;0000000000000;00000000;00000000;00000000;00000000;00000000;0000000014353;0000000014335;0000000000000;00000018;
20170217;BGI;*;V17 ;0000002145676;0000000693384;00001765;00014425;00014425;00014450;00014450;0000000014425;0000000014415;0000000003300;00000010;
20170217;BGI;*;X17 ;0000000000000;0000000000000;00000077;00000000;00000000;00000000;00000000;0000000014497;0000000014485;0000000003960;00000012;
20170217;BGI;*;Z17 ;0000000000000;0000000000000;00000087;00000000;00000000;00000000;00000000;0000000014432;0000000014420;0000000003960;00000012;
20170217;BRI;*;J17 ;0000000913120;0000000295031;00000882;00011414;00011414;00011414;00011414;0000000011414;0000000011430;0000000016000;00000016;
20170217;BRI;*;M17 ;0000000000000;0000000000000;00000000;00000000;00000000;00000000;00000000;0000000011602;0000000011617;0000000000000;00000015;
20170217;BSE;*;G17 ;0000000000000;0000000000000;00000000;00000000;00000000;00000000;00000000;0000000028511;0000000028350;0000000000000;00000161;
20170217;BSE;*;H17 ;0000000000000;0000000000000;00000000;00000000;00000000;00000000;00000000;0000000028758;0000000028596;0000000000000;00000162;
20170217;CAD;*;H17 ;0000000426828;0000000137909;00001035;02372100;02370800;02372100;02370900;0000023637400;0000023631900;0000000003300;00005500;
20170217;CAD;*;J17 ;0000001431360;0000000462475;00000615;02385600;02385600;02385600;02385600;0000023846390;0000023839910;0000000003888;00006480;
20170217;CAD;*;K17 ;0000000000000;0000000000000;00000000;00000000;00000000;00000000;00000000;0000024000840;0000023996190;0000000000000;00004650;
20170217;CCM;*;F18 ;0000000000000;0000000000000;00000096;00000000;00000000;00000000;00000000;0000000003060;0000000003075;0000000006750;00000015;
20170217;CCM;*;F19 ;0000000000000;0000000000000;00000000;00000000;00000000;00000000;00000000;0000000002683;0000000002696;0000000000000;00000013;
20170217;CCM;*;H17 ;0000033405669;0000010795175;00007412;00003422;00003405;00003448;00003412;0000000003413;0000000003415;0000000000900;00000002;
20170217;CCM;*;H18 ;0000000013950;0000000004508;00000000;00003100;00003100;00003100;00003100;0000000003104;0000000003118;0000000006300;00000014;
20170217;CCM;*;H19 ;0000000000000;0000000000000;00000000;00000000;00000000;00000000;00000000;0000000002569;0000000002581;0000000000000;00000012;
20170217;CCM;*;K17 ;0000021718422;0000007018395;00006914;00003120;00003115;00003150;00003120;0000000003120;0000000003113;0000000003150;00000007;
20170217;CCM;*;K18 ;0000000000000;0000000000000;00000000;00000000;00000000;00000000;00000000;0000000002791;0000000002803;0000000000000;00000012;
20170217;CCM;*;K19 ;0000000000000;0000000000000;00000000;00000000;00000000;00000000;00000000;0000000002460;0000000002471;0000000000000;00000011;
20170217;CCM;*;N17 ;0000000000000;0000000000000;00000000;00000000;00000000;00000000;00000000;0000000003073;0000000003078;0000000000000;00000005;
20170217;CCM;*;N18 ;0000000000000;0000000000000;00000000;00000000;00000000;00000000;00000000;0000000002669;0000000002680;0000000000000;00000011;
20170217;CCM;*;U17 ;0000018737073;0000006054960;00009093;00003035;00003020;00003059;00003025;0000000003025;0000000003040;0000000006750;00000015;
20170217;CCM;*;U18 ;0000000000000;0000000000000;00000000;00000000;00000000;00000000;00000000;0000000002550;0000000002560;0000000000000;00000010;
20170217;CCM;*;X17 ;0000002088067;0000000674767;00000001;00003060;00003046;00003061;00003046;0000000003043;0000000003058;0000000006750;00000015;
20170217;CCM;*;X18 ;0000000000000;0000000000000;00000000;00000000;00000000;00000000;00000000;0000000002615;0000000002626;0000000000000;00000011;
20170217;CHF;*;H17 ;0000000000000;0000000000000;00000345;00000000;00000000;00000000;00000000;0000030927830;0000030863740;0000000032045;00064090;
20170217;CHF;*;J17 ;0000000000000;0000000000000;00000080;00000000;00000000;00000000;00000000;0000031258590;0000031189540;0000000034525;00069050;
20170217;CHF;*;K17 ;0000000000000;0000000000000;00000000;00000000;00000000;00000000;00000000;0000031506930;0000031441850;0000000000000;00065080;
20170217;CLP;*;H17 ;0000000000000;0000000000000;00000837;00000000;00000000;00000000;00000000;0000048052000;0000048261000;0000000052250;00209000;
20170217;CLP;*;J17 ;0000000000000;0000000000000;00000000;00000000;00000000;00000000;00000000;0000048400000;0000048559000;0000000000000;00159000;
20170217;CLP;*;K17 ;0000000000000;0000000000000;00000000;00000000;00000000;00000000;00000000;0000048623000;0000048776000;0000000000000;00153000;
20170217;CNY;*;H17 ;0000000000000;0000000000000;00000000;00000000;00000000;00000000;00000000;0000045085440;0000044958080;0000000000000;00127360;
20170217;CNY;*;J17 ;0000000000000;0000000000000;00000175;00000000;00000000;00000000;00000000;0000045276520;0000045149520;0000000044450;00127000;
20170217;CNY;*;K17 ;0000000000000;0000000000000;00000000;00000000;00000000;00000000;00000000;0000045433890;0000045318000;0000000000000;00115890;
20170217;CR1;*;H7U7;0000000000000;0000000000000;00000000;00001215;00001190;00001225;00001190;0000000000000;0000000000000;0000000000000;00000000;
20170217;DAP;*;F18 ;0000000000000;0000000000000;00000000;00000000;00000000;00000000;00000000;0000009473792;0000009475183;0000000000000;00001391;
20170217;DAP;*;H17 ;0000000000000;0000000000000;00000485;00000000;00000000;00000000;00000000;0000009961880;0000009961694;0000000000223;00000186;
20170217;DAP;*;J17 ;0000000000000;0000000000000;00000085;00000000;00000000;00000000;00000000;0000009902546;0000009902891;0000000000413;00000345;
20170217;DAP;*;K17 ;0000000000000;0000000000000;00026013;00000000;00000000;00000000;00000000;0000009863089;0000009863671;0000000000697;00000582;
20170217;DAP;*;K19 ;0000255390313;0000082517064;00042905;00000556;00000555;00000557;00000557;0000008872814;0000008874717;0000000002281;00001903;
20170217;DAP;*;K21 ;0000000953101;0000000307949;00011265;00000561;00000561;00000561;00000561;0000007958062;0000007961273;0000000003850;00003211;
20170217;DAP;*;K23 ;0000005992648;0000001936235;00011615;00000559;00000559;00000559;00000559;0000007126983;0000007139565;0000000015086;00012582;
20170217;DAP;*;Q18 ;0000002759786;0000000891692;00024600;00000577;00000577;00000581;00000581;0000009202191;0000009207291;0000000006115;00005100;
20170217;DAP;*;Q20 ;0000000000000;0000000000000;00002860;00000000;00000000;00000000;00000000;0000008280759;0000008286242;0000000006574;00005483;
20170217;DAP;*;Q22 ;0000001334672;0000000431235;00006065;00000562;00000562;00000562;00000562;0000007420491;0000007428192;0000000009234;00007701;
20170217;DAP;*;Q24 ;0000000000000;0000000000000;00005853;00000000;00000000;00000000;00000000;0000006725523;0000006735094;0000000011476;00009571;
20170217;DAP;*;Q26 ;0000000000000;0000000000000;00001498;00000000;00000000;00000000;00000000;0000006017703;0000006033947;0000000019477;00016244;
20170217;DAP;*;Q30 ;0000000000000;0000000000000;00000235;00000000;00000000;00000000;00000000;0000004986557;0000004967593;0000000022739;00018964;
20170217;DCO;*;F18 ;0000000000000;0000000000000;00000000;00000000;00000000;00000000;00000000;0000009944485;0000009894261;0000000000000;00050224;
20170217;DCO;*;F19 ;0000000000000;0000000000000;00000000;00000000;00000000;00000000;00000000;0000009663983;0000009613754;0000000000000;00050229;
20170217;DCO;*;F20 ;0000000000000;0000000000000;00000000;00000000;00000000;00000000;00000000;0000009315931;0000009266033;0000000000000;00049898;
20170217;DCO;*;F21 ;0000000000000;0000000000000;00000000;00000000;00000000;00000000;00000000;0000008906253;0000008854848;0000000000000;00051405;
20170217;DCO;*;F22 ;0000000000000;0000000000000;00000000;00000000;00000000;00000000;00000000;0000008491810;0000008438844;0000000000000;00052966;
20170217;DCO;*;F23 ;0000000000000;0000000000000;00000000;00000000;00000000;00000000;00000000;0000008079258;0000008022333;0000000000000;00056925;
20170217;DCO;*;F24 ;0000000000000;0000000000000;00000000;00000000;00000000;00000000;00000000;0000007660585;0000007601172;0000000000000;00059413;
20170217;DCO;*;F25 ;0000000000000;0000000000000;00000000;00000000;00000000;00000000;00000000;0000007244953;0000007182741;0000000000000;00062212;
20170217;DCO;*;F26 ;0000000000000;0000000000000;00000000;00000000;00000000;00000000;00000000;0000006828067;0000006766108;0000000000000;00061959;
20170217;DCO;*;F27 ;0000000000000;0000000000000;00000000;00000000;00000000;00000000;00000000;0000006401038;0000006341932;0000000000000;00059106;
20170217;DCO;*;F28 ;0000000000000;0000000000000;00000000;00000000;00000000;00000000;00000000;0000006044938;0000005984790;0000000000000;00060148;
20170217;DCO;*;F29 ;0000000000000;0000000000000;00000000;00000000;00000000;00000000;00000000;0000005700747;0000005648455;0000000000000;00052292;
20170217;DCO;*;F30 ;0000000000000;0000000000000;00000000;00000000;00000000;00000000;00000000;0000005389375;0000005337522;0000000000000;00051853;
20170217;DCO;*;G18 ;0000000000000;0000000000000;00000000;00000000;00000000;00000000;00000000;0000009926861;0000009876968;0000000000000;00049893;
20170217;DCO;*;H17 ;0000000000000;0000000000000;00000000;00000000;00000000;00000000;00000000;0000010128497;0000010081268;0000000000000;00047229;
20170217;DCO;*;J17 ;0000000000000;0000000000000;00000000;00000000;00000000;00000000;00000000;0000010109307;0000010061656;0000000000000;00047651;
20170217;DCO;*;J18 ;0000000000000;0000000000000;00000000;00000000;00000000;00000000;00000000;0000009885444;0000009836486;0000000000000;00048958;
20170217;DCO;*;J19 ;0000000000000;0000000000000;00000000;00000000;00000000;00000000;00000000;0000009584292;0000009531524;0000000000000;00052768;
20170217;DCO;*;J20 ;0000000000000;0000000000000;00000000;00000000;00000000;00000000;00000000;0000009215667;0000009174922;0000000000000;00040745;
20170217;DCO;*;J21 ;0000000000000;0000000000000;00000000;00000000;00000000;00000000;00000000;0000008804539;0000008753645;0000000000000;00050894;
20170217;DCO;*;K17 ;0000000000000;0000000000000;00000000;00000000;00000000;00000000;00000000;0000010092526;0000010045311;0000000000000;00047215;
20170217;DCO;*;M17 ;0000000000000;0000000000000;00000000;00000000;00000000;00000000;00000000;0000010076559;0000010028675;0000000000000;00047884;
20170217;DCO;*;N17 ;0000000000000;0000000000000;00000000;00000000;00000000;00000000;00000000;0000010062724;0000010014517;0000000000000;00048207;
20170217;DCO;*;N18 ;0000000000000;0000000000000;00000000;00000000;00000000;00000000;00000000;0000009818628;0000009769446;0000000000000;00049182;
20170217;DCO;*;N19 ;0000000000000;0000000000000;00000000;00000000;00000000;00000000;00000000;0000009502813;0000009452538;0000000000000;00050275;
20170217;DCO;*;N20 ;0000000000000;0000000000000;00000000;00000000;00000000;00000000;00000000;0000009115493;0000009072385;0000000000000;00043108;
20170217;DCO;*;N21 ;0000000000000;0000000000000;00000000;00000000;00000000;00000000;00000000;0000008694172;0000008644398;0000000000000;00049774;
20170217;DCO;*;Q17 ;0000000000000;0000000000000;00000000;00000000;00000000;00000000;00000000;0000010043732;0000009995316;0000000000000;00048416;
20170217;DCO;*;U17 ;0000000000000;0000000000000;00000000;00000000;00000000;00000000;00000000;0000010027297;0000009979978;0000000000000;00047319;
20170217;DCO;*;V17 ;0000000000000;0000000000000;00000000;00000000;00000000;00000000;00000000;0000010005678;0000009958061;0000000000000;00047617;
20170217;DCO;*;V18 ;0000000000000;0000000000000;00000000;00000000;00000000;00000000;00000000;0000009747175;0000009697539;0000000000000;00049636;
20170217;DCO;*;V19 ;0000000000000;0000000000000;00000000;00000000;00000000;00000000;00000000;0000009412601;0000009366005;0000000000000;00046596;
20170217;DCO;*;V20 ;0000000000000;0000000000000;00000000;00000000;00000000;00000000;00000000;0000009013620;0000008966119;0000000000000;00047501;
20170217;DCO;*;V21 ;0000000000000;0000000000000;00000000;00000000;00000000;00000000;00000000;0000008597885;0000008546233;0000000000000;00051652;
20170217;DCO;*;X17 ;0000000000000;0000000000000;00000000;00000000;00000000;00000000;00000000;0000009986454;0000009938466;0000000000000;00047988;
20170217;DCO;*;Z17 ;0000000000000;0000000000000;00000000;00000000;00000000;00000000;00000000;0000009965837;0000009917682;0000000000000;00048155;
20170217;DDI;*;F18 ;0000000000000;0000000000000;00244939;00000000;00000000;00000000;00000000;0000009945361;0000009895978;0000000075333;00049383;
20170217;DDI;*;F19 ;0000000000000;0000000000000;00097037;00000000;00000000;00000000;00000000;0000009665758;0000009615489;0000000076685;00050269;
20170217;DDI;*;F20 ;0000000000000;0000000000000;00090870;00000000;00000000;00000000;00000000;0000009320992;0000009270990;0000000076278;00050002;
20170217;DDI;*;F21 ;0000000000000;0000000000000;00097262;00000000;00000000;00000000;00000000;0000008912502;0000008860965;0000000078619;00051537;
20170217;DDI;*;F22 ;0000000000000;0000000000000;00037334;00000000;00000000;00000000;00000000;0000008498951;0000008445828;0000000081039;00053123;
20170217;DDI;*;F23 ;0000000000000;0000000000000;00028976;00000000;00000000;00000000;00000000;0000008087044;0000008029935;0000000087119;00057109;
20170217;DDI;*;F24 ;0000000000000;0000000000000;00024855;00000000;00000000;00000000;00000000;0000007668777;0000007609160;0000000090945;00059617;
20170217;DDI;*;F25 ;0000000000000;0000000000000;00017495;00000000;00000000;00000000;00000000;0000007253350;0000007190915;0000000095244;00062435;
20170217;DDI;*;F26 ;0000000000000;0000000000000;00014530;00000000;00000000;00000000;00000000;0000006836472;0000006774282;0000000094870;00062190;
20170217;DDI;*;F27 ;0000000000000;0000000000000;00010100;00000000;00000000;00000000;00000000;0000006409261;0000006349926;0000000090515;00059335;
20170217;DDI;*;F28 ;0000000000000;0000000000000;00000110;00000000;00000000;00000000;00000000;0000006053012;0000005996558;0000000086120;00056454;
20170217;DDI;*;F29 ;0000000000000;0000000000000;00000000;00000000;00000000;00000000;00000000;0000005712517;0000005659901;0000000000000;00052616;
20170217;DDI;*;F30 ;0000000000000;0000000000000;00000500;00000000;00000000;00000000;00000000;0000005400780;0000005348603;0000000079596;00052177;
20170217;DDI;*;G18 ;0000000000000;0000000000000;00009270;00000000;00000000;00000000;00000000;0000009927817;0000009877899;0000000076149;00049918;
20170217;DDI;*;H17 ;0000000000000;0000000000000;00543629;00000000;00000000;00000000;00000000;0000010128531;0000010081332;0000000072002;00047199;
20170217;DDI;*;J17 ;0000866519584;0000279974017;00461932;00001130;00001130;00001130;00001130;0000010109562;0000010061904;0000000072702;00047658;
20170217;DDI;*;J18 ;0000000000000;0000000000000;00055442;00000000;00000000;00000000;00000000;0000009886555;0000009837569;0000000074728;00048986;
20170217;DDI;*;J19 ;0000000000000;0000000000000;00042799;00000000;00000000;00000000;00000000;0000009586265;0000009533452;0000000080566;00052813;
20170217;DDI;*;J20 ;0000000000000;0000000000000;00020655;00000000;00000000;00000000;00000000;0000009221045;0000009180200;0000000062309;00040845;
20170217;DDI;*;J21 ;0000000000000;0000000000000;00005297;00000000;00000000;00000000;00000000;0000008811021;0000008759991;0000000077846;00051030;
20170217;DDI;*;K17 ;0000000000000;0000000000000;00191130;00000000;00000000;00000000;00000000;0000010092945;0000010045719;0000000072043;00047226;
20170217;DDI;*;M17 ;0000000000000;0000000000000;00079213;00000000;00000000;00000000;00000000;0000010077146;0000010029248;0000000073068;00047898;
20170217;DDI;*;N17 ;0000000000000;0000000000000;00303717;00000000;00000000;00000000;00000000;0000010063489;0000010015266;0000000073564;00048223;
20170217;DDI;*;N18 ;0000000000000;0000000000000;00045029;00000000;00000000;00000000;00000000;0000009819967;0000009770754;0000000075074;00049213;
20170217;DDI;*;N19 ;0000000000000;0000000000000;00054764;00000000;00000000;00000000;00000000;0000009507149;0000009456786;0000000076828;00050363;
20170217;DDI;*;N20 ;0000000000000;0000000000000;00030915;00000000;00000000;00000000;00000000;0000009121175;0000009077958;0000000065927;00043217;
20170217;DDI;*;N21 ;0000000000000;0000000000000;00004357;00000000;00000000;00000000;00000000;0000008700875;0000008650961;0000000076143;00049914;
20170217;DDI;*;Q17 ;0000000000000;0000000000000;00092144;00000000;00000000;00000000;00000000;0000010044657;0000009996221;0000000073889;00048436;
20170217;DDI;*;U17 ;0000000000000;0000000000000;00042225;00000000;00000000;00000000;00000000;0000010027844;0000009981050;0000000071384;00046794;
20170217;DDI;*;V17 ;0000000000000;0000000000000;00117532;00000000;00000000;00000000;00000000;0000010006310;0000009959298;0000000071716;00047012;
20170217;DDI;*;V18 ;0000000000000;0000000000000;00048508;00000000;00000000;00000000;00000000;0000009748734;0000009699063;0000000075773;00049671;
20170217;DDI;*;V19 ;0000000000000;0000000000000;00031384;00000000;00000000;00000000;00000000;0000009417309;0000009370621;0000000071222;00046688;
20170217;DDI;*;V20 ;0000000000000;0000000000000;00021870;00000000;00000000;00000000;00000000;0000009019591;0000008971970;0000000072645;00047621;
20170217;DDI;*;V21 ;0000000000000;0000000000000;00002172;00000000;00000000;00000000;00000000;0000008604819;0000008553018;0000000079022;00051801;
20170217;DDI;*;X17 ;0000000000000;0000000000000;00027739;00000000;00000000;00000000;00000000;0000009987879;0000009939861;0000000073251;00048018;
20170217;DDI;*;Z17 ;0000000000000;0000000000000;00015430;00000000;00000000;00000000;00000000;0000009967420;0000009919233;0000000073509;00048187;
20170217;DDM;*;K17 ;0000000000000;0000000000000;00000000;00000000;00000000;00000000;00000000;0000009853576;0000009855503;0000000000000;00001927;
20170217;DDM;*;K19 ;0000000000000;0000000000000;00000000;00000000;00000000;00000000;00000000;0000008797495;0000008802439;0000000000000;00004944;
20170217;DDM;*;K21 ;0000000000000;0000000000000;00000000;00000000;00000000;00000000;00000000;0000007890807;0000007916998;0000000000000;00026191;
20170217;DDM;*;Q18 ;0000000000000;0000000000000;00000000;00000000;00000000;00000000;00000000;0000009144737;0000009148472;0000000000000;00003735;
20170217;DDM;*;Q20 ;0000000000000;0000000000000;00000000;00000000;00000000;00000000;00000000;0000008213000;0000008235633;0000000000000;00022633;
20170217;DI1;*;F18 ;0018287622713;0005908763397;02379259;00010645;00010565;00010650;00010570;0000009178813;0000009174588;0000000004225;00004225;
20170217;DI1;*;F19 ;0015461723944;0004995710483;01534378;00010170;00010060;00010190;00010080;0000008377431;0000008365614;0000000011817;00011817;
20170217;DI1;*;F20 ;0007117289733;0002299608961;01044350;00010270;00010150;00010290;00010170;0000007590409;0000007575436;0000000014973;00014973;
20170217;DI1;*;F21 ;0009890835146;0003195746412;01501024;00010380;00010270;00010390;00010290;0000006866593;0000006850475;0000000016118;00016118;
20170217;DI1;*;F22 ;0000091639893;0000029609012;00080955;00010480;00010380;00010480;00010380;0000006200851;0000006187810;0000000013041;00013041;
20170217;DI1;*;F23 ;0001686462401;0000544898999;00676689;00010550;00010450;00010570;00010490;0000005592032;0000005577747;0000000014285;00014285;
20170217;DI1;*;F24 ;0000000253089;0000000081774;00047830;00010490;00010490;00010490;00010490;0000005057095;0000005045036;0000000012059;00012059;
20170217;DI1;*;F25 ;0001559561967;0000503897243;00539959;00010620;00010510;00010640;00010550;0000004561394;0000004548856;0000000012538;00012538;
20170217;DI1;*;F26 ;0000007819561;0000002526514;00063373;00010600;00010520;00010600;00010540;0000004119881;0000004108706;0000000011175;00011175;
20170217;DI1;*;F27 ;0000512332310;0000165535480;00301066;00010680;00010570;00010680;00010600;0000003721233;0000003705031;0000000016202;00016202;
20170217;DI1;*;F28 ;0000000000000;0000000000000;00000010;00000000;00000000;00000000;00000000;0000003363245;0000003347094;0000000016151;00016151;
20170217;DI1;*;F29 ;0000000000000;0000000000000;00003310;00000000;00000000;00000000;00000000;0000003041579;0000003025622;0000000015957;00015957;
20170217;DI1;*;F30 ;0000000000000;0000000000000;00000170;00000000;00000000;00000000;00000000;0000002749087;0000002733439;0000000015648;00015648;
20170217;DI1;*;G18 ;0000001821286;0000000588461;00003350;00010465;00010465;00010465;00010465;0000009105268;0000009100987;0000000004281;00004281;
20170217;DI1;*;H17 ;0000708492366;0000228915142;00620899;00012620;00012619;00012629;00012619;0000009971745;0000009971771;0000000000026;00000026;
20170217;DI1;*;J17 ;0097505909655;0031504332683;03047567;00012200;00012197;00012210;00012197;0000009868402;0000009868376;0000000000026;00000026;
20170217;DI1;*;J18 ;0003211215737;0001037549511;00709555;00010430;00010330;00010430;00010350;0000008978364;0000008972024;0000000006340;00006340;
20170217;DI1;*;J19 ;0002634651211;0000851260488;00165492;00010160;00010080;00010160;00010080;0000008182002;0000008170393;0000000011609;00011609;
20170217;DI1;*;J20 ;0000002960574;0000000956567;00073394;00010210;00010210;00010210;00010210;0000007401435;0000007388624;0000000012811;00012811;
20170217;DI1;*;J21 ;0000000669607;0000000216351;00025335;00010310;00010310;00010310;00010310;0000006698057;0000006682793;0000000015264;00015264;
20170217;DI1;*;K17 ;0001384919550;0000447469968;00244731;00012000;00011981;00012010;00011981;0000009791161;0000009791154;0000000000007;00000007;
20170217;DI1;*;M17 ;0001108652318;0000358207534;00117710;00011795;00011775;00011795;00011775;0000009699800;0000009700057;0000000000257;00000257;
20170217;DI1;*;N17 ;0044693095144;0014440418463;01895780;00011520;00011495;00011530;00011500;0000009618540;0000009618228;0000000000312;00000312;
20170217;DI1;*;N18 ;0003270347358;0001056655043;00622759;00010300;00010180;00010300;00010200;0000008777316;0000008767421;0000000009895;00009895;
20170217;DI1;*;N19 ;0001074988065;0000347330554;00434824;00010210;00010100;00010210;00010120;0000007987378;0000007976307;0000000011071;00011071;
20170217;DI1;*;N20 ;0001592518147;0000514545443;00832881;00010350;00010240;00010350;00010250;0000007220543;0000007205919;0000000014624;00014624;
20170217;DI1;*;N21 ;0000034599827;0000011179266;00053135;00010410;00010340;00010410;00010340;0000006531220;0000006516428;0000000014792;00014792;
20170217;DI1;*;N22 ;0000000000000;0000000000000;00004135;00000000;00000000;00000000;00000000;0000005892318;0000005878611;0000000013707;00013707;
20170217;DI1;*;N23 ;0000000000000;0000000000000;00003135;00000000;00000000;00000000;00000000;0000005318853;0000005305908;0000000012945;00012945;
20170217;DI1;*;N24 ;0000000000000;0000000000000;00001550;00000000;00000000;00000000;00000000;0000004808801;0000004796480;0000000012321;00012321;
20170217;DI1;*;Q17 ;0002683322152;0000866986156;00060938;00011365;00011295;00011365;00011330;0000009538244;0000009536939;0000000001305;00001305;
20170217;DI1;*;U17 ;0000016071281;0000005192659;00025977;00011130;00011130;00011165;00011165;0000009455567;0000009453974;0000000001593;00001593;
20170217;DI1;*;V17 ;0001829423288;0000591089915;00622707;00010995;00010945;00010995;00010945;0000009384222;0000009382520;0000000001702;00001702;
20170217;DI1;*;V18 ;0000464533326;0000150091543;00605927;00010190;00010100;00010190;00010110;0000008572557;0000008562179;0000000010378;00010378;
20170217;DI1;*;V19 ;0000069988088;0000022613276;00057602;00010180;00010140;00010190;00010140;0000007783287;0000007770834;0000000012453;00012453;
20170217;DI1;*;V20 ;0000002814593;0000000909400;00044953;00010270;00010270;00010270;00010270;0000007033043;0000007022226;0000000010817;00010817;
20170217;DI1;*;V21 ;0000000000000;0000000000000;00015337;00000000;00000000;00000000;00000000;0000006361337;0000006347357;0000000013980;00013980;
20170217;DI1;*;X17 ;0000001862280;0000000601706;00013412;00010820;00010820;00010820;00010820;0000009312980;0000009310382;0000000002598;00002598;
20170217;DI1;*;Z17 ;0000000000000;0000000000000;00011110;00000000;00000000;00000000;00000000;0000009245669;0000009242238;0000000003431;00003431;
20170217;DOL;*;F18 ;0000000000000;0000000000000;00003870;00000000;00000000;00000000;00000000;0000033057980;0000032908980;0000000074500;00149000;
20170217;DOL;*;F19 ;0000000000000;0000000000000;00000000;00000000;00000000;00000000;00000000;0000035202000;0000035068380;0000000000000;00133620;
20170217;DOL;*;F20 ;0000000000000;0000000000000;00000000;00000000;00000000;00000000;00000000;0000037466160;0000037338830;0000000000000;00127330;
20170217;DOL;*;F21 ;0000000000000;0000000000000;00003100;00000000;00000000;00000000;00000000;0000039600490;0000039464130;0000000068180;00136360;
20170217;DOL;*;F25 ;0000000000000;0000000000000;00000000;00000000;00000000;00000000;00000000;0000048515810;0000048230770;0000000000000;00285040;
20170217;DOL;*;G18 ;0000000000000;0000000000000;00000000;00000000;00000000;00000000;00000000;0000033266200;0000033114510;0000000000000;00151690;
20170217;DOL;*;H17 ;0041415141500;0013381305816;00553602;03102500;03085000;03113500;03107000;0000030989720;0000030845190;0000000072265;00144530;
20170217;DOL;*;J17 ;0000945672250;0000305548384;00039035;03118000;03118000;03137000;03132000;0000031255590;0000031108330;0000000073630;00147260;
20170217;DOL;*;J18 ;0000000000000;0000000000000;00000000;00000000;00000000;00000000;00000000;0000033596180;0000033453350;0000000000000;00142830;
20170217;DOL;*;J19 ;0000000000000;0000000000000;00000000;00000000;00000000;00000000;00000000;0000035746380;0000035599960;0000000000000;00146420;
20170217;DOL;*;K17 ;0000002363250;0000000763570;00001635;03143000;03143000;03155000;03155000;0000031450380;0000031303250;0000000073565;00147130;
20170217;DOL;*;M17 ;0000000000000;0000000000000;00001380;00000000;00000000;00000000;00000000;0000031696920;0000031545420;0000000075750;00151500;
20170217;DOL;*;N17 ;0000000000000;0000000000000;00017305;00000000;00000000;00000000;00000000;0000031921380;0000031769440;0000000075970;00151940;
20170217;DOL;*;N18 ;0000000000000;0000000000000;00000170;00000000;00000000;00000000;00000000;0000034134260;0000034001530;0000000066365;00132730;
20170217;DOL;*;N19 ;0000000000000;0000000000000;00000400;00000000;00000000;00000000;00000000;0000036315190;0000036172950;0000000071120;00142240;
20170217;DOL;*;N21 ;0000000000000;0000000000000;00000000;00000000;00000000;00000000;00000000;0000040645340;0000040503910;0000000000000;00141430;
20170217;DOL;*;Q17 ;0000000000000;0000000000000;00002905;00000000;00000000;00000000;00000000;0000032129860;0000031979310;0000000075275;00150550;
20170217;DOL;*;U17 ;0000000000000;0000000000000;00000790;00000000;00000000;00000000;00000000;0000032356610;0000032210990;0000000072810;00145620;
20170217;DOL;*;V17 ;0000000000000;0000000000000;00001035;00000000;00000000;00000000;00000000;0000032532530;0000032385560;0000000073485;00146970;
20170217;DOL;*;V18 ;0000000000000;0000000000000;00000000;00000000;00000000;00000000;00000000;0000034696050;0000034561110;0000000000000;00134940;
20170217;DOL;*;V19 ;0000000000000;0000000000000;00000000;00000000;00000000;00000000;00000000;0000036915270;0000036791110;0000000000000;00124160;
20170217;DOL;*;X17 ;0000000000000;0000000000000;00000000;00000000;00000000;00000000;00000000;0000032721020;0000032572790;0000000000000;00148230;
20170217;DOL;*;Z17 ;0000000000000;0000000000000;00000000;00000000;00000000;00000000;00000000;0000032891720;0000032744860;0000000000000;00146860;
20170217;DR1;*;H7J7;0000000000000;0000000000000;00000000;00026320;00026110;00027300;00027250;0000000000000;0000000000000;0000000000000;00000000;
20170217;ETH;*;G17 ;0000000000000;0000000000000;00000720;00000000;00000000;00000000;00000000;0000000172000;0000000172000;0000000000000;00000000;
20170217;ETH;*;H17 ;0000000000000;0000000000000;00000728;00000000;00000000;00000000;00000000;0000000174000;0000000174000;0000000000000;00000000;
20170217;ETH;*;J17 ;0000000000000;0000000000000;00000000;00000000;00000000;00000000;00000000;0000000155100;0000000155100;0000000000000;00000000;
20170217;ETH;*;K17 ;0000000474000;0000000153175;00000100;00158000;00158000;00158000;00158000;0000000161500;0000000161500;0000000000000;00000000;
20170217;ETH;*;M17 ;0000000000000;0000000000000;00000200;00000000;00000000;00000000;00000000;0000000161500;0000000161500;0000000000000;00000000;
20170217;ETH;*;N17 ;0000000000000;0000000000000;00000205;00000000;00000000;00000000;00000000;0000000165000;0000000165000;0000000000000;00000000;
20170217;ETH;*;Q17 ;0000000000000;0000000000000;00000205;00000000;00000000;00000000;00000000;0000000165000;0000000165000;0000000000000;00000000;
20170217;ETH;*;U17 ;0000000000000;0000000000000;00000000;00000000;00000000;00000000;00000000;0000000163000;0000000163000;0000000000000;00000000;
20170217;ETH;*;V17 ;0000000000000;0000000000000;00000000;00000000;00000000;00000000;00000000;0000000163000;0000000163000;0000000000000;00000000;
20170217;ETH;*;X17 ;0000000000000;0000000000000;00000000;00000000;00000000;00000000;00000000;0000000163000;0000000163000;0000000000000;00000000;
20170217;ETH;*;Z17 ;0000000000000;0000000000000;00000000;00000000;00000000;00000000;00000000;0000000165000;0000000165000;0000000000000;00000000;
20170217;EUR;*;H17 ;0000115973900;0000037471373;00011618;03291100;03283000;03304000;03292000;0000032905400;0000032873300;0000000016050;00032100;
20170217;EUR;*;J17 ;0000003325600;0000001074507;00001365;03325600;03325600;03325600;03325600;0000033224810;0000033190720;0000000017045;00034090;
20170217;EUR;*;K17 ;0000000000000;0000000000000;00000000;00000000;00000000;00000000;00000000;0000033472770;0000033439590;0000000000000;00033180;
20170217;EUR;*;M17 ;0000000000000;0000000000000;00000000;00000000;00000000;00000000;00000000;0000033785610;0000033747790;0000000000000;00037820;
20170217;EUR;*;N17 ;0000000000000;0000000000000;00003190;00000000;00000000;00000000;00000000;0000034079430;0000034042410;0000000018510;00037020;
20170217;EUR;*;V17 ;0000000000000;0000000000000;00000000;00000000;00000000;00000000;00000000;0000034906100;0000034876090;0000000000000;00030010;
20170217;FRC;*;F18 ;0000000000000;0000000000000;00000000;00000222;00000216;00000223;00000216;0000000000216;0000000000220;0000000000002;00000004;
20170217;FRC;*;F19 ;0000000000000;0000000000000;00000000;00000260;00000256;00000260;00000257;0000000000256;0000000000260;0000000000002;00000004;
20170217;FRC;*;F20 ;0000000000000;0000000000000;00000000;00000302;00000301;00000303;00000301;0000000000301;0000000000303;0000000000001;00000002;
20170217;FRC;*;F21 ;0000000000000;0000000000000;00000000;00000350;00000350;00000350;00000350;0000000000350;0000000000353;0000000000001;00000003;
20170217;FRC;*;F22 ;0000000000000;0000000000000;00000000;00000390;00000390;00000390;00000390;0000000000390;0000000000394;0000000000002;00000004;
20170217;FRC;*;F23 ;0000000000000;0000000000000;00000000;00000426;00000426;00000426;00000426;0000000000426;0000000000431;0000000000002;00000005;
20170217;FRC;*;F24 ;0000000000000;0000000000000;00000000;00000000;00000000;00000000;00000000;0000000000462;0000000000468;0000000000000;00000006;
20170217;FRC;*;F25 ;0000000000000;0000000000000;00000000;00000000;00000000;00000000;00000000;0000000000498;0000000000505;0000000000000;00000007;
20170217;FRC;*;F26 ;0000000000000;0000000000000;00000000;00000000;00000000;00000000;00000000;0000000000537;0000000000544;0000000000000;00000007;
20170217;FRC;*;F27 ;0000000000000;0000000000000;00000000;00000000;00000000;00000000;00000000;0000000000581;0000000000588;0000000000000;00000007;
20170217;FRC;*;F28 ;0000000000000;0000000000000;00000000;00000000;00000000;00000000;00000000;0000000000612;0000000000619;0000000000000;00000007;
20170217;FRC;*;F29 ;0000000000000;0000000000000;00000000;00000000;00000000;00000000;00000000;0000000000643;0000000000650;0000000000000;00000007;
20170217;FRC;*;F30 ;0000000000000;0000000000000;00000000;00000000;00000000;00000000;00000000;0000000000672;0000000000679;0000000000000;00000007;
20170217;FRC;*;G18 ;0000000000000;0000000000000;00000000;00000000;00000000;00000000;00000000;0000000000216;0000000000220;0000000000000;00000004;
20170217;FRC;*;J17 ;0000000000000;0000000000000;00000000;00000215;00000204;00000215;00000205;0000000000205;0000000000210;0000000000002;00000005;
20170217;FRC;*;J18 ;0000000000000;0000000000000;00000000;00000227;00000222;00000227;00000222;0000000000222;0000000000225;0000000000001;00000003;
20170217;FRC;*;J19 ;0000000000000;0000000000000;00000000;00000000;00000000;00000000;00000000;0000000000268;0000000000272;0000000000000;00000004;
20170217;FRC;*;J20 ;0000000000000;0000000000000;00000000;00000314;00000314;00000314;00000314;0000000000314;0000000000314;0000000000000;00000000;
20170217;FRC;*;J21 ;0000000000000;0000000000000;00000000;00000000;00000000;00000000;00000000;0000000000361;0000000000364;0000000000000;00000003;
20170217;FRC;*;K17 ;0000000000000;0000000000000;00000000;00000208;00000198;00000209;00000205;0000000000205;0000000000206;0000000000000;00000001;
20170217;FRC;*;M17 ;0000000000000;0000000000000;00000000;00000204;00000200;00000204;00000200;0000000000200;0000000000203;0000000000001;00000003;
20170217;FRC;*;N17 ;0000000000000;0000000000000;00000000;00000188;00000188;00000190;00000188;0000000000188;0000000000192;0000000000002;00000004;
20170217;FRC;*;N18 ;0000000000000;0000000000000;00000000;00000232;00000232;00000232;00000232;0000000000232;0000000000234;0000000000001;00000002;
20170217;FRC;*;N19 ;0000000000000;0000000000000;00000000;00000279;00000276;00000279;00000276;0000000000276;0000000000279;0000000000001;00000003;
20170217;FRC;*;N20 ;0000000000000;0000000000000;00000000;00000000;00000000;00000000;00000000;0000000000326;0000000000327;0000000000000;00000001;
20170217;FRC;*;N21 ;0000000000000;0000000000000;00000000;00000000;00000000;00000000;00000000;0000000000373;0000000000376;0000000000000;00000003;
20170217;FRC;*;Q17 ;0000000000000;0000000000000;00000000;00000000;00000000;00000000;00000000;0000000000197;0000000000200;0000000000000;00000003;
20170217;FRC;*;U17 ;0000000000000;0000000000000;00000000;00000196;00000196;00000196;00000196;0000000000196;0000000000197;0000000000000;00000001;
20170217;FRC;*;V17 ;0000000000000;0000000000000;00000000;00000204;00000204;00000204;00000204;0000000000204;0000000000205;0000000000000;00000001;
20170217;FRC;*;V18 ;0000000000000;0000000000000;00000000;00000242;00000242;00000242;00000242;0000000000242;0000000000245;0000000000001;00000003;
20170217;FRC;*;V19 ;0000000000000;0000000000000;00000000;00000288;00000288;00000288;00000288;0000000000288;0000000000289;0000000000000;00000001;
20170217;FRC;*;V20 ;0000000000000;0000000000000;00000000;00000000;00000000;00000000;00000000;0000000000338;0000000000340;0000000000000;00000002;
20170217;FRC;*;V21 ;0000000000000;0000000000000;00000000;00000000;00000000;00000000;00000000;0000000000381;0000000000384;0000000000000;00000003;
20170217;FRC;*;X17 ;0000000000000;0000000000000;00000000;00000207;00000207;00000207;00000207;0000000000207;0000000000209;0000000000001;00000002;
20170217;FRC;*;Z17 ;0000000000000;0000000000000;00000000;00000212;00000212;00000212;00000212;0000000000212;0000000000214;0000000000001;00000002;
20170217;FRO;*;F18 ;0000000000000;0000000000000;00000000;00000000;00000000;00000000;00000000;0000000000217;0000000000222;0000000000000;00000005;
20170217;FRO;*;F19 ;0000000000000;0000000000000;00000000;00000000;00000000;00000000;00000000;0000000000257;0000000000261;0000000000000;00000004;
20170217;FRO;*;F20 ;0000000000000;0000000000000;00000000;00000000;00000000;00000000;00000000;0000000000303;0000000000305;0000000000000;00000002;
20170217;FRO;*;F21 ;0000000000000;0000000000000;00000000;00000000;00000000;00000000;00000000;0000000000352;0000000000355;0000000000000;00000003;
20170217;FRO;*;F22 ;0000000000000;0000000000000;00000000;00000000;00000000;00000000;00000000;0000000000392;0000000000396;0000000000000;00000004;
20170217;FRO;*;F23 ;0000000000000;0000000000000;00000000;00000000;00000000;00000000;00000000;0000000000428;0000000000433;0000000000000;00000005;
20170217;FRO;*;F24 ;0000000000000;0000000000000;00000000;00000000;00000000;00000000;00000000;0000000000464;0000000000470;0000000000000;00000006;
20170217;FRO;*;F25 ;0000000000000;0000000000000;00000000;00000000;00000000;00000000;00000000;0000000000500;0000000000507;0000000000000;00000007;
20170217;FRO;*;F26 ;0000000000000;0000000000000;00000000;00000000;00000000;00000000;00000000;0000000000539;0000000000546;0000000000000;00000007;
20170217;FRO;*;F27 ;0000000000000;0000000000000;00000000;00000000;00000000;00000000;00000000;0000000000583;0000000000590;0000000000000;00000007;
20170217;FRO;*;F28 ;0000000000000;0000000000000;00000000;00000000;00000000;00000000;00000000;0000000000614;0000000000622;0000000000000;00000008;
20170217;FRO;*;F29 ;0000000000000;0000000000000;00000000;00000000;00000000;00000000;00000000;0000000000646;0000000000653;0000000000000;00000007;
20170217;FRO;*;F30 ;0000000000000;0000000000000;00000000;00000000;00000000;00000000;00000000;0000000000675;0000000000682;0000000000000;00000007;
20170217;FRO;*;G18 ;0000000000000;0000000000000;00000000;00000000;00000000;00000000;00000000;0000000000217;0000000000221;0000000000000;00000004;
20170217;FRO;*;J17 ;0000000000000;0000000000000;00000000;00000000;00000000;00000000;00000000;0000000000207;0000000000212;0000000000000;00000005;
20170217;FRO;*;J18 ;0000000000000;0000000000000;00000000;00000000;00000000;00000000;00000000;0000000000223;0000000000226;0000000000000;00000003;
20170217;FRO;*;J19 ;0000000000000;0000000000000;00000000;00000000;00000000;00000000;00000000;0000000000269;0000000000273;0000000000000;00000004;
20170217;FRO;*;J20 ;0000000000000;0000000000000;00000000;00000000;00000000;00000000;00000000;0000000000316;0000000000316;0000000000000;00000000;
20170217;FRO;*;J21 ;0000000000000;0000000000000;00000000;00000000;00000000;00000000;00000000;0000000000363;0000000000366;0000000000000;00000003;
20170217;FRO;*;K17 ;0000000000000;0000000000000;00000000;00000000;00000000;00000000;00000000;0000000000207;0000000000208;0000000000000;00000001;
20170217;FRO;*;M17 ;0000000000000;0000000000000;00000000;00000000;00000000;00000000;00000000;0000000000202;0000000000205;0000000000000;00000003;
20170217;FRO;*;N17 ;0000000000000;0000000000000;00000000;00000000;00000000;00000000;00000000;0000000000190;0000000000194;0000000000000;00000004;
20170217;FRO;*;N18 ;0000000000000;0000000000000;00000000;00000000;00000000;00000000;00000000;0000000000233;0000000000235;0000000000000;00000002;
20170217;FRO;*;N19 ;0000000000000;0000000000000;00000000;00000000;00000000;00000000;00000000;0000000000278;0000000000281;0000000000000;00000003;
20170217;FRO;*;N20 ;0000000000000;0000000000000;00000000;00000000;00000000;00000000;00000000;0000000000328;0000000000329;0000000000000;00000001;
20170217;FRO;*;N21 ;0000000000000;0000000000000;00000000;00000000;00000000;00000000;00000000;0000000000375;0000000000378;0000000000000;00000003;
20170217;FRO;*;Q17 ;0000000000000;0000000000000;00000000;00000000;00000000;00000000;00000000;0000000000199;0000000000202;0000000000000;00000003;
20170217;FRO;*;U17 ;0000000000000;0000000000000;00000000;00000000;00000000;00000000;00000000;0000000000197;0000000000199;0000000000000;00000002;
20170217;FRO;*;V17 ;0000000000000;0000000000000;00000000;00000000;00000000;00000000;00000000;0000000000206;0000000000207;0000000000000;00000001;
20170217;FRO;*;V18 ;0000000000000;0000000000000;00000000;00000000;00000000;00000000;00000000;0000000000243;0000000000246;0000000000000;00000003;
20170217;FRO;*;V19 ;0000000000000;0000000000000;00000000;00000000;00000000;00000000;00000000;0000000000290;0000000000291;0000000000000;00000001;
20170217;FRO;*;V20 ;0000000000000;0000000000000;00000000;00000000;00000000;00000000;00000000;0000000000340;0000000000342;0000000000000;00000002;
20170217;FRO;*;V21 ;0000000000000;0000000000000;00000000;00000000;00000000;00000000;00000000;0000000000383;0000000000386;0000000000000;00000003;
20170217;FRO;*;X17 ;0000000000000;0000000000000;00000000;00000000;00000000;00000000;00000000;0000000000209;0000000000211;0000000000000;00000002;
20170217;FRO;*;Z17 ;0000000000000;0000000000000;00000000;00000000;00000000;00000000;00000000;0000000000214;0000000000216;0000000000000;00000002;
20170217;FRP;*;FRP0;0000000000000;0000000000000;00000000;00000460;00000430;00000690;00000690;0000000000000;0000000000000;0000000000000;00000000;
20170217;FRP;*;FRP1;0000000000000;0000000000000;00000000;00000420;00000420;00000420;00000420;0000000000000;0000000000000;0000000000000;00000000;
20170217;GBP;*;H17 ;0000003638481;0000001175600;00001027;03853300;03850000;03853300;03850000;0000038567150;0000038477250;0000000031465;00089900;
20170217;GBP;*;J17 ;0000000000000;0000000000000;00000000;00000000;00000000;00000000;00000000;0000038916960;0000038824750;0000000000000;00092210;
20170217;GBP;*;K17 ;0000000000000;0000000000000;00000000;00000000;00000000;00000000;00000000;0000039184250;0000039092230;0000000000000;00092020;
20170217;HSI;*;G17 ;0000000000000;0000000000000;00000000;00000000;00000000;00000000;00000000;0000000023997;0000000024058;0000000000000;00000061;
20170217;HSI;*;H17 ;0000000000000;0000000000000;00000000;00000000;00000000;00000000;00000000;0000000023995;0000000024056;0000000000000;00000061;
20170217;IAP;*;H17 ;0000000000000;0000000000000;00000000;00000000;00000000;00000000;00000000;0000000481506;0000000481508;0000000000050;00000002;
20170217;IAP;*;J17 ;0000000000000;0000000000000;00000000;00000000;00000000;00000000;00000000;0000000483046;0000000483059;0000000000000;00000013;
20170217;IAP;*;K17 ;0000000000000;0000000000000;00000000;00000000;00000000;00000000;00000000;0000000485106;0000000485121;0000000000000;00000015;
20170217;IAP;*;K19 ;0000000000000;0000000000000;00000000;00000000;00000000;00000000;00000000;0000000526663;0000000527518;0000000000000;00000855;
20170217;IAP;*;K21 ;0000000000000;0000000000000;00000000;00000000;00000000;00000000;00000000;0000000576631;0000000578176;0000000000000;00001545;
20170217;IAP;*;Q18 ;0000000000000;0000000000000;00000000;00000000;00000000;00000000;00000000;0000000509389;0000000509988;0000000000000;00000599;
20170217;IAP;*;Q20 ;0000000000000;0000000000000;00000000;00000000;00000000;00000000;00000000;0000000558184;0000000559559;0000000000000;00001375;
20170217;IAP;*;Q22 ;0000000000000;0000000000000;00000000;00000000;00000000;00000000;00000000;0000000611143;0000000613238;0000000000000;00002095;
20170217;ICF;*;H17 ;0000009160277;0000002960180;00001360;00017070;00017005;00017350;00017210;0000000017250;0000000017150;0000000030945;00000100;
20170217;ICF;*;H18 ;0000000000000;0000000000000;00000000;00000000;00000000;00000000;00000000;0000000019410;0000000019260;0000000000000;00000150;
20170217;ICF;*;K17 ;0000000000000;0000000000000;00000100;00000000;00000000;00000000;00000000;0000000017985;0000000017835;0000000046417;00000150;
20170217;ICF;*;N17 ;0000005467982;0000001767000;00000000;00017670;00017670;00017670;00017670;0000000018205;0000000018055;0000000046417;00000150;
20170217;ICF;*;U17 ;0000009514257;0000003074570;00003833;00018350;00018225;00018560;00018400;0000000018510;0000000018360;0000000046417;00000150;
20170217;ICF;*;U18 ;0000000000000;0000000000000;00000294;00000000;00000000;00000000;00000000;0000000019000;0000000018865;0000000041775;00000135;
20170217;ICF;*;Z17 ;0000000000000;0000000000000;00000192;00000000;00000000;00000000;00000000;0000000019015;0000000018860;0000000047964;00000155;
20170217;ICF;*;Z18 ;0000000000000;0000000000000;00000029;00000000;00000000;00000000;00000000;0000000019275;0000000019155;0000000037134;00000120;
20170217;IGM;*;K17 ;0000000000000;0000000000000;00000000;00000000;00000000;00000000;00000000;0000000670543;0000000670675;0000000002640;00000132;
20170217;IGM;*;K19 ;0000000000000;0000000000000;00000000;00000000;00000000;00000000;00000000;0000000722280;0000000723714;0000000000000;00001434;
20170217;IGM;*;K21 ;0000000000000;0000000000000;00000000;00000000;00000000;00000000;00000000;0000000791347;0000000795794;0000000000000;00004447;
20170217;IGM;*;Q18 ;0000000000000;0000000000000;00000000;00000000;00000000;00000000;00000000;0000000699842;0000000700936;0000000000000;00001094;
20170217;IGM;*;Q20 ;0000000000000;0000000000000;00000000;00000000;00000000;00000000;00000000;0000000764967;0000000768509;0000000000000;00003542;
20170217;IND;*;G18 ;0000000000000;0000000000000;00000000;00000000;00000000;00000000;00000000;0000000073841;0000000074055;0000000000000;00000214;
20170217;IND;*;J17 ;0003739701025;0001208304047;00245504;00068540;00068130;00068875;00068620;0000000068741;0000000068905;0000000016400;00000164;
20170217;IND;*;J18 ;0000000000000;0000000000000;00000000;00000000;00000000;00000000;00000000;0000000074886;0000000075124;0000000000000;00000238;
20170217;IND;*;M17 ;0000049985500;0000016150404;00022625;00069400;00069400;00069900;00069900;0000000069851;0000000070018;0000000016700;00000167;
20170217;IND;*;M18 ;0000000000000;0000000000000;00001080;00000000;00000000;00000000;00000000;0000000075800;0000000076060;0000000026000;00000260;
20170217;IND;*;Q17 ;0000000000000;0000000000000;00002205;00000000;00000000;00000000;00000000;0000000070967;0000000071147;0000000018000;00000180;
20170217;IND;*;Q18 ;0000000000000;0000000000000;00000000;00000000;00000000;00000000;00000000;0000000076920;0000000077193;0000000000000;00000273;
20170217;IND;*;V17 ;0000000000000;0000000000000;00000950;00000000;00000000;00000000;00000000;0000000071970;0000000072158;0000000018800;00000188;
20170217;IND;*;V18 ;0000000000000;0000000000000;00000000;00000000;00000000;00000000;00000000;0000000078016;0000000078300;0000000000000;00000284;
20170217;IND;*;Z17 ;0000003271500;0000001057027;00010125;00072700;00072700;00072700;00072700;0000000072868;0000000073071;0000000020300;00000203;
20170217;IND;*;Z18 ;0000000000000;0000000000000;00000025;00000000;00000000;00000000;00000000;0000000079004;0000000079301;0000000029700;00000297;
20170217;ISP;*;H17 ;0000110469859;0000035698775;00002677;00233775;00233700;00234575;00234575;0000000234575;0000000234125;0000000069626;00000450;
20170217;ISP;*;M17 ;0000000361011;0000000116662;00000023;00233325;00233325;00233325;00233325;0000000234150;0000000233700;0000000069626;00000450;
20170217;ISP;*;U17 ;0000000000000;0000000000000;00000000;00000000;00000000;00000000;00000000;0000000233725;0000000233225;0000000000000;00000500;
20170217;ISP;*;Z17 ;0000000000000;0000000000000;00000000;00000000;00000000;00000000;00000000;0000000233425;0000000232925;0000000000000;00000500;
20170217;JPY;*;H17 ;0000001098900;0000000355057;00000756;02752000;02745000;02752000;02745000;0000027468100;0000027217600;0000000125250;00250500;
20170217;JPY;*;J17 ;0000031798650;0000010274200;00001569;02765100;02765100;02765100;02765100;0000027725900;0000027472000;0000000126950;00253900;
20170217;JPY;*;K17 ;0000000000000;0000000000000;00000000;00000000;00000000;00000000;00000000;0000027925300;0000027671300;0000000000000;00254000;
20170217;JPY;*;M17 ;0000000000000;0000000000000;00000000;00000000;00000000;00000000;00000000;0000028179600;0000027919400;0000000000000;00260200;
20170217;JSE;*;H17 ;0000000000000;0000000000000;00000000;00000000;00000000;00000000;00000000;0000000045182;0000000045579;0000000000000;00000397;
20170217;JSE;*;M17 ;0000000000000;0000000000000;00000000;00000000;00000000;00000000;00000000;0000000045655;0000000046048;0000000000000;00000393;
20170217;MIX;*;H17 ;0000000000000;0000000000000;00000000;00000000;00000000;00000000;00000000;0000000002142;0000000002153;0000000000000;00000011;
20170217;MIX;*;M17 ;0000000000000;0000000000000;00000000;00000000;00000000;00000000;00000000;0000000002191;0000000002197;0000000000000;00000006;
20170217;MXN;*;H17 ;0000000000000;0000000000000;00000301;00000000;00000000;00000000;00000000;0000015146810;0000015157150;0000000007755;00010340;
20170217;MXN;*;J17 ;0000000000000;0000000000000;00000132;00000000;00000000;00000000;00000000;0000015196130;0000015205740;0000000007207;00009610;
20170217;MXN;*;K17 ;0000000000000;0000000000000;00000000;00000000;00000000;00000000;00000000;0000015223000;0000015232830;0000000000000;00009830;
20170217;NZD;*;H17 ;0000000000000;0000000000000;00000002;00000000;00000000;00000000;00000000;0000022264020;0000022291190;0000000020377;00027170;
20170217;NZD;*;J17 ;0000000000000;0000000000000;00000135;00000000;00000000;00000000;00000000;0000022430480;0000022455060;0000000018435;00024580;
20170217;NZD;*;K17 ;0000000000000;0000000000000;00000000;00000000;00000000;00000000;00000000;0000022550430;0000022577030;0000000000000;00026600;
20170217;OC1;*;F18 ;0000000000000;0000000000000;00000000;00000000;00000000;00000000;00000000;0000009177680;0000009173387;0000000000000;00004293;
20170217;OC1;*;F19 ;0000000000000;0000000000000;00000000;00000000;00000000;00000000;00000000;0000008375184;0000008363374;0000000000000;00011810;
20170217;OC1;*;F20 ;0000000000000;0000000000000;00000000;00000000;00000000;00000000;00000000;0000007587268;0000007572305;0000000000000;00014963;
20170217;OC1;*;F21 ;0000000000000;0000000000000;00000000;00000000;00000000;00000000;00000000;0000006862763;0000006846658;0000000000000;00016105;
20170217;OC1;*;F22 ;0000000000000;0000000000000;00000000;00000000;00000000;00000000;00000000;0000006196501;0000006183471;0000000000000;00013030;
20170217;OC1;*;F23 ;0000000000000;0000000000000;00000000;00000000;00000000;00000000;00000000;0000005587307;0000005573037;0000000000000;00014270;
20170217;OC1;*;F24 ;0000000000000;0000000000000;00000000;00000000;00000000;00000000;00000000;0000005052100;0000005040056;0000000000000;00012044;
20170217;OC1;*;F25 ;0000000000000;0000000000000;00000000;00000000;00000000;00000000;00000000;0000004556225;0000004543704;0000000000000;00012521;
20170217;OC1;*;F26 ;0000000000000;0000000000000;00000000;00000000;00000000;00000000;00000000;0000004114615;0000004103457;0000000000000;00011158;
20170217;OC1;*;F27 ;0000000000000;0000000000000;00000000;00000000;00000000;00000000;00000000;0000003715945;0000003699439;0000000000000;00016506;
20170217;OC1;*;F28 ;0000000000000;0000000000000;00000000;00000000;00000000;00000000;00000000;0000003357982;0000003341532;0000000000000;00016450;
20170217;OC1;*;F29 ;0000000000000;0000000000000;00000000;00000000;00000000;00000000;00000000;0000003036386;0000003020135;0000000000000;00016251;
20170217;OC1;*;F30 ;0000000000000;0000000000000;00000000;00000000;00000000;00000000;00000000;0000002744000;0000002728067;0000000000000;00015933;
20170217;OC1;*;G18 ;0000000000000;0000000000000;00000000;00000000;00000000;00000000;00000000;0000009104028;0000009099749;0000000000000;00004279;
20170217;OC1;*;H17 ;0000000000000;0000000000000;00000000;00000000;00000000;00000000;00000000;0000009971703;0000009971729;0000000000000;00000026;
20170217;OC1;*;J17 ;0000000000000;0000000000000;00029800;00000000;00000000;00000000;00000000;0000009868210;0000009868184;0000000000026;00000026;
20170217;OC1;*;J18 ;0000000000000;0000000000000;00000000;00000000;00000000;00000000;00000000;0000008976938;0000008970601;0000000000000;00006337;
20170217;OC1;*;J19 ;0000000000000;0000000000000;00000000;00000000;00000000;00000000;00000000;0000008179521;0000008167918;0000000000000;00011603;
20170217;OC1;*;J20 ;0000000000000;0000000000000;00000000;00000000;00000000;00000000;00000000;0000007398110;0000007385307;0000000000000;00012803;
20170217;OC1;*;J21 ;0000000000000;0000000000000;00000000;00000000;00000000;00000000;00000000;0000006694087;0000006678835;0000000000000;00015252;
20170217;OC1;*;K17 ;0000000000000;0000000000000;00000000;00000000;00000000;00000000;00000000;0000009790851;0000009790845;0000000000000;00000006;
20170217;OC1;*;M17 ;0000000000000;0000000000000;00000000;00000000;00000000;00000000;00000000;0000009699372;0000009699630;0000000000000;00000258;
20170217;OC1;*;N17 ;0000000000000;0000000000000;00000000;00000000;00000000;00000000;00000000;0000009617986;0000009617675;0000000000000;00000311;
20170217;OC1;*;N18 ;0000000000000;0000000000000;00000000;00000000;00000000;00000000;00000000;0000008775602;0000008765712;0000000000000;00009890;
20170217;OC1;*;N19 ;0000000000000;0000000000000;00000000;00000000;00000000;00000000;00000000;0000007984670;0000007973606;0000000000000;00011064;
20170217;OC1;*;N20 ;0000000000000;0000000000000;00000000;00000000;00000000;00000000;00000000;0000007217047;0000007202433;0000000000000;00014614;
20170217;OC1;*;N21 ;0000000000000;0000000000000;00000000;00000000;00000000;00000000;00000000;0000006527117;0000006512337;0000000000000;00014780;
20170217;OC1;*;N22 ;0000000000000;0000000000000;00000000;00000000;00000000;00000000;00000000;0000005887767;0000005874073;0000000000000;00013694;
20170217;OC1;*;N23 ;0000000000000;0000000000000;00000000;00000000;00000000;00000000;00000000;0000005313980;0000005301050;0000000000000;00012930;
20170217;OC1;*;N24 ;0000000000000;0000000000000;00000000;00000000;00000000;00000000;00000000;0000004803710;0000004791404;0000000000000;00012306;
20170217;OC1;*;Q17 ;0000000000000;0000000000000;00000000;00000000;00000000;00000000;00000000;0000009537565;0000009536262;0000000000000;00001303;
20170217;OC1;*;U17 ;0000000000000;0000000000000;00000000;00000000;00000000;00000000;00000000;0000009454798;0000009453207;0000000000000;00001591;
20170217;OC1;*;V17 ;0000000000000;0000000000000;00000000;00000000;00000000;00000000;00000000;0000009383344;0000009381643;0000000000000;00001701;
20170217;OC1;*;V18 ;0000000000000;0000000000000;00000000;00000000;00000000;00000000;00000000;0000008570565;0000008560193;0000000000000;00010372;
20170217;OC1;*;V19 ;0000000000000;0000000000000;00000000;00000000;00000000;00000000;00000000;0000007780353;0000007767908;0000000000000;00012445;
20170217;OC1;*;V20 ;0000000000000;0000000000000;00000000;00000000;00000000;00000000;00000000;0000007029375;0000007018567;0000000000000;00010808;
20170217;OC1;*;V21 ;0000000000000;0000000000000;00000000;00000000;00000000;00000000;00000000;0000006357104;0000006343137;0000000000000;00013967;
20170217;OC1;*;X17 ;0000000000000;0000000000000;00000000;00000000;00000000;00000000;00000000;0000009311988;0000009309391;0000000000000;00002597;
20170217;OC1;*;Z17 ;0000000000000;0000000000000;00000000;00000000;00000000;00000000;00000000;0000009244570;0000009241140;0000000000000;00003430;
20170217;OZ1;*;0000;0000000489310;0000000158097;00000000;00122001;00122000;00122800;00122800;0000000122450;0000000121166;0000000000000;00000800;
20170217;OZ1;*;H17 ;0000000000000;0000000000000;00000000;00000000;00000000;00000000;00000000;0000000123090;0000000122347;0000000000000;00000743;
20170217;OZ1;*;J17 ;0000000000000;0000000000000;00000000;00000000;00000000;00000000;00000000;0000000124381;0000000123631;0000000000000;00000750;
20170217;OZ2;*;0000;0000000094172;0000000030427;00000000;00121974;00121974;00123000;00122600;0000000122424;0000000121974;0000000000000;00000600;
20170217;OZ3;*;0000;0000000000459;0000000000148;00000000;00120000;00120000;00120000;00120000;0000000120000;0000000110000;0000000000000;00010000;
20170217;SCS;*;H701;0000000000000;0000000000000;00139075;00000000;00000000;00000000;00000000;0000000000000;0000000000000;0000000000000;00000000;
20170217;SCS;*;J703;0000000000000;0000000000000;00194220;00000000;00000000;00000000;00000000;0000000000000;0000000000000;0000000000000;00000000;
20170217;SCS;*;K702;0000000000000;0000000000000;00127785;00000000;00000000;00000000;00000000;0000000000000;0000000000000;0000000000000;00000000;
20170217;SCS;*;N703;0000000000000;0000000000000;00069470;00000000;00000000;00000000;00000000;0000000000000;0000000000000;0000000000000;00000000;
20170217;SFI;*;K17 ;0000000000000;0000000000000;00000000;00000000;00000000;00000000;00000000;0000000002232;0000000002257;0000000000000;00000025;
20170217;SFI;*;N17 ;0000000000000;0000000000000;00000000;00000000;00000000;00000000;00000000;0000000002249;0000000002273;0000000000000;00000024;
20170217;SFI;*;X17 ;0000000000000;0000000000000;00000000;00000000;00000000;00000000;00000000;0000000002172;0000000002184;0000000000000;00000012;
20170217;SJC;*;F18 ;0000000000000;0000000000000;00000000;00000000;00000000;00000000;00000000;0000000225474;0000000226687;0000000000000;00001213;
20170217;SJC;*;H17 ;0000000856737;0000000276858;00000123;00002285;00002275;00002285;00002277;0000000227623;0000000230104;0000000034548;00002481;
20170217;SJC;*;H18 ;0000000000000;0000000000000;00000000;00000000;00000000;00000000;00000000;0000000225309;0000000226631;0000000000000;00001322;
20170217;SJC;*;K17 ;0000010876122;0000003514662;00001060;00002308;00002299;00002313;00002305;0000000229993;0000000232529;0000000035314;00002536;
20170217;SJC;*;K18 ;0000000000000;0000000000000;00000000;00000000;00000000;00000000;00000000;0000000225529;0000000226852;0000000000000;00001323;
20170217;SJC;*;N17 ;0000000000000;0000000000000;00000100;00000000;00000000;00000000;00000000;0000000231978;0000000234403;0000000033768;00002425;
20170217;SJC;*;Q17 ;0000000000000;0000000000000;00000000;00000000;00000000;00000000;00000000;0000000231812;0000000233962;0000000000000;00002150;
20170217;SJC;*;U17 ;0000000000000;0000000000000;00000000;00000000;00000000;00000000;00000000;0000000227899;0000000229718;0000000000000;00001819;
20170217;SJC;*;X17 ;0000000000000;0000000000000;00000315;00000000;00000000;00000000;00000000;0000000224482;0000000225750;0000000017657;00001268;
20170217;TRY;*;H17 ;0000000000000;0000000000000;00000272;00000000;00000000;00000000;00000000;0000008487530;0000008405150;0000000061785;00082380;
20170217;TRY;*;J17 ;0000000000000;0000000000000;00000000;00000000;00000000;00000000;00000000;0000008476750;0000008394080;0000000000000;00082670;
20170217;TRY;*;K17 ;0000000000000;0000000000000;00000000;00000000;00000000;00000000;00000000;0000008465740;0000008382700;0000000000000;00083040;
20170217;T10;*;H17 ;0000011967604;0000003866754;00002626;00124547;00124547;00124891;00124750;0000001247031;0000001244531;0000000077375;00002500;
20170217;T10;*;M17 ;0000000000000;0000000000000;00000000;00000000;00000000;00000000;00000000;0000001241562;0000001238906;0000000000000;00002656;
20170217;WDO;*;F18 ;0000000000000;0000000000000;00000000;00000000;00000000;00000000;00000000;0000033057980;0000032908980;0000000000000;00149000;
20170217;WDO;*;F19 ;0000000000000;0000000000000;00000000;00000000;00000000;00000000;00000000;0000035202000;0000035068380;0000000000000;00133620;
20170217;WDO;*;F20 ;0000000000000;0000000000000;00000000;00000000;00000000;00000000;00000000;0000037466160;0000037338830;0000000000000;00127330;
20170217;WDO;*;F21 ;0000000000000;0000000000000;00000000;00000000;00000000;00000000;00000000;0000039600490;0000039464130;0000000000000;00136360;
20170217;WDO;*;F25 ;0000000000000;0000000000000;00000000;00000000;00000000;00000000;00000000;0000048515810;0000048230770;0000000000000;00285040;
20170217;WDO;*;G18 ;0000000000000;0000000000000;00000000;00000000;00000000;00000000;00000000;0000033266200;0000033114510;0000000000000;00151690;
20170217;WDO;*;H17 ;0014706871155;0004751816205;00044758;03103000;03085000;03113500;03112000;0000030989720;0000030845190;0000000014453;00144530;
20170217;WDO;*;J17 ;0000002846690;0000000919771;00000161;03115000;03115000;03138000;03129000;0000031255590;0000031108330;0000000014726;00147260;
20170217;WDO;*;J18 ;0000000000000;0000000000000;00000000;00000000;00000000;00000000;00000000;0000033596180;0000033453350;0000000000000;00142830;
20170217;WDO;*;J19 ;0000000000000;0000000000000;00000000;00000000;00000000;00000000;00000000;0000035746380;0000035599960;0000000000000;00146420;
20170217;WDO;*;K17 ;0000000630100;0000000203586;00000037;03150500;03150500;03150500;03150500;0000031450380;0000031303250;0000000014713;00147130;
20170217;WDO;*;M17 ;0000000000000;0000000000000;00000000;00000000;00000000;00000000;00000000;0000031696920;0000031545420;0000000000000;00151500;
20170217;WDO;*;N17 ;0000000031910;0000000010310;00000001;03191000;03191000;03191000;03191000;0000031921380;0000031769440;0000000015194;00151940;
20170217;WDO;*;N18 ;0000000000000;0000000000000;00000000;00000000;00000000;00000000;00000000;0000034134260;0000034001530;0000000000000;00132730;
20170217;WDO;*;N19 ;0000000000000;0000000000000;00000000;00000000;00000000;00000000;00000000;0000036315190;0000036172950;0000000000000;00142240;
20170217;WDO;*;N21 ;0000000000000;0000000000000;00000000;00000000;00000000;00000000;00000000;0000040645340;0000040503910;0000000000000;00141430;
20170217;WDO;*;Q17 ;0000000000000;0000000000000;00000000;00000000;00000000;00000000;00000000;0000032129860;0000031979310;0000000000000;00150550;
20170217;WDO;*;U17 ;0000000000000;0000000000000;00000000;00000000;00000000;00000000;00000000;0000032356610;0000032210990;0000000000000;00145620;
20170217;WDO;*;V17 ;0000000000000;0000000000000;00000000;00000000;00000000;00000000;00000000;0000032532530;0000032385560;0000000000000;00146970;
20170217;WDO;*;V18 ;0000000000000;0000000000000;00000000;00000000;00000000;00000000;00000000;0000034696050;0000034561110;0000000000000;00134940;
20170217;WDO;*;V19 ;0000000000000;0000000000000;00000000;00000000;00000000;00000000;00000000;0000036915270;0000036791110;0000000000000;00124160;
20170217;WDO;*;X17 ;0000000000000;0000000000000;00000000;00000000;00000000;00000000;00000000;0000032721020;0000032572790;0000000000000;00148230;
20170217;WDO;*;Z17 ;0000000000000;0000000000000;00000000;00000000;00000000;00000000;00000000;0000032891720;0000032744860;0000000000000;00146860;
20170217;WEU;*;H17 ;0000000000000;0000000000000;00000000;00000000;00000000;00000000;00000000;0000032905400;0000032873300;0000000000000;00032100;
20170217;WEU;*;J17 ;0000000000000;0000000000000;00000000;00000000;00000000;00000000;00000000;0000033224810;0000033190720;0000000000000;00034090;
20170217;WEU;*;K17 ;0000000000000;0000000000000;00000000;00000000;00000000;00000000;00000000;0000033472770;0000033439590;0000000000000;00033180;
20170217;WEU;*;M17 ;0000000000000;0000000000000;00000000;00000000;00000000;00000000;00000000;0000033785610;0000033747790;0000000000000;00037820;
20170217;WEU;*;N17 ;0000000000000;0000000000000;00000000;00000000;00000000;00000000;00000000;0000034079430;0000034042410;0000000000000;00037020;
20170217;WEU;*;V17 ;0000000000000;0000000000000;00000000;00000000;00000000;00000000;00000000;0000034906100;0000034876090;0000000000000;00030010;
20170217;WIN;*;G18 ;0000000000000;0000000000000;00000000;00000000;00000000;00000000;00000000;0000000073841;0000000074055;0000000000000;00000214;
20170217;WIN;*;J17 ;0011397740459;0003682630197;00032350;00068500;00068130;00068880;00068640;0000000068741;0000000068905;0000000003280;00000164;
20170217;WIN;*;J18 ;0000000000000;0000000000000;00000000;00000000;00000000;00000000;00000000;0000000074886;0000000075124;0000000000000;00000238;
20170217;WIN;*;M17 ;0000000000000;0000000000000;00000004;00000000;00000000;00000000;00000000;0000000069851;0000000070018;0000000003340;00000167;
20170217;WIN;*;M18 ;0000000000000;0000000000000;00000000;00000000;00000000;00000000;00000000;0000000075800;0000000076060;0000000000000;00000260;
20170217;WIN;*;Q17 ;0000000000000;0000000000000;00000000;00000000;00000000;00000000;00000000;0000000070967;0000000071147;0000000000000;00000180;
20170217;WIN;*;Q18 ;0000000000000;0000000000000;00000000;00000000;00000000;00000000;00000000;0000000076920;0000000077193;0000000000000;00000273;
20170217;WIN;*;V17 ;0000000000000;0000000000000;00000000;00000000;00000000;00000000;00000000;0000000071970;0000000072158;0000000000000;00000188;
20170217;WIN;*;V18 ;0000000000000;0000000000000;00000000;00000000;00000000;00000000;00000000;0000000078016;0000000078300;0000000000000;00000284;
20170217;WIN;*;Z17 ;0000000000000;0000000000000;00000000;00000000;00000000;00000000;00000000;0000000072868;0000000073071;0000000000000;00000203;
20170217;WIN;*;Z18 ;0000000000000;0000000000000;00000000;00000000;00000000;00000000;00000000;0000000079004;0000000079301;0000000000000;00000297;
20170217;WTI;*;H17 ;0000000000000;0000000000000;00000164;00000000;00000000;00000000;00000000;0000000005340;0000000005336;0000000001237;00000004;
20170217;WTI;*;J17 ;0000000000000;0000000000000;00000350;00000000;00000000;00000000;00000000;0000000005378;0000000005375;0000000000928;00000003;
20170217;WTI;*;K17 ;0000000000000;0000000000000;00000000;00000000;00000000;00000000;00000000;0000000005412;0000000005407;0000000000000;00000005;
20170217;ZAR;*;H17 ;0000000000000;0000000000000;00000045;00000000;00000000;00000000;00000000;0000023626850;0000023640710;0000000004851;00013860;
20170217;ZAR;*;J17 ;0000000000000;0000000000000;00000010;00000000;00000000;00000000;00000000;0000023678380;0000023696080;0000000006195;00017700;
20170217;ZAR;*;K17 ;0000000000000;0000000000000;00000000;00000000;00000000;00000000;00000000;0000023709710;0000023724660;0000000000000;00014950;
