Data;Código do Contrato;Pregão;Vencimento;Volume(R$);Volume(U$);Número de contas em Aberto;Preço de Abertura;Preço Mínimo;Preço Máximo;Último Preço;Preço de Ajuste Atual; Preço de Ajuste Anterior;Valor de Ajuste por Contrato;Variação
20170517;AUD;*;M17 ;0000015994200;0000005146801;00001420;02315500;02315500;02327000;02327000;0000023269660;0000023086620;0000000109824;00183040;
20170517;AUD;*;N17 ;0000000000000;0000000000000;00000011;00000000;00000000;00000000;00000000;0000023413700;0000023230560;0000000109884;00183140;
20170517;AUD;*;Q17 ;0000007069440;0000002274887;00000695;02353100;02353100;02362500;02362500;0000023541660;0000023360340;0000000108792;00181320;
20170517;BGI;*;F18 ;0000000000000;0000000000000;00000000;00000000;00000000;00000000;00000000;0000000013730;0000000013752;0000000000000;00000022;
20170517;BGI;*;K17 ;0000059177167;0000018956104;00003980;00013530;00013521;00013564;00013550;0000000013545;0000000013522;0000000007590;00000023;
20170517;BGI;*;K18 ;0000000000000;0000000000000;00000050;00000000;00000000;00000000;00000000;0000000014149;0000000014173;0000000007920;00000024;
20170517;BGI;*;M17 ;0000036176976;0000011588499;00001835;00013491;00013450;00013520;00013461;0000000013461;0000000013491;0000000009900;00000030;
20170517;BGI;*;N17 ;0000000134435;0000000043063;00000048;00013578;00013578;00013580;00013580;0000000013580;0000000013578;0000000000660;00000002;
20170517;BGI;*;Q17 ;0000000583935;0000000187051;00000081;00013695;00013600;00013695;00013600;0000000013650;0000000013640;0000000003300;00000010;
20170517;BGI;*;U17 ;0000000045292;0000000014508;00000000;00013725;00013725;00013725;00013725;0000000013736;0000000013756;0000000006600;00000020;
20170517;BGI;*;V17 ;0000016782872;0000005376024;00003067;00013782;00013724;00013848;00013785;0000000013785;0000000013805;0000000006600;00000020;
20170517;BGI;*;V18 ;0000002437957;0000000780946;00000000;00014776;00014775;00014776;00014775;0000000014818;0000000014843;0000000008250;00000025;
20170517;BGI;*;X17 ;0000000000000;0000000000000;00000057;00000000;00000000;00000000;00000000;0000000013855;0000000013875;0000000006600;00000020;
20170517;BGI;*;Z17 ;0000000000000;0000000000000;00000002;00000000;00000000;00000000;00000000;0000000013899;0000000013919;0000000006600;00000020;
20170517;BRI;*;M17 ;0000001019430;0000000328044;00000683;00011327;00011327;00011327;00011327;0000000011333;0000000011527;0000000194000;00000194;
20170517;BRI;*;Q17 ;0000001728300;0000000556153;00000000;00011522;00011522;00011522;00011522;0000000011501;0000000011697;0000000196000;00000196;
20170517;BSE;*;K17 ;0000000000000;0000000000000;00000000;00000000;00000000;00000000;00000000;0000000030719;0000000030650;0000000000000;00000069;
20170517;BSE;*;M17 ;0000000000000;0000000000000;00000000;00000000;00000000;00000000;00000000;0000000030985;0000000030916;0000000000000;00000069;
20170517;CAD;*;M17 ;0000018602280;0000005986060;00001028;02295000;02295000;02309200;02309200;0000023014090;0000022899260;0000000068898;00114830;
20170517;CAD;*;N17 ;0000000000000;0000000000000;00000000;00000000;00000000;00000000;00000000;0000023179110;0000023063100;0000000000000;00116010;
20170517;CAD;*;Q17 ;0000001401780;0000000451081;00000000;02336300;02336300;02336300;02336300;0000023329600;0000023213850;0000000069450;00115750;
20170517;CCM;*;F18 ;0000000051660;0000000016548;00000504;00002870;00002870;00002870;00002870;0000000002861;0000000002860;0000000000450;00000001;
20170517;CCM;*;H18 ;0000000053640;0000000017182;00000255;00002980;00002980;00002980;00002980;0000000002984;0000000002971;0000000005850;00000013;
20170517;CCM;*;K18 ;0000000000000;0000000000000;00000000;00000000;00000000;00000000;00000000;0000000002925;0000000002912;0000000000000;00000013;
20170517;CCM;*;N17 ;0000000000000;0000000000000;00000000;00000000;00000000;00000000;00000000;0000000002740;0000000002739;0000000000000;00000001;
20170517;CCM;*;N18 ;0000000000000;0000000000000;00000000;00000000;00000000;00000000;00000000;0000000002913;0000000002901;0000000000000;00000012;
20170517;CCM;*;U17 ;0000030652438;0000009818835;00020846;00002680;00002655;00002685;00002675;0000000002681;0000000002680;0000000000450;00000001;
20170517;CCM;*;U18 ;0000000000000;0000000000000;00000000;00000000;00000000;00000000;00000000;0000000002902;0000000002891;0000000000000;00000011;
20170517;CCM;*;X17 ;0000000073674;0000000023600;00000809;00002726;00002726;00002734;00002734;0000000002709;0000000002708;0000000000450;00000001;
20170517;CCM;*;X18 ;0000000000000;0000000000000;00000000;00000000;00000000;00000000;00000000;0000000002970;0000000002960;0000000000000;00000010;
20170517;CHF;*;M17 ;0000000000000;0000000000000;00000119;00000000;00000000;00000000;00000000;0000032049870;0000031586230;0000000231820;00463640;
20170517;CHF;*;N17 ;0000000000000;0000000000000;00000000;00000000;00000000;00000000;00000000;0000032323370;0000031853060;0000000000000;00470310;
20170517;CHF;*;Q17 ;0000000000000;0000000000000;00000000;00000000;00000000;00000000;00000000;0000032581990;0000032106380;0000000000000;00475610;
20170517;CLP;*;M17 ;0000011126875;0000003580536;00000737;04685000;04685000;04685000;04685000;0000046791000;0000046607000;0000000046000;00184000;
20170517;CLP;*;N17 ;0000000000000;0000000000000;00000000;00000000;00000000;00000000;00000000;0000047004000;0000046863000;0000000000000;00141000;
20170517;CLP;*;Q17 ;0000000000000;0000000000000;00000000;00000000;00000000;00000000;00000000;0000047222000;0000047081000;0000000000000;00141000;
20170517;CNY;*;M17 ;0000000000000;0000000000000;00000000;00000000;00000000;00000000;00000000;0000045533890;0000045110600;0000000000000;00423290;
20170517;CNY;*;N17 ;0000000000000;0000000000000;00000090;00000000;00000000;00000000;00000000;0000045718640;0000045311720;0000000142422;00406920;
20170517;CNY;*;Q17 ;0000000000000;0000000000000;00000000;00000000;00000000;00000000;00000000;0000045864800;0000045459800;0000000000000;00405000;
20170517;CR1;*;U7Z7;0000000000000;0000000000000;00000000;00000515;00000515;00000515;00000515;0000000000000;0000000000000;0000000000000;00000000;
20170517;DAP;*;F18 ;0000000000000;0000000000000;00005310;00000000;00000000;00000000;00000000;0000009692229;0000009691763;0000000000562;00000466;
20170517;DAP;*;F19 ;0000000000000;0000000000000;00000000;00000000;00000000;00000000;00000000;0000009284472;0000000000000;0000000000000;00000000;
20170517;DAP;*;K19 ;0000048694443;0000015669469;00045195;00000450;00000450;00000454;00000454;0000009159971;0000009163692;0000000004493;00003721;
20170517;DAP;*;K21 ;0000028922603;0000009307055;00012463;00000491;00000491;00000493;00000493;0000008252201;0000008261693;0000000011462;00009492;
20170517;DAP;*;K23 ;0000000000000;0000000000000;00012749;00000000;00000000;00000000;00000000;0000007445514;0000007454032;0000000010286;00008518;
20170517;DAP;*;M17 ;0000000000000;0000000000000;00000000;00000000;00000000;00000000;00000000;0000009956505;0000009956134;0000000000000;00000371;
20170517;DAP;*;N17 ;0000000000000;0000000000000;00002500;00000000;00000000;00000000;00000000;0000009887715;0000009887068;0000000000781;00000647;
20170517;DAP;*;Q17 ;0000000000000;0000000000000;00000000;00000000;00000000;00000000;00000000;0000009841948;0000009841226;0000000000000;00000722;
20170517;DAP;*;Q18 ;0000017688765;0000005692098;00053080;00000466;00000466;00000466;00000466;0000009448863;0000009450198;0000000001612;00001335;
20170517;DAP;*;Q20 ;0000000518928;0000000166987;00005785;00000479;00000479;00000479;00000479;0000008583526;0000008588977;0000000006582;00005451;
20170517;DAP;*;Q22 ;0000002332128;0000000750460;00016559;00000504;00000504;00000507;00000507;0000007726167;0000007741628;0000000018671;00015461;
20170517;DAP;*;Q24 ;0000000000000;0000000000000;00008370;00000000;00000000;00000000;00000000;0000006997792;0000007002654;0000000005871;00004862;
20170517;DAP;*;Q26 ;0000000000000;0000000000000;00002045;00000000;00000000;00000000;00000000;0000006304227;0000006309793;0000000006721;00005566;
20170517;DAP;*;Q30 ;0000000000000;0000000000000;00000235;00000000;00000000;00000000;00000000;0000005213693;0000005226850;0000000015888;00013157;
20170517;DCO;*;F18 ;0000000000000;0000000000000;00000000;00000000;00000000;00000000;00000000;0000009971968;0000009893314;0000000000000;00078654;
20170517;DCO;*;F19 ;0000000000000;0000000000000;00000000;00000000;00000000;00000000;00000000;0000009728270;0000009652029;0000000000000;00076241;
20170517;DCO;*;F20 ;0000000000000;0000000000000;00000000;00000000;00000000;00000000;00000000;0000009431590;0000009348561;0000000000000;00083029;
20170517;DCO;*;F21 ;0000000000000;0000000000000;00000000;00000000;00000000;00000000;00000000;0000009078987;0000008996162;0000000000000;00082825;
20170517;DCO;*;F22 ;0000000000000;0000000000000;00000000;00000000;00000000;00000000;00000000;0000008696182;0000008610952;0000000000000;00085230;
20170517;DCO;*;F23 ;0000000000000;0000000000000;00000000;00000000;00000000;00000000;00000000;0000008294625;0000008219483;0000000000000;00075142;
20170517;DCO;*;F24 ;0000000000000;0000000000000;00000000;00000000;00000000;00000000;00000000;0000007884399;0000007805702;0000000000000;00078697;
20170517;DCO;*;F25 ;0000000000000;0000000000000;00000000;00000000;00000000;00000000;00000000;0000007485095;0000007409841;0000000000000;00075254;
20170517;DCO;*;F26 ;0000000000000;0000000000000;00000000;00000000;00000000;00000000;00000000;0000007067071;0000006998311;0000000000000;00068760;
20170517;DCO;*;F27 ;0000000000000;0000000000000;00000000;00000000;00000000;00000000;00000000;0000006677585;0000006612211;0000000000000;00065374;
20170517;DCO;*;F28 ;0000000000000;0000000000000;00000000;00000000;00000000;00000000;00000000;0000006319315;0000006253883;0000000000000;00065432;
20170517;DCO;*;F29 ;0000000000000;0000000000000;00000000;00000000;00000000;00000000;00000000;0000005970292;0000005909914;0000000000000;00060378;
20170517;DCO;*;F30 ;0000000000000;0000000000000;00000000;00000000;00000000;00000000;00000000;0000005649351;0000005590189;0000000000000;00059162;
20170517;DCO;*;G18 ;0000000000000;0000000000000;00000000;00000000;00000000;00000000;00000000;0000009956138;0000009877656;0000000000000;00078482;
20170517;DCO;*;H18 ;0000000000000;0000000000000;00000000;00000000;00000000;00000000;00000000;0000009938777;0000009860566;0000000000000;00078211;
20170517;DCO;*;J18 ;0000000000000;0000000000000;00000000;00000000;00000000;00000000;00000000;0000009919760;0000009841907;0000000000000;00077853;
20170517;DCO;*;J19 ;0000000000000;0000000000000;00000000;00000000;00000000;00000000;00000000;0000009663983;0000009585484;0000000000000;00078499;
20170517;DCO;*;J20 ;0000000000000;0000000000000;00000000;00000000;00000000;00000000;00000000;0000009355996;0000009269220;0000000000000;00086776;
20170517;DCO;*;J21 ;0000000000000;0000000000000;00000000;00000000;00000000;00000000;00000000;0000008989460;0000008904549;0000000000000;00084911;
20170517;DCO;*;J22 ;0000000000000;0000000000000;00000000;00000000;00000000;00000000;00000000;0000008593567;0000008512120;0000000000000;00081447;
20170517;DCO;*;K18 ;0000000000000;0000000000000;00000000;00000000;00000000;00000000;00000000;0000009899901;0000009822603;0000000000000;00077298;
20170517;DCO;*;M17 ;0000000000000;0000000000000;00000000;00000000;00000000;00000000;00000000;0000010092472;0000010008497;0000000000000;00083975;
20170517;DCO;*;N17 ;0000000000000;0000000000000;00000000;00000000;00000000;00000000;00000000;0000010079615;0000009996087;0000000000000;00083528;
20170517;DCO;*;N18 ;0000000000000;0000000000000;00000000;00000000;00000000;00000000;00000000;0000009860409;0000009783767;0000000000000;00076642;
20170517;DCO;*;N19 ;0000000000000;0000000000000;00000000;00000000;00000000;00000000;00000000;0000009587217;0000009509627;0000000000000;00077590;
20170517;DCO;*;N20 ;0000000000000;0000000000000;00000000;00000000;00000000;00000000;00000000;0000009265813;0000009181836;0000000000000;00083977;
20170517;DCO;*;N21 ;0000000000000;0000000000000;00000000;00000000;00000000;00000000;00000000;0000008894858;0000008811426;0000000000000;00083432;
20170517;DCO;*;Q17 ;0000000000000;0000000000000;00000000;00000000;00000000;00000000;00000000;0000010060317;0000009977919;0000000000000;00082398;
20170517;DCO;*;U17 ;0000000000000;0000000000000;00000000;00000000;00000000;00000000;00000000;0000010045683;0000009963294;0000000000000;00082389;
20170517;DCO;*;V17 ;0000000000000;0000000000000;00000000;00000000;00000000;00000000;00000000;0000010026906;0000009945554;0000000000000;00081352;
20170517;DCO;*;V18 ;0000000000000;0000000000000;00000000;00000000;00000000;00000000;00000000;0000009799134;0000009723927;0000000000000;00075207;
20170517;DCO;*;V19 ;0000000000000;0000000000000;00000000;00000000;00000000;00000000;00000000;0000009516415;0000009438382;0000000000000;00078033;
20170517;DCO;*;V20 ;0000000000000;0000000000000;00000000;00000000;00000000;00000000;00000000;0000009176543;0000009091226;0000000000000;00085317;
20170517;DCO;*;V21 ;0000000000000;0000000000000;00000000;00000000;00000000;00000000;00000000;0000008800695;0000008716069;0000000000000;00084626;
20170517;DCO;*;X17 ;0000000000000;0000000000000;00000000;00000000;00000000;00000000;00000000;0000010009810;0000009929787;0000000000000;00080023;
20170517;DCO;*;Z17 ;0000000000000;0000000000000;00000000;00000000;00000000;00000000;00000000;0000009993404;0000009912884;0000000000000;00080520;
20170517;DDI;*;F18 ;0000000000000;0000000000000;00365103;00000000;00000000;00000000;00000000;0000009972603;0000009893933;0000000121639;00078670;
20170517;DDI;*;F19 ;0000000000000;0000000000000;00112080;00000000;00000000;00000000;00000000;0000009729835;0000009653559;0000000117937;00076276;
20170517;DDI;*;F20 ;0000000000000;0000000000000;00096474;00000000;00000000;00000000;00000000;0000009436336;0000009353207;0000000128534;00083129;
20170517;DDI;*;F21 ;0000000000000;0000000000000;00093281;00000000;00000000;00000000;00000000;0000009085073;0000009002116;0000000128268;00082957;
20170517;DDI;*;F22 ;0000000000000;0000000000000;00035784;00000000;00000000;00000000;00000000;0000008703296;0000008617902;0000000132036;00085394;
20170517;DDI;*;F23 ;0000000000000;0000000000000;00031316;00000000;00000000;00000000;00000000;0000008302491;0000008227180;0000000116445;00075311;
20170517;DDI;*;F24 ;0000000000000;0000000000000;00036885;00000000;00000000;00000000;00000000;0000007892769;0000007813877;0000000121982;00078892;
20170517;DDI;*;F25 ;0000000000000;0000000000000;00020730;00000000;00000000;00000000;00000000;0000007493780;0000007418322;0000000116673;00075458;
20170517;DDI;*;F26 ;0000000000000;0000000000000;00015530;00000000;00000000;00000000;00000000;0000007075828;0000007006867;0000000106627;00068961;
20170517;DDI;*;F27 ;0000000000000;0000000000000;00010950;00000000;00000000;00000000;00000000;0000006686313;0000006620740;0000000101388;00065573;
20170517;DDI;*;F28 ;0000000000000;0000000000000;00000110;00000000;00000000;00000000;00000000;0000006332263;0000006266522;0000000101648;00065741;
20170517;DDI;*;F29 ;0000000000000;0000000000000;00000000;00000000;00000000;00000000;00000000;0000005982937;0000005922263;0000000000000;00060674;
20170517;DDI;*;F30 ;0000000000000;0000000000000;00000500;00000000;00000000;00000000;00000000;0000005661647;0000005602188;0000000091935;00059459;
20170517;DDI;*;G18 ;0000000000000;0000000000000;00029190;00000000;00000000;00000000;00000000;0000009956854;0000009878354;0000000121376;00078500;
20170517;DDI;*;H18 ;0000000000000;0000000000000;00013360;00000000;00000000;00000000;00000000;0000009939567;0000009861338;0000000120957;00078229;
20170517;DDI;*;J18 ;0000000000000;0000000000000;00091486;00000000;00000000;00000000;00000000;0000009921510;0000009842761;0000000121761;00078749;
20170517;DDI;*;J19 ;0000000000000;0000000000000;00049706;00000000;00000000;00000000;00000000;0000009665758;0000009587219;0000000121437;00078539;
20170517;DDI;*;J20 ;0000000000000;0000000000000;00027355;00000000;00000000;00000000;00000000;0000009361105;0000009274218;0000000134344;00086887;
20170517;DDI;*;J21 ;0000000000000;0000000000000;00005297;00000000;00000000;00000000;00000000;0000008995817;0000008910764;0000000131508;00085053;
20170517;DDI;*;J22 ;0000000000000;0000000000000;00000120;00000000;00000000;00000000;00000000;0000008600876;0000008519267;0000000126183;00081609;
20170517;DDI;*;K18 ;0000000000000;0000000000000;00010960;00000000;00000000;00000000;00000000;0000009900854;0000009823534;0000000119552;00077320;
20170517;DDI;*;M17 ;0000000000000;0000000000000;00410758;00000000;00000000;00000000;00000000;0000010092557;0000010008579;0000000129846;00083978;
20170517;DDI;*;N17 ;0000000000000;0000000000000;00584185;00000000;00000000;00000000;00000000;0000010079880;0000009996346;0000000129160;00083534;
20170517;DDI;*;N18 ;0000000000000;0000000000000;00058891;00000000;00000000;00000000;00000000;0000009861520;0000009784852;0000000118544;00076668;
20170517;DDI;*;N19 ;0000000000000;0000000000000;00057644;00000000;00000000;00000000;00000000;0000009589196;0000009513509;0000000117027;00075687;
20170517;DDI;*;N20 ;0000000000000;0000000000000;00040905;00000000;00000000;00000000;00000000;0000009271258;0000009187165;0000000130024;00084093;
20170517;DDI;*;N21 ;0000000000000;0000000000000;00004420;00000000;00000000;00000000;00000000;0000008901483;0000008817904;0000000129229;00083579;
20170517;DDI;*;Q17 ;0000000000000;0000000000000;00235054;00000000;00000000;00000000;00000000;0000010060745;0000009978336;0000000127420;00082409;
20170517;DDI;*;U17 ;0000000000000;0000000000000;00077735;00000000;00000000;00000000;00000000;0000010046283;0000009963881;0000000127409;00082402;
20170517;DDI;*;V17 ;0000000000000;0000000000000;00205649;00000000;00000000;00000000;00000000;0000010027676;0000009946309;0000000125809;00081367;
20170517;DDI;*;V18 ;0000000000000;0000000000000;00055688;00000000;00000000;00000000;00000000;0000009800473;0000009725237;0000000116329;00075236;
20170517;DDI;*;V19 ;0000000000000;0000000000000;00031704;00000000;00000000;00000000;00000000;0000009520779;0000009442660;0000000120787;00078119;
20170517;DDI;*;V20 ;0000000000000;0000000000000;00024040;00000000;00000000;00000000;00000000;0000009182315;0000009096871;0000000132113;00085444;
20170517;DDI;*;V21 ;0000000000000;0000000000000;00002042;00000000;00000000;00000000;00000000;0000008807576;0000008722795;0000000131088;00084781;
20170517;DDI;*;X17 ;0000000000000;0000000000000;00061770;00000000;00000000;00000000;00000000;0000010010745;0000009930703;0000000123760;00080042;
20170517;DDI;*;Z17 ;0000000000000;0000000000000;00055030;00000000;00000000;00000000;00000000;0000009993954;0000009913419;0000000124523;00080535;
20170517;DDM;*;K19 ;0000000000000;0000000000000;00000000;00000000;00000000;00000000;00000000;0000009147321;0000009138452;0000000000000;00008869;
20170517;DDM;*;K21 ;0000000000000;0000000000000;00000000;00000000;00000000;00000000;00000000;0000008289782;0000008247418;0000000000000;00042364;
20170517;DDM;*;K25 ;0000000000000;0000000000000;00000000;00000000;00000000;00000000;00000000;0000006696705;0000006705083;0000000000000;00008378;
20170517;DDM;*;Q18 ;0000000000000;0000000000000;00000000;00000000;00000000;00000000;00000000;0000009472521;0000009466514;0000000000000;00006007;
20170517;DDM;*;Q20 ;0000000000000;0000000000000;00000000;00000000;00000000;00000000;00000000;0000008596984;0000008569915;0000000000000;00027069;
20170517;DI1;*;F18 ;0031037855974;0009987725568;03363938;00008970;00008930;00009010;00009000;0000009478612;0000009479621;0000000001009;00001009;
20170517;DI1;*;F19 ;0050968833994;0016401349593;01809088;00008830;00008710;00008860;00008850;0000008725232;0000008727260;0000000002028;00002028;
20170517;DI1;*;F20 ;0011496735247;0003699554398;01273893;00009200;00009120;00009280;00009280;0000007931812;0000007941879;0000000010067;00010067;
20170517;DI1;*;F21 ;0023398035908;0007529294603;01459749;00009550;00009460;00009630;00009600;0000007181662;0000007201066;0000000019404;00019404;
20170517;DI1;*;F22 ;0000189418983;0000060953463;00084196;00009750;00009690;00009840;00009840;0000006493884;0000006520182;0000000026298;00026298;
20170517;DI1;*;F23 ;0003388289450;0001090323546;00614465;00009880;00009840;00010000;00010000;0000005875062;0000005899355;0000000024293;00024293;
20170517;DI1;*;F24 ;0000001595076;0000000513282;00057080;00010050;00010050;00010060;00010060;0000005319048;0000005348053;0000000029005;00029005;
20170517;DI1;*;F25 ;0002246516282;0000722910375;00552873;00010030;00010000;00010160;00010150;0000004808214;0000004835049;0000000026835;00026835;
20170517;DI1;*;F26 ;0000020487091;0000006592577;00062798;00010150;00010080;00010180;00010180;0000004344649;0000004372061;0000000027412;00027412;
20170517;DI1;*;F27 ;0000926850032;0000298252681;00382744;00010190;00010140;00010280;00010270;0000003919215;0000003946755;0000000027540;00027540;
20170517;DI1;*;F28 ;0000000357335;0000000114987;00000010;00010200;00010200;00010200;00010200;0000003553829;0000003581387;0000000027558;00027558;
20170517;DI1;*;F29 ;0000000000000;0000000000000;00003465;00000000;00000000;00000000;00000000;0000003224261;0000003251592;0000000027331;00027331;
20170517;DI1;*;F30 ;0000014573575;0000004689656;00000270;00010300;00010300;00010300;00010300;0000002908077;0000002934821;0000000026744;00026744;
20170517;DI1;*;G18 ;0000002353243;0000000757254;00019790;00008890;00008890;00008890;00008890;0000009412911;0000009413979;0000000001068;00001068;
20170517;DI1;*;H18 ;0000000467995;0000000150597;00009465;00008830;00008830;00008830;00008830;0000009360117;0000009361232;0000000001115;00001115;
20170517;DI1;*;J18 ;0001592257198;0000512375209;00711896;00008790;00008745;00008820;00008820;0000009297103;0000009298258;0000000001155;00001155;
20170517;DI1;*;J19 ;0001252500584;0000403044338;00530776;00008910;00008820;00008950;00008950;0000008532687;0000008536283;0000000003596;00003596;
20170517;DI1;*;J20 ;0000007745489;0000002492434;00074173;00009270;00009270;00009360;00009360;0000007741729;0000007754428;0000000012699;00012699;
20170517;DI1;*;J21 ;0000007712445;0000002481801;00029850;00009610;00009550;00009660;00009660;0000007008169;0000007030300;0000000022131;00022131;
20170517;DI1;*;J22 ;0000000000000;0000000000000;00000700;00000000;00000000;00000000;00000000;0000006335911;0000006361779;0000000025868;00025868;
20170517;DI1;*;K18 ;0000009693762;0000003119373;00011790;00008790;00008785;00008790;00008785;0000009233105;0000009234455;0000000001350;00001350;
20170517;DI1;*;M17 ;0002955851014;0000951168430;00507751;00011130;00011129;00011135;00011129;0000009954041;0000009954040;0000000000001;00000001;
20170517;DI1;*;N17 ;0021544069096;0006932703403;04249837;00010360;00010350;00010370;00010370;0000009875591;0000009875675;0000000000084;00000084;
20170517;DI1;*;N18 ;0004782969611;0001539120096;00813877;00008730;00008660;00008770;00008770;0000009108000;0000009109723;0000000001723;00001723;
20170517;DI1;*;N19 ;0001288042603;0000414481466;00494397;00009030;00008930;00009070;00009070;0000008337468;0000008342936;0000000005468;00005468;
20170517;DI1;*;N20 ;0004261839974;0001371424885;01281206;00009410;00009320;00009490;00009490;0000007553548;0000007569055;0000000015507;00015507;
20170517;DI1;*;N21 ;0000068461347;0000022030296;00060537;00009660;00009600;00009740;00009730;0000006831844;0000006852684;0000000020840;00020840;
20170517;DI1;*;N22 ;0000000000000;0000000000000;00004180;00000000;00000000;00000000;00000000;0000006180787;0000006206116;0000000025329;00025329;
20170517;DI1;*;N23 ;0000000000000;0000000000000;00003260;00000000;00000000;00000000;00000000;0000005592238;0000005618912;0000000026674;00026674;
20170517;DI1;*;N24 ;0000000000000;0000000000000;00001655;00000000;00000000;00000000;00000000;0000005063558;0000005091563;0000000028005;00028005;
20170517;DI1;*;Q17 ;0001008294126;0000324460718;00248128;00010155;00010141;00010164;00010152;0000009798714;0000009798981;0000000000267;00000267;
20170517;DI1;*;U17 ;0000965472451;0000310681056;00110945;00009770;00009770;00009770;00009770;0000009722784;0000009722988;0000000000204;00000204;
20170517;DI1;*;V17 ;0012447774841;0004005591080;01434248;00009470;00009455;00009515;00009510;0000009661018;0000009661423;0000000000405;00000405;
20170517;DI1;*;V18 ;0000376693782;0000121216946;00599007;00008730;00008660;00008780;00008780;0000008913986;0000008916999;0000000003013;00003013;
20170517;DI1;*;V19 ;0000032121479;0000010336427;00075589;00009150;00009060;00009160;00009160;0000008129631;0000008137273;0000000007642;00007642;
20170517;DI1;*;V20 ;0000002943707;0000000947261;00046145;00009540;00009540;00009540;00009540;0000007357007;0000007374420;0000000017413;00017413;
20170517;DI1;*;V21 ;0000000000000;0000000000000;00012052;00000000;00000000;00000000;00000000;0000006659571;0000006684315;0000000024744;00024744;
20170517;DI1;*;X17 ;0000231764385;0000074579864;00093705;00009250;00009250;00009280;00009280;0000009596555;0000009596783;0000000000228;00000228;
20170517;DI1;*;Z17 ;0000618601954;0000199060997;00076230;00009070;00009070;00009105;00009105;0000009537211;0000009537763;0000000000552;00000552;
20170517;DOL;*;F18 ;0000000000000;0000000000000;00007685;00000000;00000000;00000000;00000000;0000032535650;0000032275550;0000000130050;00260100;
20170517;DOL;*;F19 ;0000000000000;0000000000000;00000000;00000000;00000000;00000000;00000000;0000034484520;0000034206230;0000000000000;00278290;
20170517;DOL;*;F20 ;0000000000000;0000000000000;00000000;00000000;00000000;00000000;00000000;0000036789740;0000036419420;0000000000000;00370320;
20170517;DOL;*;F21 ;0000000000000;0000000000000;00003100;00000000;00000000;00000000;00000000;0000039120030;0000038658370;0000000230830;00461660;
20170517;DOL;*;F25 ;0000000000000;0000000000000;00000000;00000000;00000000;00000000;00000000;0000048196200;0000047446100;0000000000000;00750100;
20170517;DOL;*;G18 ;0000000000000;0000000000000;00000000;00000000;00000000;00000000;00000000;0000032711000;0000032449430;0000000000000;00261570;
20170517;DOL;*;H18 ;0000000000000;0000000000000;00000000;00000000;00000000;00000000;00000000;0000032838390;0000032576050;0000000000000;00262340;
20170517;DOL;*;J18 ;0000000000000;0000000000000;00000180;00000000;00000000;00000000;00000000;0000033000900;0000032734900;0000000133000;00266000;
20170517;DOL;*;J19 ;0000000000000;0000000000000;00000050;00000000;00000000;00000000;00000000;0000035030450;0000034731180;0000000149635;00299270;
20170517;DOL;*;J20 ;0000000000000;0000000000000;00000000;00000000;00000000;00000000;00000000;0000037392520;0000036984790;0000000000000;00407730;
20170517;DOL;*;J22 ;0000000000000;0000000000000;00000000;00000000;00000000;00000000;00000000;0000041978730;0000041411340;0000000000000;00567390;
20170517;DOL;*;K18 ;0000000000000;0000000000000;00000000;00000000;00000000;00000000;00000000;0000033160460;0000032896690;0000000000000;00263770;
20170517;DOL;*;M17 ;0067461792000;0021708647188;00487680;03112000;03107000;03151500;03146500;0000031354290;0000031093400;0000000130445;00260890;
20170517;DOL;*;N17 ;0000461979000;0000148661025;00051961;03143000;03140000;03165500;03163500;0000031563700;0000031301860;0000000130920;00261840;
20170517;DOL;*;N18 ;0000000000000;0000000000000;00000620;00000000;00000000;00000000;00000000;0000033482390;0000033215810;0000000133290;00266580;
20170517;DOL;*;N19 ;0000000000000;0000000000000;00000400;00000000;00000000;00000000;00000000;0000035566710;0000035262860;0000000151925;00303850;
20170517;DOL;*;N21 ;0000000000000;0000000000000;00000000;00000000;00000000;00000000;00000000;0000040292120;0000039792420;0000000000000;00499700;
20170517;DOL;*;Q17 ;0000001590000;0000000511649;00006535;03180000;03180000;03180000;03180000;0000031750950;0000031490020;0000000130465;00260930;
20170517;DOL;*;U17 ;0000000000000;0000000000000;00001385;00000000;00000000;00000000;00000000;0000031952910;0000031690160;0000000131375;00262750;
20170517;DOL;*;V17 ;0000000000000;0000000000000;00003910;00000000;00000000;00000000;00000000;0000032097640;0000031835860;0000000130890;00261780;
20170517;DOL;*;V18 ;0000000000000;0000000000000;00000035;00000000;00000000;00000000;00000000;0000033999360;0000033726960;0000000136200;00272400;
20170517;DOL;*;V19 ;0000000000000;0000000000000;00000000;00000000;00000000;00000000;00000000;0000036215740;0000035884850;0000000000000;00330890;
20170517;DOL;*;X17 ;0000000000000;0000000000000;00000105;00000000;00000000;00000000;00000000;0000032258690;0000032000000;0000000129345;00258690;
20170517;DOL;*;Z17 ;0000000000000;0000000000000;00000005;00000000;00000000;00000000;00000000;0000032404970;0000032141980;0000000131495;00262990;
20170517;DR1;*;M7N7;0000000000000;0000000000000;00000000;00021010;00020500;00021010;00020500;0000000000000;0000000000000;0000000000000;00000000;
20170517;DR1;*;M7Q7;0000000000000;0000000000000;00000000;00039850;00039700;00039850;00039700;0000000000000;0000000000000;0000000000000;00000000;
20170517;ETH;*;F18 ;0000000000000;0000000000000;00000000;00000000;00000000;00000000;00000000;0000000168700;0000000168700;0000000000000;00000000;
20170517;ETH;*;K17 ;0000001512000;0000000484336;00000149;00144000;00144000;00144000;00144000;0000000143500;0000000143500;0000000000000;00000000;
20170517;ETH;*;M17 ;0000002086500;0000000668364;00000345;00140000;00139000;00140000;00139000;0000000141500;0000000141500;0000000000000;00000000;
20170517;ETH;*;N17 ;0000003791250;0000001214444;00000219;00141500;00141500;00142500;00142000;0000000141500;0000000142000;0000000015000;00000500;
20170517;ETH;*;Q17 ;0000011655750;0000003733663;00000210;00142500;00142500;00144000;00144000;0000000142500;0000000143500;0000000030000;00001000;
20170517;ETH;*;U17 ;0000000000000;0000000000000;00000000;00000000;00000000;00000000;00000000;0000000150000;0000000150000;0000000000000;00000000;
20170517;ETH;*;V17 ;0000011595000;0000003714203;00000050;00155000;00154000;00155000;00154000;0000000163000;0000000163000;0000000000000;00000000;
20170517;ETH;*;X17 ;0000000960000;0000000307515;00000100;00160000;00160000;00160000;00160000;0000000163000;0000000163000;0000000000000;00000000;
20170517;ETH;*;Z17 ;0000000972000;0000000311359;00000080;00162000;00162000;00162000;00162000;0000000165000;0000000165000;0000000000000;00000000;
20170517;EUR;*;M17 ;0000054208950;0000017443992;00012179;03468000;03468000;03499000;03498000;0000034974270;0000034519700;0000000227285;00454570;
20170517;EUR;*;N17 ;0000000000000;0000000000000;00003240;00000000;00000000;00000000;00000000;0000035253570;0000034796380;0000000228595;00457190;
20170517;EUR;*;Q17 ;0000053302825;0000017152409;00000602;03553500;03553500;03554000;03553700;0000035510120;0000035052040;0000000229040;00458080;
20170517;EUR;*;U17 ;0000000000000;0000000000000;00000000;00000000;00000000;00000000;00000000;0000035790120;0000035329600;0000000000000;00460520;
20170517;EUR;*;V17 ;0000000000000;0000000000000;00000000;00000000;00000000;00000000;00000000;0000036009620;0000035548560;0000000000000;00461060;
20170517;FRC;*;F18 ;0000000000000;0000000000000;00000000;00000200;00000199;00000202;00000201;0000000000201;0000000000194;0000000000003;00000007;
20170517;FRC;*;F19 ;0000000000000;0000000000000;00000000;00000234;00000231;00000234;00000231;0000000000231;0000000000228;0000000000001;00000003;
20170517;FRC;*;F20 ;0000000000000;0000000000000;00000000;00000265;00000265;00000265;00000265;0000000000265;0000000000267;0000000000001;00000002;
20170517;FRC;*;F21 ;0000000000000;0000000000000;00000000;00000307;00000304;00000307;00000304;0000000000304;0000000000307;0000000000001;00000003;
20170517;FRC;*;F22 ;0000000000000;0000000000000;00000000;00000000;00000000;00000000;00000000;0000000000343;0000000000346;0000000000000;00000003;
20170517;FRC;*;F23 ;0000000000000;0000000000000;00000000;00000380;00000380;00000380;00000380;0000000000380;0000000000382;0000000000001;00000002;
20170517;FRC;*;F24 ;0000000000000;0000000000000;00000000;00000417;00000417;00000417;00000417;0000000000417;0000000000420;0000000000001;00000003;
20170517;FRC;*;F25 ;0000000000000;0000000000000;00000000;00000450;00000450;00000450;00000450;0000000000450;0000000000453;0000000000001;00000003;
20170517;FRC;*;F26 ;0000000000000;0000000000000;00000000;00000000;00000000;00000000;00000000;0000000000489;0000000000492;0000000000000;00000003;
20170517;FRC;*;F27 ;0000000000000;0000000000000;00000000;00000000;00000000;00000000;00000000;0000000000523;0000000000526;0000000000000;00000003;
20170517;FRC;*;F28 ;0000000000000;0000000000000;00000000;00000000;00000000;00000000;00000000;0000000000553;0000000000556;0000000000000;00000003;
20170517;FRC;*;F29 ;0000000000000;0000000000000;00000000;00000000;00000000;00000000;00000000;0000000000584;0000000000587;0000000000000;00000003;
20170517;FRC;*;F30 ;0000000000000;0000000000000;00000000;00000000;00000000;00000000;00000000;0000000000613;0000000000616;0000000000000;00000003;
20170517;FRC;*;G18 ;0000000000000;0000000000000;00000000;00000199;00000199;00000199;00000199;0000000000200;0000000000194;0000000000003;00000006;
20170517;FRC;*;H18 ;0000000000000;0000000000000;00000000;00000000;00000000;00000000;00000000;0000000000203;0000000000197;0000000000000;00000006;
20170517;FRC;*;J18 ;0000000000000;0000000000000;00000000;00000204;00000204;00000204;00000204;0000000000204;0000000000199;0000000000002;00000005;
20170517;FRC;*;J19 ;0000000000000;0000000000000;00000000;00000000;00000000;00000000;00000000;0000000000238;0000000000236;0000000000000;00000002;
20170517;FRC;*;J20 ;0000000000000;0000000000000;00000000;00000272;00000272;00000272;00000272;0000000000272;0000000000275;0000000000001;00000003;
20170517;FRC;*;J21 ;0000000000000;0000000000000;00000000;00000000;00000000;00000000;00000000;0000000000314;0000000000317;0000000000000;00000003;
20170517;FRC;*;J22 ;0000000000000;0000000000000;00000000;00000000;00000000;00000000;00000000;0000000000354;0000000000357;0000000000000;00000003;
20170517;FRC;*;K18 ;0000000000000;0000000000000;00000000;00000208;00000208;00000208;00000208;0000000000208;0000000000202;0000000000003;00000006;
20170517;FRC;*;N17 ;0000000000000;0000000000000;00000000;00000142;00000142;00000148;00000145;0000000000142;0000000000137;0000000000002;00000005;
20170517;FRC;*;N18 ;0000000000000;0000000000000;00000000;00000213;00000213;00000213;00000213;0000000000213;0000000000208;0000000000002;00000005;
20170517;FRC;*;N19 ;0000000000000;0000000000000;00000000;00000000;00000000;00000000;00000000;0000000000249;0000000000247;0000000000000;00000002;
20170517;FRC;*;N20 ;0000000000000;0000000000000;00000000;00000283;00000283;00000283;00000283;0000000000283;0000000000286;0000000000001;00000003;
20170517;FRC;*;N21 ;0000000000000;0000000000000;00000000;00000000;00000000;00000000;00000000;0000000000323;0000000000326;0000000000000;00000003;
20170517;FRC;*;Q17 ;0000000000000;0000000000000;00000000;00000185;00000185;00000195;00000185;0000000000186;0000000000179;0000000000003;00000007;
20170517;FRC;*;U17 ;0000000000000;0000000000000;00000000;00000180;00000180;00000180;00000180;0000000000180;0000000000176;0000000000002;00000004;
20170517;FRC;*;V17 ;0000000000000;0000000000000;00000000;00000188;00000187;00000192;00000189;0000000000189;0000000000183;0000000000003;00000006;
20170517;FRC;*;V18 ;0000000000000;0000000000000;00000000;00000219;00000219;00000220;00000220;0000000000220;0000000000215;0000000000002;00000005;
20170517;FRC;*;V19 ;0000000000000;0000000000000;00000000;00000254;00000254;00000254;00000254;0000000000254;0000000000253;0000000000000;00000001;
20170517;FRC;*;V20 ;0000000000000;0000000000000;00000000;00000000;00000000;00000000;00000000;0000000000293;0000000000296;0000000000000;00000003;
20170517;FRC;*;V21 ;0000000000000;0000000000000;00000000;00000000;00000000;00000000;00000000;0000000000332;0000000000335;0000000000000;00000003;
20170517;FRC;*;X17 ;0000000000000;0000000000000;00000000;00000191;00000191;00000192;00000192;0000000000192;0000000000185;0000000000003;00000007;
20170517;FRC;*;Z17 ;0000000000000;0000000000000;00000000;00000193;00000192;00000198;00000194;0000000000194;0000000000189;0000000000002;00000005;
20170517;FRO;*;F18 ;0000000000000;0000000000000;00000000;00000000;00000000;00000000;00000000;0000000000202;0000000000195;0000000000000;00000007;
20170517;FRO;*;F19 ;0000000000000;0000000000000;00000000;00000000;00000000;00000000;00000000;0000000000232;0000000000229;0000000000000;00000003;
20170517;FRO;*;F20 ;0000000000000;0000000000000;00000000;00000000;00000000;00000000;00000000;0000000000267;0000000000269;0000000000000;00000002;
20170517;FRO;*;F21 ;0000000000000;0000000000000;00000000;00000000;00000000;00000000;00000000;0000000000306;0000000000309;0000000000000;00000003;
20170517;FRO;*;F22 ;0000000000000;0000000000000;00000000;00000000;00000000;00000000;00000000;0000000000345;0000000000348;0000000000000;00000003;
20170517;FRO;*;F23 ;0000000000000;0000000000000;00000000;00000000;00000000;00000000;00000000;0000000000382;0000000000384;0000000000000;00000002;
20170517;FRO;*;F24 ;0000000000000;0000000000000;00000000;00000000;00000000;00000000;00000000;0000000000419;0000000000422;0000000000000;00000003;
20170517;FRO;*;F25 ;0000000000000;0000000000000;00000000;00000000;00000000;00000000;00000000;0000000000452;0000000000455;0000000000000;00000003;
20170517;FRO;*;F26 ;0000000000000;0000000000000;00000000;00000000;00000000;00000000;00000000;0000000000491;0000000000494;0000000000000;00000003;
20170517;FRO;*;F27 ;0000000000000;0000000000000;00000000;00000000;00000000;00000000;00000000;0000000000525;0000000000528;0000000000000;00000003;
20170517;FRO;*;F28 ;0000000000000;0000000000000;00000000;00000000;00000000;00000000;00000000;0000000000556;0000000000559;0000000000000;00000003;
20170517;FRO;*;F29 ;0000000000000;0000000000000;00000000;00000000;00000000;00000000;00000000;0000000000587;0000000000590;0000000000000;00000003;
20170517;FRO;*;F30 ;0000000000000;0000000000000;00000000;00000000;00000000;00000000;00000000;0000000000616;0000000000619;0000000000000;00000003;
20170517;FRO;*;G18 ;0000000000000;0000000000000;00000000;00000000;00000000;00000000;00000000;0000000000201;0000000000195;0000000000000;00000006;
20170517;FRO;*;H18 ;0000000000000;0000000000000;00000000;00000000;00000000;00000000;00000000;0000000000204;0000000000198;0000000000000;00000006;
20170517;FRO;*;J18 ;0000000000000;0000000000000;00000000;00000000;00000000;00000000;00000000;0000000000205;0000000000200;0000000000000;00000005;
20170517;FRO;*;J19 ;0000000000000;0000000000000;00000000;00000000;00000000;00000000;00000000;0000000000239;0000000000237;0000000000000;00000002;
20170517;FRO;*;J20 ;0000000000000;0000000000000;00000000;00000000;00000000;00000000;00000000;0000000000274;0000000000277;0000000000000;00000003;
20170517;FRO;*;J21 ;0000000000000;0000000000000;00000000;00000000;00000000;00000000;00000000;0000000000316;0000000000319;0000000000000;00000003;
20170517;FRO;*;J22 ;0000000000000;0000000000000;00000000;00000000;00000000;00000000;00000000;0000000000356;0000000000359;0000000000000;00000003;
20170517;FRO;*;K18 ;0000000000000;0000000000000;00000000;00000000;00000000;00000000;00000000;0000000000209;0000000000203;0000000000000;00000006;
20170517;FRO;*;N17 ;0000000000000;0000000000000;00000000;00000000;00000000;00000000;00000000;0000000000144;0000000000139;0000000000000;00000005;
20170517;FRO;*;N18 ;0000000000000;0000000000000;00000000;00000000;00000000;00000000;00000000;0000000000214;0000000000209;0000000000000;00000005;
20170517;FRO;*;N19 ;0000000000000;0000000000000;00000000;00000000;00000000;00000000;00000000;0000000000250;0000000000248;0000000000000;00000002;
20170517;FRO;*;N20 ;0000000000000;0000000000000;00000000;00000000;00000000;00000000;00000000;0000000000285;0000000000288;0000000000000;00000003;
20170517;FRO;*;N21 ;0000000000000;0000000000000;00000000;00000000;00000000;00000000;00000000;0000000000325;0000000000328;0000000000000;00000003;
20170517;FRO;*;Q17 ;0000000000000;0000000000000;00000000;00000000;00000000;00000000;00000000;0000000000188;0000000000181;0000000000000;00000007;
20170517;FRO;*;U17 ;0000000000000;0000000000000;00000000;00000000;00000000;00000000;00000000;0000000000182;0000000000178;0000000000000;00000004;
20170517;FRO;*;V17 ;0000000000000;0000000000000;00000000;00000000;00000000;00000000;00000000;0000000000191;0000000000185;0000000000000;00000006;
20170517;FRO;*;V18 ;0000000000000;0000000000000;00000000;00000000;00000000;00000000;00000000;0000000000221;0000000000216;0000000000000;00000005;
20170517;FRO;*;V19 ;0000000000000;0000000000000;00000000;00000000;00000000;00000000;00000000;0000000000256;0000000000255;0000000000000;00000001;
20170517;FRO;*;V20 ;0000000000000;0000000000000;00000000;00000000;00000000;00000000;00000000;0000000000295;0000000000298;0000000000000;00000003;
20170517;FRO;*;V21 ;0000000000000;0000000000000;00000000;00000000;00000000;00000000;00000000;0000000000334;0000000000337;0000000000000;00000003;
20170517;FRO;*;X17 ;0000000000000;0000000000000;00000000;00000000;00000000;00000000;00000000;0000000000194;0000000000187;0000000000000;00000007;
20170517;FRO;*;Z17 ;0000000000000;0000000000000;00000000;00000000;00000000;00000000;00000000;0000000000195;0000000000190;0000000000000;00000005;
20170517;FRP;*;FRP0;0000000000000;0000000000000;00000000;00001060;00001030;00001070;00001030;0000000000000;0000000000000;0000000000000;00000000;
20170517;FRP;*;FRP1;0000000000000;0000000000000;00000000;00001030;00001030;00001030;00001030;0000000000000;0000000000000;0000000000000;00000000;
20170517;GBP;*;M17 ;0000034865950;0000011219575;00001106;04066000;04066000;04066000;04066000;0000040632140;0000040195510;0000000152820;00436630;
20170517;GBP;*;N17 ;0000000000000;0000000000000;00000012;00000000;00000000;00000000;00000000;0000040932540;0000040494230;0000000153408;00438310;
20170517;GBP;*;Q17 ;0000036808817;0000011844773;00000000;04124100;04124100;04127600;04127600;0000041206680;0000040767690;0000000153646;00438990;
20170517;HSI;*;K17 ;0000000000000;0000000000000;00000000;00000000;00000000;00000000;00000000;0000000025306;0000000025301;0000000000000;00000005;
20170517;HSI;*;M17 ;0000000000000;0000000000000;00000000;00000000;00000000;00000000;00000000;0000000025098;0000000025102;0000000000000;00000004;
20170517;IAP;*;K19 ;0000000000000;0000000000000;00000000;00000000;00000000;00000000;00000000;0000000524607;0000000521858;0000000000000;00002749;
20170517;IAP;*;K21 ;0000000000000;0000000000000;00000000;00000000;00000000;00000000;00000000;0000000575848;0000000583752;0000000000000;00007904;
20170517;IAP;*;M17 ;0000000000000;0000000000000;00000000;00000000;00000000;00000000;00000000;0000000485112;0000000485097;0000000000375;00000015;
20170517;IAP;*;N17 ;0000000000000;0000000000000;00000000;00000000;00000000;00000000;00000000;0000000486057;0000000486031;0000000000000;00000026;
20170517;IAP;*;Q17 ;0000000000000;0000000000000;00000000;00000000;00000000;00000000;00000000;0000000487022;0000000486978;0000000000000;00000044;
20170517;IAP;*;Q18 ;0000000000000;0000000000000;00000000;00000000;00000000;00000000;00000000;0000000506976;0000000504933;0000000000000;00002043;
20170517;IAP;*;Q20 ;0000000000000;0000000000000;00000000;00000000;00000000;00000000;00000000;0000000557181;0000000559757;0000000000000;00002576;
20170517;IAP;*;Q22 ;0000000000000;0000000000000;00000000;00000000;00000000;00000000;00000000;0000000610732;0000000622672;0000000000000;00011940;
20170517;ICF;*;H18 ;0000000000000;0000000000000;00000000;00000000;00000000;00000000;00000000;0000000017205;0000000016835;0000000000000;00000370;
20170517;ICF;*;K17 ;0000000000000;0000000000000;00000000;00000000;00000000;00000000;00000000;0000000015690;0000000015300;0000000121750;00000390;
20170517;ICF;*;N17 ;0000000000000;0000000000000;00000177;00000000;00000000;00000000;00000000;0000000015905;0000000015515;0000000121750;00000390;
20170517;ICF;*;U17 ;0000014608635;0000004679555;00005968;00015980;00015830;00016460;00016330;0000000016350;0000000016035;0000000098336;00000315;
20170517;ICF;*;U18 ;0000002437736;0000000780875;00000917;00017125;00016925;00017520;00017490;0000000017440;0000000017080;0000000112384;00000360;
20170517;ICF;*;U19 ;0000000000000;0000000000000;00000377;00000000;00000000;00000000;00000000;0000000017835;0000000017485;0000000109263;00000350;
20170517;ICF;*;Z17 ;0000000051119;0000000016375;00000282;00016375;00016375;00016375;00016375;0000000016760;0000000016375;0000000120189;00000385;
20170517;ICF;*;Z18 ;0000000000000;0000000000000;00000032;00000000;00000000;00000000;00000000;0000000017325;0000000016960;0000000113945;00000365;
20170517;IGM;*;K19 ;0000000000000;0000000000000;00000000;00000000;00000000;00000000;00000000;0000000709740;0000000708705;0000000000000;00001035;
20170517;IGM;*;K21 ;0000000000000;0000000000000;00000000;00000000;00000000;00000000;00000000;0000000783420;0000000776998;0000000000000;00006422;
20170517;IGM;*;Q18 ;0000000000000;0000000000000;00000000;00000000;00000000;00000000;00000000;0000000688251;0000000687649;0000000012040;00000602;
20170517;IGM;*;Q20 ;0000000000000;0000000000000;00000000;00000000;00000000;00000000;00000000;0000000754628;0000000750625;0000000000000;00004003;
20170517;IND;*;G18 ;0000000000000;0000000000000;00000000;00000000;00000000;00000000;00000000;0000000071453;0000000072737;0000000000000;00001284;
20170517;IND;*;G19 ;0000000000000;0000000000000;00000000;00000000;00000000;00000000;00000000;0000000077201;0000000078426;0000000000000;00001225;
20170517;IND;*;J18 ;0000000000000;0000000000000;00000000;00000000;00000000;00000000;00000000;0000000072376;0000000073653;0000000000000;00001277;
20170517;IND;*;M17 ;0006710965125;0002159533120;00272503;00069000;00067635;00069015;00067990;0000000067973;0000000069290;0000000131700;00001317;
20170517;IND;*;M18 ;0000000000000;0000000000000;00001080;00000000;00000000;00000000;00000000;0000000073197;0000000074464;0000000126700;00001267;
20170517;IND;*;Q17 ;0000003785100;0000001218014;00010240;00068820;00068820;00068820;00068820;0000000068980;0000000070315;0000000133500;00001335;
20170517;IND;*;Q18 ;0000000000000;0000000000000;00000000;00000000;00000000;00000000;00000000;0000000074206;0000000075459;0000000000000;00001253;
20170517;IND;*;V17 ;0000000000000;0000000000000;00001740;00000000;00000000;00000000;00000000;0000000069873;0000000071204;0000000133100;00001331;
20170517;IND;*;V18 ;0000000000000;0000000000000;00000000;00000000;00000000;00000000;00000000;0000000075201;0000000076442;0000000000000;00001241;
20170517;IND;*;Z17 ;0000058466000;0000018813876;00013900;00071300;00071300;00071300;00071300;0000000070623;0000000071986;0000000136300;00001363;
20170517;IND;*;Z18 ;0000000000000;0000000000000;00000150;00000000;00000000;00000000;00000000;0000000076111;0000000077349;0000000123800;00001238;
20170517;ISP;*;M17 ;0000479064404;0000153457750;00004380;00238725;00235550;00238775;00235675;0000000235750;0000000239700;0000000616555;00003950;
20170517;ISP;*;M18 ;0000000000000;0000000000000;00000000;00000000;00000000;00000000;00000000;0000000235000;0000000239050;0000000000000;00004050;
20170517;ISP;*;U17 ;0000003312033;0000001060937;00000005;00237475;00235550;00237475;00235550;0000000235450;0000000239450;0000000624360;00004000;
20170517;ISP;*;Z17 ;0000000000000;0000000000000;00000000;00000000;00000000;00000000;00000000;0000000235100;0000000239150;0000000000000;00004050;
20170517;JPY;*;M17 ;0000000707525;0000000227676;00002146;02830100;02830100;02830100;02830100;0000028228600;0000027524100;0000000352250;00704500;
20170517;JPY;*;N17 ;0000000710360;0000000228588;00000260;02841500;02841400;02841500;02841400;0000028444500;0000027735600;0000000354450;00708900;
20170517;JPY;*;Q17 ;0000002155275;0000000693550;00000129;02873700;02873700;02873700;02873700;0000028643300;0000027931000;0000000356150;00712300;
20170517;JPY;*;U17 ;0000000000000;0000000000000;00000000;00000000;00000000;00000000;00000000;0000028862500;0000028145600;0000000000000;00716900;
20170517;JSE;*;M17 ;0000000000000;0000000000000;00000000;00000000;00000000;00000000;00000000;0000000047776;0000000047733;0000000000000;00000043;
20170517;JSE;*;U17 ;0000000000000;0000000000000;00000000;00000000;00000000;00000000;00000000;0000000048197;0000000048153;0000000000000;00000044;
20170517;MIX;*;M17 ;0000000000000;0000000000000;00000000;00000000;00000000;00000000;00000000;0000000002001;0000000001999;0000000000000;00000002;
20170517;MIX;*;U17 ;0000000000000;0000000000000;00000000;00000000;00000000;00000000;00000000;0000000001996;0000000002004;0000000000000;00000008;
20170517;MXN;*;M17 ;0000000000000;0000000000000;00000797;00000000;00000000;00000000;00000000;0000016737190;0000016646700;0000000067867;00090490;
20170517;MXN;*;N17 ;0000000000000;0000000000000;00000019;00000000;00000000;00000000;00000000;0000016761640;0000016671500;0000000067605;00090140;
20170517;MXN;*;Q17 ;0000000000000;0000000000000;00000000;00000000;00000000;00000000;00000000;0000016782960;0000016693850;0000000000000;00089110;
20170517;NZD;*;M17 ;0000017112375;0000005506621;00000110;02173000;02173000;02173000;02173000;0000021741130;0000021410380;0000000248062;00330750;
20170517;NZD;*;N17 ;0000000000000;0000000000000;00000000;00000000;00000000;00000000;00000000;0000021868580;0000021535480;0000000000000;00333100;
20170517;NZD;*;Q17 ;0000017296650;0000005565919;00000000;02196400;02196400;02196400;02196400;0000021982530;0000021651850;0000000248010;00330680;
20170517;OC1;*;F18 ;0000000000000;0000000000000;00000000;00000000;00000000;00000000;00000000;0000009477745;0000009478755;0000000000000;00001010;
20170517;OC1;*;F19 ;0000000000000;0000000000000;00000000;00000000;00000000;00000000;00000000;0000008723160;0000008725189;0000000000000;00002029;
20170517;OC1;*;F20 ;0000000000000;0000000000000;00000000;00000000;00000000;00000000;00000000;0000007928580;0000007938833;0000000000000;00010253;
20170517;OC1;*;F21 ;0000000000000;0000000000000;00000000;00000000;00000000;00000000;00000000;0000007177636;0000007197026;0000000000000;00019390;
20170517;OC1;*;F22 ;0000000000000;0000000000000;00000000;00000000;00000000;00000000;00000000;0000006488978;0000006515526;0000000000000;00026548;
20170517;OC1;*;F23 ;0000000000000;0000000000000;00000000;00000000;00000000;00000000;00000000;0000005869672;0000005893939;0000000000000;00024267;
20170517;OC1;*;F24 ;0000000000000;0000000000000;00000000;00000000;00000000;00000000;00000000;0000005313313;0000005342282;0000000000000;00028969;
20170517;OC1;*;F25 ;0000000000000;0000000000000;00000000;00000000;00000000;00000000;00000000;0000004802242;0000004829040;0000000000000;00026798;
20170517;OC1;*;F26 ;0000000000000;0000000000000;00000000;00000000;00000000;00000000;00000000;0000004338545;0000004365914;0000000000000;00027369;
20170517;OC1;*;F27 ;0000000000000;0000000000000;00000000;00000000;00000000;00000000;00000000;0000003913078;0000003940570;0000000000000;00027492;
20170517;OC1;*;F28 ;0000000000000;0000000000000;00000000;00000000;00000000;00000000;00000000;0000003547688;0000003575194;0000000000000;00027506;
20170517;OC1;*;F29 ;0000000000000;0000000000000;00000000;00000000;00000000;00000000;00000000;0000003218170;0000003245445;0000000000000;00027275;
20170517;OC1;*;F30 ;0000000000000;0000000000000;00000000;00000000;00000000;00000000;00000000;0000002902116;0000002928801;0000000000000;00026685;
20170517;OC1;*;G18 ;0000000000000;0000000000000;00000000;00000000;00000000;00000000;00000000;0000009411929;0000009412998;0000000000000;00001069;
20170517;OC1;*;H18 ;0000000000000;0000000000000;00000000;00000000;00000000;00000000;00000000;0000009359041;0000009360157;0000000000000;00001116;
20170517;OC1;*;J18 ;0000000000000;0000000000000;00000000;00000000;00000000;00000000;00000000;0000009295920;0000009297076;0000000000000;00001156;
20170517;OC1;*;J19 ;0000000000000;0000000000000;00000000;00000000;00000000;00000000;00000000;0000008530360;0000008533956;0000000000000;00003596;
20170517;OC1;*;J20 ;0000000000000;0000000000000;00000000;00000000;00000000;00000000;00000000;0000007738282;0000007750974;0000000000000;00012692;
20170517;OC1;*;J21 ;0000000000000;0000000000000;00000000;00000000;00000000;00000000;00000000;0000007003980;0000007026094;0000000000000;00022114;
20170517;OC1;*;J22 ;0000000000000;0000000000000;00000000;00000000;00000000;00000000;00000000;0000006330871;0000006356996;0000000000000;00026125;
20170517;OC1;*;K18 ;0000000000000;0000000000000;00000000;00000000;00000000;00000000;00000000;0000009231817;0000009233168;0000000000000;00001351;
20170517;OC1;*;M17 ;0000000000000;0000000000000;00000000;00000000;00000000;00000000;00000000;0000009953963;0000009953962;0000000000000;00000001;
20170517;OC1;*;N17 ;0000000000000;0000000000000;00000000;00000000;00000000;00000000;00000000;0000009875375;0000009875459;0000000000000;00000084;
20170517;OC1;*;N18 ;0000000000000;0000000000000;00000000;00000000;00000000;00000000;00000000;0000009106506;0000009108229;0000000000000;00001723;
20170517;OC1;*;N19 ;0000000000000;0000000000000;00000000;00000000;00000000;00000000;00000000;0000008334895;0000008340361;0000000000000;00005466;
20170517;OC1;*;N20 ;0000000000000;0000000000000;00000000;00000000;00000000;00000000;00000000;0000007549904;0000007565401;0000000000000;00015497;
20170517;OC1;*;N21 ;0000000000000;0000000000000;00000000;00000000;00000000;00000000;00000000;0000006827503;0000006848327;0000000000000;00020824;
20170517;OC1;*;N22 ;0000000000000;0000000000000;00000000;00000000;00000000;00000000;00000000;0000006175623;0000006200927;0000000000000;00025304;
20170517;OC1;*;N23 ;0000000000000;0000000000000;00000000;00000000;00000000;00000000;00000000;0000005586660;0000005613304;0000000000000;00026644;
20170517;OC1;*;N24 ;0000000000000;0000000000000;00000000;00000000;00000000;00000000;00000000;0000005057693;0000005085662;0000000000000;00027969;
20170517;OC1;*;Q17 ;0000000000000;0000000000000;00000000;00000000;00000000;00000000;00000000;0000009798378;0000009798646;0000000000000;00000268;
20170517;OC1;*;U17 ;0000000000000;0000000000000;00000000;00000000;00000000;00000000;00000000;0000009722330;0000009722535;0000000000000;00000205;
20170517;OC1;*;V17 ;0000000000000;0000000000000;00000000;00000000;00000000;00000000;00000000;0000009660446;0000009660852;0000000000000;00000406;
20170517;OC1;*;V18 ;0000000000000;0000000000000;00000000;00000000;00000000;00000000;00000000;0000008912191;0000008915204;0000000000000;00003013;
20170517;OC1;*;V19 ;0000000000000;0000000000000;00000000;00000000;00000000;00000000;00000000;0000008126813;0000008134453;0000000000000;00007640;
20170517;OC1;*;V20 ;0000000000000;0000000000000;00000000;00000000;00000000;00000000;00000000;0000007353167;0000007370569;0000000000000;00017402;
20170517;OC1;*;V21 ;0000000000000;0000000000000;00000000;00000000;00000000;00000000;00000000;0000006655075;0000006679800;0000000000000;00024725;
20170517;OC1;*;X17 ;0000000000000;0000000000000;00000000;00000000;00000000;00000000;00000000;0000009595861;0000009596092;0000000000000;00000231;
20170517;OC1;*;Z17 ;0000000000000;0000000000000;00000000;00000000;00000000;00000000;00000000;0000009536451;0000009537003;0000000000000;00000552;
20170517;OZ1;*;0000;0000001861436;0000000598995;00000000;00123000;00123000;00125300;00125300;0000000124220;0000000122036;0000000000000;00002500;
20170517;OZ1;*;M17 ;0000000000000;0000000000000;00000000;00000000;00000000;00000000;00000000;0000000125826;0000000123367;0000000000000;00002459;
20170517;OZ1;*;N17 ;0000000000000;0000000000000;00000000;00000000;00000000;00000000;00000000;0000000126831;0000000124351;0000000000000;00002480;
20170517;OZ2;*;0000;0000000031148;0000000010023;00000000;00124000;00124000;00125500;00125500;0000000124719;0000000122187;0000000000000;00003500;
20170517;OZ3;*;0000;0000000001226;0000000000395;00000000;00123500;00123500;00124000;00124000;0000000123867;0000000121644;0000000000000;00002000;
20170517;SCS;*;M701;0000000000000;0000000000000;00088700;00000000;00000000;00000000;00000000;0000000000000;0000000000000;0000000000000;00000000;
20170517;SCS;*;N703;0000000000000;0000000000000;00138770;00000000;00000000;00000000;00000000;0000000000000;0000000000000;0000000000000;00000000;
20170517;SCS;*;Q701;0000000000000;0000000000000;00051500;00000000;00000000;00000000;00000000;0000000000000;0000000000000;0000000000000;00000000;
20170517;SCS;*;V702;0000000000000;0000000000000;00076285;00000000;00000000;00000000;00000000;0000000000000;0000000000000;0000000000000;00000000;
20170517;SFI;*;K18 ;0000000000000;0000000000000;00000000;00000000;00000000;00000000;00000000;0000000002092;0000000002093;0000000000000;00000001;
20170517;SFI;*;N17 ;0000000000000;0000000000000;00000000;00000000;00000000;00000000;00000000;0000000002087;0000000002088;0000000000000;00000001;
20170517;SFI;*;X17 ;0000000000000;0000000000000;00000000;00000000;00000000;00000000;00000000;0000000002062;0000000002062;0000000000000;00000000;
20170517;SJC;*;F18 ;0000000000000;0000000000000;00000000;00000000;00000000;00000000;00000000;0000000215002;0000000215002;0000000000000;00000000;
20170517;SJC;*;H18 ;0000000000000;0000000000000;00000000;00000000;00000000;00000000;00000000;0000000215719;0000000215829;0000000000000;00000110;
20170517;SJC;*;K18 ;0000000000000;0000000000000;00000000;00000000;00000000;00000000;00000000;0000000216711;0000000216766;0000000000000;00000055;
20170517;SJC;*;N17 ;0000007420206;0000002376900;00002703;00002156;00002150;00002160;00002150;0000000215112;0000000215223;0000000001559;00000111;
20170517;SJC;*;N18 ;0000000000000;0000000000000;00000000;00000000;00000000;00000000;00000000;0000000217978;0000000218089;0000000000000;00000111;
20170517;SJC;*;Q17 ;0000003025961;0000000969300;00000046;00002154;00002154;00002154;00002154;0000000214947;0000000215223;0000000003877;00000276;
20170517;SJC;*;U17 ;0000000000000;0000000000000;00000012;00000000;00000000;00000000;00000000;0000000213955;0000000214065;0000000001545;00000110;
20170517;SJC;*;X17 ;0000000359491;0000000115155;00001185;00002132;00002132;00002135;00002135;0000000213349;0000000213349;0000000000000;00000000;
20170517;TRY;*;M17 ;0000000000000;0000000000000;00000066;00000000;00000000;00000000;00000000;0000008744530;0000008738050;0000000004860;00006480;
20170517;TRY;*;N17 ;0000003277875;0000001054793;00000000;00874100;00874100;00874100;00874100;0000008726260;0000008721410;0000000003637;00004850;
20170517;TRY;*;Q17 ;0000000000000;0000000000000;00000000;00000000;00000000;00000000;00000000;0000008705150;0000008700800;0000000000000;00004350;
20170517;T10;*;M17 ;0000047823223;0000015389118;00002964;00125875;00125875;00126469;00126469;0000001264218;0000001255468;0000000271915;00008750;
20170517;T10;*;U17 ;0000000000000;0000000000000;00000000;00000000;00000000;00000000;00000000;0000001261250;0000001252187;0000000000000;00009063;
20170517;WDO;*;F18 ;0000000000000;0000000000000;00000000;00000000;00000000;00000000;00000000;0000032535650;0000032275550;0000000000000;00260100;
20170517;WDO;*;F19 ;0000000000000;0000000000000;00000000;00000000;00000000;00000000;00000000;0000034484520;0000034206230;0000000000000;00278290;
20170517;WDO;*;F20 ;0000000000000;0000000000000;00000000;00000000;00000000;00000000;00000000;0000036789740;0000036419420;0000000000000;00370320;
20170517;WDO;*;F21 ;0000000000000;0000000000000;00000000;00000000;00000000;00000000;00000000;0000039120030;0000038658370;0000000000000;00461660;
20170517;WDO;*;F25 ;0000000000000;0000000000000;00000000;00000000;00000000;00000000;00000000;0000048196200;0000047446100;0000000000000;00750100;
20170517;WDO;*;G18 ;0000000000000;0000000000000;00000000;00000000;00000000;00000000;00000000;0000032711000;0000032449430;0000000000000;00261570;
20170517;WDO;*;H18 ;0000000000000;0000000000000;00000000;00000000;00000000;00000000;00000000;0000032838390;0000032576050;0000000000000;00262340;
20170517;WDO;*;J18 ;0000000000000;0000000000000;00000000;00000000;00000000;00000000;00000000;0000033000900;0000032734900;0000000000000;00266000;
20170517;WDO;*;J19 ;0000000000000;0000000000000;00000000;00000000;00000000;00000000;00000000;0000035030450;0000034731180;0000000000000;00299270;
20170517;WDO;*;J20 ;0000000000000;0000000000000;00000000;00000000;00000000;00000000;00000000;0000037392520;0000036984790;0000000000000;00407730;
20170517;WDO;*;J22 ;0000000000000;0000000000000;00000000;00000000;00000000;00000000;00000000;0000041978730;0000041411340;0000000000000;00567390;
20170517;WDO;*;K18 ;0000000000000;0000000000000;00000000;00000000;00000000;00000000;00000000;0000033160460;0000032896690;0000000000000;00263770;
20170517;WDO;*;M17 ;0021648019840;0006966153894;00037073;03112500;03107000;03151500;03148000;0000031354290;0000031093400;0000000026089;00260890;
20170517;WDO;*;N17 ;0000000821975;0000000264505;00000109;03144000;03143500;03170000;03170000;0000031563700;0000031301860;0000000026184;00261840;
20170517;WDO;*;N18 ;0000000000000;0000000000000;00000000;00000000;00000000;00000000;00000000;0000033482390;0000033215810;0000000000000;00266580;
20170517;WDO;*;N19 ;0000000000000;0000000000000;00000000;00000000;00000000;00000000;00000000;0000035566710;0000035262860;0000000000000;00303850;
20170517;WDO;*;N21 ;0000000000000;0000000000000;00000000;00000000;00000000;00000000;00000000;0000040292120;0000039792420;0000000000000;00499700;
20170517;WDO;*;Q17 ;0000000000000;0000000000000;00000000;00000000;00000000;00000000;00000000;0000031750950;0000031490020;0000000000000;00260930;
20170517;WDO;*;U17 ;0000000000000;0000000000000;00000063;00000000;00000000;00000000;00000000;0000031952910;0000031690160;0000000026275;00262750;
20170517;WDO;*;V17 ;0000000000000;0000000000000;00000000;00000000;00000000;00000000;00000000;0000032097640;0000031835860;0000000000000;00261780;
20170517;WDO;*;V18 ;0000000000000;0000000000000;00000000;00000000;00000000;00000000;00000000;0000033999360;0000033726960;0000000000000;00272400;
20170517;WDO;*;V19 ;0000000000000;0000000000000;00000000;00000000;00000000;00000000;00000000;0000036215740;0000035884850;0000000000000;00330890;
20170517;WDO;*;X17 ;0000000000000;0000000000000;00000024;00000000;00000000;00000000;00000000;0000032258690;0000032000000;0000000025869;00258690;
20170517;WDO;*;Z17 ;0000000000000;0000000000000;00000000;00000000;00000000;00000000;00000000;0000032404970;0000032141980;0000000000000;00262990;
20170517;WEU;*;M17 ;0000000000000;0000000000000;00000000;00000000;00000000;00000000;00000000;0000034974270;0000034519700;0000000000000;00454570;
20170517;WEU;*;N17 ;0000000000000;0000000000000;00000000;00000000;00000000;00000000;00000000;0000035253570;0000034796380;0000000000000;00457190;
20170517;WEU;*;Q17 ;0000000000000;0000000000000;00000000;00000000;00000000;00000000;00000000;0000035510120;0000035052040;0000000000000;00458080;
20170517;WEU;*;U17 ;0000000000000;0000000000000;00000000;00000000;00000000;00000000;00000000;0000035790120;0000035329600;0000000000000;00460520;
20170517;WEU;*;V17 ;0000000000000;0000000000000;00000000;00000000;00000000;00000000;00000000;0000036009620;0000035548560;0000000000000;00461060;
20170517;WIN;*;G18 ;0000000000000;0000000000000;00000000;00000000;00000000;00000000;00000000;0000000071453;0000000072737;0000000000000;00001284;
20170517;WIN;*;G19 ;0000000000000;0000000000000;00000000;00000000;00000000;00000000;00000000;0000000077201;0000000078426;0000000000000;00001225;
20170517;WIN;*;J18 ;0000000000000;0000000000000;00000000;00000000;00000000;00000000;00000000;0000000072376;0000000073653;0000000000000;00001277;
20170517;WIN;*;M17 ;0015823363075;0005091827479;00064798;00069000;00067630;00069065;00067985;0000000067973;0000000069290;0000000026340;00001317;
20170517;WIN;*;M18 ;0000000000000;0000000000000;00000000;00000000;00000000;00000000;00000000;0000000073197;0000000074464;0000000000000;00001267;
20170517;WIN;*;Q17 ;0000000083500;0000000026870;00000012;00069800;00069000;00069800;00069000;0000000068980;0000000070315;0000000026700;00001335;
20170517;WIN;*;Q18 ;0000000000000;0000000000000;00000000;00000000;00000000;00000000;00000000;0000000074206;0000000075459;0000000000000;00001253;
20170517;WIN;*;V17 ;0000000000000;0000000000000;00000000;00000000;00000000;00000000;00000000;0000000069873;0000000071204;0000000000000;00001331;
20170517;WIN;*;V18 ;0000000000000;0000000000000;00000000;00000000;00000000;00000000;00000000;0000000075201;0000000076442;0000000000000;00001241;
20170517;WIN;*;Z17 ;0000000000000;0000000000000;00000000;00000000;00000000;00000000;00000000;0000000070623;0000000071986;0000000000000;00001363;
20170517;WIN;*;Z18 ;0000000000000;0000000000000;00000000;00000000;00000000;00000000;00000000;0000000076111;0000000077349;0000000000000;00001238;
20170517;WTI;*;M17 ;0000004137915;0000001325490;00000365;00004873;00004873;00004919;00004911;0000000004907;0000000004866;0000000012799;00000041;
20170517;WTI;*;N17 ;0000000770772;0000000246900;00004269;00004938;00004938;00004938;00004938;0000000004941;0000000004900;0000000012799;00000041;
20170517;WTI;*;Q17 ;0000000000000;0000000000000;00000000;00000000;00000000;00000000;00000000;0000000004970;0000000004929;0000000000000;00000041;
20170517;ZAR;*;M17 ;0000000000000;0000000000000;00000144;00000000;00000000;00000000;00000000;0000023690680;0000023733310;0000000014920;00042630;
20170517;ZAR;*;N17 ;0000000000000;0000000000000;00000030;00000000;00000000;00000000;00000000;0000023718960;0000023767480;0000000016982;00048520;
20170517;ZAR;*;Q17 ;0000000000000;0000000000000;00000000;00000000;00000000;00000000;00000000;0000023733320;0000023787180;0000000000000;00053860;
