Data;Código do Contrato;Pregão;Vencimento;Volume(R$);Volume(U$);Número de contas em Aberto;Preço de Abertura;Preço Mínimo;Preço Máximo;Último Preço;Preço de Ajuste Atual; Preço de Ajuste Anterior;Valor de Ajuste por Contrato;Variação
20170718;AUD;*;Q17 ;0000065453196;0000020668560;00001858;02522000;02505500;02522000;02505500;0000025086620;0000024878700;0000000124752;00207920;
20170718;AUD;*;U17 ;0000000000000;0000000000000;00000210;00000000;00000000;00000000;00000000;0000025238760;0000025026770;0000000127194;00211990;
20170718;AUD;*;V17 ;0000000000000;0000000000000;00000000;00000000;00000000;00000000;00000000;0000025347160;0000025132730;0000000000000;00214430;
20170718;BGI;*;F18 ;0000000000000;0000000000000;00000000;00000000;00000000;00000000;00000000;0000000012834;0000000012670;0000000000000;00000164;
20170718;BGI;*;K18 ;0000001080585;0000000342033;00000093;00013098;00013098;00013098;00013098;0000000013077;0000000012918;0000000052470;00000159;
20170718;BGI;*;N17 ;0000028943138;0000009161250;00000980;00012330;00012311;00012360;00012335;0000000012347;0000000012338;0000000002970;00000009;
20170718;BGI;*;Q17 ;0000001467279;0000000464432;00000353;00012650;00012650;00012710;00012710;0000000012699;0000000012609;0000000029700;00000090;
20170718;BGI;*;U17 ;0000000681116;0000000215591;00000132;00012900;00012899;00012900;00012900;0000000012941;0000000012768;0000000057090;00000173;
20170718;BGI;*;V17 ;0000120164408;0000038035137;00004394;00012875;00012850;00013095;00013045;0000000013058;0000000012883;0000000057750;00000175;
20170718;BGI;*;V18 ;0000001122412;0000000355272;00000051;00013605;00013605;00013605;00013605;0000000013580;0000000013435;0000000047850;00000145;
20170718;BGI;*;X17 ;0000000215556;0000000068229;00000109;00013020;00013020;00013105;00013085;0000000013066;0000000012891;0000000057750;00000175;
20170718;BGI;*;Z17 ;0000000000000;0000000000000;00000003;00000000;00000000;00000000;00000000;0000000013109;0000000012933;0000000058080;00000176;
20170718;BRI;*;Q17 ;0000000548680;0000000173260;00000975;00010968;00010968;00010975;00010975;0000000010975;0000000010961;0000000014000;00000014;
20170718;BRI;*;V17 ;0000000000000;0000000000000;00000016;00000000;00000000;00000000;00000000;0000000011127;0000000011112;0000000015000;00000015;
20170718;BSE;*;N17 ;0000000000000;0000000000000;00000000;00000000;00000000;00000000;00000000;0000000031781;0000000032154;0000000000000;00000373;
20170718;BSE;*;Q17 ;0000000000000;0000000000000;00000000;00000000;00000000;00000000;00000000;0000000032057;0000000032432;0000000000000;00000375;
20170718;CAD;*;Q17 ;0000001504800;0000000475180;00000957;02508000;02508000;02508000;02508000;0000025098000;0000025142760;0000000026856;00044760;
20170718;CAD;*;U17 ;0000000000000;0000000000000;00000210;00000000;00000000;00000000;00000000;0000025267550;0000025317120;0000000029742;00049570;
20170718;CAD;*;V17 ;0000000000000;0000000000000;00000000;00000000;00000000;00000000;00000000;0000025395810;0000025443710;0000000000000;00047900;
20170718;CCM;*;F18 ;0000002835234;0000000897425;00002141;00002860;00002840;00002860;00002853;0000000002867;0000000002817;0000000022500;00000050;
20170718;CCM;*;H18 ;0000000539977;0000000170917;00000409;00002996;00002996;00003000;00003000;0000000002971;0000000002930;0000000018450;00000041;
20170718;CCM;*;K18 ;0000001121850;0000000355094;00000060;00002916;00002916;00002940;00002940;0000000002938;0000000002897;0000000018450;00000041;
20170718;CCM;*;N18 ;0000000000000;0000000000000;00000000;00000000;00000000;00000000;00000000;0000000002944;0000000002895;0000000000000;00000049;
20170718;CCM;*;U17 ;0000054202158;0000017156382;00018939;00002637;00002615;00002709;00002625;0000000002627;0000000002633;0000000002700;00000006;
20170718;CCM;*;U18 ;0000000668475;0000000211590;00000091;00002962;00002962;00002980;00002980;0000000002951;0000000002895;0000000025200;00000056;
20170718;CCM;*;X17 ;0000007256673;0000002296924;00001885;00002788;00002788;00002832;00002810;0000000002830;0000000002781;0000000022050;00000049;
20170718;CCM;*;X18 ;0000000000000;0000000000000;00000000;00000000;00000000;00000000;00000000;0000000003020;0000000002964;0000000000000;00000056;
20170718;CHF;*;Q17 ;0000000996325;0000000314616;00000589;03320700;03320700;03323000;03323000;0000033204500;0000033192810;0000000005845;00011690;
20170718;CHF;*;U17 ;0000000000000;0000000000000;00000160;00000000;00000000;00000000;00000000;0000033480520;0000033474090;0000000003215;00006430;
20170718;CHF;*;V17 ;0000000000000;0000000000000;00000000;00000000;00000000;00000000;00000000;0000033707900;0000033691720;0000000000000;00016180;
20170718;CLP;*;Q17 ;0000000000000;0000000000000;00000000;00000000;00000000;00000000;00000000;0000048323000;0000048328000;0000000000000;00005000;
20170718;CLP;*;U17 ;0000000000000;0000000000000;00000425;00000000;00000000;00000000;00000000;0000048622000;0000048577000;0000000011250;00045000;
20170718;CLP;*;V17 ;0000000000000;0000000000000;00000000;00000000;00000000;00000000;00000000;0000048800000;0000048751000;0000000000000;00049000;
20170718;CNY;*;Q17 ;0000000000000;0000000000000;00000000;00000000;00000000;00000000;00000000;0000046912450;0000047121030;0000000000000;00208580;
20170718;CNY;*;U17 ;0000000000000;0000000000000;00000000;00000000;00000000;00000000;00000000;0000047126030;0000047369200;0000000000000;00243170;
20170718;CNY;*;V17 ;0000000000000;0000000000000;00000000;00000000;00000000;00000000;00000000;0000047258180;0000047495290;0000000000000;00237110;
20170718;CR1;*;U7Z7;0000000000000;0000000000000;00000000;00000550;00000550;00000550;00000550;0000000000000;0000000000000;0000000000000;00000000;
20170718;DAP;*;F18 ;0000218907714;0000069125841;00031100;00000436;00000434;00000436;00000434;0000009792938;0000009794655;0000000002074;00001717;
20170718;DAP;*;F19 ;0000000000000;0000000000000;00000200;00000000;00000000;00000000;00000000;0000009393189;0000009394415;0000000001481;00001226;
20170718;DAP;*;K19 ;0000178919485;0000056498511;00046270;00000439;00000436;00000439;00000436;0000009255192;0000009256379;0000000001434;00001187;
20170718;DAP;*;K21 ;0000000000000;0000000000000;00025553;00000000;00000000;00000000;00000000;0000008287409;0000008276248;0000000013484;00011161;
20170718;DAP;*;K23 ;0000000000000;0000000000000;00012753;00000000;00000000;00000000;00000000;0000007422254;0000007406623;0000000018884;00015631;
20170718;DAP;*;Q17 ;0000000000000;0000000000000;00002100;00000000;00000000;00000000;00000000;0000009938522;0000009940033;0000000001825;00001511;
20170718;DAP;*;Q18 ;0000284941281;0000089977669;00080888;00000440;00000440;00000444;00000444;0000009545210;0000009550346;0000000006205;00005136;
20170718;DAP;*;Q20 ;0000046920064;0000014816238;00015815;00000492;00000492;00000492;00000492;0000008625100;0000008618453;0000000008030;00006647;
20170718;DAP;*;Q22 ;0000017251650;0000005447660;00021664;00000525;00000525;00000526;00000525;0000007724378;0000007713985;0000000012556;00010393;
20170718;DAP;*;Q24 ;0000009250833;0000002921193;00009270;00000527;00000527;00000528;00000528;0000006953830;0000006940525;0000000016074;00013305;
20170718;DAP;*;Q26 ;0000000000000;0000000000000;00004014;00000000;00000000;00000000;00000000;0000006260577;0000006234304;0000000031742;00026273;
20170718;DAP;*;Q30 ;0000000000000;0000000000000;00000235;00000000;00000000;00000000;00000000;0000004991565;0000004955151;0000000043994;00036414;
20170718;DAP;*;U17 ;0000179054205;0000056541052;00000000;00000750;00000750;00000750;00000750;0000009884331;0000009884700;0000000000445;00000369;
20170718;DAP;*;V17 ;0000000000000;0000000000000;00000000;00000000;00000000;00000000;00000000;0000009850127;0000009851130;0000000000000;00001003;
20170718;DCO;*;F18 ;0000000000000;0000000000000;00000000;00000000;00000000;00000000;00000000;0000009827108;0000009898251;0000000000000;00071143;
20170718;DCO;*;F19 ;0000000000000;0000000000000;00000000;00000000;00000000;00000000;00000000;0000009576080;0000009644940;0000000000000;00068860;
20170718;DCO;*;F20 ;0000000000000;0000000000000;00000000;00000000;00000000;00000000;00000000;0000009254370;0000009325095;0000000000000;00070725;
20170718;DCO;*;F21 ;0000000000000;0000000000000;00000000;00000000;00000000;00000000;00000000;0000008901272;0000008965055;0000000000000;00063783;
20170718;DCO;*;F22 ;0000000000000;0000000000000;00000000;00000000;00000000;00000000;00000000;0000008505732;0000008568691;0000000000000;00062959;
20170718;DCO;*;F23 ;0000000000000;0000000000000;00000000;00000000;00000000;00000000;00000000;0000008090899;0000008149603;0000000000000;00058704;
20170718;DCO;*;F24 ;0000000000000;0000000000000;00000000;00000000;00000000;00000000;00000000;0000007680002;0000007736074;0000000000000;00056072;
20170718;DCO;*;F25 ;0000000000000;0000000000000;00000000;00000000;00000000;00000000;00000000;0000007254408;0000007302323;0000000000000;00047915;
20170718;DCO;*;F26 ;0000000000000;0000000000000;00000000;00000000;00000000;00000000;00000000;0000006869193;0000006916527;0000000000000;00047334;
20170718;DCO;*;F27 ;0000000000000;0000000000000;00000000;00000000;00000000;00000000;00000000;0000006486781;0000006528921;0000000000000;00042140;
20170718;DCO;*;F28 ;0000000000000;0000000000000;00000000;00000000;00000000;00000000;00000000;0000006137215;0000006178147;0000000000000;00040932;
20170718;DCO;*;F29 ;0000000000000;0000000000000;00000000;00000000;00000000;00000000;00000000;0000005802996;0000005838569;0000000000000;00035573;
20170718;DCO;*;F30 ;0000000000000;0000000000000;00000000;00000000;00000000;00000000;00000000;0000005485546;0000005519697;0000000000000;00034151;
20170718;DCO;*;G18 ;0000000000000;0000000000000;00000000;00000000;00000000;00000000;00000000;0000009810606;0000009880886;0000000000000;00070280;
20170718;DCO;*;H18 ;0000000000000;0000000000000;00000000;00000000;00000000;00000000;00000000;0000009791618;0000009861706;0000000000000;00070088;
20170718;DCO;*;J18 ;0000000000000;0000000000000;00000000;00000000;00000000;00000000;00000000;0000009771016;0000009842131;0000000000000;00071115;
20170718;DCO;*;J19 ;0000000000000;0000000000000;00000000;00000000;00000000;00000000;00000000;0000009505648;0000009574368;0000000000000;00068720;
20170718;DCO;*;J20 ;0000000000000;0000000000000;00000000;00000000;00000000;00000000;00000000;0000009174162;0000009246012;0000000000000;00071850;
20170718;DCO;*;J21 ;0000000000000;0000000000000;00000000;00000000;00000000;00000000;00000000;0000008817001;0000008882466;0000000000000;00065465;
20170718;DCO;*;J22 ;0000000000000;0000000000000;00000000;00000000;00000000;00000000;00000000;0000008417327;0000008477899;0000000000000;00060572;
20170718;DCO;*;K18 ;0000000000000;0000000000000;00000000;00000000;00000000;00000000;00000000;0000009752672;0000009822551;0000000000000;00069879;
20170718;DCO;*;M18 ;0000000000000;0000000000000;00000000;00000000;00000000;00000000;00000000;0000009730955;0000009800821;0000000000000;00069866;
20170718;DCO;*;N18 ;0000000000000;0000000000000;00000000;00000000;00000000;00000000;00000000;0000009711897;0000009782040;0000000000000;00070143;
20170718;DCO;*;N19 ;0000000000000;0000000000000;00000000;00000000;00000000;00000000;00000000;0000009426821;0000009495397;0000000000000;00068576;
20170718;DCO;*;N20 ;0000000000000;0000000000000;00000000;00000000;00000000;00000000;00000000;0000009085073;0000009154973;0000000000000;00069900;
20170718;DCO;*;N21 ;0000000000000;0000000000000;00000000;00000000;00000000;00000000;00000000;0000008716817;0000008780695;0000000000000;00063878;
20170718;DCO;*;N22 ;0000000000000;0000000000000;00000000;00000000;00000000;00000000;00000000;0000008315956;0000008377288;0000000000000;00061332;
20170718;DCO;*;Q17 ;0000000000000;0000000000000;00000000;00000000;00000000;00000000;00000000;0000009915591;0000009987949;0000000000000;00072358;
20170718;DCO;*;U17 ;0000000000000;0000000000000;00000000;00000000;00000000;00000000;00000000;0000009899275;0000009971151;0000000000000;00071876;
20170718;DCO;*;V17 ;0000000000000;0000000000000;00000000;00000000;00000000;00000000;00000000;0000009880273;0000009951519;0000000000000;00071246;
20170718;DCO;*;V18 ;0000000000000;0000000000000;00000000;00000000;00000000;00000000;00000000;0000009646302;0000009715354;0000000000000;00069052;
20170718;DCO;*;V19 ;0000000000000;0000000000000;00000000;00000000;00000000;00000000;00000000;0000009345879;0000009416937;0000000000000;00071058;
20170718;DCO;*;V20 ;0000000000000;0000000000000;00000000;00000000;00000000;00000000;00000000;0000008993650;0000009060823;0000000000000;00067173;
20170718;DCO;*;V21 ;0000000000000;0000000000000;00000000;00000000;00000000;00000000;00000000;0000008627036;0000008692345;0000000000000;00065309;
20170718;DCO;*;X17 ;0000000000000;0000000000000;00000000;00000000;00000000;00000000;00000000;0000009863214;0000009934753;0000000000000;00071539;
20170718;DCO;*;Z17 ;0000000000000;0000000000000;00000000;00000000;00000000;00000000;00000000;0000009846008;0000009917399;0000000000000;00071391;
20170718;DDI;*;F18 ;0000000000000;0000000000000;00437305;00000000;00000000;00000000;00000000;0000009827559;0000009898706;0000000113198;00071147;
20170718;DDI;*;F19 ;0000000000000;0000000000000;00126289;00000000;00000000;00000000;00000000;0000009577438;0000009646313;0000000109583;00068875;
20170718;DDI;*;F20 ;0000000000000;0000000000000;00100050;00000000;00000000;00000000;00000000;0000009256507;0000009327259;0000000112569;00070752;
20170718;DDI;*;F21 ;0000000000000;0000000000000;00092357;00000000;00000000;00000000;00000000;0000008904059;0000008967874;0000000101532;00063815;
20170718;DDI;*;F22 ;0000000000000;0000000000000;00035024;00000000;00000000;00000000;00000000;0000008509009;0000008572007;0000000100232;00062998;
20170718;DDI;*;F23 ;0000000000000;0000000000000;00030146;00000000;00000000;00000000;00000000;0000008094526;0000008153272;0000000093467;00058746;
20170718;DDI;*;F24 ;0000000000000;0000000000000;00034595;00000000;00000000;00000000;00000000;0000007683869;0000007739986;0000000089284;00056117;
20170718;DDI;*;F25 ;0000000000000;0000000000000;00020635;00000000;00000000;00000000;00000000;0000007258394;0000007306350;0000000076300;00047956;
20170718;DDI;*;F26 ;0000000000000;0000000000000;00013860;00000000;00000000;00000000;00000000;0000006877303;0000006924727;0000000075453;00047424;
20170718;DDI;*;F27 ;0000000000000;0000000000000;00011400;00000000;00000000;00000000;00000000;0000006494872;0000006537096;0000000067180;00042224;
20170718;DDI;*;F28 ;0000000000000;0000000000000;00000110;00000000;00000000;00000000;00000000;0000006145221;0000006186237;0000000065258;00041016;
20170718;DDI;*;F29 ;0000000000000;0000000000000;00000000;00000000;00000000;00000000;00000000;0000005810838;0000005846486;0000000000000;00035648;
20170718;DDI;*;F30 ;0000000000000;0000000000000;00000500;00000000;00000000;00000000;00000000;0000005493165;0000005527390;0000000054453;00034225;
20170718;DDI;*;G18 ;0000000000000;0000000000000;00049410;00000000;00000000;00000000;00000000;0000009811136;0000009881421;0000000111826;00070285;
20170718;DDI;*;H18 ;0000000000000;0000000000000;00026099;00000000;00000000;00000000;00000000;0000009792220;0000009862315;0000000111524;00070095;
20170718;DDI;*;J18 ;0000000000000;0000000000000;00114389;00000000;00000000;00000000;00000000;0000009771701;0000009842823;0000000113158;00071122;
20170718;DDI;*;J19 ;0000000000000;0000000000000;00049650;00000000;00000000;00000000;00000000;0000009507210;0000009575948;0000000109365;00068738;
20170718;DDI;*;J20 ;0000000000000;0000000000000;00028292;00000000;00000000;00000000;00000000;0000009176473;0000009248352;0000000114363;00071879;
20170718;DDI;*;J21 ;0000000000000;0000000000000;00006237;00000000;00000000;00000000;00000000;0000008819924;0000008885423;0000000104212;00065499;
20170718;DDI;*;J22 ;0000000000000;0000000000000;00000640;00000000;00000000;00000000;00000000;0000008420710;0000008481320;0000000096433;00060610;
20170718;DDI;*;K18 ;0000000000000;0000000000000;00025520;00000000;00000000;00000000;00000000;0000009753433;0000009823320;0000000111193;00069887;
20170718;DDI;*;M18 ;0000000000000;0000000000000;00017960;00000000;00000000;00000000;00000000;0000009731792;0000009801667;0000000111174;00069875;
20170718;DDI;*;N18 ;0000000000000;0000000000000;00120177;00000000;00000000;00000000;00000000;0000009712811;0000009782965;0000000111618;00070154;
20170718;DDI;*;N19 ;0000000000000;0000000000000;00056034;00000000;00000000;00000000;00000000;0000009428581;0000009497178;0000000109141;00068597;
20170718;DDI;*;N20 ;0000000000000;0000000000000;00047036;00000000;00000000;00000000;00000000;0000009087547;0000009157479;0000000111265;00069932;
20170718;DDI;*;N21 ;0000000000000;0000000000000;00006040;00000000;00000000;00000000;00000000;0000008719866;0000008783779;0000000101688;00063913;
20170718;DDI;*;N22 ;0000000000000;0000000000000;00001490;00000000;00000000;00000000;00000000;0000008319433;0000008380806;0000000097647;00061373;
20170718;DDI;*;Q17 ;0000000000000;0000000000000;00471608;00000000;00000000;00000000;00000000;0000009915629;0000009987987;0000000115125;00072358;
20170718;DDI;*;U17 ;0000000000000;0000000000000;00250880;00000000;00000000;00000000;00000000;0000009899397;0000009971275;0000000114361;00071878;
20170718;DDI;*;V17 ;0000000000000;0000000000000;00301179;00000000;00000000;00000000;00000000;0000009880479;0000009951726;0000000113357;00071247;
20170718;DDI;*;V18 ;0000000000000;0000000000000;00067118;00000000;00000000;00000000;00000000;0000009647440;0000009716504;0000000109884;00069064;
20170718;DDI;*;V19 ;0000000000000;0000000000000;00039324;00000000;00000000;00000000;00000000;0000009347833;0000009418915;0000000113095;00071082;
20170718;DDI;*;V20 ;0000000000000;0000000000000;00022910;00000000;00000000;00000000;00000000;0000008996282;0000009063487;0000000106926;00067205;
20170718;DDI;*;V21 ;0000000000000;0000000000000;00002102;00000000;00000000;00000000;00000000;0000008630213;0000008695560;0000000103970;00065347;
20170718;DDI;*;X17 ;0000000000000;0000000000000;00134720;00000000;00000000;00000000;00000000;0000009863500;0000009935043;0000000113828;00071543;
20170718;DDI;*;Z17 ;0000000000000;0000000000000;00104840;00000000;00000000;00000000;00000000;0000009846375;0000009917769;0000000113591;00071394;
20170718;DDM;*;K25 ;0000000000000;0000000000000;00000000;00000000;00000000;00000000;00000000;0000006636457;0000006634943;0000000000000;00001514;
20170718;DI1;*;F18 ;0023496078182;0007419501763;03569568;00008645;00008635;00008655;00008645;0000009631854;0000009631566;0000000000288;00000288;
20170718;DI1;*;F19 ;0016669550178;0005263846842;02271102;00008560;00008490;00008560;00008500;0000008887219;0000008883002;0000000004217;00004217;
20170718;DI1;*;F20 ;0007040298427;0002223158528;01598226;00009110;00009050;00009120;00009060;0000008083219;0000008076264;0000000006955;00006955;
20170718;DI1;*;F21 ;0012918355919;0004079309056;01270495;00009630;00009570;00009640;00009580;0000007297057;0000007288026;0000000009031;00009031;
20170718;DI1;*;F22 ;0000262353037;0000082844839;00104381;00009900;00009890;00009950;00009900;0000006573176;0000006562608;0000000010568;00010568;
20170718;DI1;*;F23 ;0002008409193;0000634207779;00702375;00010070;00010050;00010110;00010050;0000005938556;0000005923917;0000000014639;00014639;
20170718;DI1;*;F24 ;0000001607390;0000000507575;00056665;00010210;00010190;00010210;00010190;0000005361091;0000005342353;0000000018738;00018738;
20170718;DI1;*;F25 ;0001899631813;0000599858473;00566217;00010320;00010290;00010340;00010300;0000004825650;0000004802908;0000000022742;00022742;
20170718;DI1;*;F26 ;0000000217665;0000000068733;00061928;00010360;00010360;00010360;00010360;0000004353302;0000004330031;0000000023271;00023271;
20170718;DI1;*;F27 ;0000530646823;0000167565626;00403141;00010470;00010440;00010490;00010450;0000003914157;0000003894114;0000000020043;00020043;
20170718;DI1;*;F28 ;0000000000000;0000000000000;00000010;00000000;00000000;00000000;00000000;0000003528221;0000003508259;0000000019962;00019962;
20170718;DI1;*;F29 ;0000000000000;0000000000000;00004387;00000000;00000000;00000000;00000000;0000003186585;0000003166859;0000000019726;00019726;
20170718;DI1;*;F30 ;0000000000000;0000000000000;00000720;00000000;00000000;00000000;00000000;0000002867933;0000002848649;0000000019284;00019284;
20170718;DI1;*;G18 ;0000011480576;0000003625292;00038170;00008545;00008540;00008545;00008545;0000009567803;0000009567308;0000000000495;00000495;
20170718;DI1;*;H18 ;0000000951367;0000000300419;00027115;00008500;00008500;00008500;00008500;0000009514376;0000009513706;0000000000670;00000670;
20170718;DI1;*;J18 ;0003033827034;0000958010305;00911999;00008450;00008445;00008460;00008445;0000009452549;0000009451608;0000000000941;00000941;
20170718;DI1;*;J19 ;0000517336097;0000163362415;00580717;00008650;00008640;00008690;00008640;0000008695669;0000008689380;0000000006289;00006289;
20170718;DI1;*;J20 ;0000004730558;0000001493798;00077654;00009230;00009220;00009230;00009220;0000007885886;0000007877388;0000000008498;00008498;
20170718;DI1;*;J21 ;0000002844355;0000000898180;00031925;00009690;00009690;00009690;00009690;0000007115671;0000007106222;0000000009449;00009449;
20170718;DI1;*;J22 ;0000000000000;0000000000000;00001510;00000000;00000000;00000000;00000000;0000006399719;0000006388303;0000000011416;00011416;
20170718;DI1;*;K18 ;0000000000000;0000000000000;00022375;00000000;00000000;00000000;00000000;0000009391529;0000009390292;0000000001237;00001237;
20170718;DI1;*;M18 ;0000000000000;0000000000000;00016215;00000000;00000000;00000000;00000000;0000009329758;0000009328118;0000000001640;00001640;
20170718;DI1;*;N18 ;0002628039092;0000829872140;00793638;00008400;00008380;00008405;00008380;0000009267734;0000009265486;0000000002248;00002248;
20170718;DI1;*;N19 ;0001201353448;0000379358800;00478438;00008830;00008770;00008840;00008770;0000008497484;0000008491852;0000000005632;00005632;
20170718;DI1;*;N20 ;0002093655552;0000661126548;01262550;00009390;00009340;00009410;00009340;0000007691452;0000007681339;0000000010113;00010113;
20170718;DI1;*;N21 ;0000674874903;0000213109417;00108818;00009790;00009780;00009840;00009780;0000006926044;0000006916207;0000000009837;00009837;
20170718;DI1;*;N22 ;0000000000000;0000000000000;00004935;00000000;00000000;00000000;00000000;0000006255153;0000006242570;0000000012583;00012583;
20170718;DI1;*;N23 ;0000000000000;0000000000000;00003535;00000000;00000000;00000000;00000000;0000005646073;0000005629376;0000000016697;00016697;
20170718;DI1;*;N24 ;0000000000000;0000000000000;00003395;00000000;00000000;00000000;00000000;0000005094474;0000005073716;0000000020758;00020758;
20170718;DI1;*;Q17 ;0000775102224;0000244758818;00867524;00009855;00009853;00009860;00009860;0000009962753;0000009962739;0000000000014;00000014;
20170718;DI1;*;U17 ;0001304581503;0000411955761;00419375;00009390;00009385;00009390;00009387;0000009883159;0000009883110;0000000000049;00000049;
20170718;DI1;*;V17 ;0012758046443;0004028687143;02302566;00009102;00009100;00009110;00009107;0000009818303;0000009818302;0000000000001;00000001;
20170718;DI1;*;V18 ;0000500496486;0000158044867;00618396;00008440;00008420;00008460;00008420;0000009075623;0000009072162;0000000003461;00003461;
20170718;DI1;*;V19 ;0000589633625;0000186192252;00110193;00008980;00008950;00008980;00008960;0000008283606;0000008277278;0000000006328;00006328;
20170718;DI1;*;V20 ;0000004489550;0000001417693;00046205;00009510;00009500;00009510;00009500;0000007483311;0000007473656;0000000009655;00009655;
20170718;DI1;*;V21 ;0000001348501;0000000425824;00016482;00009870;00009840;00009870;00009840;0000006742119;0000006731899;0000000010220;00010220;
20170718;DI1;*;X17 ;0000295484110;0000093306843;00143147;00008930;00008930;00008940;00008935;0000009751953;0000009751847;0000000000106;00000106;
20170718;DI1;*;Z17 ;0000073656303;0000023258906;00185830;00008760;00008760;00008765;00008765;0000009691455;0000009690762;0000000000693;00000693;
20170718;DOL;*;F18 ;0000000000000;0000000000000;00009085;00000000;00000000;00000000;00000000;0000032467560;0000032703580;0000000118010;00236020;
20170718;DOL;*;F19 ;0000000000000;0000000000000;00000000;00000000;00000000;00000000;00000000;0000034292350;0000034555360;0000000000000;00263010;
20170718;DOL;*;F20 ;0000000000000;0000000000000;00000000;00000000;00000000;00000000;00000000;0000036439850;0000036750000;0000000000000;00310150;
20170718;DOL;*;F21 ;0000000000000;0000000000000;00003100;00000000;00000000;00000000;00000000;0000038828810;0000039155550;0000000163370;00326740;
20170718;DOL;*;F25 ;0000000000000;0000000000000;00000000;00000000;00000000;00000000;00000000;0000047862850;0000048407200;0000000000000;00544350;
20170718;DOL;*;G18 ;0000000000000;0000000000000;00000000;00000000;00000000;00000000;00000000;0000032630290;0000032865750;0000000000000;00235460;
20170718;DOL;*;H18 ;0000000000000;0000000000000;00000000;00000000;00000000;00000000;00000000;0000032750260;0000032987010;0000000000000;00236750;
20170718;DOL;*;J18 ;0000000000000;0000000000000;00000180;00000000;00000000;00000000;00000000;0000032895390;0000033138110;0000000121360;00242720;
20170718;DOL;*;J19 ;0000000000000;0000000000000;00000050;00000000;00000000;00000000;00000000;0000034790760;0000035067660;0000000138450;00276900;
20170718;DOL;*;J20 ;0000000000000;0000000000000;00000000;00000000;00000000;00000000;00000000;0000037028750;0000037359050;0000000000000;00330300;
20170718;DOL;*;J22 ;0000000000000;0000000000000;00000000;00000000;00000000;00000000;00000000;0000041869870;0000042246600;0000000000000;00376730;
20170718;DOL;*;K18 ;0000000000000;0000000000000;00000500;00000000;00000000;00000000;00000000;0000033047230;0000033288410;0000000120590;00241180;
20170718;DOL;*;M18 ;0000000000000;0000000000000;00000000;00000000;00000000;00000000;00000000;0000033192220;0000033436420;0000000000000;00244200;
20170718;DOL;*;N18 ;0000000000000;0000000000000;00000665;00000000;00000000;00000000;00000000;0000033349180;0000033598210;0000000124515;00249030;
20170718;DOL;*;N19 ;0000000000000;0000000000000;00000400;00000000;00000000;00000000;00000000;0000035307730;0000035588190;0000000140230;00280460;
20170718;DOL;*;N20 ;0000000000000;0000000000000;00000000;00000000;00000000;00000000;00000000;0000037596910;0000037936110;0000000000000;00339200;
20170718;DOL;*;N21 ;0000000000000;0000000000000;00000000;00000000;00000000;00000000;00000000;0000040062530;0000040413570;0000000000000;00351040;
20170718;DOL;*;N22 ;0000000000000;0000000000000;00000000;00000000;00000000;00000000;00000000;0000042322330;0000042720480;0000000000000;00398150;
20170718;DOL;*;Q17 ;0037758930125;0011923370634;00624459;03182000;03162000;03184500;03163500;0000031670510;0000031901620;0000000115555;00231110;
20170718;DOL;*;U17 ;0000167872000;0000053009979;00015326;03195000;03188000;03198000;03188000;0000031873280;0000032104870;0000000115795;00231590;
20170718;DOL;*;V17 ;0000158240250;0000049968501;00013615;03213000;03213000;03213000;03213000;0000032022510;0000032253430;0000000115460;00230920;
20170718;DOL;*;V18 ;0000000000000;0000000000000;00000035;00000000;00000000;00000000;00000000;0000033825910;0000034081060;0000000127575;00255150;
20170718;DOL;*;V19 ;0000000000000;0000000000000;00000000;00000000;00000000;00000000;00000000;0000035909170;0000036209880;0000000000000;00300710;
20170718;DOL;*;X17 ;0000158245500;0000049970159;00000315;03229500;03229500;03229500;03229500;0000032184980;0000032418780;0000000116900;00233800;
20170718;DOL;*;Z17 ;0000000812500;0000000256568;00000025;03250000;03250000;03250000;03250000;0000032329670;0000032566410;0000000118370;00236740;
20170718;DR1;*;Q7U7;0000000000000;0000000000000;00000000;00020300;00020300;00020300;00020300;0000000000000;0000000000000;0000000000000;00000000;
20170718;ETH;*;F18 ;0000000000000;0000000000000;00000030;00000000;00000000;00000000;00000000;0000000155000;0000000155000;0000000000000;00000000;
20170718;ETH;*;G18 ;0000000000000;0000000000000;00000030;00000000;00000000;00000000;00000000;0000000155000;0000000155000;0000000000000;00000000;
20170718;ETH;*;H18 ;0000000000000;0000000000000;00000030;00000000;00000000;00000000;00000000;0000000155000;0000000155000;0000000000000;00000000;
20170718;ETH;*;J18 ;0000000000000;0000000000000;00000000;00000000;00000000;00000000;00000000;0000000157350;0000000157350;0000000000000;00000000;
20170718;ETH;*;K18 ;0000000000000;0000000000000;00000000;00000000;00000000;00000000;00000000;0000000150050;0000000150050;0000000000000;00000000;
20170718;ETH;*;N17 ;0000000000000;0000000000000;00000378;00000000;00000000;00000000;00000000;0000000136500;0000000136000;0000000015000;00000500;
20170718;ETH;*;Q17 ;0000001219500;0000000386003;00000700;00135500;00135500;00135500;00135500;0000000137500;0000000136750;0000000022500;00000750;
20170718;ETH;*;U17 ;0000000000000;0000000000000;00000000;00000000;00000000;00000000;00000000;0000000139000;0000000138750;0000000000000;00000250;
20170718;ETH;*;V17 ;0000000000000;0000000000000;00000410;00000000;00000000;00000000;00000000;0000000142000;0000000142000;0000000000000;00000000;
20170718;ETH;*;X17 ;0000001314000;0000000415915;00000299;00146000;00146000;00146000;00146000;0000000150000;0000000150000;0000000000000;00000000;
20170718;ETH;*;Z17 ;0000000000000;0000000000000;00000571;00000000;00000000;00000000;00000000;0000000150500;0000000150500;0000000000000;00000000;
20170718;EUR;*;Q17 ;0000045939075;0000014506466;00013308;03678700;03660300;03685100;03667000;0000036637430;0000036651130;0000000006850;00013700;
20170718;EUR;*;U17 ;0000002760750;0000000871779;00000548;03681000;03681000;03681000;03681000;0000036924590;0000036937160;0000000006285;00012570;
20170718;EUR;*;V17 ;0000000000000;0000000000000;00003190;00000000;00000000;00000000;00000000;0000037151410;0000037162510;0000000005550;00011100;
20170718;EUR;*;X17 ;0000000000000;0000000000000;00000000;00000000;00000000;00000000;00000000;0000037396470;0000037409440;0000000000000;00012970;
20170718;FRC;*;F18 ;0000000000000;0000000000000;00000000;00000209;00000209;00000209;00000209;0000000000209;0000000000211;0000000000001;00000002;
20170718;FRC;*;F19 ;0000000000000;0000000000000;00000000;00000245;00000245;00000245;00000245;0000000000245;0000000000246;0000000000000;00000001;
20170718;FRC;*;F20 ;0000000000000;0000000000000;00000000;00000290;00000290;00000290;00000290;0000000000290;0000000000288;0000000000001;00000002;
20170718;FRC;*;F21 ;0000000000000;0000000000000;00000000;00000327;00000327;00000328;00000327;0000000000327;0000000000327;0000000000000;00000000;
20170718;FRC;*;F22 ;0000000000000;0000000000000;00000000;00000368;00000368;00000368;00000368;0000000000368;0000000000368;0000000000000;00000000;
20170718;FRC;*;F23 ;0000000000000;0000000000000;00000000;00000409;00000409;00000409;00000409;0000000000409;0000000000409;0000000000000;00000000;
20170718;FRC;*;F24 ;0000000000000;0000000000000;00000000;00000000;00000000;00000000;00000000;0000000000446;0000000000446;0000000000000;00000000;
20170718;FRC;*;F25 ;0000000000000;0000000000000;00000000;00000486;00000486;00000486;00000486;0000000000486;0000000000487;0000000000000;00000001;
20170718;FRC;*;F26 ;0000000000000;0000000000000;00000000;00000000;00000000;00000000;00000000;0000000000517;0000000000518;0000000000000;00000001;
20170718;FRC;*;F27 ;0000000000000;0000000000000;00000000;00000000;00000000;00000000;00000000;0000000000551;0000000000552;0000000000000;00000001;
20170718;FRC;*;F28 ;0000000000000;0000000000000;00000000;00000000;00000000;00000000;00000000;0000000000580;0000000000581;0000000000000;00000001;
20170718;FRC;*;F29 ;0000000000000;0000000000000;00000000;00000000;00000000;00000000;00000000;0000000000610;0000000000611;0000000000000;00000001;
20170718;FRC;*;F30 ;0000000000000;0000000000000;00000000;00000000;00000000;00000000;00000000;0000000000639;0000000000640;0000000000000;00000001;
20170718;FRC;*;G18 ;0000000000000;0000000000000;00000000;00000206;00000206;00000208;00000208;0000000000208;0000000000211;0000000000001;00000003;
20170718;FRC;*;H18 ;0000000000000;0000000000000;00000000;00000000;00000000;00000000;00000000;0000000000214;0000000000216;0000000000000;00000002;
20170718;FRC;*;J18 ;0000000000000;0000000000000;00000000;00000218;00000217;00000218;00000217;0000000000217;0000000000218;0000000000000;00000001;
20170718;FRC;*;J19 ;0000000000000;0000000000000;00000000;00000000;00000000;00000000;00000000;0000000000254;0000000000255;0000000000000;00000001;
20170718;FRC;*;J20 ;0000000000000;0000000000000;00000000;00000000;00000000;00000000;00000000;0000000000298;0000000000296;0000000000000;00000002;
20170718;FRC;*;J21 ;0000000000000;0000000000000;00000000;00000000;00000000;00000000;00000000;0000000000334;0000000000334;0000000000000;00000000;
20170718;FRC;*;J22 ;0000000000000;0000000000000;00000000;00000000;00000000;00000000;00000000;0000000000375;0000000000375;0000000000000;00000000;
20170718;FRC;*;K18 ;0000000000000;0000000000000;00000000;00000000;00000000;00000000;00000000;0000000000219;0000000000220;0000000000000;00000001;
20170718;FRC;*;M18 ;0000000000000;0000000000000;00000000;00000000;00000000;00000000;00000000;0000000000224;0000000000225;0000000000000;00000001;
20170718;FRC;*;N18 ;0000000000000;0000000000000;00000000;00000224;00000224;00000224;00000224;0000000000224;0000000000225;0000000000000;00000001;
20170718;FRC;*;N19 ;0000000000000;0000000000000;00000000;00000266;00000266;00000266;00000266;0000000000266;0000000000266;0000000000000;00000000;
20170718;FRC;*;N20 ;0000000000000;0000000000000;00000000;00000000;00000000;00000000;00000000;0000000000308;0000000000307;0000000000000;00000001;
20170718;FRC;*;N21 ;0000000000000;0000000000000;00000000;00000345;00000345;00000345;00000345;0000000000345;0000000000345;0000000000000;00000000;
20170718;FRC;*;N22 ;0000000000000;0000000000000;00000000;00000000;00000000;00000000;00000000;0000000000385;0000000000385;0000000000000;00000000;
20170718;FRC;*;U17 ;0000000000000;0000000000000;00000000;00000190;00000187;00000191;00000190;0000000000190;0000000000195;0000000000002;00000005;
20170718;FRC;*;V17 ;0000000000000;0000000000000;00000000;00000206;00000206;00000208;00000207;0000000000207;0000000000212;0000000000002;00000005;
20170718;FRC;*;V18 ;0000000000000;0000000000000;00000000;00000000;00000000;00000000;00000000;0000000000235;0000000000236;0000000000000;00000001;
20170718;FRC;*;V19 ;0000000000000;0000000000000;00000000;00000000;00000000;00000000;00000000;0000000000276;0000000000275;0000000000000;00000001;
20170718;FRC;*;V20 ;0000000000000;0000000000000;00000000;00000000;00000000;00000000;00000000;0000000000318;0000000000317;0000000000000;00000001;
20170718;FRC;*;V21 ;0000000000000;0000000000000;00000000;00000000;00000000;00000000;00000000;0000000000352;0000000000352;0000000000000;00000000;
20170718;FRC;*;X17 ;0000000000000;0000000000000;00000000;00000204;00000204;00000207;00000207;0000000000207;0000000000209;0000000000001;00000002;
20170718;FRC;*;Z17 ;0000000000000;0000000000000;00000000;00000208;00000208;00000208;00000208;0000000000208;0000000000209;0000000000000;00000001;
20170718;FRO;*;F18 ;0000000000000;0000000000000;00000000;00000000;00000000;00000000;00000000;0000000000210;0000000000212;0000000000000;00000002;
20170718;FRO;*;F19 ;0000000000000;0000000000000;00000000;00000000;00000000;00000000;00000000;0000000000246;0000000000247;0000000000000;00000001;
20170718;FRO;*;F20 ;0000000000000;0000000000000;00000000;00000000;00000000;00000000;00000000;0000000000291;0000000000289;0000000000000;00000002;
20170718;FRO;*;F21 ;0000000000000;0000000000000;00000000;00000000;00000000;00000000;00000000;0000000000328;0000000000328;0000000000000;00000000;
20170718;FRO;*;F22 ;0000000000000;0000000000000;00000000;00000000;00000000;00000000;00000000;0000000000369;0000000000369;0000000000000;00000000;
20170718;FRO;*;F23 ;0000000000000;0000000000000;00000000;00000000;00000000;00000000;00000000;0000000000410;0000000000410;0000000000000;00000000;
20170718;FRO;*;F24 ;0000000000000;0000000000000;00000000;00000000;00000000;00000000;00000000;0000000000447;0000000000447;0000000000000;00000000;
20170718;FRO;*;F25 ;0000000000000;0000000000000;00000000;00000000;00000000;00000000;00000000;0000000000487;0000000000488;0000000000000;00000001;
20170718;FRO;*;F26 ;0000000000000;0000000000000;00000000;00000000;00000000;00000000;00000000;0000000000519;0000000000520;0000000000000;00000001;
20170718;FRO;*;F27 ;0000000000000;0000000000000;00000000;00000000;00000000;00000000;00000000;0000000000553;0000000000554;0000000000000;00000001;
20170718;FRO;*;F28 ;0000000000000;0000000000000;00000000;00000000;00000000;00000000;00000000;0000000000582;0000000000583;0000000000000;00000001;
20170718;FRO;*;F29 ;0000000000000;0000000000000;00000000;00000000;00000000;00000000;00000000;0000000000612;0000000000613;0000000000000;00000001;
20170718;FRO;*;F30 ;0000000000000;0000000000000;00000000;00000000;00000000;00000000;00000000;0000000000641;0000000000642;0000000000000;00000001;
20170718;FRO;*;G18 ;0000000000000;0000000000000;00000000;00000000;00000000;00000000;00000000;0000000000209;0000000000212;0000000000000;00000003;
20170718;FRO;*;H18 ;0000000000000;0000000000000;00000000;00000000;00000000;00000000;00000000;0000000000215;0000000000217;0000000000000;00000002;
20170718;FRO;*;J18 ;0000000000000;0000000000000;00000000;00000000;00000000;00000000;00000000;0000000000218;0000000000219;0000000000000;00000001;
20170718;FRO;*;J19 ;0000000000000;0000000000000;00000000;00000000;00000000;00000000;00000000;0000000000255;0000000000256;0000000000000;00000001;
20170718;FRO;*;J20 ;0000000000000;0000000000000;00000000;00000000;00000000;00000000;00000000;0000000000299;0000000000297;0000000000000;00000002;
20170718;FRO;*;J21 ;0000000000000;0000000000000;00000000;00000000;00000000;00000000;00000000;0000000000335;0000000000335;0000000000000;00000000;
20170718;FRO;*;J22 ;0000000000000;0000000000000;00000000;00000000;00000000;00000000;00000000;0000000000376;0000000000376;0000000000000;00000000;
20170718;FRO;*;K18 ;0000000000000;0000000000000;00000000;00000000;00000000;00000000;00000000;0000000000220;0000000000221;0000000000000;00000001;
20170718;FRO;*;M18 ;0000000000000;0000000000000;00000000;00000000;00000000;00000000;00000000;0000000000225;0000000000226;0000000000000;00000001;
20170718;FRO;*;N18 ;0000000000000;0000000000000;00000000;00000000;00000000;00000000;00000000;0000000000225;0000000000226;0000000000000;00000001;
20170718;FRO;*;N19 ;0000000000000;0000000000000;00000000;00000000;00000000;00000000;00000000;0000000000267;0000000000267;0000000000000;00000000;
20170718;FRO;*;N20 ;0000000000000;0000000000000;00000000;00000000;00000000;00000000;00000000;0000000000309;0000000000308;0000000000000;00000001;
20170718;FRO;*;N21 ;0000000000000;0000000000000;00000000;00000000;00000000;00000000;00000000;0000000000346;0000000000346;0000000000000;00000000;
20170718;FRO;*;N22 ;0000000000000;0000000000000;00000000;00000000;00000000;00000000;00000000;0000000000386;0000000000386;0000000000000;00000000;
20170718;FRO;*;U17 ;0000000000000;0000000000000;00000000;00000000;00000000;00000000;00000000;0000000000191;0000000000196;0000000000000;00000005;
20170718;FRO;*;V17 ;0000000000000;0000000000000;00000000;00000000;00000000;00000000;00000000;0000000000208;0000000000213;0000000000000;00000005;
20170718;FRO;*;V18 ;0000000000000;0000000000000;00000000;00000000;00000000;00000000;00000000;0000000000236;0000000000237;0000000000000;00000001;
20170718;FRO;*;V19 ;0000000000000;0000000000000;00000000;00000000;00000000;00000000;00000000;0000000000277;0000000000276;0000000000000;00000001;
20170718;FRO;*;V20 ;0000000000000;0000000000000;00000000;00000000;00000000;00000000;00000000;0000000000319;0000000000318;0000000000000;00000001;
20170718;FRO;*;V21 ;0000000000000;0000000000000;00000000;00000000;00000000;00000000;00000000;0000000000353;0000000000353;0000000000000;00000000;
20170718;FRO;*;X17 ;0000000000000;0000000000000;00000000;00000000;00000000;00000000;00000000;0000000000208;0000000000210;0000000000000;00000002;
20170718;FRO;*;Z17 ;0000000000000;0000000000000;00000000;00000000;00000000;00000000;00000000;0000000000209;0000000000210;0000000000000;00000001;
20170718;FRP;*;FRP0;0000000000000;0000000000000;00000000;00000780;00000760;00000930;00000930;0000000000000;0000000000000;0000000000000;00000000;
20170718;FRP;*;FRP1;0000000000000;0000000000000;00000000;00000800;00000800;00000800;00000800;0000000000000;0000000000000;0000000000000;00000000;
20170718;GBP;*;Q17 ;0000009572412;0000003022740;00000804;04144100;04131000;04144100;04131000;0000041342530;0000041670780;0000000114887;00328250;
20170718;GBP;*;U17 ;0000002898420;0000000915252;00000152;04140600;04140600;04140600;04140600;0000041643200;0000041972060;0000000115101;00328860;
20170718;GBP;*;V17 ;0000000000000;0000000000000;00000000;00000000;00000000;00000000;00000000;0000041874570;0000042203120;0000000000000;00328550;
20170718;HSI;*;N17 ;0000000000000;0000000000000;00000000;00000000;00000000;00000000;00000000;0000000026563;0000000026500;0000000000000;00000063;
20170718;HSI;*;Q17 ;0000000000000;0000000000000;00000000;00000000;00000000;00000000;00000000;0000000026515;0000000026455;0000000000000;00000060;
20170718;ICF;*;H18 ;0000000000000;0000000000000;00000000;00000000;00000000;00000000;00000000;0000000016985;0000000016810;0000000000000;00000175;
20170718;ICF;*;N17 ;0000000000000;0000000000000;00000000;00000000;00000000;00000000;00000000;0000000015575;0000000015525;0000000015796;00000050;
20170718;ICF;*;U17 ;0000014846325;0000004699245;00003581;00015875;00015820;00016150;00016040;0000000016100;0000000015890;0000000066345;00000210;
20170718;ICF;*;U18 ;0000000054798;0000000017345;00001747;00017345;00017345;00017345;00017345;0000000017245;0000000017075;0000000053708;00000170;
20170718;ICF;*;U19 ;0000000000000;0000000000000;00000461;00000000;00000000;00000000;00000000;0000000018195;0000000018030;0000000052128;00000165;
20170718;ICF;*;Z17 ;0000005595089;0000001770990;00003694;00016400;00016380;00016685;00016610;0000000016665;0000000016440;0000000071084;00000225;
20170718;ICF;*;Z18 ;0000000000000;0000000000000;00000396;00000000;00000000;00000000;00000000;0000000017750;0000000017580;0000000053708;00000170;
20170718;IND;*;G18 ;0000000000000;0000000000000;00000000;00000000;00000000;00000000;00000000;0000000068059;0000000067993;0000000000000;00000066;
20170718;IND;*;G19 ;0000000000000;0000000000000;00000000;00000000;00000000;00000000;00000000;0000000073227;0000000073196;0000000000000;00000031;
20170718;IND;*;J18 ;0000000000000;0000000000000;00000000;00000000;00000000;00000000;00000000;0000000068883;0000000068820;0000000000000;00000063;
20170718;IND;*;J19 ;0000000000000;0000000000000;00000000;00000000;00000000;00000000;00000000;0000000074258;0000000074235;0000000000000;00000023;
20170718;IND;*;M18 ;0000000000000;0000000000000;00001815;00000000;00000000;00000000;00000000;0000000069612;0000000069555;0000000005700;00000057;
20170718;IND;*;M19 ;0000000000000;0000000000000;00000000;00000000;00000000;00000000;00000000;0000000075211;0000000075184;0000000000000;00000027;
20170718;IND;*;Q17 ;0002918179350;0000921491521;00244748;00065545;00065375;00065880;00065880;0000000065760;0000000065693;0000000006700;00000067;
20170718;IND;*;Q18 ;0000000000000;0000000000000;00000000;00000000;00000000;00000000;00000000;0000000070521;0000000070471;0000000000000;00000050;
20170718;IND;*;V17 ;0000073372000;0000023169130;00011720;00066400;00066400;00066400;00066400;0000000066602;0000000066534;0000000006800;00000068;
20170718;IND;*;V18 ;0000000000000;0000000000000;00000000;00000000;00000000;00000000;00000000;0000000071417;0000000071373;0000000000000;00000044;
20170718;IND;*;Z17 ;0000017506000;0000005527978;00022550;00067300;00067300;00067400;00067400;0000000067349;0000000067283;0000000006600;00000066;
20170718;IND;*;Z18 ;0000000000000;0000000000000;00000150;00000000;00000000;00000000;00000000;0000000072242;0000000072201;0000000004100;00000041;
20170718;IR1;*;Q7V7;0000000000000;0000000000000;00000000;00000865;00000865;00000865;00000865;0000000000000;0000000000000;0000000000000;00000000;
20170718;ISP;*;H18 ;0000000000000;0000000000000;00000000;00000000;00000000;00000000;00000000;0000000245550;0000000245550;0000000000000;00000000;
20170718;ISP;*;M18 ;0000000000000;0000000000000;00000000;00000000;00000000;00000000;00000000;0000000245450;0000000245450;0000000000000;00000000;
20170718;ISP;*;U17 ;0000152421771;0000048245425;00004291;00245700;00244800;00246100;00246100;0000000245925;0000000245925;0000000000000;00000000;
20170718;ISP;*;Z17 ;0000000775529;0000000245475;00000010;00245475;00245475;00245475;00245475;0000000245700;0000000245725;0000000003949;00000025;
20170718;JPY;*;Q17 ;0000002261700;0000000714191;00002456;02826800;02826800;02832000;02832000;0000028298600;0000028341600;0000000021500;00043000;
20170718;JPY;*;U17 ;0000000000000;0000000000000;00000047;00000000;00000000;00000000;00000000;0000028511300;0000028553300;0000000021000;00042000;
20170718;JPY;*;V17 ;0000000000000;0000000000000;00000085;00000000;00000000;00000000;00000000;0000028677300;0000028718100;0000000020400;00040800;
20170718;JPY;*;X17 ;0000000000000;0000000000000;00000000;00000000;00000000;00000000;00000000;0000028859200;0000028902300;0000000000000;00043100;
20170718;JSE;*;U17 ;0000000000000;0000000000000;00000000;00000000;00000000;00000000;00000000;0000000047121;0000000047670;0000000000000;00000549;
20170718;JSE;*;Z17 ;0000000000000;0000000000000;00000000;00000000;00000000;00000000;00000000;0000000047886;0000000048435;0000000000000;00000549;
20170718;MIX;*;U17 ;0000000000000;0000000000000;00000000;00000000;00000000;00000000;00000000;0000000001950;0000000001961;0000000000000;00000011;
20170718;MIX;*;Z17 ;0000000000000;0000000000000;00000000;00000000;00000000;00000000;00000000;0000000001971;0000000001985;0000000000000;00000014;
20170718;MXN;*;Q17 ;0000011259780;0000003555570;00000963;01808800;01808800;01808800;01808800;0000018071120;0000018103120;0000000024000;00032000;
20170718;MXN;*;U17 ;0000006090187;0000001923136;00000070;01804500;01804500;01804500;01804500;0000018091980;0000018123420;0000000023580;00031440;
20170718;MXN;*;V17 ;0000000000000;0000000000000;00000000;00000000;00000000;00000000;00000000;0000018083520;0000018113830;0000000000000;00030310;
20170718;NZD;*;Q17 ;0000000000000;0000000000000;00000343;00000000;00000000;00000000;00000000;0000023292710;0000023350760;0000000043537;00058050;
20170718;NZD;*;U17 ;0000000000000;0000000000000;00000000;00000000;00000000;00000000;00000000;0000023429870;0000023483890;0000000000000;00054020;
20170718;NZD;*;V17 ;0000000000000;0000000000000;00000000;00000000;00000000;00000000;00000000;0000023526600;0000023579590;0000000000000;00052990;
20170718;OC1;*;F18 ;0000000000000;0000000000000;00000000;00000000;00000000;00000000;00000000;0000009631453;0000009631165;0000000000000;00000288;
20170718;OC1;*;F19 ;0000000000000;0000000000000;00000000;00000000;00000000;00000000;00000000;0000008886036;0000008881819;0000000000000;00004217;
20170718;OC1;*;F20 ;0000000000000;0000000000000;00000000;00000000;00000000;00000000;00000000;0000008081405;0000008074452;0000000000000;00006953;
20170718;OC1;*;F21 ;0000000000000;0000000000000;00000000;00000000;00000000;00000000;00000000;0000007294535;0000007285508;0000000000000;00009027;
20170718;OC1;*;F22 ;0000000000000;0000000000000;00000000;00000000;00000000;00000000;00000000;0000006570256;0000006559693;0000000000000;00010563;
20170718;OC1;*;F23 ;0000000000000;0000000000000;00000000;00000000;00000000;00000000;00000000;0000005935330;0000005920699;0000000000000;00014631;
20170718;OC1;*;F24 ;0000000000000;0000000000000;00000000;00000000;00000000;00000000;00000000;0000005357654;0000005338618;0000000000000;00019036;
20170718;OC1;*;F25 ;0000000000000;0000000000000;00000000;00000000;00000000;00000000;00000000;0000004821750;0000004799028;0000000000000;00022722;
20170718;OC1;*;F26 ;0000000000000;0000000000000;00000000;00000000;00000000;00000000;00000000;0000004349311;0000004326063;0000000000000;00023248;
20170718;OC1;*;F27 ;0000000000000;0000000000000;00000000;00000000;00000000;00000000;00000000;0000003910150;0000003890129;0000000000000;00020021;
20170718;OC1;*;F28 ;0000000000000;0000000000000;00000000;00000000;00000000;00000000;00000000;0000003524229;0000003504292;0000000000000;00019937;
20170718;OC1;*;F29 ;0000000000000;0000000000000;00000000;00000000;00000000;00000000;00000000;0000003182640;0000003162940;0000000000000;00019700;
20170718;OC1;*;F30 ;0000000000000;0000000000000;00000000;00000000;00000000;00000000;00000000;0000002864076;0000002844820;0000000000000;00019256;
20170718;OC1;*;G18 ;0000000000000;0000000000000;00000000;00000000;00000000;00000000;00000000;0000009567327;0000009566831;0000000000000;00000496;
20170718;OC1;*;H18 ;0000000000000;0000000000000;00000000;00000000;00000000;00000000;00000000;0000009513840;0000009513169;0000000000000;00000671;
20170718;OC1;*;J18 ;0000000000000;0000000000000;00000000;00000000;00000000;00000000;00000000;0000009451944;0000009451003;0000000000000;00000941;
20170718;OC1;*;J19 ;0000000000000;0000000000000;00000000;00000000;00000000;00000000;00000000;0000008694319;0000008688031;0000000000000;00006288;
20170718;OC1;*;J20 ;0000000000000;0000000000000;00000000;00000000;00000000;00000000;00000000;0000007883941;0000007875251;0000000000000;00008690;
20170718;OC1;*;J21 ;0000000000000;0000000000000;00000000;00000000;00000000;00000000;00000000;0000007113040;0000007103595;0000000000000;00009445;
20170718;OC1;*;J22 ;0000000000000;0000000000000;00000000;00000000;00000000;00000000;00000000;0000006396720;0000006385310;0000000000000;00011410;
20170718;OC1;*;K18 ;0000000000000;0000000000000;00000000;00000000;00000000;00000000;00000000;0000009390923;0000009389617;0000000000000;00001306;
20170718;OC1;*;M18 ;0000000000000;0000000000000;00000000;00000000;00000000;00000000;00000000;0000009329091;0000009327377;0000000000000;00001714;
20170718;OC1;*;N18 ;0000000000000;0000000000000;00000000;00000000;00000000;00000000;00000000;0000009267007;0000009264679;0000000000000;00002328;
20170718;OC1;*;N19 ;0000000000000;0000000000000;00000000;00000000;00000000;00000000;00000000;0000008495975;0000008490344;0000000000000;00005631;
20170718;OC1;*;N20 ;0000000000000;0000000000000;00000000;00000000;00000000;00000000;00000000;0000007689180;0000007679071;0000000000000;00010109;
20170718;OC1;*;N21 ;0000000000000;0000000000000;00000000;00000000;00000000;00000000;00000000;0000006923316;0000006913483;0000000000000;00009833;
20170718;OC1;*;N22 ;0000000000000;0000000000000;00000000;00000000;00000000;00000000;00000000;0000006252068;0000006239492;0000000000000;00012576;
20170718;OC1;*;N23 ;0000000000000;0000000000000;00000000;00000000;00000000;00000000;00000000;0000005642730;0000005625741;0000000000000;00016989;
20170718;OC1;*;N24 ;0000000000000;0000000000000;00000000;00000000;00000000;00000000;00000000;0000005090640;0000005069899;0000000000000;00020741;
20170718;OC1;*;Q17 ;0000000000000;0000000000000;00000000;00000000;00000000;00000000;00000000;0000009962717;0000009962702;0000000000000;00000015;
20170718;OC1;*;U17 ;0000000000000;0000000000000;00000000;00000000;00000000;00000000;00000000;0000009883041;0000009882991;0000000000000;00000050;
20170718;OC1;*;V17 ;0000000000000;0000000000000;00000000;00000000;00000000;00000000;00000000;0000009818114;0000009818113;0000000000000;00000001;
20170718;OC1;*;V18 ;0000000000000;0000000000000;00000000;00000000;00000000;00000000;00000000;0000009074620;0000009071159;0000000000000;00003461;
20170718;OC1;*;V19 ;0000000000000;0000000000000;00000000;00000000;00000000;00000000;00000000;0000008281938;0000008275611;0000000000000;00006327;
20170718;OC1;*;V20 ;0000000000000;0000000000000;00000000;00000000;00000000;00000000;00000000;0000007480910;0000007471258;0000000000000;00009652;
20170718;OC1;*;V21 ;0000000000000;0000000000000;00000000;00000000;00000000;00000000;00000000;0000006739291;0000006729075;0000000000000;00010216;
20170718;OC1;*;X17 ;0000000000000;0000000000000;00000000;00000000;00000000;00000000;00000000;0000009751690;0000009751584;0000000000000;00000106;
20170718;OC1;*;Z17 ;0000000000000;0000000000000;00000000;00000000;00000000;00000000;00000000;0000009691122;0000009690429;0000000000000;00000693;
20170718;OZ1;*;0000;0000000062512;0000000019740;00000000;00125150;00125150;00125150;00125150;0000000125150;0000000126212;0000000000000;00000850;
20170718;OZ1;*;Q17 ;0000000000000;0000000000000;00000000;00000000;00000000;00000000;00000000;0000000125571;0000000126473;0000000000000;00000902;
20170718;OZ1;*;U17 ;0000000000000;0000000000000;00000000;00000000;00000000;00000000;00000000;0000000126585;0000000127495;0000000000000;00000910;
20170718;OZ2;*;0000;0000000125207;0000000039537;00000000;00126400;00124600;00126900;00124600;0000000125333;0000000126675;0000000000000;00001800;
20170718;OZ3;*;0000;0000000001998;0000000000631;00000000;00126000;00125000;00126000;00125000;0000000125107;0000000125500;0000000000000;00000500;
20170718;SCS;*;F802;0000000000000;0000000000000;00160920;00000000;00000000;00000000;00000000;0000000000000;0000000000000;0000000000000;00000000;
20170718;SCS;*;J802;0000000000000;0000000000000;00106650;00000000;00000000;00000000;00000000;0000000000000;0000000000000;0000000000000;00000000;
20170718;SCS;*;Q701;0000000000000;0000000000000;00123620;00000000;00000000;00000000;00000000;0000000000000;0000000000000;0000000000000;00000000;
20170718;SCS;*;V702;0000000000000;0000000000000;00164095;00000000;00000000;00000000;00000000;0000000000000;0000000000000;0000000000000;00000000;
20170718;SFI;*;K18 ;0000000000000;0000000000000;00000000;00000000;00000000;00000000;00000000;0000000002161;0000000002159;0000000000000;00000002;
20170718;SFI;*;N18 ;0000000000000;0000000000000;00000000;00000000;00000000;00000000;00000000;0000000002178;0000000002176;0000000000000;00000002;
20170718;SFI;*;X17 ;0000000000000;0000000000000;00000000;00000000;00000000;00000000;00000000;0000000002136;0000000002127;0000000000000;00000009;
20170718;SJC;*;F18 ;0000000000000;0000000000000;00000000;00000000;00000000;00000000;00000000;0000000222663;0000000221836;0000000000000;00000827;
20170718;SJC;*;H18 ;0000000000000;0000000000000;00000000;00000000;00000000;00000000;00000000;0000000223104;0000000222608;0000000000000;00000496;
20170718;SJC;*;K18 ;0000001541789;0000000488016;00000457;00002200;00002200;00002270;00002249;0000000223876;0000000223710;0000000002359;00000166;
20170718;SJC;*;N18 ;0000000000000;0000000000000;00000000;00000000;00000000;00000000;00000000;0000000225364;0000000225198;0000000000000;00000166;
20170718;SJC;*;Q17 ;0000004129894;0000001307218;00000581;00002210;00002190;00002210;00002190;0000000218144;0000000217152;0000000014103;00000992;
20170718;SJC;*;U17 ;0000000124751;0000000039487;00000131;00002210;00002187;00002210;00002189;0000000219081;0000000218089;0000000014103;00000992;
20170718;SJC;*;X17 ;0000004899610;0000001550853;00002097;00002230;00002205;00002236;00002206;0000000220844;0000000219907;0000000013321;00000937;
20170718;TRY;*;Q17 ;0000011189940;0000003533516;00000559;00898700;00898700;00899800;00899800;0000008953030;0000008998280;0000000033937;00045250;
20170718;TRY;*;U17 ;0000000000000;0000000000000;00000012;00000000;00000000;00000000;00000000;0000008923390;0000008968630;0000000033930;00045240;
20170718;TRY;*;V17 ;0000000000000;0000000000000;00000000;00000000;00000000;00000000;00000000;0000008891440;0000008935360;0000000000000;00043920;
20170718;T10;*;U17 ;0000020354879;0000006427586;00001651;00125937;00125937;00126141;00126141;0000001261093;0000001257500;0000000113783;00003593;
20170718;T10;*;Z17 ;0000000000000;0000000000000;00000000;00000000;00000000;00000000;00000000;0000001257656;0000001253750;0000000000000;00003906;
20170718;WDO;*;F18 ;0000000000000;0000000000000;00000000;00000000;00000000;00000000;00000000;0000032467560;0000032703580;0000000000000;00236020;
20170718;WDO;*;F19 ;0000000000000;0000000000000;00000000;00000000;00000000;00000000;00000000;0000034292350;0000034555360;0000000000000;00263010;
20170718;WDO;*;F20 ;0000000000000;0000000000000;00000000;00000000;00000000;00000000;00000000;0000036439850;0000036750000;0000000000000;00310150;
20170718;WDO;*;F21 ;0000000000000;0000000000000;00000000;00000000;00000000;00000000;00000000;0000038828810;0000039155550;0000000000000;00326740;
20170718;WDO;*;F25 ;0000000000000;0000000000000;00000000;00000000;00000000;00000000;00000000;0000047862850;0000048407200;0000000000000;00544350;
20170718;WDO;*;G18 ;0000000000000;0000000000000;00000000;00000000;00000000;00000000;00000000;0000032630290;0000032865750;0000000000000;00235460;
20170718;WDO;*;H18 ;0000000000000;0000000000000;00000000;00000000;00000000;00000000;00000000;0000032750260;0000032987010;0000000000000;00236750;
20170718;WDO;*;J18 ;0000000000000;0000000000000;00000000;00000000;00000000;00000000;00000000;0000032895390;0000033138110;0000000000000;00242720;
20170718;WDO;*;J19 ;0000000000000;0000000000000;00000000;00000000;00000000;00000000;00000000;0000034790760;0000035067660;0000000000000;00276900;
20170718;WDO;*;J20 ;0000000000000;0000000000000;00000000;00000000;00000000;00000000;00000000;0000037028750;0000037359050;0000000000000;00330300;
20170718;WDO;*;J22 ;0000000000000;0000000000000;00000000;00000000;00000000;00000000;00000000;0000041869870;0000042246600;0000000000000;00376730;
20170718;WDO;*;K18 ;0000000000000;0000000000000;00000000;00000000;00000000;00000000;00000000;0000033047230;0000033288410;0000000000000;00241180;
20170718;WDO;*;M18 ;0000000000000;0000000000000;00000000;00000000;00000000;00000000;00000000;0000033192220;0000033436420;0000000000000;00244200;
20170718;WDO;*;N18 ;0000000000000;0000000000000;00000000;00000000;00000000;00000000;00000000;0000033349180;0000033598210;0000000000000;00249030;
20170718;WDO;*;N19 ;0000000000000;0000000000000;00000000;00000000;00000000;00000000;00000000;0000035307730;0000035588190;0000000000000;00280460;
20170718;WDO;*;N20 ;0000000000000;0000000000000;00000000;00000000;00000000;00000000;00000000;0000037596910;0000037936110;0000000000000;00339200;
20170718;WDO;*;N21 ;0000000000000;0000000000000;00000000;00000000;00000000;00000000;00000000;0000040062530;0000040413570;0000000000000;00351040;
20170718;WDO;*;N22 ;0000000000000;0000000000000;00000000;00000000;00000000;00000000;00000000;0000042322330;0000042720480;0000000000000;00398150;
20170718;WDO;*;Q17 ;0018570725730;0005864192791;00052003;03182500;03162000;03184500;03164000;0000031670510;0000031901620;0000000023111;00231110;
20170718;WDO;*;U17 ;0000006799960;0000002147265;00000664;03195000;03185000;03200500;03200000;0000031873280;0000032104870;0000000023159;00231590;
20170718;WDO;*;V17 ;0000000000000;0000000000000;00000000;00000000;00000000;00000000;00000000;0000032022510;0000032253430;0000000000000;00230920;
20170718;WDO;*;V18 ;0000000000000;0000000000000;00000000;00000000;00000000;00000000;00000000;0000033825910;0000034081060;0000000000000;00255150;
20170718;WDO;*;V19 ;0000000000000;0000000000000;00000000;00000000;00000000;00000000;00000000;0000035909170;0000036209880;0000000000000;00300710;
20170718;WDO;*;X17 ;0000000000000;0000000000000;00000024;00000000;00000000;00000000;00000000;0000032184980;0000032418780;0000000023380;00233800;
20170718;WDO;*;Z17 ;0000000000000;0000000000000;00000012;00000000;00000000;00000000;00000000;0000032329670;0000032566410;0000000023674;00236740;
20170718;WEU;*;Q17 ;0000000000000;0000000000000;00000017;00000000;00000000;00000000;00000000;0000036637430;0000036651130;0000000001370;00013700;
20170718;WEU;*;U17 ;0000000000000;0000000000000;00000000;00000000;00000000;00000000;00000000;0000036924590;0000036937160;0000000000000;00012570;
20170718;WEU;*;V17 ;0000000000000;0000000000000;00000000;00000000;00000000;00000000;00000000;0000037151410;0000037162510;0000000000000;00011100;
20170718;WEU;*;X17 ;0000000000000;0000000000000;00000000;00000000;00000000;00000000;00000000;0000037396470;0000037409440;0000000000000;00012970;
20170718;WIN;*;G18 ;0000000000000;0000000000000;00000000;00000000;00000000;00000000;00000000;0000000068059;0000000067993;0000000000000;00000066;
20170718;WIN;*;G19 ;0000000000000;0000000000000;00000000;00000000;00000000;00000000;00000000;0000000073227;0000000073196;0000000000000;00000031;
20170718;WIN;*;J18 ;0000000000000;0000000000000;00000000;00000000;00000000;00000000;00000000;0000000068883;0000000068820;0000000000000;00000063;
20170718;WIN;*;J19 ;0000000000000;0000000000000;00000000;00000000;00000000;00000000;00000000;0000000074258;0000000074235;0000000000000;00000023;
20170718;WIN;*;M18 ;0000000000000;0000000000000;00000000;00000000;00000000;00000000;00000000;0000000069612;0000000069555;0000000000000;00000057;
20170718;WIN;*;M19 ;0000000000000;0000000000000;00000000;00000000;00000000;00000000;00000000;0000000075211;0000000075184;0000000000000;00000027;
20170718;WIN;*;Q17 ;0010589616188;0003343948525;00062708;00065525;00065375;00065895;00065895;0000000065760;0000000065693;0000000001340;00000067;
20170718;WIN;*;Q18 ;0000000000000;0000000000000;00000000;00000000;00000000;00000000;00000000;0000000070521;0000000070471;0000000000000;00000050;
20170718;WIN;*;V17 ;0000000000000;0000000000000;00000002;00000000;00000000;00000000;00000000;0000000066602;0000000066534;0000000001360;00000068;
20170718;WIN;*;V18 ;0000000000000;0000000000000;00000000;00000000;00000000;00000000;00000000;0000000071417;0000000071373;0000000000000;00000044;
20170718;WIN;*;Z17 ;0000000000000;0000000000000;00000000;00000000;00000000;00000000;00000000;0000000067349;0000000067283;0000000000000;00000066;
20170718;WIN;*;Z18 ;0000000000000;0000000000000;00000000;00000000;00000000;00000000;00000000;0000000072242;0000000072201;0000000000000;00000041;
20170718;WTI;*;Q17 ;0000000147602;0000000046720;00000080;00004672;00004672;00004672;00004672;0000000004640;0000000004602;0000000012005;00000038;
20170718;WTI;*;U17 ;0000000177824;0000000056286;00004336;00004694;00004672;00004694;00004672;0000000004659;0000000004623;0000000011373;00000036;
20170718;WTI;*;V17 ;0000000000000;0000000000000;00000000;00000000;00000000;00000000;00000000;0000000004676;0000000004641;0000000000000;00000035;
20170718;ZAR;*;Q17 ;0000011168598;0000003526777;00000478;02454600;02454600;02454700;02454700;0000024480710;0000024539700;0000000020646;00058990;
20170718;ZAR;*;U17 ;0000000000000;0000000000000;00000011;00000000;00000000;00000000;00000000;0000024490910;0000024560510;0000000024360;00069600;
20170718;ZAR;*;V17 ;0000000000000;0000000000000;00000000;00000000;00000000;00000000;00000000;0000024484660;0000024557310;0000000000000;00072650;
