Data;Código do Contrato;Pregão;Vencimento;Volume(R$);Volume(U$);Número de contas em Aberto;Preço de Abertura;Preço Mínimo;Preço Máximo;Último Preço;Preço de Ajuste Atual; Preço de Ajuste Anterior;Valor de Ajuste por Contrato;Variação
20170818;AUD;*;U17 ;0000000000000;0000000000000;00000352;00000000;00000000;00000000;00000000;0000025027630;0000025161490;0000000080316;00133860;
20170818;AUD;*;V17 ;0000052237368;0000016502612;00001191;02525000;02514500;02525000;02514500;0000025137110;0000025267010;0000000077940;00129900;
20170818;AUD;*;X17 ;0000000000000;0000000000000;00000000;00000000;00000000;00000000;00000000;0000025243910;0000025374420;0000000078306;00130510;
20170818;BGI;*;F18 ;0000000000000;0000000000000;00000000;00000000;00000000;00000000;00000000;0000000013909;0000000013826;0000000027390;00000083;
20170818;BGI;*;K18 ;0000000514404;0000000163469;00000223;00014168;00014150;00014185;00014150;0000000014206;0000000014104;0000000033660;00000102;
20170818;BGI;*;Q17 ;0000006892380;0000002190282;00000984;00013700;00013700;00013750;00013750;0000000013675;0000000013625;0000000016500;00000050;
20170818;BGI;*;U17 ;0000005931598;0000001884962;00000478;00014051;00014050;00014199;00014175;0000000014125;0000000014105;0000000006600;00000020;
20170818;BGI;*;V17 ;0000116262692;0000036946324;00008234;00014130;00014113;00014290;00014170;0000000014181;0000000014114;0000000022110;00000067;
20170818;BGI;*;V18 ;0000000962544;0000000305880;00000183;00014584;00014584;00014584;00014584;0000000014609;0000000014508;0000000033330;00000101;
20170818;BGI;*;X17 ;0000002267878;0000000720693;00000351;00014020;00013990;00014096;00014000;0000000013975;0000000013975;0000000000000;00000000;
20170818;BGI;*;Z17 ;0000000185463;0000000058937;00000005;00014033;00014033;00014090;00014045;0000000014167;0000000014100;0000000022110;00000067;
20170818;BRI;*;V17 ;0000002086330;0000000659105;00000868;00011501;00011501;00011596;00011596;0000000011593;0000000011471;0000000122000;00000122;
20170818;BRI;*;Z17 ;0000000000000;0000000000000;00000430;00000000;00000000;00000000;00000000;0000000011729;0000000011606;0000000123000;00000123;
20170818;BSE;*;Q17 ;0000000000000;0000000000000;00000000;00000000;00000000;00000000;00000000;0000000031626;0000000031905;0000000020925;00000279;
20170818;BSE;*;U17 ;0000000000000;0000000000000;00000000;00000000;00000000;00000000;00000000;0000000031845;0000000032126;0000000021075;00000281;
20170818;CAD;*;U17 ;0000011739084;0000003708563;00000312;02508300;02508300;02508400;02508400;0000025088950;0000025163120;0000000044502;00074170;
20170818;CAD;*;V17 ;0000013622580;0000004303589;00000985;02522700;02522700;02522700;02522700;0000025215690;0000025288160;0000000043482;00072470;
20170818;CAD;*;X17 ;0000000000000;0000000000000;00000000;00000000;00000000;00000000;00000000;0000025341240;0000025415090;0000000044310;00073850;
20170818;CCM;*;F18 ;0000003948057;0000001254626;00003098;00003100;00003100;00003140;00003117;0000000003128;0000000003102;0000000011700;00000026;
20170818;CCM;*;H18 ;0000001776856;0000000564655;00000879;00003200;00003180;00003219;00003219;0000000003219;0000000003178;0000000018450;00000041;
20170818;CCM;*;K18 ;0000000085846;0000000027280;00000209;00003194;00003150;00003194;00003150;0000000003169;0000000003168;0000000000450;00000001;
20170818;CCM;*;N18 ;0000000000000;0000000000000;00000000;00000000;00000000;00000000;00000000;0000000003148;0000000003133;0000000006750;00000015;
20170818;CCM;*;U17 ;0000041296306;0000013123270;00015759;00002820;00002820;00002890;00002871;0000000002863;0000000002818;0000000020250;00000045;
20170818;CCM;*;U18 ;0000000418500;0000000132992;00000124;00003100;00003100;00003100;00003100;0000000003129;0000000003100;0000000013050;00000029;
20170818;CCM;*;X17 ;0000012701866;0000004036439;00004923;00002948;00002920;00002969;00002969;0000000002965;0000000002913;0000000023400;00000052;
20170818;CCM;*;X18 ;0000000000000;0000000000000;00000000;00000000;00000000;00000000;00000000;0000000003201;0000000003171;0000000013500;00000030;
20170818;CHF;*;U17 ;0000000000000;0000000000000;00000595;00000000;00000000;00000000;00000000;0000032729810;0000033125770;0000000197980;00395960;
20170818;CHF;*;V17 ;0000000000000;0000000000000;00000011;00000000;00000000;00000000;00000000;0000032939770;0000033348430;0000000204330;00408660;
20170818;CHF;*;X17 ;0000000000000;0000000000000;00000000;00000000;00000000;00000000;00000000;0000033158350;0000033570000;0000000205825;00411650;
20170818;CLP;*;U17 ;0000011871345;0000003750346;00000522;04895400;04895400;04895400;04895400;0000048787000;0000049277000;0000000122500;00490000;
20170818;CLP;*;V17 ;0000000000000;0000000000000;00000000;00000000;00000000;00000000;00000000;0000048972000;0000049479000;0000000126750;00507000;
20170818;CLP;*;X17 ;0000000000000;0000000000000;00000000;00000000;00000000;00000000;00000000;0000049164000;0000049675000;0000000127750;00511000;
20170818;CLP;*;Z17 ;0000000000000;0000000000000;00000000;00000000;00000000;00000000;00000000;0000049341000;0000049838000;0000000124250;00497000;
20170818;CNY;*;U17 ;0000000000000;0000000000000;00000000;00000000;00000000;00000000;00000000;0000047258800;0000047651930;0000000137595;00393130;
20170818;CNY;*;V17 ;0000000000000;0000000000000;00000000;00000000;00000000;00000000;00000000;0000047377000;0000047778580;0000000140553;00401580;
20170818;CNY;*;X17 ;0000000000000;0000000000000;00000000;00000000;00000000;00000000;00000000;0000047493340;0000047889970;0000000138820;00396630;
20170818;CR1;*;U7Z7;0000000000000;0000000000000;00000000;00000000;00000000;00000000;00000000;0000000000000;0000000000000;0000000000000;00000000;
20170818;DAP;*;F18 ;0000062887660;0000019867208;00046320;00000295;00000290;00000297;00000297;0000009884531;0000009884832;0000000000364;00000301;
20170818;DAP;*;F19 ;0000000000000;0000000000000;00000200;00000000;00000000;00000000;00000000;0000009529601;0000009515231;0000000017414;00014370;
20170818;DAP;*;K19 ;0000498961425;0000157629818;00062375;00000356;00000349;00000356;00000351;0000009428876;0000009417659;0000000013593;00011217;
20170818;DAP;*;K21 ;0000200657028;0000063390734;00030614;00000458;00000449;00000458;00000451;0000008494758;0000008467044;0000000033584;00027714;
20170818;DAP;*;K23 ;0000000000000;0000000000000;00013225;00000000;00000000;00000000;00000000;0000007600149;0000007570651;0000000035746;00029498;
20170818;DAP;*;Q18 ;0000173016931;0000054658789;00098844;00000344;00000337;00000344;00000337;0000009678515;0000009673673;0000000005867;00004842;
20170818;DAP;*;Q20 ;0000356727124;0000112695749;00017180;00000437;00000428;00000437;00000432;0000008824830;0000008804167;0000000025040;00020663;
20170818;DAP;*;Q22 ;0000086627525;0000027367007;00026439;00000488;00000482;00000488;00000482;0000007931079;0000007892967;0000000046185;00038112;
20170818;DAP;*;Q24 ;0000002582353;0000000815806;00009475;00000504;00000504;00000504;00000504;0000007121965;0000007093094;0000000034987;00028871;
20170818;DAP;*;Q26 ;0000000388014;0000000122580;00004346;00000510;00000510;00000510;00000510;0000006420129;0000006365049;0000000066748;00055080;
20170818;DAP;*;Q30 ;0000000000000;0000000000000;00000335;00000000;00000000;00000000;00000000;0000005191353;0000005159058;0000000039136;00032295;
20170818;DAP;*;U17 ;0000000000000;0000000000000;00001500;00000000;00000000;00000000;00000000;0000009993620;0000009994203;0000000000706;00000583;
20170818;DAP;*;V17 ;0000000000000;0000000000000;00000930;00000000;00000000;00000000;00000000;0000009972126;0000009972330;0000000000247;00000204;
20170818;DAP;*;X17 ;0000000000000;0000000000000;00000000;00000000;00000000;00000000;00000000;0000009940226;0000009939599;0000000000759;00000627;
20170818;DCO;*;F18 ;0000000000000;0000000000000;00000000;00000000;00000000;00000000;00000000;0000009870039;0000009962054;0000000145397;00092015;
20170818;DCO;*;F19 ;0000000000000;0000000000000;00000000;00000000;00000000;00000000;00000000;0000009595896;0000009681105;0000000134643;00085209;
20170818;DCO;*;F20 ;0000000000000;0000000000000;00000000;00000000;00000000;00000000;00000000;0000009274108;0000009350578;0000000120834;00076470;
20170818;DCO;*;F21 ;0000000000000;0000000000000;00000000;00000000;00000000;00000000;00000000;0000008900757;0000008971275;0000000111429;00070518;
20170818;DCO;*;F22 ;0000000000000;0000000000000;00000000;00000000;00000000;00000000;00000000;0000008520289;0000008579511;0000000093579;00059222;
20170818;DCO;*;F23 ;0000000000000;0000000000000;00000000;00000000;00000000;00000000;00000000;0000008136586;0000008195910;0000000093740;00059324;
20170818;DCO;*;F24 ;0000000000000;0000000000000;00000000;00000000;00000000;00000000;00000000;0000007734311;0000007783802;0000000078203;00049491;
20170818;DCO;*;F25 ;0000000000000;0000000000000;00000000;00000000;00000000;00000000;00000000;0000007316984;0000007358495;0000000065593;00041511;
20170818;DCO;*;F26 ;0000000000000;0000000000000;00000000;00000000;00000000;00000000;00000000;0000006927343;0000006968360;0000000064813;00041017;
20170818;DCO;*;F27 ;0000000000000;0000000000000;00000000;00000000;00000000;00000000;00000000;0000006539681;0000006575626;0000000056798;00035945;
20170818;DCO;*;F28 ;0000000000000;0000000000000;00000000;00000000;00000000;00000000;00000000;0000006184568;0000006215399;0000000048717;00030831;
20170818;DCO;*;F29 ;0000000000000;0000000000000;00000000;00000000;00000000;00000000;00000000;0000005844649;0000005874342;0000000046919;00029693;
20170818;DCO;*;F30 ;0000000000000;0000000000000;00000000;00000000;00000000;00000000;00000000;0000005525371;0000005553873;0000000045037;00028502;
20170818;DCO;*;G18 ;0000000000000;0000000000000;00000000;00000000;00000000;00000000;00000000;0000009853277;0000009945319;0000000145440;00092042;
20170818;DCO;*;H18 ;0000000000000;0000000000000;00000000;00000000;00000000;00000000;00000000;0000009834856;0000009926858;0000000145376;00092002;
20170818;DCO;*;J18 ;0000000000000;0000000000000;00000000;00000000;00000000;00000000;00000000;0000009813131;0000009903627;0000000142997;00090496;
20170818;DCO;*;J19 ;0000000000000;0000000000000;00000000;00000000;00000000;00000000;00000000;0000009521678;0000009606070;0000000133352;00084392;
20170818;DCO;*;J20 ;0000000000000;0000000000000;00000000;00000000;00000000;00000000;00000000;0000009189009;0000009263001;0000000116918;00073992;
20170818;DCO;*;J21 ;0000000000000;0000000000000;00000000;00000000;00000000;00000000;00000000;0000008809503;0000008879317;0000000110316;00069814;
20170818;DCO;*;J22 ;0000000000000;0000000000000;00000000;00000000;00000000;00000000;00000000;0000008431429;0000008488363;0000000089964;00056934;
20170818;DCO;*;K18 ;0000000000000;0000000000000;00000000;00000000;00000000;00000000;00000000;0000009791693;0000009882328;0000000143216;00090635;
20170818;DCO;*;M18 ;0000000000000;0000000000000;00000000;00000000;00000000;00000000;00000000;0000009767180;0000009856723;0000000141491;00089543;
20170818;DCO;*;N18 ;0000000000000;0000000000000;00000000;00000000;00000000;00000000;00000000;0000009746035;0000009836413;0000000142810;00090378;
20170818;DCO;*;N19 ;0000000000000;0000000000000;00000000;00000000;00000000;00000000;00000000;0000009446989;0000009529311;0000000130081;00082322;
20170818;DCO;*;N20 ;0000000000000;0000000000000;00000000;00000000;00000000;00000000;00000000;0000009094547;0000009167219;0000000114832;00072672;
20170818;DCO;*;N21 ;0000000000000;0000000000000;00000000;00000000;00000000;00000000;00000000;0000008711010;0000008776754;0000000103885;00065744;
20170818;DCO;*;N22 ;0000000000000;0000000000000;00000000;00000000;00000000;00000000;00000000;0000008319464;0000008380551;0000000096526;00061087;
20170818;DCO;*;Q18 ;0000000000000;0000000000000;00000000;00000000;00000000;00000000;00000000;0000009722740;0000009812549;0000000141911;00089809;
20170818;DCO;*;U17 ;0000000000000;0000000000000;00000000;00000000;00000000;00000000;00000000;0000009947043;0000010038108;0000000143896;00091065;
20170818;DCO;*;V17 ;0000000000000;0000000000000;00000000;00000000;00000000;00000000;00000000;0000009927283;0000010018921;0000000144801;00091638;
20170818;DCO;*;V18 ;0000000000000;0000000000000;00000000;00000000;00000000;00000000;00000000;0000009674652;0000009763376;0000000140197;00088724;
20170818;DCO;*;V19 ;0000000000000;0000000000000;00000000;00000000;00000000;00000000;00000000;0000009367594;0000009447097;0000000125626;00079503;
20170818;DCO;*;V20 ;0000000000000;0000000000000;00000000;00000000;00000000;00000000;00000000;0000008999685;0000009072860;0000000115627;00073175;
20170818;DCO;*;V21 ;0000000000000;0000000000000;00000000;00000000;00000000;00000000;00000000;0000008638511;0000008699916;0000000097029;00061405;
20170818;DCO;*;X17 ;0000000000000;0000000000000;00000000;00000000;00000000;00000000;00000000;0000009908552;0000009999982;0000000144473;00091430;
20170818;DCO;*;Z17 ;0000000000000;0000000000000;00000000;00000000;00000000;00000000;00000000;0000009890667;0000009981479;0000000143496;00090812;
20170818;DDI;*;F18 ;0000000000000;0000000000000;00413920;00000000;00000000;00000000;00000000;0000009870410;0000009962431;0000000145406;00092021;
20170818;DDI;*;F19 ;0000000000000;0000000000000;00156150;00000000;00000000;00000000;00000000;0000009597180;0000009682408;0000000134673;00085228;
20170818;DDI;*;F20 ;0000000000000;0000000000000;00102284;00000000;00000000;00000000;00000000;0000009276180;0000009352679;0000000120879;00076499;
20170818;DDI;*;F21 ;0000000000000;0000000000000;00093677;00000000;00000000;00000000;00000000;0000008903475;0000008974029;0000000111485;00070554;
20170818;DDI;*;F22 ;0000000000000;0000000000000;00034784;00000000;00000000;00000000;00000000;0000008523514;0000008582773;0000000093638;00059259;
20170818;DDI;*;F23 ;0000000000000;0000000000000;00029246;00000000;00000000;00000000;00000000;0000008140198;0000008199565;0000000093808;00059367;
20170818;DDI;*;F24 ;0000000000000;0000000000000;00036235;00000000;00000000;00000000;00000000;0000007738181;0000007787711;0000000078264;00049530;
20170818;DDI;*;F25 ;0000000000000;0000000000000;00022065;00000000;00000000;00000000;00000000;0000007320993;0000007362538;0000000065647;00041545;
20170818;DDI;*;F26 ;0000000000000;0000000000000;00013660;00000000;00000000;00000000;00000000;0000006931423;0000006972477;0000000064871;00041054;
20170818;DDI;*;F27 ;0000000000000;0000000000000;00011700;00000000;00000000;00000000;00000000;0000006543753;0000006579732;0000000056852;00035979;
20170818;DDI;*;F28 ;0000000000000;0000000000000;00000110;00000000;00000000;00000000;00000000;0000006192632;0000006223523;0000000048812;00030891;
20170818;DDI;*;F29 ;0000000000000;0000000000000;00000000;00000000;00000000;00000000;00000000;0000005852545;0000005882299;0000000047015;00029754;
20170818;DDI;*;F30 ;0000000000000;0000000000000;00000500;00000000;00000000;00000000;00000000;0000005533048;0000005561611;0000000045133;00028563;
20170818;DDI;*;G18 ;0000000000000;0000000000000;00074510;00000000;00000000;00000000;00000000;0000009853727;0000009945776;0000000145451;00092049;
20170818;DDI;*;H18 ;0000000000000;0000000000000;00032319;00000000;00000000;00000000;00000000;0000009835380;0000009927390;0000000145389;00092010;
20170818;DDI;*;J18 ;0000000000000;0000000000000;00130590;00000000;00000000;00000000;00000000;0000009813738;0000009904244;0000000143013;00090506;
20170818;DDI;*;J19 ;0000000000000;0000000000000;00048817;00000000;00000000;00000000;00000000;0000009523167;0000009607582;0000000133388;00084415;
20170818;DDI;*;J20 ;0000000000000;0000000000000;00029792;00000000;00000000;00000000;00000000;0000009191254;0000009265276;0000000116965;00074022;
20170818;DDI;*;J21 ;0000000000000;0000000000000;00006337;00000000;00000000;00000000;00000000;0000008812354;0000008882205;0000000110375;00069851;
20170818;DDI;*;J22 ;0000000000000;0000000000000;00000740;00000000;00000000;00000000;00000000;0000008434761;0000008491732;0000000090022;00056971;
20170818;DDI;*;K18 ;0000000000000;0000000000000;00027970;00000000;00000000;00000000;00000000;0000009792377;0000009883022;0000000143232;00090645;
20170818;DDI;*;M18 ;0000000000000;0000000000000;00020900;00000000;00000000;00000000;00000000;0000009767941;0000009857495;0000000141508;00089554;
20170818;DDI;*;N18 ;0000000000000;0000000000000;00131127;00000000;00000000;00000000;00000000;0000009746874;0000009837266;0000000142832;00090392;
20170818;DDI;*;N19 ;0000000000000;0000000000000;00057564;00000000;00000000;00000000;00000000;0000009448680;0000009531028;0000000130122;00082348;
20170818;DDI;*;N20 ;0000000000000;0000000000000;00050765;00000000;00000000;00000000;00000000;0000009096955;0000009169659;0000000114883;00072704;
20170818;DDI;*;N21 ;0000000000000;0000000000000;00006520;00000000;00000000;00000000;00000000;0000008713989;0000008779771;0000000103945;00065782;
20170818;DDI;*;N22 ;0000000000000;0000000000000;00002250;00000000;00000000;00000000;00000000;0000008322883;0000008384012;0000000096592;00061129;
20170818;DDI;*;Q18 ;0000000000000;0000000000000;00005200;00000000;00000000;00000000;00000000;0000009723654;0000009813477;0000000141933;00089823;
20170818;DDI;*;U17 ;0000000000000;0000000000000;00444312;00000000;00000000;00000000;00000000;0000009947043;0000010038147;0000000143957;00091104;
20170818;DDI;*;V17 ;0000000000000;0000000000000;00502354;00000000;00000000;00000000;00000000;0000009927406;0000010019046;0000000144804;00091640;
20170818;DDI;*;V18 ;0000000000000;0000000000000;00073412;00000000;00000000;00000000;00000000;0000009675716;0000009764456;0000000140222;00088740;
20170818;DDI;*;V19 ;0000000000000;0000000000000;00039824;00000000;00000000;00000000;00000000;0000009369481;0000009449011;0000000125669;00079530;
20170818;DDI;*;V20 ;0000000000000;0000000000000;00022810;00000000;00000000;00000000;00000000;0000009002251;0000009075461;0000000115682;00073210;
20170818;DDI;*;V21 ;0000000000000;0000000000000;00002102;00000000;00000000;00000000;00000000;0000008641632;0000008703073;0000000097085;00061441;
20170818;DDI;*;X17 ;0000000000000;0000000000000;00185990;00000000;00000000;00000000;00000000;0000009908757;0000010000190;0000000144477;00091433;
20170818;DDI;*;Z17 ;0000000000000;0000000000000;00133980;00000000;00000000;00000000;00000000;0000009890667;0000009981768;0000000143953;00091101;
20170818;DDM;*;K25 ;0000000000000;0000000000000;00000000;00000000;00000000;00000000;00000000;0000006855647;0000006841247;0000000018554;00014400;
20170818;DI1;*;F18 ;0024091149776;0007610775819;03888101;00008110;00008060;00008120;00008065;0000009723961;0000009722209;0000000001752;00001752;
20170818;DI1;*;F19 ;0030957058847;0009779825250;02514644;00008090;00008040;00008140;00008060;0000009005334;0000008997780;0000000007554;00007554;
20170818;DI1;*;F20 ;0012168285109;0003844154012;01641149;00008880;00008810;00008930;00008840;0000008191779;0000008177670;0000000014109;00014109;
20170818;DI1;*;F21 ;0023061782829;0007285582495;01343314;00009480;00009400;00009540;00009440;0000007394382;0000007371666;0000000022716;00022716;
20170818;DI1;*;F22 ;0000311684370;0000098466030;00105931;00009840;00009790;00009930;00009820;0000006661685;0000006629924;0000000031761;00031761;
20170818;DI1;*;F23 ;0004065883333;0001284476949;00763129;00010060;00010000;00010150;00010030;0000006005307;0000005967300;0000000038007;00038007;
20170818;DI1;*;F24 ;0000001616589;0000000510706;00057010;00010230;00010190;00010300;00010190;0000005418118;0000005376029;0000000042089;00042089;
20170818;DI1;*;F25 ;0001433046161;0000452721982;00545232;00010390;00010280;00010430;00010320;0000004872263;0000004826874;0000000045389;00045389;
20170818;DI1;*;F26 ;0000003069384;0000000969667;00061468;00010390;00010340;00010470;00010390;0000004395969;0000004351133;0000000044836;00044836;
20170818;DI1;*;F27 ;0000750483339;0000237089574;00385468;00010510;00010420;00010570;00010460;0000003959889;0000003919735;0000000040154;00040154;
20170818;DI1;*;F28 ;0000000000000;0000000000000;00000010;00000000;00000000;00000000;00000000;0000003575232;0000003535161;0000000040071;00040071;
20170818;DI1;*;F29 ;0000000000000;0000000000000;00004387;00000000;00000000;00000000;00000000;0000003235028;0000003195344;0000000039684;00039684;
20170818;DI1;*;F30 ;0000000000000;0000000000000;00000720;00000000;00000000;00000000;00000000;0000002918039;0000002879150;0000000038889;00038889;
20170818;DI1;*;G18 ;0000010628627;0000003357752;00065925;00007960;00007960;00007960;00007960;0000009662389;0000009660377;0000000002012;00002012;
20170818;DI1;*;H18 ;0000115793845;0000036581110;00032650;00007965;00007930;00007965;00007930;0000009611524;0000009608921;0000000002603;00002603;
20170818;DI1;*;J18 ;0006307225897;0001992552567;01039002;00007895;00007850;00007920;00007850;0000009554407;0000009551094;0000000003313;00003313;
20170818;DI1;*;J19 ;0001502844877;0000474772502;00572296;00008270;00008220;00008320;00008250;0000008814695;0000008804578;0000000010117;00010117;
20170818;DI1;*;J20 ;0000001198856;0000000378738;00074229;00008990;00008990;00008990;00008990;0000007991424;0000007975240;0000000016184;00016184;
20170818;DI1;*;J21 ;0000000000000;0000000000000;00032705;00000000;00000000;00000000;00000000;0000007207719;0000007182802;0000000024917;00024917;
20170818;DI1;*;J22 ;0000003556000;0000001123397;00001740;00009950;00009950;00009960;00009960;0000006497558;0000006465386;0000000032172;00032172;
20170818;DI1;*;K18 ;0000006172752;0000001950070;00025840;00007815;00007815;00007815;00007815;0000009495756;0000009491835;0000000003921;00003921;
20170818;DI1;*;M18 ;0000000000000;0000000000000;00034115;00000000;00000000;00000000;00000000;0000009436640;0000009432154;0000000004486;00004486;
20170818;DI1;*;N18 ;0011083018373;0003501301059;01191708;00007870;00007815;00007885;00007820;0000009378188;0000009373054;0000000005134;00005134;
20170818;DI1;*;N19 ;0001454964676;0000459646388;00501150;00008470;00008430;00008540;00008460;0000008612572;0000008604003;0000000008569;00008569;
20170818;DI1;*;N20 ;0002576704953;0000814021910;01295510;00009190;00009150;00009280;00009180;0000007794951;0000007776664;0000000018287;00018287;
20170818;DI1;*;N21 ;0001665489117;0000526154393;00156234;00009680;00009640;00009770;00009670;0000007019659;0000006992517;0000000027142;00027142;
20170818;DI1;*;N22 ;0000009451635;0000002985921;00013430;00010010;00010010;00010010;00010010;0000006326107;0000006293959;0000000032148;00032148;
20170818;DI1;*;N23 ;0000000000000;0000000000000;00003535;00000000;00000000;00000000;00000000;0000005708978;0000005668960;0000000040018;00040018;
20170818;DI1;*;N24 ;0000000000000;0000000000000;00003445;00000000;00000000;00000000;00000000;0000005147659;0000005103974;0000000043685;00043685;
20170818;DI1;*;Q18 ;0000045168670;0000014269498;00005000;00007860;00007860;00007860;00007860;0000009316377;0000009310873;0000000005504;00005504;
20170818;DI1;*;U17 ;0001255633670;0000396674566;00500121;00009142;00009139;00009142;00009142;0000009965346;0000009965333;0000000000013;00000013;
20170818;DI1;*;V17 ;0007984795918;0002522523510;02930465;00008650;00008639;00008655;00008650;0000009901831;0000009901630;0000000000201;00000201;
20170818;DI1;*;V18 ;0001711951939;0000540832735;00622075;00007940;00007890;00007970;00007900;0000009193589;0000009187386;0000000006203;00006203;
20170818;DI1;*;V19 ;0001396832964;0000441281659;00198543;00008690;00008660;00008750;00008680;0000008397289;0000008384423;0000000012866;00012866;
20170818;DI1;*;V20 ;0000015926765;0000005031517;00050975;00009320;00009320;00009320;00009320;0000007584174;0000007563683;0000000020491;00020491;
20170818;DI1;*;V21 ;0000000000000;0000000000000;00016842;00000000;00000000;00000000;00000000;0000006838193;0000006808719;0000000029474;00029474;
20170818;DI1;*;X17 ;0000597126548;0000188641735;00265295;00008470;00008390;00008470;00008435;0000009837428;0000009837231;0000000000197;00000197;
20170818;DI1;*;Z17 ;0002306478151;0000728652983;00215915;00008250;00008230;00008250;00008230;0000009779636;0000009779186;0000000000450;00000450;
20170818;DOL;*;F18 ;0000000000000;0000000000000;00009090;00000000;00000000;00000000;00000000;0000032078960;0000032383860;0000000152450;00304900;
20170818;DOL;*;F19 ;0000000000000;0000000000000;00000000;00000000;00000000;00000000;00000000;0000033680000;0000034007630;0000000163815;00327630;
20170818;DOL;*;F20 ;0000000000000;0000000000000;00000000;00000000;00000000;00000000;00000000;0000035786500;0000036143870;0000000178685;00357370;
20170818;DOL;*;F21 ;0000000000000;0000000000000;00003100;00000000;00000000;00000000;00000000;0000038052740;0000038472480;0000000209870;00419740;
20170818;DOL;*;F25 ;0000000000000;0000000000000;00000000;00000000;00000000;00000000;00000000;0000047486210;0000048204760;0000000359275;00718550;
20170818;DOL;*;G18 ;0000000000000;0000000000000;00000000;00000000;00000000;00000000;00000000;0000032228810;0000032536660;0000000153925;00307850;
20170818;DOL;*;H18 ;0000000000000;0000000000000;00000000;00000000;00000000;00000000;00000000;0000032339050;0000032650420;0000000155685;00311370;
20170818;DOL;*;J18 ;0000000000000;0000000000000;00000180;00000000;00000000;00000000;00000000;0000032460790;0000032771510;0000000155360;00310720;
20170818;DOL;*;J19 ;0000000000000;0000000000000;00000050;00000000;00000000;00000000;00000000;0000034143060;0000034485290;0000000171115;00342230;
20170818;DOL;*;J20 ;0000000000000;0000000000000;00000000;00000000;00000000;00000000;00000000;0000036347870;0000036714950;0000000183540;00367080;
20170818;DOL;*;J22 ;0000000000000;0000000000000;00000000;00000000;00000000;00000000;00000000;0000041025220;0000041507840;0000000241310;00482620;
20170818;DOL;*;K18 ;0000000000000;0000000000000;00000500;00000000;00000000;00000000;00000000;0000032590190;0000032905450;0000000157630;00315260;
20170818;DOL;*;M18 ;0000000000000;0000000000000;00000000;00000000;00000000;00000000;00000000;0000032712510;0000033028130;0000000157810;00315620;
20170818;DOL;*;N18 ;0000000000000;0000000000000;00000665;00000000;00000000;00000000;00000000;0000032845410;0000033168170;0000000161380;00322760;
20170818;DOL;*;N19 ;0000000000000;0000000000000;00000400;00000000;00000000;00000000;00000000;0000034671020;0000035008010;0000000168495;00336990;
20170818;DOL;*;N20 ;0000000000000;0000000000000;00000000;00000000;00000000;00000000;00000000;0000036881700;0000037263890;0000000191095;00382190;
20170818;DOL;*;N21 ;0000000000000;0000000000000;00000000;00000000;00000000;00000000;00000000;0000039230990;0000039680580;0000000224795;00449590;
20170818;DOL;*;N22 ;0000000000000;0000000000000;00000000;00000000;00000000;00000000;00000000;0000041578190;0000042097500;0000000259655;00519310;
20170818;DOL;*;Q18 ;0000000000000;0000000000000;00000000;00000000;00000000;00000000;00000000;0000032984560;0000033308940;0000000162190;00324380;
20170818;DOL;*;U17 ;0040921647375;0012927796605;00491763;03180000;03151000;03184000;03155500;0000031545010;0000031833940;0000000144465;00288930;
20170818;DOL;*;V17 ;0000203028625;0000064139959;00042255;03187000;03168000;03187000;03168000;0000031684630;0000031977760;0000000146565;00293130;
20170818;DOL;*;V18 ;0000000000000;0000000000000;00000040;00000000;00000000;00000000;00000000;0000033260310;0000033588020;0000000163855;00327710;
20170818;DOL;*;V19 ;0000000000000;0000000000000;00000000;00000000;00000000;00000000;00000000;0000035261820;0000035615700;0000000176940;00353880;
20170818;DOL;*;X17 ;0000000798125;0000000252140;00007025;03192500;03192500;03192500;03192500;0000031832150;0000032126520;0000000147185;00294370;
20170818;DOL;*;Z17 ;0000000801000;0000000253049;00000330;03204000;03204000;03204000;03204000;0000031961800;0000032257680;0000000147940;00295880;
20170818;DR1;*;U7V7;0000000000000;0000000000000;00000000;00014250;00013800;00014600;00013800;0000000000000;0000000000000;0000000000000;00000000;
20170818;ETH;*;F18 ;0000000000000;0000000000000;00000438;00000000;00000000;00000000;00000000;0000000160500;0000000160500;0000000000000;00000000;
20170818;ETH;*;G18 ;0000000000000;0000000000000;00000211;00000000;00000000;00000000;00000000;0000000160000;0000000160000;0000000000000;00000000;
20170818;ETH;*;H18 ;0000000000000;0000000000000;00000030;00000000;00000000;00000000;00000000;0000000155000;0000000155000;0000000000000;00000000;
20170818;ETH;*;J18 ;0000000000000;0000000000000;00000000;00000000;00000000;00000000;00000000;0000000157350;0000000157350;0000000000000;00000000;
20170818;ETH;*;K18 ;0000000000000;0000000000000;00000000;00000000;00000000;00000000;00000000;0000000150050;0000000150050;0000000000000;00000000;
20170818;ETH;*;Q17 ;0000001096875;0000000348568;00000679;00146250;00146250;00146250;00146250;0000000147500;0000000146250;0000000037500;00001250;
20170818;ETH;*;U17 ;0000000444000;0000000141096;00000220;00148000;00148000;00148000;00148000;0000000147500;0000000147000;0000000015000;00000500;
20170818;ETH;*;V17 ;0000000000000;0000000000000;00000590;00000000;00000000;00000000;00000000;0000000147500;0000000147000;0000000015000;00000500;
20170818;ETH;*;X17 ;0000000000000;0000000000000;00000345;00000000;00000000;00000000;00000000;0000000154500;0000000154500;0000000000000;00000000;
20170818;ETH;*;Z17 ;0000000000000;0000000000000;00000606;00000000;00000000;00000000;00000000;0000000158500;0000000158500;0000000000000;00000000;
20170818;EUR;*;U17 ;0000033522050;0000010590147;00022841;03729600;03713200;03734600;03713200;0000037117280;0000037398350;0000000140535;00281070;
20170818;EUR;*;V17 ;0000005602800;0000001770013;00005249;03737900;03732500;03737900;03732500;0000037334660;0000037620780;0000000143060;00286120;
20170818;EUR;*;X17 ;0000000000000;0000000000000;00000000;00000000;00000000;00000000;00000000;0000037561960;0000037849940;0000000143990;00287980;
20170818;EUR;*;Z17 ;0000000000000;0000000000000;00000000;00000000;00000000;00000000;00000000;0000037772430;0000038062420;0000000144995;00289990;
20170818;FRC;*;F18 ;0000000000000;0000000000000;00000000;00000223;00000223;00000227;00000227;0000000000227;0000000000223;0000000000002;00000004;
20170818;FRC;*;F19 ;0000000000000;0000000000000;00000000;00000271;00000267;00000271;00000269;0000000000269;0000000000271;0000000000001;00000002;
20170818;FRC;*;F20 ;0000000000000;0000000000000;00000000;00000304;00000304;00000305;00000305;0000000000305;0000000000309;0000000000002;00000004;
20170818;FRC;*;F21 ;0000000000000;0000000000000;00000000;00000346;00000345;00000346;00000345;0000000000346;0000000000350;0000000000002;00000004;
20170818;FRC;*;F22 ;0000000000000;0000000000000;00000000;00000379;00000379;00000379;00000379;0000000000379;0000000000385;0000000000003;00000006;
20170818;FRC;*;F23 ;0000000000000;0000000000000;00000000;00000410;00000410;00000410;00000410;0000000000410;0000000000414;0000000000002;00000004;
20170818;FRC;*;F24 ;0000000000000;0000000000000;00000000;00000444;00000444;00000444;00000444;0000000000444;0000000000450;0000000000003;00000006;
20170818;FRC;*;F25 ;0000000000000;0000000000000;00000000;00000482;00000482;00000482;00000482;0000000000482;0000000000488;0000000000003;00000006;
20170818;FRC;*;F26 ;0000000000000;0000000000000;00000000;00000000;00000000;00000000;00000000;0000000000514;0000000000520;0000000000003;00000006;
20170818;FRC;*;F27 ;0000000000000;0000000000000;00000000;00000000;00000000;00000000;00000000;0000000000549;0000000000555;0000000000003;00000006;
20170818;FRC;*;F28 ;0000000000000;0000000000000;00000000;00000000;00000000;00000000;00000000;0000000000578;0000000000584;0000000000003;00000006;
20170818;FRC;*;F29 ;0000000000000;0000000000000;00000000;00000000;00000000;00000000;00000000;0000000000608;0000000000614;0000000000003;00000006;
20170818;FRC;*;F30 ;0000000000000;0000000000000;00000000;00000000;00000000;00000000;00000000;0000000000637;0000000000643;0000000000003;00000006;
20170818;FRC;*;G18 ;0000000000000;0000000000000;00000000;00000000;00000000;00000000;00000000;0000000000223;0000000000219;0000000000002;00000004;
20170818;FRC;*;H18 ;0000000000000;0000000000000;00000000;00000223;00000221;00000226;00000226;0000000000226;0000000000222;0000000000002;00000004;
20170818;FRC;*;J18 ;0000000000000;0000000000000;00000000;00000228;00000227;00000230;00000230;0000000000230;0000000000228;0000000000001;00000002;
20170818;FRC;*;J19 ;0000000000000;0000000000000;00000000;00000000;00000000;00000000;00000000;0000000000278;0000000000280;0000000000001;00000002;
20170818;FRC;*;J20 ;0000000000000;0000000000000;00000000;00000000;00000000;00000000;00000000;0000000000314;0000000000318;0000000000002;00000004;
20170818;FRC;*;J21 ;0000000000000;0000000000000;00000000;00000000;00000000;00000000;00000000;0000000000354;0000000000358;0000000000002;00000004;
20170818;FRC;*;J22 ;0000000000000;0000000000000;00000000;00000000;00000000;00000000;00000000;0000000000386;0000000000392;0000000000003;00000006;
20170818;FRC;*;K18 ;0000000000000;0000000000000;00000000;00000000;00000000;00000000;00000000;0000000000234;0000000000233;0000000000000;00000001;
20170818;FRC;*;M18 ;0000000000000;0000000000000;00000000;00000242;00000242;00000242;00000242;0000000000242;0000000000242;0000000000000;00000000;
20170818;FRC;*;N18 ;0000000000000;0000000000000;00000000;00000240;00000240;00000243;00000243;0000000000243;0000000000242;0000000000000;00000001;
20170818;FRC;*;N19 ;0000000000000;0000000000000;00000000;00000289;00000282;00000289;00000282;0000000000284;0000000000287;0000000000001;00000003;
20170818;FRC;*;N20 ;0000000000000;0000000000000;00000000;00000325;00000325;00000325;00000325;0000000000325;0000000000330;0000000000002;00000005;
20170818;FRC;*;N21 ;0000000000000;0000000000000;00000000;00000000;00000000;00000000;00000000;0000000000364;0000000000369;0000000000002;00000005;
20170818;FRC;*;N22 ;0000000000000;0000000000000;00000000;00000000;00000000;00000000;00000000;0000000000398;0000000000403;0000000000002;00000005;
20170818;FRC;*;Q18 ;0000000000000;0000000000000;00000000;00000248;00000248;00000248;00000248;0000000000248;0000000000247;0000000000000;00000001;
20170818;FRC;*;V17 ;0000000000000;0000000000000;00000000;00000225;00000220;00000230;00000230;0000000000230;0000000000222;0000000000004;00000008;
20170818;FRC;*;V18 ;0000000000000;0000000000000;00000000;00000253;00000253;00000256;00000256;0000000000256;0000000000255;0000000000000;00000001;
20170818;FRC;*;V19 ;0000000000000;0000000000000;00000000;00000000;00000000;00000000;00000000;0000000000292;0000000000295;0000000000001;00000003;
20170818;FRC;*;V20 ;0000000000000;0000000000000;00000000;00000336;00000336;00000336;00000336;0000000000336;0000000000339;0000000000001;00000003;
20170818;FRC;*;V21 ;0000000000000;0000000000000;00000000;00000000;00000000;00000000;00000000;0000000000365;0000000000370;0000000000002;00000005;
20170818;FRC;*;X17 ;0000000000000;0000000000000;00000000;00000225;00000223;00000228;00000228;0000000000228;0000000000224;0000000000002;00000004;
20170818;FRC;*;Z17 ;0000000000000;0000000000000;00000000;00000224;00000220;00000225;00000225;0000000000225;0000000000223;0000000000001;00000002;
20170818;FRO;*;F18 ;0000000000000;0000000000000;00000000;00000000;00000000;00000000;00000000;0000000000228;0000000000224;0000000000002;00000004;
20170818;FRO;*;F19 ;0000000000000;0000000000000;00000000;00000000;00000000;00000000;00000000;0000000000270;0000000000272;0000000000001;00000002;
20170818;FRO;*;F20 ;0000000000000;0000000000000;00000000;00000000;00000000;00000000;00000000;0000000000306;0000000000310;0000000000002;00000004;
20170818;FRO;*;F21 ;0000000000000;0000000000000;00000000;00000000;00000000;00000000;00000000;0000000000347;0000000000351;0000000000002;00000004;
20170818;FRO;*;F22 ;0000000000000;0000000000000;00000000;00000000;00000000;00000000;00000000;0000000000380;0000000000386;0000000000003;00000006;
20170818;FRO;*;F23 ;0000000000000;0000000000000;00000000;00000000;00000000;00000000;00000000;0000000000411;0000000000415;0000000000002;00000004;
20170818;FRO;*;F24 ;0000000000000;0000000000000;00000000;00000000;00000000;00000000;00000000;0000000000445;0000000000451;0000000000003;00000006;
20170818;FRO;*;F25 ;0000000000000;0000000000000;00000000;00000000;00000000;00000000;00000000;0000000000483;0000000000489;0000000000003;00000006;
20170818;FRO;*;F26 ;0000000000000;0000000000000;00000000;00000000;00000000;00000000;00000000;0000000000515;0000000000521;0000000000003;00000006;
20170818;FRO;*;F27 ;0000000000000;0000000000000;00000000;00000000;00000000;00000000;00000000;0000000000550;0000000000556;0000000000003;00000006;
20170818;FRO;*;F28 ;0000000000000;0000000000000;00000000;00000000;00000000;00000000;00000000;0000000000580;0000000000586;0000000000003;00000006;
20170818;FRO;*;F29 ;0000000000000;0000000000000;00000000;00000000;00000000;00000000;00000000;0000000000610;0000000000616;0000000000003;00000006;
20170818;FRO;*;F30 ;0000000000000;0000000000000;00000000;00000000;00000000;00000000;00000000;0000000000639;0000000000645;0000000000003;00000006;
20170818;FRO;*;G18 ;0000000000000;0000000000000;00000000;00000000;00000000;00000000;00000000;0000000000224;0000000000220;0000000000002;00000004;
20170818;FRO;*;H18 ;0000000000000;0000000000000;00000000;00000000;00000000;00000000;00000000;0000000000227;0000000000223;0000000000002;00000004;
20170818;FRO;*;J18 ;0000000000000;0000000000000;00000000;00000000;00000000;00000000;00000000;0000000000231;0000000000229;0000000000001;00000002;
20170818;FRO;*;J19 ;0000000000000;0000000000000;00000000;00000000;00000000;00000000;00000000;0000000000279;0000000000281;0000000000001;00000002;
20170818;FRO;*;J20 ;0000000000000;0000000000000;00000000;00000000;00000000;00000000;00000000;0000000000315;0000000000319;0000000000002;00000004;
20170818;FRO;*;J21 ;0000000000000;0000000000000;00000000;00000000;00000000;00000000;00000000;0000000000355;0000000000359;0000000000002;00000004;
20170818;FRO;*;J22 ;0000000000000;0000000000000;00000000;00000000;00000000;00000000;00000000;0000000000387;0000000000393;0000000000003;00000006;
20170818;FRO;*;K18 ;0000000000000;0000000000000;00000000;00000000;00000000;00000000;00000000;0000000000235;0000000000234;0000000000000;00000001;
20170818;FRO;*;M18 ;0000000000000;0000000000000;00000000;00000000;00000000;00000000;00000000;0000000000243;0000000000243;0000000000000;00000000;
20170818;FRO;*;N18 ;0000000000000;0000000000000;00000000;00000000;00000000;00000000;00000000;0000000000244;0000000000243;0000000000000;00000001;
20170818;FRO;*;N19 ;0000000000000;0000000000000;00000000;00000000;00000000;00000000;00000000;0000000000285;0000000000288;0000000000001;00000003;
20170818;FRO;*;N20 ;0000000000000;0000000000000;00000000;00000000;00000000;00000000;00000000;0000000000326;0000000000331;0000000000002;00000005;
20170818;FRO;*;N21 ;0000000000000;0000000000000;00000000;00000000;00000000;00000000;00000000;0000000000365;0000000000370;0000000000002;00000005;
20170818;FRO;*;N22 ;0000000000000;0000000000000;00000000;00000000;00000000;00000000;00000000;0000000000399;0000000000404;0000000000002;00000005;
20170818;FRO;*;Q18 ;0000000000000;0000000000000;00000000;00000000;00000000;00000000;00000000;0000000000249;0000000000248;0000000000000;00000001;
20170818;FRO;*;V17 ;0000000000000;0000000000000;00000000;00000000;00000000;00000000;00000000;0000000000231;0000000000223;0000000000004;00000008;
20170818;FRO;*;V18 ;0000000000000;0000000000000;00000000;00000000;00000000;00000000;00000000;0000000000257;0000000000256;0000000000000;00000001;
20170818;FRO;*;V19 ;0000000000000;0000000000000;00000000;00000000;00000000;00000000;00000000;0000000000293;0000000000296;0000000000001;00000003;
20170818;FRO;*;V20 ;0000000000000;0000000000000;00000000;00000000;00000000;00000000;00000000;0000000000337;0000000000340;0000000000001;00000003;
20170818;FRO;*;V21 ;0000000000000;0000000000000;00000000;00000000;00000000;00000000;00000000;0000000000366;0000000000371;0000000000002;00000005;
20170818;FRO;*;X17 ;0000000000000;0000000000000;00000000;00000000;00000000;00000000;00000000;0000000000229;0000000000225;0000000000002;00000004;
20170818;FRO;*;Z17 ;0000000000000;0000000000000;00000000;00000000;00000000;00000000;00000000;0000000000226;0000000000224;0000000000001;00000002;
20170818;FRP;*;FRP0;0000000000000;0000000000000;00000000;00000840;00000830;00000870;00000870;0000000000000;0000000000000;0000000000000;00000000;
20170818;FRP;*;FRP1;0000000000000;0000000000000;00000000;00000830;00000830;00000830;00000830;0000000000000;0000000000000;0000000000000;00000000;
20170818;GBP;*;U17 ;0000011804796;0000003729322;00000583;04063700;04063600;04063700;04063600;0000040632810;0000040999660;0000000128397;00366850;
20170818;GBP;*;V17 ;0000000000000;0000000000000;00000047;00000000;00000000;00000000;00000000;0000040847860;0000041220380;0000000130382;00372520;
20170818;GBP;*;X17 ;0000000000000;0000000000000;00000000;00000000;00000000;00000000;00000000;0000041074190;0000041448900;0000000131148;00374710;
20170818;HSI;*;Q17 ;0000000000000;0000000000000;00000000;00000000;00000000;00000000;00000000;0000000027032;0000000027270;0000000015470;00000238;
20170818;HSI;*;U17 ;0000000000000;0000000000000;00000000;00000000;00000000;00000000;00000000;0000000026864;0000000027110;0000000015990;00000246;
20170818;ICF;*;H18 ;0000000000000;0000000000000;00000169;00000000;00000000;00000000;00000000;0000000016110;0000000016150;0000000012587;00000040;
20170818;ICF;*;U17 ;0000002525118;0000000802440;00001151;00015585;00015280;00015585;00015450;0000000015375;0000000015430;0000000017307;00000055;
20170818;ICF;*;U18 ;0000000681896;0000000216695;00001971;00016675;00016555;00016705;00016700;0000000016680;0000000016715;0000000011013;00000035;
20170818;ICF;*;U19 ;0000000000000;0000000000000;00000461;00000000;00000000;00000000;00000000;0000000017785;0000000017800;0000000004720;00000015;
20170818;ICF;*;Z17 ;0000009897079;0000003145125;00005753;00016030;00015730;00016050;00015940;0000000015910;0000000015955;0000000014160;00000045;
20170818;ICF;*;Z18 ;0000000000000;0000000000000;00000412;00000000;00000000;00000000;00000000;0000000016945;0000000016985;0000000012587;00000040;
20170818;IND;*;G18 ;0000000000000;0000000000000;00000000;00000000;00000000;00000000;00000000;0000000070991;0000000070283;0000000070800;00000708;
20170818;IND;*;G19 ;0000000000000;0000000000000;00000000;00000000;00000000;00000000;00000000;0000000076120;0000000075419;0000000070100;00000701;
20170818;IND;*;J18 ;0000000000000;0000000000000;00000000;00000000;00000000;00000000;00000000;0000000071783;0000000071079;0000000070400;00000704;
20170818;IND;*;J19 ;0000000000000;0000000000000;00000000;00000000;00000000;00000000;00000000;0000000077178;0000000076477;0000000070100;00000701;
20170818;IND;*;M18 ;0000000000000;0000000000000;00001180;00000000;00000000;00000000;00000000;0000000072495;0000000071792;0000000070300;00000703;
20170818;IND;*;M19 ;0000000000000;0000000000000;00000000;00000000;00000000;00000000;00000000;0000000078175;0000000077457;0000000071800;00000718;
20170818;IND;*;Q18 ;0000000000000;0000000000000;00000000;00000000;00000000;00000000;00000000;0000000073369;0000000072665;0000000070400;00000704;
20170818;IND;*;V17 ;0005769057675;0001822536702;00320451;00068915;00068790;00069695;00069630;0000000069568;0000000068860;0000000070800;00000708;
20170818;IND;*;V18 ;0000000000000;0000000000000;00000000;00000000;00000000;00000000;00000000;0000000074271;0000000073565;0000000070600;00000706;
20170818;IND;*;Z17 ;0000000000000;0000000000000;00022740;00000000;00000000;00000000;00000000;0000000070279;0000000069569;0000000071000;00000710;
20170818;IND;*;Z18 ;0000000000000;0000000000000;00000195;00000000;00000000;00000000;00000000;0000000075115;0000000074408;0000000070700;00000707;
20170818;ISP;*;H18 ;0000000000000;0000000000000;00000000;00000000;00000000;00000000;00000000;0000000242325;0000000242600;0000000043268;00000275;
20170818;ISP;*;M18 ;0000000000000;0000000000000;00000000;00000000;00000000;00000000;00000000;0000000242250;0000000242500;0000000039335;00000250;
20170818;ISP;*;U17 ;0000419113245;0000133187125;00005083;00243200;00242025;00243850;00242650;0000000242675;0000000242950;0000000043268;00000275;
20170818;ISP;*;Z17 ;0000000000000;0000000000000;00000018;00000000;00000000;00000000;00000000;0000000242475;0000000242750;0000000043268;00000275;
20170818;JPY;*;U17 ;0000032030395;0000010118909;00000721;02911700;02891200;02920900;02891200;0000028891000;0000029037100;0000000073050;00146100;
20170818;JPY;*;V17 ;0000002907500;0000000918525;00002445;02907500;02907500;02907500;02907500;0000029051600;0000029201400;0000000074900;00149800;
20170818;JPY;*;X17 ;0000000000000;0000000000000;00000000;00000000;00000000;00000000;00000000;0000029220500;0000029371600;0000000075550;00151100;
20170818;JPY;*;Z17 ;0000000000000;0000000000000;00000000;00000000;00000000;00000000;00000000;0000029376700;0000029529100;0000000076200;00152400;
20170818;JSE;*;U17 ;0000000000000;0000000000000;00000000;00000000;00000000;00000000;00000000;0000000048850;0000000049048;0000000007920;00000198;
20170818;JSE;*;Z17 ;0000000000000;0000000000000;00000000;00000000;00000000;00000000;00000000;0000000049639;0000000049837;0000000007920;00000198;
20170818;MIX;*;U17 ;0000000000000;0000000000000;00000000;00000000;00000000;00000000;00000000;0000000001943;0000000001954;0000000004950;00000011;
20170818;MIX;*;Z17 ;0000000000000;0000000000000;00000000;00000000;00000000;00000000;00000000;0000000001964;0000000001983;0000000008550;00000019;
20170818;MXN;*;U17 ;0000045768300;0000014458931;00001111;01776500;01768300;01778000;01778000;0000017762550;0000017865080;0000000076897;00102530;
20170818;MXN;*;V17 ;0000002665200;0000000841979;00000151;01776800;01776800;01776800;01776800;0000017747930;0000017852010;0000000078060;00104080;
20170818;MXN;*;X17 ;0000000000000;0000000000000;00000000;00000000;00000000;00000000;00000000;0000017741940;0000017846060;0000000078090;00104120;
20170818;NZD;*;U17 ;0000000000000;0000000000000;00000063;00000000;00000000;00000000;00000000;0000023075160;0000023218030;0000000107152;00142870;
20170818;NZD;*;V17 ;0000000000000;0000000000000;00000319;00000000;00000000;00000000;00000000;0000023169490;0000023308290;0000000104100;00138800;
20170818;NZD;*;X17 ;0000000000000;0000000000000;00000000;00000000;00000000;00000000;00000000;0000023262200;0000023403230;0000000105772;00141030;
20170818;OC1;*;F18 ;0000000000000;0000000000000;00020000;00000000;00000000;00000000;00000000;0000009723669;0000009721917;0000000001752;00001752;
20170818;OC1;*;F19 ;0000000000000;0000000000000;00000000;00000000;00000000;00000000;00000000;0000009004432;0000008996766;0000000007666;00007666;
20170818;OC1;*;F20 ;0000000000000;0000000000000;00000000;00000000;00000000;00000000;00000000;0000008190182;0000008176077;0000000014105;00014105;
20170818;OC1;*;F21 ;0000000000000;0000000000000;00000000;00000000;00000000;00000000;00000000;0000007392117;0000007369408;0000000022709;00022709;
20170818;OC1;*;F22 ;0000000000000;0000000000000;00000000;00000000;00000000;00000000;00000000;0000006659046;0000006627302;0000000031744;00031744;
20170818;OC1;*;F23 ;0000000000000;0000000000000;00000000;00000000;00000000;00000000;00000000;0000006002098;0000005964115;0000000037983;00037983;
20170818;OC1;*;F24 ;0000000000000;0000000000000;00000000;00000000;00000000;00000000;00000000;0000005414693;0000005372634;0000000042059;00042059;
20170818;OC1;*;F25 ;0000000000000;0000000000000;00000000;00000000;00000000;00000000;00000000;0000004868697;0000004823345;0000000045352;00045352;
20170818;OC1;*;F26 ;0000000000000;0000000000000;00000000;00000000;00000000;00000000;00000000;0000004392314;0000004347519;0000000044795;00044795;
20170818;OC1;*;F27 ;0000000000000;0000000000000;00000000;00000000;00000000;00000000;00000000;0000003956208;0000003916095;0000000040113;00040113;
20170818;OC1;*;F28 ;0000000000000;0000000000000;00000000;00000000;00000000;00000000;00000000;0000003571555;0000003531528;0000000040027;00040027;
20170818;OC1;*;F29 ;0000000000000;0000000000000;00000000;00000000;00000000;00000000;00000000;0000003231384;0000003191747;0000000039637;00039637;
20170818;OC1;*;F30 ;0000000000000;0000000000000;00000000;00000000;00000000;00000000;00000000;0000002914465;0000002875628;0000000038837;00038837;
20170818;OC1;*;G18 ;0000000000000;0000000000000;00000000;00000000;00000000;00000000;00000000;0000009662068;0000009660056;0000000002012;00002012;
20170818;OC1;*;H18 ;0000000000000;0000000000000;00000000;00000000;00000000;00000000;00000000;0000009611153;0000009608551;0000000002602;00002602;
20170818;OC1;*;J18 ;0000000000000;0000000000000;00000000;00000000;00000000;00000000;00000000;0000009553979;0000009550667;0000000003312;00003312;
20170818;OC1;*;J19 ;0000000000000;0000000000000;00000000;00000000;00000000;00000000;00000000;0000008813526;0000008803410;0000000010116;00010116;
20170818;OC1;*;J20 ;0000000000000;0000000000000;00000000;00000000;00000000;00000000;00000000;0000007989706;0000007973337;0000000016369;00016369;
20170818;OC1;*;J21 ;0000000000000;0000000000000;00000000;00000000;00000000;00000000;00000000;0000007205354;0000007180448;0000000024906;00024906;
20170818;OC1;*;J22 ;0000000000000;0000000000000;00000000;00000000;00000000;00000000;00000000;0000006494841;0000006462414;0000000032427;00032427;
20170818;OC1;*;K18 ;0000000000000;0000000000000;00000000;00000000;00000000;00000000;00000000;0000009495272;0000009491352;0000000003920;00003920;
20170818;OC1;*;M18 ;0000000000000;0000000000000;00000000;00000000;00000000;00000000;00000000;0000009436101;0000009431615;0000000004486;00004486;
20170818;OC1;*;N18 ;0000000000000;0000000000000;00000000;00000000;00000000;00000000;00000000;0000009377595;0000009372461;0000000005134;00005134;
20170818;OC1;*;N19 ;0000000000000;0000000000000;00000000;00000000;00000000;00000000;00000000;0000008611256;0000008602689;0000000008567;00008567;
20170818;OC1;*;N20 ;0000000000000;0000000000000;00000000;00000000;00000000;00000000;00000000;0000007792920;0000007774639;0000000018281;00018281;
20170818;OC1;*;N21 ;0000000000000;0000000000000;00000000;00000000;00000000;00000000;00000000;0000007017201;0000006990070;0000000027131;00027131;
20170818;OC1;*;N22 ;0000000000000;0000000000000;00000000;00000000;00000000;00000000;00000000;0000006323321;0000006290913;0000000032408;00032408;
20170818;OC1;*;N23 ;0000000000000;0000000000000;00000000;00000000;00000000;00000000;00000000;0000005705649;0000005665659;0000000039990;00039990;
20170818;OC1;*;N24 ;0000000000000;0000000000000;00000000;00000000;00000000;00000000;00000000;0000005144154;0000005100502;0000000043652;00043652;
20170818;OC1;*;Q18 ;0000000000000;0000000000000;00000000;00000000;00000000;00000000;00000000;0000009315727;0000009310224;0000000005503;00005503;
20170818;OC1;*;U17 ;0000000000000;0000000000000;00000000;00000000;00000000;00000000;00000000;0000009965310;0000009965296;0000000000014;00000014;
20170818;OC1;*;V17 ;0000000000000;0000000000000;00000000;00000000;00000000;00000000;00000000;0000009901733;0000009901532;0000000000201;00000201;
20170818;OC1;*;V18 ;0000000000000;0000000000000;00000000;00000000;00000000;00000000;00000000;0000009192835;0000009186632;0000000006203;00006203;
20170818;OC1;*;V19 ;0000000000000;0000000000000;00000000;00000000;00000000;00000000;00000000;0000008395827;0000008382964;0000000012863;00012863;
20170818;OC1;*;V20 ;0000000000000;0000000000000;00000000;00000000;00000000;00000000;00000000;0000007582022;0000007561538;0000000020484;00020484;
20170818;OC1;*;V21 ;0000000000000;0000000000000;00000000;00000000;00000000;00000000;00000000;0000006835638;0000006806178;0000000029460;00029460;
20170818;OC1;*;X17 ;0000000000000;0000000000000;00000000;00000000;00000000;00000000;00000000;0000009837263;0000009837065;0000000000198;00000198;
20170818;OC1;*;Z17 ;0000000000000;0000000000000;00000000;00000000;00000000;00000000;00000000;0000009779407;0000009778957;0000000000450;00000450;
20170818;OZ1;*;0000;0000000423738;0000000133866;00000000;00130950;00129500;00131000;00129500;0000000130512;0000000129804;0000000017682;00000610;
20170818;OZ1;*;U17 ;0000000000000;0000000000000;00000000;00000000;00000000;00000000;00000000;0000000129905;0000000130563;0000000016450;00000658;
20170818;OZ1;*;V17 ;0000000000000;0000000000000;00000000;00000000;00000000;00000000;00000000;0000000130742;0000000131406;0000000016600;00000664;
20170818;OZ2;*;0000;0000000204892;0000000064729;00000000;00129002;00129002;00132200;00129200;0000000129809;0000000129381;0000000000427;00002800;
20170818;OZ3;*;0000;0000000009478;0000000002994;00000000;00129000;00128500;00129000;00128500;0000000128831;0000000129000;0000000000003;00000500;
20170818;SCS;*;F802;0000000000000;0000000000000;00182740;00000000;00000000;00000000;00000000;0000000000000;0000000000000;0000000000000;00000000;
20170818;SCS;*;J802;0000000000000;0000000000000;00173130;00000000;00000000;00000000;00000000;0000000000000;0000000000000;0000000000000;00000000;
20170818;SCS;*;V702;0000000000000;0000000000000;00199495;00000000;00000000;00000000;00000000;0000000000000;0000000000000;0000000000000;00000000;
20170818;SFI;*;K18 ;0000000000000;0000000000000;00000000;00000000;00000000;00000000;00000000;0000000002045;0000000002036;0000000012744;00000009;
20170818;SFI;*;N18 ;0000000000000;0000000000000;00000000;00000000;00000000;00000000;00000000;0000000002060;0000000002052;0000000011328;00000008;
20170818;SFI;*;X17 ;0000000000000;0000000000000;00000000;00000000;00000000;00000000;00000000;0000000002000;0000000001990;0000000014160;00000010;
20170818;SJC;*;F18 ;0000000000000;0000000000000;00000001;00000000;00000000;00000000;00000000;0000000208499;0000000207507;0000000014047;00000992;
20170818;SJC;*;H18 ;0000000000000;0000000000000;00000001;00000000;00000000;00000000;00000000;0000000210262;0000000209325;0000000013268;00000937;
20170818;SJC;*;K18 ;0000000029879;0000000009495;00000667;00002110;00002110;00002110;00002110;0000000211806;0000000210924;0000000012489;00000882;
20170818;SJC;*;N18 ;0000000000000;0000000000000;00000000;00000000;00000000;00000000;00000000;0000000213128;0000000212302;0000000011696;00000826;
20170818;SJC;*;Q18 ;0000000000000;0000000000000;00000000;00000000;00000000;00000000;00000000;0000000213239;0000000212467;0000000010931;00000772;
20170818;SJC;*;U17 ;0000000029256;0000000009297;00000300;00002066;00002066;00002066;00002066;0000000206680;0000000205082;0000000022628;00001598;
20170818;SJC;*;X17 ;0000003118561;0000000991026;00002312;00002058;00002056;00002068;00002067;0000000206735;0000000205688;0000000014826;00001047;
20170818;SJC;*;X18 ;0000000000000;0000000000000;00000000;00000000;00000000;00000000;00000000;0000000209711;0000000209491;0000000003115;00000220;
20170818;TRY;*;U17 ;0000024496740;0000007738908;00000635;00892800;00892000;00892800;00892000;0000008931200;0000008997950;0000000050062;00066750;
20170818;TRY;*;V17 ;0000000000000;0000000000000;00000525;00000000;00000000;00000000;00000000;0000008889230;0000008958620;0000000052042;00069390;
20170818;TRY;*;X17 ;0000000000000;0000000000000;00000000;00000000;00000000;00000000;00000000;0000008849110;0000008915600;0000000049867;00066490;
20170818;T10;*;U17 ;0000003608708;0000001140048;00001673;00126563;00126563;00126796;00126796;0000001267500;0000001267187;0000000009907;00000313;
20170818;T10;*;Z17 ;0000000000000;0000000000000;00000000;00000000;00000000;00000000;00000000;0000001264531;0000001264218;0000000009907;00000313;
20170818;WDO;*;F18 ;0000000000000;0000000000000;00000000;00000000;00000000;00000000;00000000;0000032078960;0000032383860;0000000030490;00304900;
20170818;WDO;*;F19 ;0000000000000;0000000000000;00000000;00000000;00000000;00000000;00000000;0000033680000;0000034007630;0000000032763;00327630;
20170818;WDO;*;F20 ;0000000000000;0000000000000;00000000;00000000;00000000;00000000;00000000;0000035786500;0000036143870;0000000035737;00357370;
20170818;WDO;*;F21 ;0000000000000;0000000000000;00000000;00000000;00000000;00000000;00000000;0000038052740;0000038472480;0000000041974;00419740;
20170818;WDO;*;F25 ;0000000000000;0000000000000;00000000;00000000;00000000;00000000;00000000;0000047486210;0000048204760;0000000071855;00718550;
20170818;WDO;*;G18 ;0000000000000;0000000000000;00000000;00000000;00000000;00000000;00000000;0000032228810;0000032536660;0000000030785;00307850;
20170818;WDO;*;H18 ;0000000000000;0000000000000;00000000;00000000;00000000;00000000;00000000;0000032339050;0000032650420;0000000031137;00311370;
20170818;WDO;*;J18 ;0000000000000;0000000000000;00000000;00000000;00000000;00000000;00000000;0000032460790;0000032771510;0000000031072;00310720;
20170818;WDO;*;J19 ;0000000000000;0000000000000;00000000;00000000;00000000;00000000;00000000;0000034143060;0000034485290;0000000034223;00342230;
20170818;WDO;*;J20 ;0000000000000;0000000000000;00000000;00000000;00000000;00000000;00000000;0000036347870;0000036714950;0000000036708;00367080;
20170818;WDO;*;J22 ;0000000000000;0000000000000;00000000;00000000;00000000;00000000;00000000;0000041025220;0000041507840;0000000048262;00482620;
20170818;WDO;*;K18 ;0000000000000;0000000000000;00000000;00000000;00000000;00000000;00000000;0000032590190;0000032905450;0000000031526;00315260;
20170818;WDO;*;M18 ;0000000000000;0000000000000;00000000;00000000;00000000;00000000;00000000;0000032712510;0000033028130;0000000031562;00315620;
20170818;WDO;*;N18 ;0000000000000;0000000000000;00000000;00000000;00000000;00000000;00000000;0000032845410;0000033168170;0000000032276;00322760;
20170818;WDO;*;N19 ;0000000000000;0000000000000;00000000;00000000;00000000;00000000;00000000;0000034671020;0000035008010;0000000033699;00336990;
20170818;WDO;*;N20 ;0000000000000;0000000000000;00000000;00000000;00000000;00000000;00000000;0000036881700;0000037263890;0000000038219;00382190;
20170818;WDO;*;N21 ;0000000000000;0000000000000;00000000;00000000;00000000;00000000;00000000;0000039230990;0000039680580;0000000044959;00449590;
20170818;WDO;*;N22 ;0000000000000;0000000000000;00000000;00000000;00000000;00000000;00000000;0000041578190;0000042097500;0000000051931;00519310;
20170818;WDO;*;U17 ;0022027827900;0006958939755;00073205;03179000;03151000;03183500;03155500;0000031545010;0000031833940;0000000028893;00288930;
20170818;WDO;*;V17 ;0000000286810;0000000090608;00000275;03187000;03177000;03196000;03177000;0000031684630;0000031977760;0000000029313;00293130;
20170818;WDO;*;V18 ;0000000000000;0000000000000;00000000;00000000;00000000;00000000;00000000;0000033260310;0000033588020;0000000032771;00327710;
20170818;WDO;*;V19 ;0000000000000;0000000000000;00000000;00000000;00000000;00000000;00000000;0000035261820;0000035615700;0000000035388;00353880;
20170818;WDO;*;X17 ;0000000000000;0000000000000;00000075;00000000;00000000;00000000;00000000;0000031832150;0000032126520;0000000029437;00294370;
20170818;WDO;*;Z17 ;0000000000000;0000000000000;00000000;00000000;00000000;00000000;00000000;0000031961800;0000032257680;0000000029588;00295880;
20170818;WEU;*;U17 ;0000000000000;0000000000000;00000014;00000000;00000000;00000000;00000000;0000037117280;0000037398350;0000000028107;00281070;
20170818;WEU;*;V17 ;0000000000000;0000000000000;00000000;00000000;00000000;00000000;00000000;0000037334660;0000037620780;0000000028612;00286120;
20170818;WEU;*;X17 ;0000000000000;0000000000000;00000000;00000000;00000000;00000000;00000000;0000037561960;0000037849940;0000000028798;00287980;
20170818;WIN;*;G18 ;0000000000000;0000000000000;00000000;00000000;00000000;00000000;00000000;0000000070991;0000000070283;0000000014160;00000708;
20170818;WIN;*;G19 ;0000000000000;0000000000000;00000000;00000000;00000000;00000000;00000000;0000000076120;0000000075419;0000000014020;00000701;
20170818;WIN;*;J18 ;0000000000000;0000000000000;00000000;00000000;00000000;00000000;00000000;0000000071783;0000000071079;0000000014080;00000704;
20170818;WIN;*;J19 ;0000000000000;0000000000000;00000000;00000000;00000000;00000000;00000000;0000000077178;0000000076477;0000000014020;00000701;
20170818;WIN;*;M18 ;0000000000000;0000000000000;00000000;00000000;00000000;00000000;00000000;0000000072495;0000000071792;0000000014060;00000703;
20170818;WIN;*;M19 ;0000000000000;0000000000000;00000000;00000000;00000000;00000000;00000000;0000000078175;0000000077457;0000000014360;00000718;
20170818;WIN;*;Q18 ;0000000000000;0000000000000;00000000;00000000;00000000;00000000;00000000;0000000073369;0000000072665;0000000014080;00000704;
20170818;WIN;*;V17 ;0016538114847;0005224652444;00033027;00068890;00068780;00069695;00069645;0000000069568;0000000068860;0000000014160;00000708;
20170818;WIN;*;V18 ;0000000000000;0000000000000;00000000;00000000;00000000;00000000;00000000;0000000074271;0000000073565;0000000014120;00000706;
20170818;WIN;*;Z17 ;0000000000000;0000000000000;00000000;00000000;00000000;00000000;00000000;0000000070279;0000000069569;0000000014200;00000710;
20170818;WIN;*;Z18 ;0000000000000;0000000000000;00000000;00000000;00000000;00000000;00000000;0000000075115;0000000074408;0000000014140;00000707;
20170818;WTI;*;U17 ;0000000044153;0000000014031;00000079;00004677;00004677;00004677;00004677;0000000004851;0000000004709;0000000044684;00000142;
20170818;WTI;*;V17 ;0000002583822;0000000821095;00002682;00004705;00004705;00004885;00004885;0000000004866;0000000004724;0000000044684;00000142;
20170818;WTI;*;X17 ;0000000000000;0000000000000;00000002;00000000;00000000;00000000;00000000;0000000004882;0000000004740;0000000044684;00000142;
20170818;ZAR;*;U17 ;0000000000000;0000000000000;00000433;00000000;00000000;00000000;00000000;0000023935800;0000024052790;0000000040946;00116990;
20170818;ZAR;*;V17 ;0000000000000;0000000000000;00000431;00000000;00000000;00000000;00000000;0000023924050;0000024038050;0000000039900;00114000;
20170818;ZAR;*;X17 ;0000000000000;0000000000000;00000000;00000000;00000000;00000000;00000000;0000023915510;0000024030770;0000000040341;00115260;
