Data;Código do Contrato;Pregão;Vencimento;Volume(R$);Volume(U$);Número de contas em Aberto;Preço de Abertura;Preço Mínimo;Preço Máximo;Último Preço;Preço de Ajuste Atual; Preço de Ajuste Anterior;Valor de Ajuste por Contrato;Variação
20170119;AUD;*;G17 ;0000011775180;0000003666795;00001512;02428000;02416900;02428000;02426000;0000024171600;0000024385340;0000000128244;00213740;
20170119;AUD;*;H17 ;0000000000000;0000000000000;00000398;00000000;00000000;00000000;00000000;0000024324680;0000024548640;0000000134376;00223960;
20170119;AUD;*;J17 ;0000000000000;0000000000000;00000000;00000000;00000000;00000000;00000000;0000024518910;0000024745030;0000000000000;00226120;
20170119;BGI;*;F17 ;0000028356081;0000008856570;00001154;00014800;00014725;00014800;00014740;0000000014740;0000000014803;0000000020790;00000063;
20170119;BGI;*;F18 ;0000000000000;0000000000000;00000000;00000000;00000000;00000000;00000000;0000000014530;0000000014592;0000000000000;00000062;
20170119;BGI;*;G17 ;0000002548062;0000000795847;00000131;00014600;00014530;00014600;00014560;0000000014560;0000000014620;0000000019800;00000060;
20170119;BGI;*;H17 ;0000001239810;0000000387235;00000052;00014450;00014450;00014450;00014450;0000000014428;0000000014475;0000000015510;00000047;
20170119;BGI;*;J17 ;0000000000000;0000000000000;00000002;00000000;00000000;00000000;00000000;0000000014366;0000000014412;0000000015180;00000046;
20170119;BGI;*;K17 ;0000021300354;0000006652826;00002468;00014222;00014150;00014240;00014187;0000000014187;0000000014218;0000000010230;00000031;
20170119;BGI;*;M17 ;0000000000000;0000000000000;00000003;00000000;00000000;00000000;00000000;0000000014284;0000000014323;0000000012870;00000039;
20170119;BGI;*;N17 ;0000000000000;0000000000000;00000000;00000000;00000000;00000000;00000000;0000000014370;0000000014418;0000000000000;00000048;
20170119;BGI;*;Q17 ;0000000000000;0000000000000;00000000;00000000;00000000;00000000;00000000;0000000014463;0000000014518;0000000000000;00000055;
20170119;BGI;*;U17 ;0000000000000;0000000000000;00000000;00000000;00000000;00000000;00000000;0000000014546;0000000014609;0000000000000;00000063;
20170119;BGI;*;V17 ;0000013157585;0000004109562;00001025;00014730;00014630;00014730;00014630;0000000014630;0000000014700;0000000023100;00000070;
20170119;BGI;*;X17 ;0000000096396;0000000030108;00000076;00014611;00014600;00014611;00014600;0000000014572;0000000014642;0000000023100;00000070;
20170119;BGI;*;Z17 ;0000000000000;0000000000000;00000087;00000000;00000000;00000000;00000000;0000000014580;0000000014642;0000000020460;00000062;
20170119;BRI;*;G17 ;0000008356920;0000002602348;00001148;00010714;00010714;00010714;00010714;0000000010715;0000000010747;0000000032000;00000032;
20170119;BRI;*;J17 ;0000000000000;0000000000000;00000000;00000000;00000000;00000000;00000000;0000000010911;0000000010944;0000000000000;00000033;
20170119;BSE;*;F17 ;0000000000000;0000000000000;00000000;00000000;00000000;00000000;00000000;0000000027349;0000000027304;0000000000000;00000045;
20170119;BSE;*;G17 ;0000000000000;0000000000000;00000000;00000000;00000000;00000000;00000000;0000000027545;0000000027500;0000000000000;00000045;
20170119;CAD;*;G17 ;0000015492816;0000004824469;00001000;02438100;02405800;02438100;02416000;0000024050030;0000024460160;0000000246078;00410130;
20170119;CAD;*;H17 ;0000000000000;0000000000000;00000280;00000000;00000000;00000000;00000000;0000024211260;0000024628290;0000000250218;00417030;
20170119;CAD;*;J17 ;0000000000000;0000000000000;00000000;00000000;00000000;00000000;00000000;0000024434540;0000024854690;0000000000000;00420150;
20170119;CCM;*;F18 ;0000000028741;0000000008977;00000060;00003192;00003192;00003195;00003195;0000000003166;0000000003189;0000000010350;00000023;
20170119;CCM;*;F19 ;0000000000000;0000000000000;00000000;00000000;00000000;00000000;00000000;0000000002791;0000000002809;0000000000000;00000018;
20170119;CCM;*;H17 ;0000033920145;0000010594417;00008200;00003580;00003507;00003612;00003520;0000000003521;0000000003580;0000000026550;00000059;
20170119;CCM;*;H18 ;0000000000000;0000000000000;00000000;00000000;00000000;00000000;00000000;0000000003132;0000000003155;0000000000000;00000023;
20170119;CCM;*;H19 ;0000000000000;0000000000000;00000000;00000000;00000000;00000000;00000000;0000000002673;0000000002690;0000000000000;00000017;
20170119;CCM;*;K17 ;0000007683309;0000002399759;00005976;00003468;00003413;00003486;00003415;0000000003415;0000000003470;0000000024750;00000055;
20170119;CCM;*;K18 ;0000000000000;0000000000000;00000000;00000000;00000000;00000000;00000000;0000000002892;0000000002913;0000000000000;00000021;
20170119;CCM;*;K19 ;0000000000000;0000000000000;00000000;00000000;00000000;00000000;00000000;0000000002559;0000000002576;0000000000000;00000017;
20170119;CCM;*;N17 ;0000000000000;0000000000000;00000000;00000000;00000000;00000000;00000000;0000000003266;0000000003305;0000000000000;00000039;
20170119;CCM;*;N18 ;0000000000000;0000000000000;00000000;00000000;00000000;00000000;00000000;0000000002768;0000000002787;0000000000000;00000019;
20170119;CCM;*;U17 ;0000011837380;0000003697217;00006823;00003155;00003092;00003155;00003125;0000000003125;0000000003148;0000000010350;00000023;
20170119;CCM;*;U18 ;0000000000000;0000000000000;00000000;00000000;00000000;00000000;00000000;0000000002646;0000000002664;0000000000000;00000018;
20170119;CCM;*;X17 ;0000000014175;0000000004427;00000001;00003150;00003150;00003150;00003150;0000000003146;0000000003169;0000000010350;00000023;
20170119;CCM;*;X18 ;0000000000000;0000000000000;00000000;00000000;00000000;00000000;00000000;0000000002717;0000000002734;0000000000000;00000017;
20170119;CHF;*;G17 ;0000001593000;0000000496061;00000170;03186000;03186000;03186000;03186000;0000031783720;0000032263700;0000000239990;00479980;
20170119;CHF;*;H17 ;0000000000000;0000000000000;00000120;00000000;00000000;00000000;00000000;0000032050050;0000032541860;0000000245905;00491810;
20170119;CHF;*;J17 ;0000000000000;0000000000000;00000000;00000000;00000000;00000000;00000000;0000032405630;0000032900310;0000000000000;00494680;
20170119;CLP;*;G17 ;0000000000000;0000000000000;00000101;00000000;00000000;00000000;00000000;0000048512000;0000049027000;0000000128750;00515000;
20170119;CLP;*;H17 ;0000000000000;0000000000000;00000865;00000000;00000000;00000000;00000000;0000048760000;0000049301000;0000000135250;00541000;
20170119;CLP;*;J17 ;0000000000000;0000000000000;00000000;00000000;00000000;00000000;00000000;0000049075000;0000049620000;0000000000000;00545000;
20170119;CNY;*;G17 ;0000000000000;0000000000000;00000000;00000000;00000000;00000000;00000000;0000046554740;0000047113660;0000000000000;00558920;
20170119;CNY;*;H17 ;0000000000000;0000000000000;00000000;00000000;00000000;00000000;00000000;0000046622310;0000047245080;0000000000000;00622770;
20170119;CNY;*;J17 ;0000000000000;0000000000000;00000000;00000000;00000000;00000000;00000000;0000046833560;0000047426470;0000000000000;00592910;
20170119;CR1;*;H7U7;0000000000000;0000000000000;00000000;00000000;00000000;00000000;00000000;0000000000000;0000000000000;0000000000000;00000000;
20170119;CR1;*;U7Z7;0000000000000;0000000000000;00000000;00000000;00000000;00000000;00000000;0000000000000;0000000000000;0000000000000;00000000;
20170119;DAP;*;F18 ;0000000000000;0000000000000;00000000;00000000;00000000;00000000;00000000;0000009458787;0000009467519;0000000000000;00008732;
20170119;DAP;*;G17 ;0000047553564;0000014808197;00001600;00000690;00000690;00000690;00000690;0000009957227;0000009962490;0000000006288;00005263;
20170119;DAP;*;H17 ;0000000000000;0000000000000;00000485;00000000;00000000;00000000;00000000;0000009928064;0000009929669;0000000001917;00001605;
20170119;DAP;*;J17 ;0000000000000;0000000000000;00000085;00000000;00000000;00000000;00000000;0000009877622;0000009881381;0000000004491;00003759;
20170119;DAP;*;K17 ;0000132230103;0000041176503;00017318;00000552;00000552;00000552;00000552;0000009836310;0000009841348;0000000006019;00005038;
20170119;DAP;*;K19 ;0000172019712;0000053567002;00034665;00000542;00000542;00000551;00000551;0000008850092;0000008854082;0000000004767;00003990;
20170119;DAP;*;K21 ;0000155318731;0000048366310;00008739;00000564;00000563;00000567;00000567;0000007893230;0000007896506;0000000003914;00003276;
20170119;DAP;*;K23 ;0000000000000;0000000000000;00011850;00000000;00000000;00000000;00000000;0000007065136;0000007056799;0000000009961;00008337;
20170119;DAP;*;Q18 ;0000001099191;0000000342288;00023215;00000551;00000551;00000551;00000551;0000009202240;0000009207825;0000000006673;00005585;
20170119;DAP;*;Q20 ;0000000000000;0000000000000;00002790;00000000;00000000;00000000;00000000;0000008243309;0000008243405;0000000000114;00000096;
20170119;DAP;*;Q22 ;0000109572974;0000034121064;00005500;00000576;00000572;00000576;00000576;0000007332751;0000007325107;0000000009133;00007644;
20170119;DAP;*;Q24 ;0000075193706;0000023415348;00005840;00000562;00000562;00000562;00000562;0000006615011;0000006615076;0000000000077;00000065;
20170119;DAP;*;Q26 ;0000000000000;0000000000000;00001155;00000000;00000000;00000000;00000000;0000005904885;0000005899606;0000000006307;00005279;
20170119;DAP;*;Q30 ;0000000000000;0000000000000;00000235;00000000;00000000;00000000;00000000;0000004796284;0000004784081;0000000014580;00012203;
20170119;DCO;*;F18 ;0000000000000;0000000000000;00000000;00000000;00000000;00000000;00000000;0000009704498;0000009783492;0000000000000;00078994;
20170119;DCO;*;F19 ;0000000000000;0000000000000;00000000;00000000;00000000;00000000;00000000;0000009403996;0000009479625;0000000000000;00075629;
20170119;DCO;*;F20 ;0000000000000;0000000000000;00000000;00000000;00000000;00000000;00000000;0000009041564;0000009110220;0000000000000;00068656;
20170119;DCO;*;F21 ;0000000000000;0000000000000;00000000;00000000;00000000;00000000;00000000;0000008606803;0000008685602;0000000000000;00078799;
20170119;DCO;*;F22 ;0000000000000;0000000000000;00000000;00000000;00000000;00000000;00000000;0000008185148;0000008268995;0000000000000;00083847;
20170119;DCO;*;F23 ;0000000000000;0000000000000;00000000;00000000;00000000;00000000;00000000;0000007760005;0000007846541;0000000000000;00086536;
20170119;DCO;*;F24 ;0000000000000;0000000000000;00000000;00000000;00000000;00000000;00000000;0000007331790;0000007416689;0000000000000;00084899;
20170119;DCO;*;F25 ;0000000000000;0000000000000;00000000;00000000;00000000;00000000;00000000;0000006906773;0000006990776;0000000000000;00084003;
20170119;DCO;*;F26 ;0000000000000;0000000000000;00000000;00000000;00000000;00000000;00000000;0000006499239;0000006576345;0000000000000;00077106;
20170119;DCO;*;F27 ;0000000000000;0000000000000;00000000;00000000;00000000;00000000;00000000;0000006118249;0000006183552;0000000000000;00065303;
20170119;DCO;*;F28 ;0000000000000;0000000000000;00000000;00000000;00000000;00000000;00000000;0000005772321;0000005836985;0000000000000;00064664;
20170119;DCO;*;F29 ;0000000000000;0000000000000;00000000;00000000;00000000;00000000;00000000;0000005444201;0000005503809;0000000000000;00059608;
20170119;DCO;*;F30 ;0000000000000;0000000000000;00000000;00000000;00000000;00000000;00000000;0000005145167;0000005199703;0000000000000;00054536;
20170119;DCO;*;G17 ;0000000000000;0000000000000;00000000;00000000;00000000;00000000;00000000;0000009916066;0000009998022;0000000000000;00081956;
20170119;DCO;*;H17 ;0000000000000;0000000000000;00000000;00000000;00000000;00000000;00000000;0000009901554;0000009983616;0000000000000;00082062;
20170119;DCO;*;J17 ;0000000000000;0000000000000;00000000;00000000;00000000;00000000;00000000;0000009884592;0000009966185;0000000000000;00081593;
20170119;DCO;*;J18 ;0000000000000;0000000000000;00000000;00000000;00000000;00000000;00000000;0000009642194;0000009716768;0000000000000;00074574;
20170119;DCO;*;J19 ;0000000000000;0000000000000;00000000;00000000;00000000;00000000;00000000;0000009319047;0000009398052;0000000000000;00079005;
20170119;DCO;*;J20 ;0000000000000;0000000000000;00000000;00000000;00000000;00000000;00000000;0000008948955;0000009018567;0000000000000;00069612;
20170119;DCO;*;J21 ;0000000000000;0000000000000;00000000;00000000;00000000;00000000;00000000;0000008495118;0000008574610;0000000000000;00079492;
20170119;DCO;*;K17 ;0000000000000;0000000000000;00000000;00000000;00000000;00000000;00000000;0000009868148;0000009949643;0000000000000;00081495;
20170119;DCO;*;M17 ;0000000000000;0000000000000;00000000;00000000;00000000;00000000;00000000;0000009851505;0000009932627;0000000000000;00081122;
20170119;DCO;*;N17 ;0000000000000;0000000000000;00000000;00000000;00000000;00000000;00000000;0000009834574;0000009915472;0000000000000;00080898;
20170119;DCO;*;N18 ;0000000000000;0000000000000;00000000;00000000;00000000;00000000;00000000;0000009571044;0000009647910;0000000000000;00076866;
20170119;DCO;*;N19 ;0000000000000;0000000000000;00000000;00000000;00000000;00000000;00000000;0000009228543;0000009309170;0000000000000;00080627;
20170119;DCO;*;N20 ;0000000000000;0000000000000;00000000;00000000;00000000;00000000;00000000;0000008837861;0000008912831;0000000000000;00074970;
20170119;DCO;*;N21 ;0000000000000;0000000000000;00000000;00000000;00000000;00000000;00000000;0000008381699;0000008464882;0000000000000;00083183;
20170119;DCO;*;Q17 ;0000000000000;0000000000000;00000000;00000000;00000000;00000000;00000000;0000009812804;0000009893172;0000000000000;00080368;
20170119;DCO;*;U17 ;0000000000000;0000000000000;00000000;00000000;00000000;00000000;00000000;0000009795519;0000009875484;0000000000000;00079965;
20170119;DCO;*;V17 ;0000000000000;0000000000000;00000000;00000000;00000000;00000000;00000000;0000009772072;0000009851483;0000000000000;00079411;
20170119;DCO;*;V18 ;0000000000000;0000000000000;00000000;00000000;00000000;00000000;00000000;0000009491618;0000009570805;0000000000000;00079187;
20170119;DCO;*;V19 ;0000000000000;0000000000000;00000000;00000000;00000000;00000000;00000000;0000009139747;0000009220311;0000000000000;00080564;
20170119;DCO;*;V20 ;0000000000000;0000000000000;00000000;00000000;00000000;00000000;00000000;0000008731851;0000008806197;0000000000000;00074346;
20170119;DCO;*;V21 ;0000000000000;0000000000000;00000000;00000000;00000000;00000000;00000000;0000008279334;0000008359570;0000000000000;00080236;
20170119;DCO;*;X17 ;0000000000000;0000000000000;00000000;00000000;00000000;00000000;00000000;0000009751325;0000009830060;0000000000000;00078735;
20170119;DCO;*;Z17 ;0000000000000;0000000000000;00000000;00000000;00000000;00000000;00000000;0000009728447;0000009807123;0000000000000;00078676;
20170119;DDI;*;F18 ;0000000000000;0000000000000;00222467;00000000;00000000;00000000;00000000;0000009706319;0000009785347;0000000127278;00079028;
20170119;DDI;*;F19 ;0000000000000;0000000000000;00097284;00000000;00000000;00000000;00000000;0000009405747;0000009483195;0000000124733;00077448;
20170119;DDI;*;F20 ;0000000000000;0000000000000;00091029;00000000;00000000;00000000;00000000;0000009046463;0000009115206;0000000110714;00068743;
20170119;DDI;*;F21 ;0000000000000;0000000000000;00091472;00000000;00000000;00000000;00000000;0000008612758;0000008691683;0000000127112;00078925;
20170119;DDI;*;F22 ;0000000000000;0000000000000;00037504;00000000;00000000;00000000;00000000;0000008191890;0000008275894;0000000135292;00084004;
20170119;DDI;*;F23 ;0000000000000;0000000000000;00027586;00000000;00000000;00000000;00000000;0000007767285;0000007854005;0000000139666;00086720;
20170119;DDI;*;F24 ;0000000000000;0000000000000;00025595;00000000;00000000;00000000;00000000;0000007339381;0000007424478;0000000137052;00085097;
20170119;DDI;*;F25 ;0000000000000;0000000000000;00017590;00000000;00000000;00000000;00000000;0000006914480;0000006998694;0000000135630;00084214;
20170119;DDI;*;F26 ;0000000000000;0000000000000;00013930;00000000;00000000;00000000;00000000;0000006506922;0000006584232;0000000124511;00077310;
20170119;DDI;*;F27 ;0000000000000;0000000000000;00009550;00000000;00000000;00000000;00000000;0000006129616;0000006195196;0000000105619;00065580;
20170119;DDI;*;F28 ;0000000000000;0000000000000;00000110;00000000;00000000;00000000;00000000;0000005783452;0000005848399;0000000104600;00064947;
20170119;DDI;*;F29 ;0000000000000;0000000000000;00000000;00000000;00000000;00000000;00000000;0000005455007;0000005514884;0000000000000;00059877;
20170119;DDI;*;F30 ;0000000000000;0000000000000;00000500;00000000;00000000;00000000;00000000;0000005155625;0000005210414;0000000088240;00054789;
20170119;DDI;*;G17 ;0000160802980;0000050074107;00630353;00000434;00000434;00000434;00000434;0000009916102;0000009998054;0000000131987;00081952;
20170119;DDI;*;H17 ;0000000000000;0000000000000;00302621;00000000;00000000;00000000;00000000;0000009901777;0000009983726;0000000131982;00081949;
20170119;DDI;*;J17 ;0000000000000;0000000000000;00251447;00000000;00000000;00000000;00000000;0000009884994;0000009966593;0000000131419;00081599;
20170119;DDI;*;J18 ;0000000000000;0000000000000;00052277;00000000;00000000;00000000;00000000;0000009644457;0000009719072;0000000120171;00074615;
20170119;DDI;*;J19 ;0000000000000;0000000000000;00042409;00000000;00000000;00000000;00000000;0000009322918;0000009401998;0000000127362;00079080;
20170119;DDI;*;J20 ;0000000000000;0000000000000;00019875;00000000;00000000;00000000;00000000;0000008954155;0000009023860;0000000112263;00069705;
20170119;DDI;*;J21 ;0000000000000;0000000000000;00005007;00000000;00000000;00000000;00000000;0000008501269;0000008580894;0000000128240;00079625;
20170119;DDI;*;K17 ;0000000000000;0000000000000;00087304;00000000;00000000;00000000;00000000;0000009868705;0000009950210;0000000131267;00081505;
20170119;DDI;*;M17 ;0000000000000;0000000000000;00076753;00000000;00000000;00000000;00000000;0000009852222;0000009933357;0000000130671;00081135;
20170119;DDI;*;N17 ;0000000000000;0000000000000;00244087;00000000;00000000;00000000;00000000;0000009835461;0000009916375;0000000130316;00080914;
20170119;DDI;*;N18 ;0000000000000;0000000000000;00043243;00000000;00000000;00000000;00000000;0000009573737;0000009650653;0000000123877;00076916;
20170119;DDI;*;N19 ;0000000000000;0000000000000;00051974;00000000;00000000;00000000;00000000;0000009232770;0000009313483;0000000129992;00080713;
20170119;DDI;*;N20 ;0000000000000;0000000000000;00030235;00000000;00000000;00000000;00000000;0000008843327;0000008918405;0000000120916;00075078;
20170119;DDI;*;N21 ;0000000000000;0000000000000;00004337;00000000;00000000;00000000;00000000;0000008388042;0000008471370;0000000134203;00083328;
20170119;DDI;*;Q17 ;0000000000000;0000000000000;00071354;00000000;00000000;00000000;00000000;0000009813842;0000009894227;0000000129464;00080385;
20170119;DDI;*;U17 ;0000000000000;0000000000000;00032125;00000000;00000000;00000000;00000000;0000009796718;0000009876706;0000000128824;00079988;
20170119;DDI;*;V17 ;0000000000000;0000000000000;00093837;00000000;00000000;00000000;00000000;0000009773430;0000009852866;0000000127935;00079436;
20170119;DDI;*;V18 ;0000000000000;0000000000000;00045498;00000000;00000000;00000000;00000000;0000009494723;0000009573968;0000000127628;00079245;
20170119;DDI;*;V19 ;0000000000000;0000000000000;00030684;00000000;00000000;00000000;00000000;0000009144320;0000009224978;0000000129903;00080658;
20170119;DDI;*;V20 ;0000000000000;0000000000000;00021724;00000000;00000000;00000000;00000000;0000008737578;0000008812038;0000000119921;00074460;
20170119;DDI;*;V21 ;0000000000000;0000000000000;00001942;00000000;00000000;00000000;00000000;0000008285874;0000008366255;0000000129457;00080381;
20170119;DDI;*;X17 ;0000000000000;0000000000000;00022789;00000000;00000000;00000000;00000000;0000009752836;0000009831599;0000000126851;00078763;
20170119;DDI;*;Z17 ;0000000000000;0000000000000;00011750;00000000;00000000;00000000;00000000;0000009730108;0000009808816;0000000126763;00078708;
20170119;DDM;*;K17 ;0000000000000;0000000000000;00000000;00000000;00000000;00000000;00000000;0000009821811;0000009825008;0000000000000;00003197;
20170119;DDM;*;K19 ;0000000000000;0000000000000;00000000;00000000;00000000;00000000;00000000;0000008756190;0000008758996;0000000000000;00002806;
20170119;DDM;*;K21 ;0000000000000;0000000000000;00000000;00000000;00000000;00000000;00000000;0000007834619;0000007836987;0000000000000;00002368;
20170119;DDM;*;Q18 ;0000000000000;0000000000000;00000000;00000000;00000000;00000000;00000000;0000009119368;0000009122252;0000000000000;00002884;
20170119;DDM;*;Q20 ;0000000000000;0000000000000;00000000;00000000;00000000;00000000;00000000;0000008160258;0000008162139;0000000000000;00001881;
20170119;DI1;*;F18 ;0014349454804;0004468425499;02364713;00011025;00010970;00011025;00010980;0000009070814;0000009066816;0000000003998;00003998;
20170119;DI1;*;F19 ;0017421706935;0005425125941;01576178;00010490;00010430;00010490;00010450;0000008255661;0000008244828;0000000010833;00010833;
20170119;DI1;*;F20 ;0006533639856;0002034577852;00993693;00010590;00010520;00010610;00010550;0000007451818;0000007434647;0000000017171;00017171;
20170119;DI1;*;F21 ;0017913285704;0005578203751;01390087;00010780;00010660;00010790;00010680;0000006707535;0000006684276;0000000023259;00023259;
20170119;DI1;*;F22 ;0000134769331;0000041967219;00063858;00010910;00010820;00010910;00010830;0000006024034;0000005993757;0000000030277;00030277;
20170119;DI1;*;F23 ;0003429911309;0001068075642;00631257;00011050;00010930;00011060;00010970;0000005396629;0000005371134;0000000025495;00025495;
20170119;DI1;*;F24 ;0000066143153;0000020597002;00048000;00011100;00010990;00011110;00011080;0000004853611;0000004819317;0000000034294;00034294;
20170119;DI1;*;F25 ;0001590777475;0000495368690;00506615;00011160;00011050;00011180;00011080;0000004346073;0000004318559;0000000027514;00027514;
20170119;DI1;*;F26 ;0000073780261;0000022975200;00065228;00011180;00011090;00011190;00011180;0000003899252;0000003876085;0000000023167;00023167;
20170119;DI1;*;F27 ;0001077853729;0000335644047;00270991;00011240;00011140;00011270;00011190;0000003494333;0000003466616;0000000027717;00027717;
20170119;DI1;*;F28 ;0000000000000;0000000000000;00000010;00000000;00000000;00000000;00000000;0000003143992;0000003116541;0000000027451;00027451;
20170119;DI1;*;F29 ;0000000000000;0000000000000;00003500;00000000;00000000;00000000;00000000;0000002831158;0000002804196;0000000026962;00026962;
20170119;DI1;*;F30 ;0000000000000;0000000000000;00000020;00000000;00000000;00000000;00000000;0000002543952;0000002517705;0000000026247;00026247;
20170119;DI1;*;G17 ;0002472277537;0000769868133;00917194;00012883;00012880;00012883;00012882;0000009956817;0000009956816;0000000000001;00000001;
20170119;DI1;*;H17 ;0015576645369;0004850573092;00422769;00012830;00012820;00012830;00012830;0000009871545;0000009871398;0000000000147;00000147;
20170119;DI1;*;J17 ;0045128912692;0014053159995;02002719;00012515;00012502;00012515;00012506;0000009768910;0000009768527;0000000000383;00000383;
20170119;DI1;*;J18 ;0000660503442;0000205681015;00764280;00010770;00010740;00010780;00010750;0000008866204;0000008861196;0000000005008;00005008;
20170119;DI1;*;J19 ;0001393407275;0000433907537;00110688;00010480;00010440;00010490;00010480;0000008056238;0000008044254;0000000011984;00011984;
20170119;DI1;*;J20 ;0000004716956;0000001468862;00073278;00010660;00010600;00010660;00010630;0000007257656;0000007241559;0000000016097;00016097;
20170119;DI1;*;J21 ;0000008821770;0000002747102;00025320;00010740;00010740;00010740;00010740;0000006530955;0000006509582;0000000021373;00021373;
20170119;DI1;*;K17 ;0000048459695;0000015090367;00107972;00012295;00012295;00012295;00012295;0000009691939;0000009691075;0000000000864;00000864;
20170119;DI1;*;M17 ;0001930600222;0000601189619;00078384;00012140;00012090;00012140;00012090;0000009600582;0000009599302;0000000001280;00001280;
20170119;DI1;*;N17 ;0011192872821;0003485464709;01205021;00011905;00011850;00011910;00011850;0000009518311;0000009516385;0000000001926;00001926;
20170119;DI1;*;N18 ;0002175909430;0000677578996;00584176;00010610;00010580;00010620;00010590;0000008661735;0000008654592;0000000007143;00007143;
20170119;DI1;*;N19 ;0000462882351;0000144141734;00437837;00010520;00010450;00010520;00010470;0000007859552;0000007848180;0000000011372;00011372;
20170119;DI1;*;N20 ;0004820799290;0001501198670;00704061;00010730;00010620;00010730;00010640;0000007071703;0000007052597;0000000019106;00019106;
20170119;DI1;*;N21 ;0000440187492;0000137074547;00022221;00010790;00010740;00010830;00010750;0000006356180;0000006336399;0000000019781;00019781;
20170119;DI1;*;N22 ;0000000000000;0000000000000;00003730;00000000;00000000;00000000;00000000;0000005705339;0000005677654;0000000027685;00027685;
20170119;DI1;*;N23 ;0000000000000;0000000000000;00003135;00000000;00000000;00000000;00000000;0000005118961;0000005088926;0000000030035;00030035;
20170119;DI1;*;N24 ;0000000000000;0000000000000;00001550;00000000;00000000;00000000;00000000;0000004598694;0000004568139;0000000030555;00030555;
20170119;DI1;*;Q17 ;0000133524051;0000041579439;00022353;00011720;00011710;00011720;00011710;0000009439555;0000009435954;0000000003601;00003601;
20170119;DI1;*;U17 ;0000025248645;0000007862437;00025787;00011520;00011520;00011520;00011520;0000009354033;0000009350761;0000000003272;00003272;
20170119;DI1;*;V17 ;0003619073281;0001126980750;00579678;00011390;00011355;00011390;00011360;0000009280314;0000009277323;0000000002991;00002991;
20170119;DI1;*;V18 ;0000315664428;0000098298019;00607257;00010520;00010500;00010540;00010500;0000008453591;0000008443993;0000000009598;00009598;
20170119;DI1;*;V19 ;0000004207111;0000001310096;00056135;00010540;00010520;00010540;00010520;0000007649631;0000007639142;0000000010489;00010489;
20170119;DI1;*;V20 ;0000008256675;0000002571132;00044314;00010750;00010680;00010750;00010680;0000006885899;0000006863572;0000000022327;00022327;
20170119;DI1;*;V21 ;0000003403745;0000001059927;00015496;00010810;00010810;00010820;00010820;0000006186256;0000006160135;0000000026121;00026121;
20170119;DI1;*;X17 ;0000000000000;0000000000000;00012617;00000000;00000000;00000000;00000000;0000009207672;0000009204337;0000000003335;00003335;
20170119;DI1;*;Z17 ;0000000000000;0000000000000;00006090;00000000;00000000;00000000;00000000;0000009138964;0000009135298;0000000003666;00003666;
20170119;DOL;*;F18 ;0000000000000;0000000000000;00003420;00000000;00000000;00000000;00000000;0000034467710;0000034763670;0000000147980;00295960;
20170119;DOL;*;F19 ;0000000000000;0000000000000;00000000;00000000;00000000;00000000;00000000;0000036698280;0000037049070;0000000000000;00350790;
20170119;DOL;*;F20 ;0000000000000;0000000000000;00000000;00000000;00000000;00000000;00000000;0000039103960;0000039492110;0000000000000;00388150;
20170119;DOL;*;F21 ;0000000000000;0000000000000;00003100;00000000;00000000;00000000;00000000;0000041360280;0000041884540;0000000262130;00524260;
20170119;DOL;*;F25 ;0000000000000;0000000000000;00000000;00000000;00000000;00000000;00000000;0000051246800;0000052201410;0000000000000;00954610;
20170119;DOL;*;G17 ;0038260879250;0011914451858;00623798;03237000;03204500;03243500;03207000;0000032079320;0000032344450;0000000132565;00265130;
20170119;DOL;*;H17 ;0000003241500;0000001009404;00037870;03242000;03240000;03242000;03240000;0000032309650;0000032577530;0000000133940;00267880;
20170119;DOL;*;J17 ;0000381314875;0000118741592;00005943;03265500;03265500;03272000;03267000;0000032593760;0000032864110;0000000135175;00270350;
20170119;DOL;*;J18 ;0000000000000;0000000000000;00000000;00000000;00000000;00000000;00000000;0000035038400;0000035329430;0000000000000;00291030;
20170119;DOL;*;J19 ;0000000000000;0000000000000;00000000;00000000;00000000;00000000;00000000;0000037275530;0000037647710;0000000000000;00372180;
20170119;DOL;*;K17 ;0000000000000;0000000000000;00000265;00000000;00000000;00000000;00000000;0000032798480;0000033072310;0000000136915;00273830;
20170119;DOL;*;M17 ;0000040116000;0000012492137;00000350;03343000;03343000;03343000;03343000;0000033055280;0000033331940;0000000138330;00276660;
20170119;DOL;*;N17 ;0000041233500;0000012840127;00017120;03366000;03366000;03366000;03366000;0000033284270;0000033564880;0000000140305;00280610;
20170119;DOL;*;N18 ;0000000000000;0000000000000;00000170;00000000;00000000;00000000;00000000;0000035602530;0000035918180;0000000157825;00315650;
20170119;DOL;*;N19 ;0000000000000;0000000000000;00000400;00000000;00000000;00000000;00000000;0000037838890;0000038224990;0000000193050;00386100;
20170119;DOL;*;N21 ;0000000000000;0000000000000;00000000;00000000;00000000;00000000;00000000;0000042507800;0000043064100;0000000000000;00556300;
20170119;DOL;*;Q17 ;0000040650000;0000012658425;00000270;03387500;03387500;03387500;03387500;0000033488200;0000033775390;0000000143595;00287190;
20170119;DOL;*;U17 ;0000027296000;0000008499984;00000790;03412000;03412000;03412000;03412000;0000033735410;0000034022750;0000000143670;00287340;
20170119;DOL;*;V17 ;0000027444000;0000008546072;00001035;03430500;03430500;03430500;03430500;0000033922550;0000034209290;0000000143370;00286740;
20170119;DOL;*;V18 ;0000000000000;0000000000000;00000000;00000000;00000000;00000000;00000000;0000036178060;0000036521480;0000000000000;00343420;
20170119;DOL;*;V19 ;0000000000000;0000000000000;00000000;00000000;00000000;00000000;00000000;0000038504820;0000038897800;0000000000000;00392980;
20170119;DOL;*;X17 ;0000000000000;0000000000000;00000000;00000000;00000000;00000000;00000000;0000034118140;0000034406130;0000000000000;00287990;
20170119;DOL;*;Z17 ;0000000000000;0000000000000;00000000;00000000;00000000;00000000;00000000;0000034294540;0000034585820;0000000000000;00291280;
20170119;DR1;*;G7H7;0000000000000;0000000000000;00000000;00023350;00023000;00023350;00023050;0000000000000;0000000000000;0000000000000;00000000;
20170119;ETH;*;F17 ;0000002348685;0000000733574;00001821;00190950;00190950;00190950;00190950;0000000190400;0000000192500;0000000063000;00002100;
20170119;ETH;*;G17 ;0000000000000;0000000000000;00000934;00000000;00000000;00000000;00000000;0000000197500;0000000197500;0000000000000;00000000;
20170119;ETH;*;H17 ;0000000000000;0000000000000;00000589;00000000;00000000;00000000;00000000;0000000195000;0000000195000;0000000000000;00000000;
20170119;ETH;*;J17 ;0000000000000;0000000000000;00000000;00000000;00000000;00000000;00000000;0000000155100;0000000155100;0000000000000;00000000;
20170119;ETH;*;K17 ;0000000726750;0000000226989;00000075;00161500;00161500;00161500;00161500;0000000161500;0000000161500;0000000000000;00000000;
20170119;ETH;*;M17 ;0000000000000;0000000000000;00000200;00000000;00000000;00000000;00000000;0000000161500;0000000161500;0000000000000;00000000;
20170119;ETH;*;N17 ;0000000000000;0000000000000;00000205;00000000;00000000;00000000;00000000;0000000165000;0000000165000;0000000000000;00000000;
20170119;ETH;*;Q17 ;0000000000000;0000000000000;00000205;00000000;00000000;00000000;00000000;0000000165000;0000000165000;0000000000000;00000000;
20170119;ETH;*;U17 ;0000000000000;0000000000000;00000000;00000000;00000000;00000000;00000000;0000000163000;0000000163000;0000000000000;00000000;
20170119;ETH;*;V17 ;0000000000000;0000000000000;00000000;00000000;00000000;00000000;00000000;0000000163000;0000000163000;0000000000000;00000000;
20170119;ETH;*;X17 ;0000000000000;0000000000000;00000000;00000000;00000000;00000000;00000000;0000000163000;0000000163000;0000000000000;00000000;
20170119;ETH;*;Z17 ;0000000000000;0000000000000;00000000;00000000;00000000;00000000;00000000;0000000165000;0000000165000;0000000000000;00000000;
20170119;EUR;*;G17 ;0000029123150;0000009068960;00015885;03446300;03407700;03447000;03429000;0000034121010;0000034568940;0000000223965;00447930;
20170119;EUR;*;H17 ;0000000859000;0000000267493;00000300;03436000;03436000;03436000;03436000;0000034397860;0000034850690;0000000226415;00452830;
20170119;EUR;*;J17 ;0000000000000;0000000000000;00000185;00000000;00000000;00000000;00000000;0000034746340;0000035204080;0000000228870;00457740;
20170119;EUR;*;K17 ;0000000000000;0000000000000;00000000;00000000;00000000;00000000;00000000;0000035014420;0000035476260;0000000000000;00461840;
20170119;EUR;*;N17 ;0000000000000;0000000000000;00000000;00000000;00000000;00000000;00000000;0000035642120;0000036115210;0000000000000;00473090;
20170119;EUR;*;V17 ;0000000000000;0000000000000;00000000;00000000;00000000;00000000;00000000;0000036511590;0000036996270;0000000000000;00484680;
20170119;FRC;*;F18 ;0000000000000;0000000000000;00000000;00000233;00000232;00000233;00000232;0000000000232;0000000000234;0000000000001;00000002;
20170119;FRC;*;F19 ;0000000000000;0000000000000;00000000;00000279;00000279;00000284;00000279;0000000000279;0000000000279;0000000000000;00000000;
20170119;FRC;*;F20 ;0000000000000;0000000000000;00000000;00000326;00000325;00000334;00000326;0000000000325;0000000000327;0000000000001;00000002;
20170119;FRC;*;F21 ;0000000000000;0000000000000;00000000;00000378;00000378;00000380;00000380;0000000000380;0000000000378;0000000000001;00000002;
20170119;FRC;*;F22 ;0000000000000;0000000000000;00000000;00000422;00000422;00000422;00000422;0000000000422;0000000000417;0000000000002;00000005;
20170119;FRC;*;F23 ;0000000000000;0000000000000;00000000;00000000;00000000;00000000;00000000;0000000000461;0000000000455;0000000000000;00000006;
20170119;FRC;*;F24 ;0000000000000;0000000000000;00000000;00000000;00000000;00000000;00000000;0000000000500;0000000000494;0000000000000;00000006;
20170119;FRC;*;F25 ;0000000000000;0000000000000;00000000;00000540;00000540;00000540;00000540;0000000000540;0000000000533;0000000000003;00000007;
20170119;FRC;*;F26 ;0000000000000;0000000000000;00000000;00000000;00000000;00000000;00000000;0000000000579;0000000000573;0000000000000;00000006;
20170119;FRC;*;F27 ;0000000000000;0000000000000;00000000;00000614;00000614;00000614;00000614;0000000000614;0000000000610;0000000000002;00000004;
20170119;FRC;*;F28 ;0000000000000;0000000000000;00000000;00000000;00000000;00000000;00000000;0000000000645;0000000000641;0000000000000;00000004;
20170119;FRC;*;F29 ;0000000000000;0000000000000;00000000;00000000;00000000;00000000;00000000;0000000000676;0000000000672;0000000000000;00000004;
20170119;FRC;*;F30 ;0000000000000;0000000000000;00000000;00000000;00000000;00000000;00000000;0000000000705;0000000000701;0000000000000;00000004;
20170119;FRC;*;H17 ;0000000000000;0000000000000;00000000;00000183;00000182;00000186;00000186;0000000000186;0000000000184;0000000000001;00000002;
20170119;FRC;*;J17 ;0000000000000;0000000000000;00000000;00000187;00000186;00000187;00000186;0000000000186;0000000000186;0000000000000;00000000;
20170119;FRC;*;J18 ;0000000000000;0000000000000;00000000;00000239;00000239;00000239;00000239;0000000000239;0000000000243;0000000000002;00000004;
20170119;FRC;*;J19 ;0000000000000;0000000000000;00000000;00000000;00000000;00000000;00000000;0000000000290;0000000000289;0000000000000;00000001;
20170119;FRC;*;J20 ;0000000000000;0000000000000;00000000;00000000;00000000;00000000;00000000;0000000000335;0000000000336;0000000000000;00000001;
20170119;FRC;*;J21 ;0000000000000;0000000000000;00000000;00000000;00000000;00000000;00000000;0000000000394;0000000000391;0000000000000;00000003;
20170119;FRC;*;K17 ;0000000000000;0000000000000;00000000;00000193;00000192;00000193;00000192;0000000000192;0000000000192;0000000000000;00000000;
20170119;FRC;*;M17 ;0000000000000;0000000000000;00000000;00000195;00000194;00000195;00000195;0000000000195;0000000000195;0000000000000;00000000;
20170119;FRC;*;N17 ;0000000000000;0000000000000;00000000;00000195;00000194;00000196;00000195;0000000000194;0000000000195;0000000000000;00000001;
20170119;FRC;*;N18 ;0000000000000;0000000000000;00000000;00000250;00000250;00000250;00000250;0000000000250;0000000000251;0000000000000;00000001;
20170119;FRC;*;N19 ;0000000000000;0000000000000;00000000;00000301;00000301;00000301;00000301;0000000000303;0000000000301;0000000000001;00000002;
20170119;FRC;*;N20 ;0000000000000;0000000000000;00000000;00000000;00000000;00000000;00000000;0000000000350;0000000000350;0000000000000;00000000;
20170119;FRC;*;N21 ;0000000000000;0000000000000;00000000;00000000;00000000;00000000;00000000;0000000000407;0000000000403;0000000000000;00000004;
20170119;FRC;*;Q17 ;0000000000000;0000000000000;00000000;00000209;00000207;00000209;00000207;0000000000207;0000000000209;0000000000001;00000002;
20170119;FRC;*;U17 ;0000000000000;0000000000000;00000000;00000208;00000207;00000208;00000207;0000000000207;0000000000209;0000000000001;00000002;
20170119;FRC;*;V17 ;0000000000000;0000000000000;00000000;00000217;00000216;00000217;00000216;0000000000216;0000000000218;0000000000001;00000002;
20170119;FRC;*;V18 ;0000000000000;0000000000000;00000000;00000263;00000263;00000263;00000263;0000000000263;0000000000263;0000000000000;00000000;
20170119;FRC;*;V19 ;0000000000000;0000000000000;00000000;00000313;00000313;00000313;00000313;0000000000313;0000000000310;0000000000001;00000003;
20170119;FRC;*;V20 ;0000000000000;0000000000000;00000000;00000000;00000000;00000000;00000000;0000000000363;0000000000362;0000000000000;00000001;
20170119;FRC;*;V21 ;0000000000000;0000000000000;00000000;00000000;00000000;00000000;00000000;0000000000416;0000000000412;0000000000000;00000004;
20170119;FRC;*;X17 ;0000000000000;0000000000000;00000000;00000000;00000000;00000000;00000000;0000000000221;0000000000223;0000000000000;00000002;
20170119;FRC;*;Z17 ;0000000000000;0000000000000;00000000;00000227;00000227;00000227;00000227;0000000000227;0000000000229;0000000000001;00000002;
20170119;FRO;*;F18 ;0000000000000;0000000000000;00000000;00000000;00000000;00000000;00000000;0000000000234;0000000000236;0000000000000;00000002;
20170119;FRO;*;F19 ;0000000000000;0000000000000;00000000;00000000;00000000;00000000;00000000;0000000000280;0000000000281;0000000000000;00000001;
20170119;FRO;*;F20 ;0000000000000;0000000000000;00000000;00000000;00000000;00000000;00000000;0000000000327;0000000000329;0000000000000;00000002;
20170119;FRO;*;F21 ;0000000000000;0000000000000;00000000;00000000;00000000;00000000;00000000;0000000000382;0000000000380;0000000000000;00000002;
20170119;FRO;*;F22 ;0000000000000;0000000000000;00000000;00000000;00000000;00000000;00000000;0000000000424;0000000000419;0000000000000;00000005;
20170119;FRO;*;F23 ;0000000000000;0000000000000;00000000;00000000;00000000;00000000;00000000;0000000000463;0000000000457;0000000000000;00000006;
20170119;FRO;*;F24 ;0000000000000;0000000000000;00000000;00000000;00000000;00000000;00000000;0000000000502;0000000000496;0000000000000;00000006;
20170119;FRO;*;F25 ;0000000000000;0000000000000;00000000;00000000;00000000;00000000;00000000;0000000000542;0000000000535;0000000000000;00000007;
20170119;FRO;*;F26 ;0000000000000;0000000000000;00000000;00000000;00000000;00000000;00000000;0000000000581;0000000000575;0000000000000;00000006;
20170119;FRO;*;F27 ;0000000000000;0000000000000;00000000;00000000;00000000;00000000;00000000;0000000000617;0000000000613;0000000000000;00000004;
20170119;FRO;*;F28 ;0000000000000;0000000000000;00000000;00000000;00000000;00000000;00000000;0000000000648;0000000000644;0000000000000;00000004;
20170119;FRO;*;F29 ;0000000000000;0000000000000;00000000;00000000;00000000;00000000;00000000;0000000000679;0000000000675;0000000000000;00000004;
20170119;FRO;*;F30 ;0000000000000;0000000000000;00000000;00000000;00000000;00000000;00000000;0000000000708;0000000000704;0000000000000;00000004;
20170119;FRO;*;H17 ;0000000000000;0000000000000;00000000;00000000;00000000;00000000;00000000;0000000000188;0000000000186;0000000000000;00000002;
20170119;FRO;*;J17 ;0000000000000;0000000000000;00000000;00000000;00000000;00000000;00000000;0000000000188;0000000000188;0000000000000;00000000;
20170119;FRO;*;J18 ;0000000000000;0000000000000;00000000;00000000;00000000;00000000;00000000;0000000000241;0000000000245;0000000000000;00000004;
20170119;FRO;*;J19 ;0000000000000;0000000000000;00000000;00000000;00000000;00000000;00000000;0000000000292;0000000000291;0000000000000;00000001;
20170119;FRO;*;J20 ;0000000000000;0000000000000;00000000;00000000;00000000;00000000;00000000;0000000000337;0000000000338;0000000000000;00000001;
20170119;FRO;*;J21 ;0000000000000;0000000000000;00000000;00000000;00000000;00000000;00000000;0000000000396;0000000000393;0000000000000;00000003;
20170119;FRO;*;K17 ;0000000000000;0000000000000;00000000;00000000;00000000;00000000;00000000;0000000000194;0000000000194;0000000000000;00000000;
20170119;FRO;*;M17 ;0000000000000;0000000000000;00000000;00000000;00000000;00000000;00000000;0000000000197;0000000000197;0000000000000;00000000;
20170119;FRO;*;N17 ;0000000000000;0000000000000;00000000;00000000;00000000;00000000;00000000;0000000000196;0000000000197;0000000000000;00000001;
20170119;FRO;*;N18 ;0000000000000;0000000000000;00000000;00000000;00000000;00000000;00000000;0000000000252;0000000000253;0000000000000;00000001;
20170119;FRO;*;N19 ;0000000000000;0000000000000;00000000;00000000;00000000;00000000;00000000;0000000000305;0000000000303;0000000000000;00000002;
20170119;FRO;*;N20 ;0000000000000;0000000000000;00000000;00000000;00000000;00000000;00000000;0000000000352;0000000000352;0000000000000;00000000;
20170119;FRO;*;N21 ;0000000000000;0000000000000;00000000;00000000;00000000;00000000;00000000;0000000000409;0000000000405;0000000000000;00000004;
20170119;FRO;*;Q17 ;0000000000000;0000000000000;00000000;00000000;00000000;00000000;00000000;0000000000209;0000000000211;0000000000000;00000002;
20170119;FRO;*;U17 ;0000000000000;0000000000000;00000000;00000000;00000000;00000000;00000000;0000000000209;0000000000211;0000000000000;00000002;
20170119;FRO;*;V17 ;0000000000000;0000000000000;00000000;00000000;00000000;00000000;00000000;0000000000218;0000000000220;0000000000000;00000002;
20170119;FRO;*;V18 ;0000000000000;0000000000000;00000000;00000000;00000000;00000000;00000000;0000000000265;0000000000265;0000000000000;00000000;
20170119;FRO;*;V19 ;0000000000000;0000000000000;00000000;00000000;00000000;00000000;00000000;0000000000315;0000000000312;0000000000000;00000003;
20170119;FRO;*;V20 ;0000000000000;0000000000000;00000000;00000000;00000000;00000000;00000000;0000000000365;0000000000364;0000000000000;00000001;
20170119;FRO;*;V21 ;0000000000000;0000000000000;00000000;00000000;00000000;00000000;00000000;0000000000418;0000000000414;0000000000000;00000004;
20170119;FRO;*;X17 ;0000000000000;0000000000000;00000000;00000000;00000000;00000000;00000000;0000000000223;0000000000225;0000000000000;00000002;
20170119;FRO;*;Z17 ;0000000000000;0000000000000;00000000;00000000;00000000;00000000;00000000;0000000000229;0000000000231;0000000000000;00000002;
20170119;FRP;*;FRP0;0000000000000;0000000000000;00000000;00001110;00001110;00001140;00001130;0000000000000;0000000000000;0000000000000;00000000;
20170119;FRP;*;FRP1;0000000000000;0000000000000;00000000;00001100;00001100;00001100;00001100;0000000000000;0000000000000;0000000000000;00000000;
20170119;GBP;*;G17 ;0000000139020;0000000043291;00000476;03972000;03972000;03972000;03972000;0000039471230;0000039823810;0000000123403;00352580;
20170119;GBP;*;H17 ;0000000696552;0000000216907;00000500;03980300;03980300;03980300;03980300;0000039770890;0000040127440;0000000124792;00356550;
20170119;GBP;*;J17 ;0000000000000;0000000000000;00000000;00000000;00000000;00000000;00000000;0000040146960;0000040507200;0000000000000;00360240;
20170119;HSI;*;F17 ;0000000000000;0000000000000;00000000;00000000;00000000;00000000;00000000;0000000023052;0000000023123;0000000000000;00000071;
20170119;HSI;*;G17 ;0000000000000;0000000000000;00000000;00000000;00000000;00000000;00000000;0000000023010;0000000023075;0000000000000;00000065;
20170119;IAP;*;G17 ;0000000000000;0000000000000;00000000;00000000;00000000;00000000;00000000;0000000479967;0000000479979;0000000000300;00000012;
20170119;IAP;*;H17 ;0000000000000;0000000000000;00000000;00000000;00000000;00000000;00000000;0000000482021;0000000482089;0000000000000;00000068;
20170119;IAP;*;J17 ;0000000000000;0000000000000;00000000;00000000;00000000;00000000;00000000;0000000484694;0000000484880;0000000000000;00000186;
20170119;IAP;*;K17 ;0000000000000;0000000000000;00000000;00000000;00000000;00000000;00000000;0000000487049;0000000487353;0000000000000;00000304;
20170119;IAP;*;K19 ;0000000000000;0000000000000;00000000;00000000;00000000;00000000;00000000;0000000531460;0000000532367;0000000000000;00000907;
20170119;IAP;*;K21 ;0000000000000;0000000000000;00000000;00000000;00000000;00000000;00000000;0000000585021;0000000587128;0000000000000;00002107;
20170119;IAP;*;Q18 ;0000000000000;0000000000000;00000000;00000000;00000000;00000000;00000000;0000000514200;0000000515091;0000000000000;00000891;
20170119;IAP;*;Q20 ;0000000000000;0000000000000;00000000;00000000;00000000;00000000;00000000;0000000565270;0000000566960;0000000000000;00001690;
20170119;IAP;*;Q22 ;0000000000000;0000000000000;00000000;00000000;00000000;00000000;00000000;0000000622669;0000000625029;0000000000000;00002360;
20170119;ICF;*;H17 ;0000020098320;0000006277390;00002882;00017985;00017900;00018200;00018110;0000000018100;0000000017990;0000000035218;00000110;
20170119;ICF;*;K17 ;0000000000000;0000000000000;00000000;00000000;00000000;00000000;00000000;0000000018465;0000000018250;0000000000000;00000215;
20170119;ICF;*;N17 ;0000000000000;0000000000000;00000000;00000000;00000000;00000000;00000000;0000000018690;0000000018485;0000000000000;00000205;
20170119;ICF;*;U17 ;0000003389224;0000001058570;00002408;00018755;00018700;00019025;00018910;0000000018980;0000000018775;0000000065634;00000205;
20170119;ICF;*;U18 ;0000000000000;0000000000000;00000294;00000000;00000000;00000000;00000000;0000000019430;0000000019240;0000000060832;00000190;
20170119;ICF;*;Z17 ;0000000000000;0000000000000;00000192;00000000;00000000;00000000;00000000;0000000019470;0000000019265;0000000065634;00000205;
20170119;ICF;*;Z18 ;0000000000000;0000000000000;00000029;00000000;00000000;00000000;00000000;0000000019715;0000000019550;0000000052828;00000165;
20170119;IGM;*;K17 ;0000000000000;0000000000000;00000000;00000000;00000000;00000000;00000000;0000000673249;0000000673528;0000000005580;00000279;
20170119;IGM;*;K19 ;0000000000000;0000000000000;00000000;00000000;00000000;00000000;00000000;0000000728144;0000000729446;0000000000000;00001302;
20170119;IGM;*;K21 ;0000000000000;0000000000000;00000000;00000000;00000000;00000000;00000000;0000000803971;0000000806813;0000000000000;00002842;
20170119;IGM;*;Q18 ;0000000000000;0000000000000;00000000;00000000;00000000;00000000;00000000;0000000705315;0000000706198;0000000000000;00000883;
20170119;IGM;*;Q20 ;0000000000000;0000000000000;00000000;00000000;00000000;00000000;00000000;0000000773878;0000000776285;0000000000000;00002407;
20170119;IND;*;G17 ;0004520801150;0001407779139;00258690;00064595;00064075;00065050;00064700;0000000064607;0000000064655;0000000004800;00000048;
20170119;IND;*;G18 ;0000000000000;0000000000000;00000000;00000000;00000000;00000000;00000000;0000000070645;0000000070733;0000000000000;00000088;
20170119;IND;*;J17 ;0000039346000;0000012252359;00014970;00065700;00065500;00066000;00065500;0000000065633;0000000065685;0000000005200;00000052;
20170119;IND;*;J18 ;0000000000000;0000000000000;00000000;00000000;00000000;00000000;00000000;0000000071687;0000000071784;0000000000000;00000097;
20170119;IND;*;M17 ;0000012043500;0000003750350;00020915;00067000;00066900;00067000;00066900;0000000066708;0000000066767;0000000005900;00000059;
20170119;IND;*;M18 ;0000000000000;0000000000000;00001080;00000000;00000000;00000000;00000000;0000000072592;0000000072702;0000000011000;00000110;
20170119;IND;*;Q17 ;0000000000000;0000000000000;00002345;00000000;00000000;00000000;00000000;0000000067802;0000000067877;0000000007500;00000075;
20170119;IND;*;Q18 ;0000000000000;0000000000000;00000000;00000000;00000000;00000000;00000000;0000000073701;0000000073828;0000000000000;00000127;
20170119;IND;*;V17 ;0000000000000;0000000000000;00000950;00000000;00000000;00000000;00000000;0000000068793;0000000068867;0000000007400;00000074;
20170119;IND;*;V18 ;0000000000000;0000000000000;00000000;00000000;00000000;00000000;00000000;0000000074788;0000000074930;0000000000000;00000142;
20170119;IND;*;Z17 ;0000008744000;0000002722885;00008580;00070000;00069400;00070000;00069400;0000000069686;0000000069766;0000000008000;00000080;
20170119;IND;*;Z18 ;0000000000000;0000000000000;00000000;00000000;00000000;00000000;00000000;0000000075766;0000000075918;0000000000000;00000152;
20170119;IR1;*;G7J7;0000000000000;0000000000000;00000000;00000000;00000000;00000000;00000000;0000000000000;0000000000000;0000000000000;00000000;
20170119;IR1;*;G7M7;0000000000000;0000000000000;00000000;00000000;00000000;00000000;00000000;0000000000000;0000000000000;0000000000000;00000000;
20170119;IR1;*;G7Q7;0000000000000;0000000000000;00000000;00000000;00000000;00000000;00000000;0000000000000;0000000000000;0000000000000;00000000;
20170119;IR1;*;G7V7;0000000000000;0000000000000;00000000;00000000;00000000;00000000;00000000;0000000000000;0000000000000;0000000000000;00000000;
20170119;IR1;*;G7Z7;0000000000000;0000000000000;00000000;00000000;00000000;00000000;00000000;0000000000000;0000000000000;0000000000000;00000000;
20170119;ISP;*;H17 ;0000093417240;0000029177387;00002393;00226425;00225375;00226900;00225825;0000000225700;0000000226375;0000000108057;00000675;
20170119;ISP;*;M17 ;0000000000000;0000000000000;00000009;00000000;00000000;00000000;00000000;0000000225150;0000000225800;0000000104055;00000650;
20170119;ISP;*;U17 ;0000000000000;0000000000000;00000000;00000000;00000000;00000000;00000000;0000000224750;0000000225325;0000000000000;00000575;
20170119;ISP;*;Z17 ;0000000000000;0000000000000;00000000;00000000;00000000;00000000;00000000;0000000224225;0000000224875;0000000000000;00000650;
20170119;JPY;*;G17 ;0000007652150;0000002382882;00001079;02783400;02782300;02783400;02782300;0000027804000;0000028528600;0000000362300;00724600;
20170119;JPY;*;H17 ;0000000000000;0000000000000;00000244;00000000;00000000;00000000;00000000;0000028021700;0000028753100;0000000365700;00731400;
20170119;JPY;*;J17 ;0000026328470;0000008198695;00000886;02846400;02846300;02846400;02846300;0000028297400;0000029036200;0000000369400;00738800;
20170119;JPY;*;K17 ;0000000000000;0000000000000;00000000;00000000;00000000;00000000;00000000;0000028510300;0000029256000;0000000000000;00745700;
20170119;JSE;*;H17 ;0000000000000;0000000000000;00000000;00000000;00000000;00000000;00000000;0000000046445;0000000046524;0000000000000;00000079;
20170119;JSE;*;M17 ;0000000000000;0000000000000;00000000;00000000;00000000;00000000;00000000;0000000046995;0000000047068;0000000000000;00000073;
20170119;MIX;*;H17 ;0000000000000;0000000000000;00000000;00000000;00000000;00000000;00000000;0000000002189;0000000002201;0000000000000;00000012;
20170119;MIX;*;M17 ;0000000000000;0000000000000;00000000;00000000;00000000;00000000;00000000;0000000002224;0000000002238;0000000000000;00000014;
20170119;MXN;*;G17 ;0000000000000;0000000000000;00000255;00000000;00000000;00000000;00000000;0000014636820;0000014746810;0000000082492;00109990;
20170119;MXN;*;H17 ;0000000000000;0000000000000;00000017;00000000;00000000;00000000;00000000;0000014680120;0000014790610;0000000082867;00110490;
20170119;MXN;*;J17 ;0000000000000;0000000000000;00000000;00000000;00000000;00000000;00000000;0000014735120;0000014846140;0000000000000;00111020;
20170119;NZD;*;G17 ;0000005360055;0000001669123;00000063;02307400;02301000;02307500;02301000;0000022970610;0000023183970;0000000160020;00213360;
20170119;NZD;*;H17 ;0000000000000;0000000000000;00000000;00000000;00000000;00000000;00000000;0000023112170;0000023335720;0000000000000;00223550;
20170119;NZD;*;J17 ;0000000000000;0000000000000;00000000;00000000;00000000;00000000;00000000;0000023291840;0000023517560;0000000000000;00225720;
20170119;OC1;*;F18 ;0000000000000;0000000000000;00000000;00000000;00000000;00000000;00000000;0000009069513;0000009065440;0000000000000;00004073;
20170119;OC1;*;F19 ;0000000000000;0000000000000;00000000;00000000;00000000;00000000;00000000;0000008253355;0000008242384;0000000000000;00010971;
20170119;OC1;*;F20 ;0000000000000;0000000000000;00000000;00000000;00000000;00000000;00000000;0000007448459;0000007431298;0000000000000;00017161;
20170119;OC1;*;F21 ;0000000000000;0000000000000;00000000;00000000;00000000;00000000;00000000;0000006703489;0000006680249;0000000000000;00023240;
20170119;OC1;*;F22 ;0000000000000;0000000000000;00000000;00000000;00000000;00000000;00000000;0000006019486;0000005988971;0000000000000;00030515;
20170119;OC1;*;F23 ;0000000000000;0000000000000;00000000;00000000;00000000;00000000;00000000;0000005391737;0000005365983;0000000000000;00025754;
20170119;OC1;*;F24 ;0000000000000;0000000000000;00000000;00000000;00000000;00000000;00000000;0000004848480;0000004813929;0000000000000;00034551;
20170119;OC1;*;F25 ;0000000000000;0000000000000;00000000;00000000;00000000;00000000;00000000;0000004340503;0000004313030;0000000000000;00027473;
20170119;OC1;*;F26 ;0000000000000;0000000000000;00000000;00000000;00000000;00000000;00000000;0000003893622;0000003870493;0000000000000;00023129;
20170119;OC1;*;F27 ;0000000000000;0000000000000;00000000;00000000;00000000;00000000;00000000;0000003488731;0000003461063;0000000000000;00027668;
20170119;OC1;*;F28 ;0000000000000;0000000000000;00000000;00000000;00000000;00000000;00000000;0000003138445;0000003111046;0000000000000;00027399;
20170119;OC1;*;F29 ;0000000000000;0000000000000;00000000;00000000;00000000;00000000;00000000;0000002825711;0000002798805;0000000000000;00026906;
20170119;OC1;*;F30 ;0000000000000;0000000000000;00000000;00000000;00000000;00000000;00000000;0000002538650;0000002512462;0000000000000;00026188;
20170119;OC1;*;G17 ;0000000000000;0000000000000;00010000;00000000;00000000;00000000;00000000;0000009956754;0000009956753;0000000000001;00000001;
20170119;OC1;*;H17 ;0000000000000;0000000000000;00000000;00000000;00000000;00000000;00000000;0000009871358;0000009871211;0000000000000;00000147;
20170119;OC1;*;J17 ;0000000000000;0000000000000;00029800;00000000;00000000;00000000;00000000;0000009768565;0000009768183;0000000000382;00000382;
20170119;OC1;*;J18 ;0000000000000;0000000000000;00000000;00000000;00000000;00000000;00000000;0000008864601;0000008859596;0000000000000;00005005;
20170119;OC1;*;J19 ;0000000000000;0000000000000;00000000;00000000;00000000;00000000;00000000;0000008053548;0000008041570;0000000000000;00011978;
20170119;OC1;*;J20 ;0000000000000;0000000000000;00000000;00000000;00000000;00000000;00000000;0000007254112;0000007238025;0000000000000;00016087;
20170119;OC1;*;J21 ;0000000000000;0000000000000;00000000;00000000;00000000;00000000;00000000;0000006526776;0000006505421;0000000000000;00021355;
20170119;OC1;*;K17 ;0000000000000;0000000000000;00000000;00000000;00000000;00000000;00000000;0000009691497;0000009690610;0000000000000;00000887;
20170119;OC1;*;M17 ;0000000000000;0000000000000;00000000;00000000;00000000;00000000;00000000;0000009600001;0000009598722;0000000000000;00001279;
20170119;OC1;*;N17 ;0000000000000;0000000000000;00000000;00000000;00000000;00000000;00000000;0000009517599;0000009515674;0000000000000;00001925;
20170119;OC1;*;N18 ;0000000000000;0000000000000;00000000;00000000;00000000;00000000;00000000;0000008659833;0000008652694;0000000000000;00007139;
20170119;OC1;*;N19 ;0000000000000;0000000000000;00000000;00000000;00000000;00000000;00000000;0000007856630;0000007845265;0000000000000;00011365;
20170119;OC1;*;N20 ;0000000000000;0000000000000;00000000;00000000;00000000;00000000;00000000;0000007067988;0000007048895;0000000000000;00019093;
20170119;OC1;*;N21 ;0000000000000;0000000000000;00000000;00000000;00000000;00000000;00000000;0000006351874;0000006332110;0000000000000;00019764;
20170119;OC1;*;N22 ;0000000000000;0000000000000;00000000;00000000;00000000;00000000;00000000;0000005700604;0000005672670;0000000000000;00027934;
20170119;OC1;*;N23 ;0000000000000;0000000000000;00000000;00000000;00000000;00000000;00000000;0000005113936;0000005083642;0000000000000;00030294;
20170119;OC1;*;N24 ;0000000000000;0000000000000;00000000;00000000;00000000;00000000;00000000;0000004593488;0000004562669;0000000000000;00030819;
20170119;OC1;*;Q17 ;0000000000000;0000000000000;00000000;00000000;00000000;00000000;00000000;0000009438758;0000009435114;0000000000000;00003644;
20170119;OC1;*;U17 ;0000000000000;0000000000000;00000000;00000000;00000000;00000000;00000000;0000009353104;0000009349833;0000000000000;00003271;
20170119;OC1;*;V17 ;0000000000000;0000000000000;00000000;00000000;00000000;00000000;00000000;0000009279273;0000009276283;0000000000000;00002990;
20170119;OC1;*;V18 ;0000000000000;0000000000000;00000000;00000000;00000000;00000000;00000000;0000008451404;0000008441810;0000000000000;00009594;
20170119;OC1;*;V19 ;0000000000000;0000000000000;00000000;00000000;00000000;00000000;00000000;0000007646481;0000007635998;0000000000000;00010483;
20170119;OC1;*;V20 ;0000000000000;0000000000000;00000000;00000000;00000000;00000000;00000000;0000006882010;0000006859699;0000000000000;00022311;
20170119;OC1;*;V21 ;0000000000000;0000000000000;00000000;00000000;00000000;00000000;00000000;0000006181822;0000006155465;0000000000000;00026357;
20170119;OC1;*;X17 ;0000000000000;0000000000000;00000000;00000000;00000000;00000000;00000000;0000009206513;0000009203180;0000000000000;00003333;
20170119;OC1;*;Z17 ;0000000000000;0000000000000;00000000;00000000;00000000;00000000;00000000;0000009137765;0000009134030;0000000000000;00003735;
20170119;OZ1;*;0000;0000000401874;0000000125144;00000000;00124209;00123500;00124209;00123500;0000000123778;0000000124775;0000000000000;00001500;
20170119;OZ1;*;G17 ;0000000000000;0000000000000;00000000;00000000;00000000;00000000;00000000;0000000123976;0000000125542;0000000000000;00001566;
20170119;OZ1;*;H17 ;0000000000000;0000000000000;00000000;00000000;00000000;00000000;00000000;0000000125047;0000000126629;0000000000000;00001582;
20170119;OZ2;*;0000;0000000135914;0000000042324;00000000;00126000;00122400;00126000;00122400;0000000123682;0000000124785;0000000000000;00003600;
20170119;OZ3;*;0000;0000000004145;0000000001291;00000000;00122500;00122500;00123000;00123000;0000000122831;0000000124000;0000000000000;00001000;
20170119;SCS;*;G701;0000000000000;0000000000000;00128620;00000000;00000000;00000000;00000000;0000000000000;0000000000000;0000000000000;00000000;
20170119;SCS;*;H701;0000000000000;0000000000000;00139075;00000000;00000000;00000000;00000000;0000000000000;0000000000000;0000000000000;00000000;
20170119;SCS;*;J703;0000000000000;0000000000000;00194220;00000000;00000000;00000000;00000000;0000000000000;0000000000000;0000000000000;00000000;
20170119;SCS;*;K702;0000000000000;0000000000000;00069255;00000000;00000000;00000000;00000000;0000000000000;0000000000000;0000000000000;00000000;
20170119;SFI;*;K17 ;0000000000000;0000000000000;00000000;00000000;00000000;00000000;00000000;0000000002308;0000000002319;0000000000000;00000011;
20170119;SFI;*;N17 ;0000000000000;0000000000000;00000000;00000000;00000000;00000000;00000000;0000000002314;0000000002323;0000000000000;00000009;
20170119;SFI;*;X17 ;0000000000000;0000000000000;00000000;00000000;00000000;00000000;00000000;0000000002196;0000000002193;0000000000000;00000003;
20170119;SJC;*;F18 ;0000000000000;0000000000000;00000000;00000000;00000000;00000000;00000000;0000000227458;0000000227238;0000000000000;00000220;
20170119;SJC;*;H17 ;0000001936273;0000000604764;00000409;00002360;00002351;00002368;00002368;0000000235946;0000000236993;0000000015084;00001047;
20170119;SJC;*;K17 ;0000001612821;0000000503739;00001211;00002385;00002380;00002390;00002382;0000000237765;0000000238922;0000000016669;00001157;
20170119;SJC;*;K18 ;0000000000000;0000000000000;00000000;00000000;00000000;00000000;00000000;0000000226521;0000000226687;0000000000000;00000166;
20170119;SJC;*;N17 ;0000000000000;0000000000000;00000078;00000000;00000000;00000000;00000000;0000000238922;0000000239859;0000000013499;00000937;
20170119;SJC;*;Q17 ;0000000000000;0000000000000;00000000;00000000;00000000;00000000;00000000;0000000237599;0000000238261;0000000000000;00000662;
20170119;SJC;*;U17 ;0000000000000;0000000000000;00000000;00000000;00000000;00000000;00000000;0000000232198;0000000232584;0000000000000;00000386;
20170119;SJC;*;X17 ;0000000000000;0000000000000;00000000;00000000;00000000;00000000;00000000;0000000227017;0000000226687;0000000000000;00000330;
20170119;TRY;*;G17 ;0000000000000;0000000000000;00000044;00000000;00000000;00000000;00000000;0000008336620;0000008538860;0000000151680;00202240;
20170119;TRY;*;H17 ;0000000000000;0000000000000;00000000;00000000;00000000;00000000;00000000;0000008335830;0000008538690;0000000000000;00202860;
20170119;TRY;*;J17 ;0000000000000;0000000000000;00000000;00000000;00000000;00000000;00000000;0000008331900;0000008538350;0000000000000;00206450;
20170119;T10;*;H17 ;0000036695515;0000011426997;00002398;00124219;00123875;00124281;00124046;0000001241718;0000001247187;0000000175625;00005469;
20170119;T10;*;M17 ;0000000000000;0000000000000;00000000;00000000;00000000;00000000;00000000;0000001235937;0000001241562;0000000000000;00005625;
20170119;WDO;*;F18 ;0000000000000;0000000000000;00000000;00000000;00000000;00000000;00000000;0000034467710;0000034763670;0000000000000;00295960;
20170119;WDO;*;F19 ;0000000000000;0000000000000;00000000;00000000;00000000;00000000;00000000;0000036698280;0000037049070;0000000000000;00350790;
20170119;WDO;*;F20 ;0000000000000;0000000000000;00000000;00000000;00000000;00000000;00000000;0000039103960;0000039492110;0000000000000;00388150;
20170119;WDO;*;F21 ;0000000000000;0000000000000;00000000;00000000;00000000;00000000;00000000;0000041360280;0000041884540;0000000000000;00524260;
20170119;WDO;*;F25 ;0000000000000;0000000000000;00000000;00000000;00000000;00000000;00000000;0000051246800;0000052201410;0000000000000;00954610;
20170119;WDO;*;G17 ;0014944250950;0004653645237;00028859;03239500;03204500;03243500;03206000;0000032079320;0000032344450;0000000026513;00265130;
20170119;WDO;*;H17 ;0000002852210;0000000888179;00000136;03262000;03230000;03265000;03232000;0000032309650;0000032577530;0000000026788;00267880;
20170119;WDO;*;J17 ;0000000000000;0000000000000;00000014;00000000;00000000;00000000;00000000;0000032593760;0000032864110;0000000027035;00270350;
20170119;WDO;*;J18 ;0000000000000;0000000000000;00000000;00000000;00000000;00000000;00000000;0000035038400;0000035329430;0000000000000;00291030;
20170119;WDO;*;J19 ;0000000000000;0000000000000;00000000;00000000;00000000;00000000;00000000;0000037275530;0000037647710;0000000000000;00372180;
20170119;WDO;*;K17 ;0000000000000;0000000000000;00000017;00000000;00000000;00000000;00000000;0000032798480;0000033072310;0000000027383;00273830;
20170119;WDO;*;M17 ;0000000000000;0000000000000;00000000;00000000;00000000;00000000;00000000;0000033055280;0000033331940;0000000000000;00276660;
20170119;WDO;*;N17 ;0000000000000;0000000000000;00000006;00000000;00000000;00000000;00000000;0000033284270;0000033564880;0000000028061;00280610;
20170119;WDO;*;N18 ;0000000000000;0000000000000;00000000;00000000;00000000;00000000;00000000;0000035602530;0000035918180;0000000000000;00315650;
20170119;WDO;*;N19 ;0000000000000;0000000000000;00000000;00000000;00000000;00000000;00000000;0000037838890;0000038224990;0000000000000;00386100;
20170119;WDO;*;N21 ;0000000000000;0000000000000;00000000;00000000;00000000;00000000;00000000;0000042507800;0000043064100;0000000000000;00556300;
20170119;WDO;*;Q17 ;0000000000000;0000000000000;00000000;00000000;00000000;00000000;00000000;0000033488200;0000033775390;0000000000000;00287190;
20170119;WDO;*;U17 ;0000000000000;0000000000000;00000000;00000000;00000000;00000000;00000000;0000033735410;0000034022750;0000000000000;00287340;
20170119;WDO;*;V17 ;0000000000000;0000000000000;00000000;00000000;00000000;00000000;00000000;0000033922550;0000034209290;0000000000000;00286740;
20170119;WDO;*;V18 ;0000000000000;0000000000000;00000000;00000000;00000000;00000000;00000000;0000036178060;0000036521480;0000000000000;00343420;
20170119;WDO;*;V19 ;0000000000000;0000000000000;00000000;00000000;00000000;00000000;00000000;0000038504820;0000038897800;0000000000000;00392980;
20170119;WDO;*;X17 ;0000000000000;0000000000000;00000000;00000000;00000000;00000000;00000000;0000034118140;0000034406130;0000000000000;00287990;
20170119;WDO;*;Z17 ;0000000000000;0000000000000;00000000;00000000;00000000;00000000;00000000;0000034294540;0000034585820;0000000000000;00291280;
20170119;WEU;*;G17 ;0000000000000;0000000000000;00000000;00000000;00000000;00000000;00000000;0000034121010;0000034568940;0000000000000;00447930;
20170119;WEU;*;H17 ;0000000000000;0000000000000;00000000;00000000;00000000;00000000;00000000;0000034397860;0000034850690;0000000000000;00452830;
20170119;WEU;*;J17 ;0000000000000;0000000000000;00000000;00000000;00000000;00000000;00000000;0000034746340;0000035204080;0000000000000;00457740;
20170119;WEU;*;K17 ;0000000000000;0000000000000;00000000;00000000;00000000;00000000;00000000;0000035014420;0000035476260;0000000000000;00461840;
20170119;WEU;*;N17 ;0000000000000;0000000000000;00000000;00000000;00000000;00000000;00000000;0000035642120;0000036115210;0000000000000;00473090;
20170119;WEU;*;V17 ;0000000000000;0000000000000;00000000;00000000;00000000;00000000;00000000;0000036511590;0000036996270;0000000000000;00484680;
20170119;WIN;*;G17 ;0010380180051;0003232391882;00094148;00064380;00064075;00065050;00064735;0000000064607;0000000064655;0000000000960;00000048;
20170119;WIN;*;G18 ;0000000000000;0000000000000;00000000;00000000;00000000;00000000;00000000;0000000070645;0000000070733;0000000000000;00000088;
20170119;WIN;*;J17 ;0000000091851;0000000028602;00000017;00065685;00065215;00065985;00065585;0000000065633;0000000065685;0000000001040;00000052;
20170119;WIN;*;J18 ;0000000000000;0000000000000;00000000;00000000;00000000;00000000;00000000;0000000071687;0000000071784;0000000000000;00000097;
20170119;WIN;*;M17 ;0000000000000;0000000000000;00000000;00000000;00000000;00000000;00000000;0000000066708;0000000066767;0000000000000;00000059;
20170119;WIN;*;M18 ;0000000000000;0000000000000;00000000;00000000;00000000;00000000;00000000;0000000072592;0000000072702;0000000000000;00000110;
20170119;WIN;*;Q17 ;0000000000000;0000000000000;00000000;00000000;00000000;00000000;00000000;0000000067802;0000000067877;0000000000000;00000075;
20170119;WIN;*;Q18 ;0000000000000;0000000000000;00000000;00000000;00000000;00000000;00000000;0000000073701;0000000073828;0000000000000;00000127;
20170119;WIN;*;V17 ;0000000000000;0000000000000;00000000;00000000;00000000;00000000;00000000;0000000068793;0000000068867;0000000000000;00000074;
20170119;WIN;*;V18 ;0000000000000;0000000000000;00000000;00000000;00000000;00000000;00000000;0000000074788;0000000074930;0000000000000;00000142;
20170119;WIN;*;Z17 ;0000000000000;0000000000000;00000000;00000000;00000000;00000000;00000000;0000000069686;0000000069766;0000000000000;00000080;
20170119;WIN;*;Z18 ;0000000000000;0000000000000;00000000;00000000;00000000;00000000;00000000;0000000075766;0000000075918;0000000000000;00000152;
20170119;WTI;*;G17 ;0000000000000;0000000000000;00000102;00000000;00000000;00000000;00000000;0000000005137;0000000005108;0000000009284;00000029;
20170119;WTI;*;H17 ;0000000836764;0000000261350;00000430;00005227;00005227;00005227;00005227;0000000005212;0000000005189;0000000007363;00000023;
20170119;WTI;*;J17 ;0000000000000;0000000000000;00000000;00000000;00000000;00000000;00000000;0000000005284;0000000005266;0000000000000;00000018;
20170119;ZAR;*;G17 ;0000001645700;0000000512472;00000036;02351000;02351000;02351000;02351000;0000023475180;0000023855940;0000000133266;00380760;
20170119;ZAR;*;H17 ;0000000000000;0000000000000;00000015;00000000;00000000;00000000;00000000;0000023498950;0000023914770;0000000145537;00415820;
20170119;ZAR;*;J17 ;0000000000000;0000000000000;00000000;00000000;00000000;00000000;00000000;0000023548740;0000023972130;0000000000000;00423390;
