Data;Código do Contrato;Pregão;Vencimento;Volume(R$);Volume(U$);Número de contas em Aberto;Preço de Abertura;Preço Mínimo;Preço Máximo;Último Preço;Preço de Ajuste Atual; Preço de Ajuste Anterior;Valor de Ajuste por Contrato;Variação
20170720;AUD;*;Q17 ;0000007780746;0000002477787;00001545;02493900;02493800;02493900;02493800;0000024970830;0000025099400;0000000077142;00128570;
20170720;AUD;*;U17 ;0000000000000;0000000000000;00000210;00000000;00000000;00000000;00000000;0000025117360;0000025248360;0000000078600;00131000;
20170720;AUD;*;V17 ;0000000000000;0000000000000;00000000;00000000;00000000;00000000;00000000;0000025225040;0000025354850;0000000000000;00129810;
20170720;BGI;*;F18 ;0000000000000;0000000000000;00000000;00000000;00000000;00000000;00000000;0000000013011;0000000012918;0000000000000;00000093;
20170720;BGI;*;K18 ;0000001309654;0000000418447;00000093;00013370;00013210;00013370;00013210;0000000013250;0000000013157;0000000030690;00000093;
20170720;BGI;*;N17 ;0000027256161;0000008708595;00001653;00012360;00012360;00012499;00012470;0000000012496;0000000012379;0000000038610;00000117;
20170720;BGI;*;Q17 ;0000008298496;0000002651446;00000489;00012700;00012700;00012850;00012751;0000000012775;0000000012735;0000000013200;00000040;
20170720;BGI;*;U17 ;0000000172227;0000000055028;00000132;00013000;00013000;00013120;00013020;0000000013025;0000000013015;0000000003300;00000010;
20170720;BGI;*;V17 ;0000141546233;0000045225328;00004862;00013186;00013160;00013374;00013280;0000000013275;0000000013178;0000000032010;00000097;
20170720;BGI;*;V18 ;0000003455050;0000001103920;00000051;00013794;00013710;00013794;00013710;0000000013723;0000000013625;0000000032340;00000098;
20170720;BGI;*;X17 ;0000000881403;0000000281616;00000113;00013330;00013330;00013400;00013396;0000000013283;0000000013186;0000000032010;00000097;
20170720;BGI;*;Z17 ;0000000000000;0000000000000;00000003;00000000;00000000;00000000;00000000;0000000013297;0000000013200;0000000032010;00000097;
20170720;BRI;*;Q17 ;0000000653640;0000000208152;00000973;00010894;00010894;00010894;00010894;0000000010898;0000000010945;0000000047000;00000047;
20170720;BRI;*;V17 ;0000000000000;0000000000000;00000016;00000000;00000000;00000000;00000000;0000000011049;0000000011096;0000000047000;00000047;
20170720;BSE;*;N17 ;0000000000000;0000000000000;00000000;00000000;00000000;00000000;00000000;0000000031959;0000000032018;0000000000000;00000059;
20170720;BSE;*;Q17 ;0000000000000;0000000000000;00000000;00000000;00000000;00000000;00000000;0000000032236;0000000032296;0000000000000;00000060;
20170720;CAD;*;Q17 ;0000015079716;0000004802151;00000963;02506300;02486900;02506300;02486900;0000024933140;0000025062840;0000000077820;00129700;
20170720;CAD;*;U17 ;0000000000000;0000000000000;00000210;00000000;00000000;00000000;00000000;0000025107700;0000025230960;0000000073956;00123260;
20170720;CAD;*;V17 ;0000000000000;0000000000000;00000000;00000000;00000000;00000000;00000000;0000025234930;0000025358610;0000000000000;00123680;
20170720;CCM;*;F18 ;0000002463367;0000000787069;00002225;00002900;00002900;00002930;00002930;0000000002904;0000000002872;0000000014400;00000032;
20170720;CCM;*;H18 ;0000000203850;0000000065132;00000389;00003020;00003020;00003020;00003020;0000000003030;0000000002997;0000000014850;00000033;
20170720;CCM;*;K18 ;0000000000000;0000000000000;00000010;00000000;00000000;00000000;00000000;0000000002995;0000000002964;0000000013950;00000031;
20170720;CCM;*;N18 ;0000000000000;0000000000000;00000000;00000000;00000000;00000000;00000000;0000000003001;0000000002970;0000000000000;00000031;
20170720;CCM;*;U17 ;0000021594816;0000006899743;00019389;00002640;00002640;00002674;00002661;0000000002661;0000000002632;0000000013050;00000029;
20170720;CCM;*;U18 ;0000000000000;0000000000000;00000091;00000000;00000000;00000000;00000000;0000000003008;0000000002977;0000000013950;00000031;
20170720;CCM;*;X17 ;0000003544897;0000001132627;00001756;00002869;00002860;00002888;00002862;0000000002866;0000000002835;0000000013950;00000031;
20170720;CCM;*;X18 ;0000000000000;0000000000000;00000000;00000000;00000000;00000000;00000000;0000000003077;0000000003046;0000000000000;00000031;
20170720;CHF;*;Q17 ;0000080585975;0000025662689;00000593;03288700;03288700;03290600;03290600;0000032988120;0000033057060;0000000034470;00068940;
20170720;CHF;*;U17 ;0000000000000;0000000000000;00000160;00000000;00000000;00000000;00000000;0000033268710;0000033337130;0000000034210;00068420;
20170720;CHF;*;V17 ;0000059277900;0000018877110;00000000;03339600;03339600;03339600;03339600;0000033491020;0000033562940;0000000035960;00071920;
20170720;CLP;*;Q17 ;0000000000000;0000000000000;00000090;00000000;00000000;00000000;00000000;0000048093000;0000048257000;0000000041000;00164000;
20170720;CLP;*;U17 ;0000000000000;0000000000000;00000425;00000000;00000000;00000000;00000000;0000048298000;0000048510000;0000000053000;00212000;
20170720;CLP;*;V17 ;0000000000000;0000000000000;00000000;00000000;00000000;00000000;00000000;0000048476000;0000048685000;0000000000000;00209000;
20170720;CNY;*;Q17 ;0000000000000;0000000000000;00000000;00000000;00000000;00000000;00000000;0000046395950;0000046707370;0000000000000;00311420;
20170720;CNY;*;U17 ;0000000000000;0000000000000;00000000;00000000;00000000;00000000;00000000;0000046616160;0000046914600;0000000000000;00298440;
20170720;CNY;*;V17 ;0000000000000;0000000000000;00000000;00000000;00000000;00000000;00000000;0000046734320;0000047046340;0000000000000;00312020;
20170720;CR1;*;U7Z7;0000000000000;0000000000000;00000000;00000560;00000560;00000560;00000560;0000000000000;0000000000000;0000000000000;00000000;
20170720;DAP;*;F18 ;0001215255477;0000386999388;00035500;00000404;00000404;00000404;00000404;0000009810271;0000009803439;0000000008255;00006832;
20170720;DAP;*;F19 ;0000000000000;0000000000000;00000200;00000000;00000000;00000000;00000000;0000009428259;0000009410883;0000000020996;00017376;
20170720;DAP;*;K19 ;0001011533240;0000322123827;00049345;00000423;00000409;00000423;00000409;0000009295128;0000009283550;0000000013990;00011578;
20170720;DAP;*;K21 ;0000013096032;0000004170445;00025653;00000491;00000489;00000491;00000489;0000008341801;0000008318565;0000000028077;00023236;
20170720;DAP;*;K23 ;0000000000000;0000000000000;00012753;00000000;00000000;00000000;00000000;0000007474442;0000007471066;0000000004079;00003376;
20170720;DAP;*;Q17 ;0000006006190;0000001912678;00002100;00000865;00000865;00000865;00000865;0000009940917;0000009945039;0000000004980;00004122;
20170720;DAP;*;Q18 ;0000777877420;0000247715884;00082008;00000429;00000409;00000429;00000409;0000009579714;0000009563389;0000000019726;00016325;
20170720;DAP;*;Q20 ;0000003662024;0000001166175;00015935;00000482;00000482;00000482;00000482;0000008686519;0000008652036;0000000041668;00034483;
20170720;DAP;*;Q22 ;0000101522416;0000032329920;00021727;00000511;00000508;00000513;00000509;0000007787085;0000007772919;0000000017117;00014166;
20170720;DAP;*;Q24 ;0000000000000;0000000000000;00009270;00000000;00000000;00000000;00000000;0000007012747;0000007004049;0000000010510;00008698;
20170720;DAP;*;Q26 ;0000001141103;0000000363385;00004014;00000525;00000525;00000525;00000525;0000006295512;0000006296112;0000000000725;00000600;
20170720;DAP;*;Q30 ;0000000000000;0000000000000;00000235;00000000;00000000;00000000;00000000;0000005043239;0000005037465;0000000006977;00005774;
20170720;DAP;*;U17 ;0000000000000;0000000000000;00001500;00000000;00000000;00000000;00000000;0000009887030;0000009891071;0000000004883;00004041;
20170720;DAP;*;V17 ;0000000000000;0000000000000;00000000;00000000;00000000;00000000;00000000;0000009854706;0000009857262;0000000000000;00002556;
20170720;DCO;*;F18 ;0000000000000;0000000000000;00000000;00000000;00000000;00000000;00000000;0000009830914;0000009888408;0000000000000;00057494;
20170720;DCO;*;F19 ;0000000000000;0000000000000;00000000;00000000;00000000;00000000;00000000;0000009580311;0000009635168;0000000000000;00054857;
20170720;DCO;*;F20 ;0000000000000;0000000000000;00000000;00000000;00000000;00000000;00000000;0000009262309;0000009313361;0000000000000;00051052;
20170720;DCO;*;F21 ;0000000000000;0000000000000;00000000;00000000;00000000;00000000;00000000;0000008902817;0000008949184;0000000000000;00046367;
20170720;DCO;*;F22 ;0000000000000;0000000000000;00000000;00000000;00000000;00000000;00000000;0000008507292;0000008552790;0000000000000;00045498;
20170720;DCO;*;F23 ;0000000000000;0000000000000;00000000;00000000;00000000;00000000;00000000;0000008117893;0000008147682;0000000000000;00029789;
20170720;DCO;*;F24 ;0000000000000;0000000000000;00000000;00000000;00000000;00000000;00000000;0000007708651;0000007736058;0000000000000;00027407;
20170720;DCO;*;F25 ;0000000000000;0000000000000;00000000;00000000;00000000;00000000;00000000;0000007283853;0000007309057;0000000000000;00025204;
20170720;DCO;*;F26 ;0000000000000;0000000000000;00000000;00000000;00000000;00000000;00000000;0000006903132;0000006922349;0000000000000;00019217;
20170720;DCO;*;F27 ;0000000000000;0000000000000;00000000;00000000;00000000;00000000;00000000;0000006516503;0000006533991;0000000000000;00017488;
20170720;DCO;*;F28 ;0000000000000;0000000000000;00000000;00000000;00000000;00000000;00000000;0000006166565;0000006182583;0000000000000;00016018;
20170720;DCO;*;F29 ;0000000000000;0000000000000;00000000;00000000;00000000;00000000;00000000;0000005831697;0000005846437;0000000000000;00014740;
20170720;DCO;*;F30 ;0000000000000;0000000000000;00000000;00000000;00000000;00000000;00000000;0000005513392;0000005527020;0000000000000;00013628;
20170720;DCO;*;G18 ;0000000000000;0000000000000;00000000;00000000;00000000;00000000;00000000;0000009815630;0000009872702;0000000000000;00057072;
20170720;DCO;*;H18 ;0000000000000;0000000000000;00000000;00000000;00000000;00000000;00000000;0000009798201;0000009853897;0000000000000;00055696;
20170720;DCO;*;J18 ;0000000000000;0000000000000;00000000;00000000;00000000;00000000;00000000;0000009776148;0000009831886;0000000000000;00055738;
20170720;DCO;*;J19 ;0000000000000;0000000000000;00000000;00000000;00000000;00000000;00000000;0000009511832;0000009564881;0000000000000;00053049;
20170720;DCO;*;J20 ;0000000000000;0000000000000;00000000;00000000;00000000;00000000;00000000;0000009182619;0000009231677;0000000000000;00049058;
20170720;DCO;*;J21 ;0000000000000;0000000000000;00000000;00000000;00000000;00000000;00000000;0000008821462;0000008867729;0000000000000;00046267;
20170720;DCO;*;J22 ;0000000000000;0000000000000;00000000;00000000;00000000;00000000;00000000;0000008425641;0000008467585;0000000000000;00041944;
20170720;DCO;*;K18 ;0000000000000;0000000000000;00000000;00000000;00000000;00000000;00000000;0000009755860;0000009811994;0000000000000;00056134;
20170720;DCO;*;M18 ;0000000000000;0000000000000;00000000;00000000;00000000;00000000;00000000;0000009734265;0000009789775;0000000000000;00055510;
20170720;DCO;*;N18 ;0000000000000;0000000000000;00000000;00000000;00000000;00000000;00000000;0000009716229;0000009771783;0000000000000;00055554;
20170720;DCO;*;N19 ;0000000000000;0000000000000;00000000;00000000;00000000;00000000;00000000;0000009431849;0000009483949;0000000000000;00052100;
20170720;DCO;*;N20 ;0000000000000;0000000000000;00000000;00000000;00000000;00000000;00000000;0000009089084;0000009140676;0000000000000;00051592;
20170720;DCO;*;N21 ;0000000000000;0000000000000;00000000;00000000;00000000;00000000;00000000;0000008724460;0000008767462;0000000000000;00043002;
20170720;DCO;*;N22 ;0000000000000;0000000000000;00000000;00000000;00000000;00000000;00000000;0000008327936;0000008366023;0000000000000;00038087;
20170720;DCO;*;Q17 ;0000000000000;0000000000000;00000000;00000000;00000000;00000000;00000000;0000009919388;0000009977737;0000000000000;00058349;
20170720;DCO;*;U17 ;0000000000000;0000000000000;00000000;00000000;00000000;00000000;00000000;0000009903123;0000009960956;0000000000000;00057833;
20170720;DCO;*;V17 ;0000000000000;0000000000000;00000000;00000000;00000000;00000000;00000000;0000009884391;0000009941860;0000000000000;00057469;
20170720;DCO;*;V18 ;0000000000000;0000000000000;00000000;00000000;00000000;00000000;00000000;0000009650119;0000009705797;0000000000000;00055678;
20170720;DCO;*;V19 ;0000000000000;0000000000000;00000000;00000000;00000000;00000000;00000000;0000009351298;0000009403995;0000000000000;00052697;
20170720;DCO;*;V20 ;0000000000000;0000000000000;00000000;00000000;00000000;00000000;00000000;0000008997825;0000009046974;0000000000000;00049149;
20170720;DCO;*;V21 ;0000000000000;0000000000000;00000000;00000000;00000000;00000000;00000000;0000008631752;0000008674450;0000000000000;00042698;
20170720;DCO;*;X17 ;0000000000000;0000000000000;00000000;00000000;00000000;00000000;00000000;0000009866885;0000009924510;0000000000000;00057625;
20170720;DCO;*;Z17 ;0000000000000;0000000000000;00000000;00000000;00000000;00000000;00000000;0000009851128;0000009907709;0000000000000;00056581;
20170720;DDI;*;F18 ;0000000000000;0000000000000;00438675;00000000;00000000;00000000;00000000;0000009831359;0000009888857;0000000090654;00057498;
20170720;DDI;*;F19 ;0000000000000;0000000000000;00127089;00000000;00000000;00000000;00000000;0000009583019;0000009636530;0000000084368;00053511;
20170720;DDI;*;F20 ;0000000000000;0000000000000;00099040;00000000;00000000;00000000;00000000;0000009264444;0000009315510;0000000080513;00051066;
20170720;DDI;*;F21 ;0000000000000;0000000000000;00087797;00000000;00000000;00000000;00000000;0000008905601;0000008951983;0000000073128;00046382;
20170720;DDI;*;F22 ;0000000000000;0000000000000;00035324;00000000;00000000;00000000;00000000;0000008510566;0000008556084;0000000071765;00045518;
20170720;DDI;*;F23 ;0000000000000;0000000000000;00030096;00000000;00000000;00000000;00000000;0000008121542;0000008151339;0000000046979;00029797;
20170720;DDI;*;F24 ;0000000000000;0000000000000;00034595;00000000;00000000;00000000;00000000;0000007712543;0000007739960;0000000043227;00027417;
20170720;DDI;*;F25 ;0000000000000;0000000000000;00021115;00000000;00000000;00000000;00000000;0000007287868;0000007313080;0000000039750;00025212;
20170720;DDI;*;F26 ;0000000000000;0000000000000;00013860;00000000;00000000;00000000;00000000;0000006907222;0000006930542;0000000036767;00023320;
20170720;DDI;*;F27 ;0000000000000;0000000000000;00011400;00000000;00000000;00000000;00000000;0000006524665;0000006542158;0000000027580;00017493;
20170720;DDI;*;F28 ;0000000000000;0000000000000;00000110;00000000;00000000;00000000;00000000;0000006178691;0000006190667;0000000018881;00011976;
20170720;DDI;*;F29 ;0000000000000;0000000000000;00000000;00000000;00000000;00000000;00000000;0000005839613;0000005854356;0000000000000;00014743;
20170720;DDI;*;F30 ;0000000000000;0000000000000;00000500;00000000;00000000;00000000;00000000;0000005521085;0000005534716;0000000021491;00013631;
20170720;DDI;*;G18 ;0000000000000;0000000000000;00049220;00000000;00000000;00000000;00000000;0000009816154;0000009873230;0000000089988;00057076;
20170720;DDI;*;H18 ;0000000000000;0000000000000;00026099;00000000;00000000;00000000;00000000;0000009798798;0000009854499;0000000087820;00055701;
20170720;DDI;*;J18 ;0000000000000;0000000000000;00115389;00000000;00000000;00000000;00000000;0000009776828;0000009832571;0000000087887;00055743;
20170720;DDI;*;J19 ;0000000000000;0000000000000;00049650;00000000;00000000;00000000;00000000;0000009513390;0000009566449;0000000083655;00053059;
20170720;DDI;*;J20 ;0000000000000;0000000000000;00028292;00000000;00000000;00000000;00000000;0000009184929;0000009234000;0000000077367;00049071;
20170720;DDI;*;J21 ;0000000000000;0000000000000;00006237;00000000;00000000;00000000;00000000;0000008824384;0000008870667;0000000072972;00046283;
20170720;DDI;*;J22 ;0000000000000;0000000000000;00000640;00000000;00000000;00000000;00000000;0000008429026;0000008470987;0000000066157;00041961;
20170720;DDI;*;K18 ;0000000000000;0000000000000;00025820;00000000;00000000;00000000;00000000;0000009756616;0000009812755;0000000088511;00056139;
20170720;DDI;*;M18 ;0000000000000;0000000000000;00017860;00000000;00000000;00000000;00000000;0000009735097;0000009790612;0000000087527;00055515;
20170720;DDI;*;N18 ;0000000000000;0000000000000;00120107;00000000;00000000;00000000;00000000;0000009717139;0000009772700;0000000087600;00055561;
20170720;DDI;*;N19 ;0000000000000;0000000000000;00055774;00000000;00000000;00000000;00000000;0000009433606;0000009485718;0000000082162;00052112;
20170720;DDI;*;N20 ;0000000000000;0000000000000;00047036;00000000;00000000;00000000;00000000;0000009091557;0000009143164;0000000081366;00051607;
20170720;DDI;*;N21 ;0000000000000;0000000000000;00006220;00000000;00000000;00000000;00000000;0000008727510;0000008770527;0000000067822;00043017;
20170720;DDI;*;N22 ;0000000000000;0000000000000;00001490;00000000;00000000;00000000;00000000;0000008331418;0000008369521;0000000060075;00038103;
20170720;DDI;*;Q17 ;0000000000000;0000000000000;00438445;00000000;00000000;00000000;00000000;0000009919421;0000009977770;0000000091995;00058349;
20170720;DDI;*;U17 ;0000000000000;0000000000000;00300610;00000000;00000000;00000000;00000000;0000009903240;0000009961073;0000000091182;00057833;
20170720;DDI;*;V17 ;0000000000000;0000000000000;00310039;00000000;00000000;00000000;00000000;0000009884592;0000009942062;0000000090610;00057470;
20170720;DDI;*;V18 ;0000000000000;0000000000000;00067118;00000000;00000000;00000000;00000000;0000009651252;0000009706937;0000000087795;00055685;
20170720;DDI;*;V19 ;0000000000000;0000000000000;00039324;00000000;00000000;00000000;00000000;0000009353249;0000009405958;0000000083103;00052709;
20170720;DDI;*;V20 ;0000000000000;0000000000000;00022910;00000000;00000000;00000000;00000000;0000009000455;0000009049619;0000000077514;00049164;
20170720;DDI;*;V21 ;0000000000000;0000000000000;00002102;00000000;00000000;00000000;00000000;0000008634928;0000008677643;0000000067346;00042715;
20170720;DDI;*;X17 ;0000000000000;0000000000000;00135570;00000000;00000000;00000000;00000000;0000009867166;0000009924793;0000000090857;00057627;
20170720;DDI;*;Z17 ;0000000000000;0000000000000;00105780;00000000;00000000;00000000;00000000;0000009851489;0000009908072;0000000089211;00056583;
20170720;DDM;*;K25 ;0000000000000;0000000000000;00000000;00000000;00000000;00000000;00000000;0000006732657;0000006682968;0000000000000;00049689;
20170720;DI1;*;F18 ;0030813339258;0009812540366;03503380;00008580;00008520;00008585;00008545;0000009642929;0000009640507;0000000002422;00002422;
20170720;DI1;*;F19 ;0035573256818;0011328341131;02359840;00008400;00008330;00008420;00008370;0000008913034;0000008904144;0000000008890;00008890;
20170720;DI1;*;F20 ;0016755781534;0005335896291;01588638;00009010;00008910;00009010;00008940;0000008117825;0000008109081;0000000008744;00008744;
20170720;DI1;*;F21 ;0021475430912;0006838873611;01296802;00009490;00009440;00009520;00009470;0000007327604;0000007325479;0000000002125;00002125;
20170720;DI1;*;F22 ;0000275031789;0000087584163;00107976;00009780;00009770;00009850;00009820;0000006604702;0000006607449;0000000002747;00002747;
20170720;DI1;*;F23 ;0003673958120;0001169975836;00690163;00009950;00009930;00010020;00009970;0000005972475;0000005972513;0000000000038;00000038;
20170720;DI1;*;F24 ;0000000000000;0000000000000;00056665;00000000;00000000;00000000;00000000;0000005393426;0000005396580;0000000003154;00003154;
20170720;DI1;*;F25 ;0002295447148;0000730987564;00546905;00010200;00010170;00010270;00010200;0000004865316;0000004862028;0000000003288;00003288;
20170720;DI1;*;F26 ;0000003517475;0000001120144;00061668;00010240;00010230;00010250;00010250;0000004391804;0000004386751;0000000005053;00005053;
20170720;DI1;*;F27 ;0000990332432;0000315372407;00399769;00010350;00010320;00010420;00010340;0000003954189;0000003947411;0000000006778;00006778;
20170720;DI1;*;F28 ;0000000000000;0000000000000;00000010;00000000;00000000;00000000;00000000;0000003567841;0000003561079;0000000006762;00006762;
20170720;DI1;*;F29 ;0000000000000;0000000000000;00004387;00000000;00000000;00000000;00000000;0000003225538;0000003218847;0000000006691;00006691;
20170720;DI1;*;F30 ;0000000000000;0000000000000;00000720;00000000;00000000;00000000;00000000;0000002905854;0000002899303;0000000006551;00006551;
20170720;DI1;*;G18 ;0000090516114;0000028824952;00038650;00008440;00008430;00008440;00008430;0000009579702;0000009576613;0000000003089;00003089;
20170720;DI1;*;H18 ;0000000952540;0000000303337;00027115;00008395;00008395;00008395;00008395;0000009527045;0000009523339;0000000003706;00003706;
20170720;DI1;*;J18 ;0003328761736;0001060047684;00922398;00008370;00008320;00008380;00008330;0000009466125;0000009461624;0000000004501;00004501;
20170720;DI1;*;J19 ;0000866887161;0000276061130;00562621;00008490;00008460;00008550;00008500;0000008725643;0000008714006;0000000011637;00011637;
20170720;DI1;*;J20 ;0000018214836;0000005800534;00077734;00009090;00009060;00009100;00009080;0000007917670;0000007908217;0000000009453;00009453;
20170720;DI1;*;J21 ;0000065361211;0000020814347;00032005;00009580;00009560;00009610;00009560;0000007142423;0000007140168;0000000002255;00002255;
20170720;DI1;*;J22 ;0000000000000;0000000000000;00001510;00000000;00000000;00000000;00000000;0000006443933;0000006446198;0000000002265;00002265;
20170720;DI1;*;K18 ;0000188065800;0000059889752;00022375;00008320;00008320;00008320;00008320;0000009403959;0000009401360;0000000002599;00002599;
20170720;DI1;*;M18 ;0000116782992;0000037189667;00016215;00008300;00008290;00008300;00008290;0000009343817;0000009340456;0000000003361;00003361;
20170720;DI1;*;N18 ;0007653940163;0002437405313;00790941;00008290;00008245;00008315;00008280;0000009284489;0000009279482;0000000005007;00005007;
20170720;DI1;*;N19 ;0002504954986;0000797705556;00481585;00008690;00008600;00008700;00008640;0000008530311;0000008517923;0000000012388;00012388;
20170720;DI1;*;N20 ;0002759683586;0000878824147;01261827;00009260;00009210;00009290;00009240;0000007723770;0000007715737;0000000008033;00008033;
20170720;DI1;*;N21 ;0001909942798;0000608223297;00115473;00009670;00009650;00009720;00009680;0000006958501;0000006956124;0000000002377;00002377;
20170720;DI1;*;N22 ;0000000942732;0000000300214;00004940;00009900;00009880;00009900;00009890;0000006287701;0000006297923;0000000010222;00010222;
20170720;DI1;*;N23 ;0000000000000;0000000000000;00003535;00000000;00000000;00000000;00000000;0000005679341;0000005680894;0000000001553;00001553;
20170720;DI1;*;N24 ;0000000000000;0000000000000;00003395;00000000;00000000;00000000;00000000;0000005130484;0000005130484;0000000000000;00000000;
20170720;DI1;*;Q17 ;0009013268738;0002870284930;00856659;00009780;00009758;00009790;00009780;0000009970422;0000009970425;0000000000003;00000003;
20170720;DI1;*;U17 ;0016057898013;0005113654548;00448080;00009330;00009318;00009350;00009329;0000009890980;0000009890871;0000000000109;00000109;
20170720;DI1;*;V17 ;0018147298596;0005779026366;02453861;00009050;00009030;00009055;00009045;0000009826485;0000009826116;0000000000369;00000369;
20170720;DI1;*;V18 ;0001044283958;0000332553327;00573921;00008320;00008270;00008360;00008310;0000009096433;0000009089026;0000000007407;00007407;
20170720;DI1;*;V19 ;0002502821747;0000797026223;00114783;00008840;00008780;00008870;00008820;0000008315926;0000008307129;0000000008797;00008797;
20170720;DI1;*;V20 ;0000030440658;0000009693860;00046270;00009370;00009350;00009380;00009360;0000007514914;0000007509642;0000000005272;00005272;
20170720;DI1;*;V21 ;0000021344218;0000006797089;00016582;00009760;00009740;00009780;00009740;0000006776516;0000006774285;0000000002231;00002231;
20170720;DI1;*;X17 ;0000049777236;0000015851613;00148630;00008865;00008860;00008865;00008860;0000009760419;0000009759703;0000000000716;00000716;
20170720;DI1;*;Z17 ;0000942410337;0000300111565;00186000;00008700;00008675;00008700;00008675;0000009700525;0000009699389;0000000001136;00001136;
20170720;DOL;*;F18 ;0000000000000;0000000000000;00009085;00000000;00000000;00000000;00000000;0000032149180;0000032345330;0000000098075;00196150;
20170720;DOL;*;F19 ;0000000000000;0000000000000;00000000;00000000;00000000;00000000;00000000;0000033903310;0000034126660;0000000000000;00223350;
20170720;DOL;*;F20 ;0000000000000;0000000000000;00000000;00000000;00000000;00000000;00000000;0000035986940;0000036224320;0000000000000;00237380;
20170720;DOL;*;F21 ;0000000000000;0000000000000;00003100;00000000;00000000;00000000;00000000;0000038323620;0000038534390;0000000105385;00210770;
20170720;DOL;*;F25 ;0000000000000;0000000000000;00000000;00000000;00000000;00000000;00000000;0000047234010;0000047429460;0000000000000;00195450;
20170720;DOL;*;G18 ;0000000000000;0000000000000;00000000;00000000;00000000;00000000;00000000;0000032311320;0000032509670;0000000000000;00198350;
20170720;DOL;*;H18 ;0000000000000;0000000000000;00000000;00000000;00000000;00000000;00000000;0000032432460;0000032629520;0000000000000;00197060;
20170720;DOL;*;J18 ;0000000000000;0000000000000;00000180;00000000;00000000;00000000;00000000;0000032567990;0000032769260;0000000100635;00201270;
20170720;DOL;*;J19 ;0000000000000;0000000000000;00000050;00000000;00000000;00000000;00000000;0000034379780;0000034617700;0000000118960;00237920;
20170720;DOL;*;J20 ;0000000000000;0000000000000;00000000;00000000;00000000;00000000;00000000;0000036580000;0000036819390;0000000000000;00239390;
20170720;DOL;*;J22 ;0000000000000;0000000000000;00000000;00000000;00000000;00000000;00000000;0000041246940;0000041437700;0000000000000;00190760;
20170720;DOL;*;K18 ;0000000000000;0000000000000;00000500;00000000;00000000;00000000;00000000;0000032715520;0000032912860;0000000098670;00197340;
20170720;DOL;*;M18 ;0000000000000;0000000000000;00000000;00000000;00000000;00000000;00000000;0000032853470;0000033052710;0000000000000;00199240;
20170720;DOL;*;N18 ;0000000000000;0000000000000;00000665;00000000;00000000;00000000;00000000;0000033002420;0000033209020;0000000103300;00206600;
20170720;DOL;*;N19 ;0000000000000;0000000000000;00000400;00000000;00000000;00000000;00000000;0000034872110;0000035115740;0000000121815;00243630;
20170720;DOL;*;N20 ;0000000000000;0000000000000;00000000;00000000;00000000;00000000;00000000;0000037117110;0000037366670;0000000000000;00249560;
20170720;DOL;*;N21 ;0000000000000;0000000000000;00000000;00000000;00000000;00000000;00000000;0000039549400;0000039757920;0000000000000;00208520;
20170720;DOL;*;N22 ;0000000000000;0000000000000;00000000;00000000;00000000;00000000;00000000;0000041782300;0000041905260;0000000000000;00122960;
20170720;DOL;*;Q17 ;0039910953000;0012709685052;00630935;03158500;03125000;03162500;03127500;0000031371730;0000031556270;0000000092270;00184540;
20170720;DOL;*;U17 ;0000655222750;0000208656375;00021156;03163500;03156000;03163500;03156000;0000031572080;0000031756810;0000000092365;00184730;
20170720;DOL;*;V17 ;0000318959625;0000101573029;00014610;03181000;03179000;03183000;03179000;0000031719470;0000031905090;0000000092810;00185620;
20170720;DOL;*;V18 ;0000000000000;0000000000000;00000035;00000000;00000000;00000000;00000000;0000033456290;0000033676750;0000000110230;00220460;
20170720;DOL;*;V19 ;0000000000000;0000000000000;00000000;00000000;00000000;00000000;00000000;0000035466400;0000035704050;0000000000000;00237650;
20170720;DOL;*;X17 ;0000000000000;0000000000000;00001295;00000000;00000000;00000000;00000000;0000031877870;0000032066390;0000000094260;00188520;
20170720;DOL;*;Z17 ;0000000000000;0000000000000;00000020;00000000;00000000;00000000;00000000;0000032023730;0000032211430;0000000093850;00187700;
20170720;DR1;*;Q7U7;0000000000000;0000000000000;00000000;00020040;00019950;00020040;00019950;0000000000000;0000000000000;0000000000000;00000000;
20170720;ETH;*;F18 ;0000000000000;0000000000000;00000080;00000000;00000000;00000000;00000000;0000000155000;0000000155000;0000000000000;00000000;
20170720;ETH;*;G18 ;0000000000000;0000000000000;00000080;00000000;00000000;00000000;00000000;0000000155000;0000000155000;0000000000000;00000000;
20170720;ETH;*;H18 ;0000000000000;0000000000000;00000030;00000000;00000000;00000000;00000000;0000000155000;0000000155000;0000000000000;00000000;
20170720;ETH;*;J18 ;0000000000000;0000000000000;00000000;00000000;00000000;00000000;00000000;0000000157350;0000000157350;0000000000000;00000000;
20170720;ETH;*;K18 ;0000000000000;0000000000000;00000000;00000000;00000000;00000000;00000000;0000000150050;0000000150050;0000000000000;00000000;
20170720;ETH;*;N17 ;0000001980105;0000000632662;00000359;00140550;00140000;00140550;00140000;0000000140550;0000000140550;0000000000000;00000000;
20170720;ETH;*;Q17 ;0000001874400;0000000598888;00000651;00142000;00142000;00142000;00142000;0000000142000;0000000142000;0000000000000;00000000;
20170720;ETH;*;U17 ;0000003247500;0000001037606;00000000;00145000;00144000;00145000;00144000;0000000143000;0000000143000;0000000000000;00000000;
20170720;ETH;*;V17 ;0000000000000;0000000000000;00000410;00000000;00000000;00000000;00000000;0000000142000;0000000142000;0000000000000;00000000;
20170720;ETH;*;X17 ;0000000000000;0000000000000;00000299;00000000;00000000;00000000;00000000;0000000150000;0000000150000;0000000000000;00000000;
20170720;ETH;*;Z17 ;0000000000000;0000000000000;00000571;00000000;00000000;00000000;00000000;0000000150500;0000000150500;0000000000000;00000000;
20170720;EUR;*;Q17 ;0000304938600;0000097108019;00013263;03631100;03627300;03662000;03640800;0000036489430;0000036367920;0000000060755;00121510;
20170720;EUR;*;U17 ;0000004604250;0000001466228;00000548;03684500;03679000;03684500;03679000;0000036774490;0000036651120;0000000061685;00123370;
20170720;EUR;*;V17 ;0000210421200;0000067008853;00003190;03691600;03691600;03691600;03691600;0000037000000;0000036875630;0000000062185;00124370;
20170720;EUR;*;X17 ;0000000000000;0000000000000;00000000;00000000;00000000;00000000;00000000;0000037240570;0000037117730;0000000000000;00122840;
20170720;FRC;*;F18 ;0000000000000;0000000000000;00000000;00000210;00000206;00000210;00000209;0000000000209;0000000000210;0000000000000;00000001;
20170720;FRC;*;F19 ;0000000000000;0000000000000;00000000;00000244;00000244;00000244;00000244;0000000000244;0000000000246;0000000000001;00000002;
20170720;FRC;*;F20 ;0000000000000;0000000000000;00000000;00000288;00000288;00000288;00000288;0000000000288;0000000000290;0000000000001;00000002;
20170720;FRC;*;F21 ;0000000000000;0000000000000;00000000;00000325;00000325;00000327;00000327;0000000000327;0000000000329;0000000000001;00000002;
20170720;FRC;*;F22 ;0000000000000;0000000000000;00000000;00000370;00000370;00000370;00000370;0000000000369;0000000000370;0000000000000;00000001;
20170720;FRC;*;F23 ;0000000000000;0000000000000;00000000;00000000;00000000;00000000;00000000;0000000000402;0000000000407;0000000000000;00000005;
20170720;FRC;*;F24 ;0000000000000;0000000000000;00000000;00000000;00000000;00000000;00000000;0000000000439;0000000000444;0000000000000;00000005;
20170720;FRC;*;F25 ;0000000000000;0000000000000;00000000;00000000;00000000;00000000;00000000;0000000000479;0000000000484;0000000000000;00000005;
20170720;FRC;*;F26 ;0000000000000;0000000000000;00000000;00000000;00000000;00000000;00000000;0000000000510;0000000000515;0000000000000;00000005;
20170720;FRC;*;F27 ;0000000000000;0000000000000;00000000;00000544;00000544;00000544;00000544;0000000000544;0000000000549;0000000000002;00000005;
20170720;FRC;*;F28 ;0000000000000;0000000000000;00000000;00000000;00000000;00000000;00000000;0000000000573;0000000000578;0000000000000;00000005;
20170720;FRC;*;F29 ;0000000000000;0000000000000;00000000;00000000;00000000;00000000;00000000;0000000000603;0000000000608;0000000000000;00000005;
20170720;FRC;*;F30 ;0000000000000;0000000000000;00000000;00000000;00000000;00000000;00000000;0000000000632;0000000000637;0000000000000;00000005;
20170720;FRC;*;G18 ;0000000000000;0000000000000;00000000;00000206;00000206;00000206;00000206;0000000000206;0000000000207;0000000000000;00000001;
20170720;FRC;*;H18 ;0000000000000;0000000000000;00000000;00000209;00000209;00000209;00000209;0000000000209;0000000000212;0000000000001;00000003;
20170720;FRC;*;J18 ;0000000000000;0000000000000;00000000;00000215;00000214;00000215;00000215;0000000000215;0000000000218;0000000000001;00000003;
20170720;FRC;*;J19 ;0000000000000;0000000000000;00000000;00000000;00000000;00000000;00000000;0000000000253;0000000000255;0000000000000;00000002;
20170720;FRC;*;J20 ;0000000000000;0000000000000;00000000;00000000;00000000;00000000;00000000;0000000000296;0000000000298;0000000000000;00000002;
20170720;FRC;*;J21 ;0000000000000;0000000000000;00000000;00000000;00000000;00000000;00000000;0000000000334;0000000000336;0000000000000;00000002;
20170720;FRC;*;J22 ;0000000000000;0000000000000;00000000;00000000;00000000;00000000;00000000;0000000000374;0000000000376;0000000000000;00000002;
20170720;FRC;*;K18 ;0000000000000;0000000000000;00000000;00000000;00000000;00000000;00000000;0000000000219;0000000000221;0000000000000;00000002;
20170720;FRC;*;M18 ;0000000000000;0000000000000;00000000;00000223;00000223;00000223;00000223;0000000000224;0000000000226;0000000000001;00000002;
20170720;FRC;*;N18 ;0000000000000;0000000000000;00000000;00000225;00000224;00000225;00000224;0000000000224;0000000000225;0000000000000;00000001;
20170720;FRC;*;N19 ;0000000000000;0000000000000;00000000;00000000;00000000;00000000;00000000;0000000000265;0000000000267;0000000000000;00000002;
20170720;FRC;*;N20 ;0000000000000;0000000000000;00000000;00000308;00000308;00000308;00000308;0000000000308;0000000000309;0000000000000;00000001;
20170720;FRC;*;N21 ;0000000000000;0000000000000;00000000;00000344;00000344;00000344;00000344;0000000000344;0000000000347;0000000000001;00000003;
20170720;FRC;*;N22 ;0000000000000;0000000000000;00000000;00000000;00000000;00000000;00000000;0000000000382;0000000000385;0000000000000;00000003;
20170720;FRC;*;U17 ;0000000000000;0000000000000;00000000;00000195;00000190;00000195;00000190;0000000000190;0000000000195;0000000000002;00000005;
20170720;FRC;*;V17 ;0000000000000;0000000000000;00000000;00000206;00000205;00000206;00000205;0000000000205;0000000000209;0000000000002;00000004;
20170720;FRC;*;V18 ;0000000000000;0000000000000;00000000;00000000;00000000;00000000;00000000;0000000000235;0000000000236;0000000000000;00000001;
20170720;FRC;*;V19 ;0000000000000;0000000000000;00000000;00000000;00000000;00000000;00000000;0000000000275;0000000000277;0000000000000;00000002;
20170720;FRC;*;V20 ;0000000000000;0000000000000;00000000;00000000;00000000;00000000;00000000;0000000000318;0000000000319;0000000000000;00000001;
20170720;FRC;*;V21 ;0000000000000;0000000000000;00000000;00000000;00000000;00000000;00000000;0000000000352;0000000000354;0000000000000;00000002;
20170720;FRC;*;X17 ;0000000000000;0000000000000;00000000;00000208;00000205;00000208;00000207;0000000000207;0000000000209;0000000000001;00000002;
20170720;FRC;*;Z17 ;0000000000000;0000000000000;00000000;00000204;00000204;00000204;00000204;0000000000204;0000000000208;0000000000002;00000004;
20170720;FRO;*;F18 ;0000000000000;0000000000000;00000000;00000000;00000000;00000000;00000000;0000000000210;0000000000211;0000000000000;00000001;
20170720;FRO;*;F19 ;0000000000000;0000000000000;00000000;00000000;00000000;00000000;00000000;0000000000245;0000000000247;0000000000000;00000002;
20170720;FRO;*;F20 ;0000000000000;0000000000000;00000000;00000000;00000000;00000000;00000000;0000000000289;0000000000291;0000000000000;00000002;
20170720;FRO;*;F21 ;0000000000000;0000000000000;00000000;00000000;00000000;00000000;00000000;0000000000328;0000000000330;0000000000000;00000002;
20170720;FRO;*;F22 ;0000000000000;0000000000000;00000000;00000000;00000000;00000000;00000000;0000000000370;0000000000371;0000000000000;00000001;
20170720;FRO;*;F23 ;0000000000000;0000000000000;00000000;00000000;00000000;00000000;00000000;0000000000403;0000000000408;0000000000000;00000005;
20170720;FRO;*;F24 ;0000000000000;0000000000000;00000000;00000000;00000000;00000000;00000000;0000000000440;0000000000445;0000000000000;00000005;
20170720;FRO;*;F25 ;0000000000000;0000000000000;00000000;00000000;00000000;00000000;00000000;0000000000480;0000000000485;0000000000000;00000005;
20170720;FRO;*;F26 ;0000000000000;0000000000000;00000000;00000000;00000000;00000000;00000000;0000000000511;0000000000517;0000000000000;00000006;
20170720;FRO;*;F27 ;0000000000000;0000000000000;00000000;00000000;00000000;00000000;00000000;0000000000546;0000000000551;0000000000000;00000005;
20170720;FRO;*;F28 ;0000000000000;0000000000000;00000000;00000000;00000000;00000000;00000000;0000000000575;0000000000580;0000000000000;00000005;
20170720;FRO;*;F29 ;0000000000000;0000000000000;00000000;00000000;00000000;00000000;00000000;0000000000605;0000000000610;0000000000000;00000005;
20170720;FRO;*;F30 ;0000000000000;0000000000000;00000000;00000000;00000000;00000000;00000000;0000000000634;0000000000639;0000000000000;00000005;
20170720;FRO;*;G18 ;0000000000000;0000000000000;00000000;00000000;00000000;00000000;00000000;0000000000207;0000000000208;0000000000000;00000001;
20170720;FRO;*;H18 ;0000000000000;0000000000000;00000000;00000000;00000000;00000000;00000000;0000000000210;0000000000213;0000000000000;00000003;
20170720;FRO;*;J18 ;0000000000000;0000000000000;00000000;00000000;00000000;00000000;00000000;0000000000216;0000000000219;0000000000000;00000003;
20170720;FRO;*;J19 ;0000000000000;0000000000000;00000000;00000000;00000000;00000000;00000000;0000000000254;0000000000256;0000000000000;00000002;
20170720;FRO;*;J20 ;0000000000000;0000000000000;00000000;00000000;00000000;00000000;00000000;0000000000297;0000000000299;0000000000000;00000002;
20170720;FRO;*;J21 ;0000000000000;0000000000000;00000000;00000000;00000000;00000000;00000000;0000000000335;0000000000337;0000000000000;00000002;
20170720;FRO;*;J22 ;0000000000000;0000000000000;00000000;00000000;00000000;00000000;00000000;0000000000375;0000000000377;0000000000000;00000002;
20170720;FRO;*;K18 ;0000000000000;0000000000000;00000000;00000000;00000000;00000000;00000000;0000000000220;0000000000222;0000000000000;00000002;
20170720;FRO;*;M18 ;0000000000000;0000000000000;00000000;00000000;00000000;00000000;00000000;0000000000225;0000000000227;0000000000000;00000002;
20170720;FRO;*;N18 ;0000000000000;0000000000000;00000000;00000000;00000000;00000000;00000000;0000000000225;0000000000226;0000000000000;00000001;
20170720;FRO;*;N19 ;0000000000000;0000000000000;00000000;00000000;00000000;00000000;00000000;0000000000266;0000000000268;0000000000000;00000002;
20170720;FRO;*;N20 ;0000000000000;0000000000000;00000000;00000000;00000000;00000000;00000000;0000000000309;0000000000310;0000000000000;00000001;
20170720;FRO;*;N21 ;0000000000000;0000000000000;00000000;00000000;00000000;00000000;00000000;0000000000345;0000000000348;0000000000000;00000003;
20170720;FRO;*;N22 ;0000000000000;0000000000000;00000000;00000000;00000000;00000000;00000000;0000000000383;0000000000386;0000000000000;00000003;
20170720;FRO;*;U17 ;0000000000000;0000000000000;00000000;00000000;00000000;00000000;00000000;0000000000191;0000000000196;0000000000000;00000005;
20170720;FRO;*;V17 ;0000000000000;0000000000000;00000000;00000000;00000000;00000000;00000000;0000000000206;0000000000210;0000000000000;00000004;
20170720;FRO;*;V18 ;0000000000000;0000000000000;00000000;00000000;00000000;00000000;00000000;0000000000236;0000000000237;0000000000000;00000001;
20170720;FRO;*;V19 ;0000000000000;0000000000000;00000000;00000000;00000000;00000000;00000000;0000000000276;0000000000278;0000000000000;00000002;
20170720;FRO;*;V20 ;0000000000000;0000000000000;00000000;00000000;00000000;00000000;00000000;0000000000319;0000000000320;0000000000000;00000001;
20170720;FRO;*;V21 ;0000000000000;0000000000000;00000000;00000000;00000000;00000000;00000000;0000000000353;0000000000355;0000000000000;00000002;
20170720;FRO;*;X17 ;0000000000000;0000000000000;00000000;00000000;00000000;00000000;00000000;0000000000208;0000000000210;0000000000000;00000002;
20170720;FRO;*;Z17 ;0000000000000;0000000000000;00000000;00000000;00000000;00000000;00000000;0000000000205;0000000000209;0000000000000;00000004;
20170720;FRP;*;FRP0;0000000000000;0000000000000;00000000;00000610;00000580;00000610;00000610;0000000000000;0000000000000;0000000000000;00000000;
20170720;FRP;*;FRP1;0000000000000;0000000000000;00000000;00000540;00000540;00000540;00000540;0000000000000;0000000000000;0000000000000;00000000;
20170720;GBP;*;Q17 ;0000021234598;0000006762180;00000829;04095000;04062800;04095000;04062800;0000040724230;0000041122900;0000000139534;00398670;
20170720;GBP;*;U17 ;0000000000000;0000000000000;00000132;00000000;00000000;00000000;00000000;0000041019000;0000041419890;0000000140311;00400890;
20170720;GBP;*;V17 ;0000000000000;0000000000000;00000000;00000000;00000000;00000000;00000000;0000041247830;0000041650190;0000000000000;00402360;
20170720;HSI;*;N17 ;0000000000000;0000000000000;00000000;00000000;00000000;00000000;00000000;0000000026747;0000000026674;0000000000000;00000073;
20170720;HSI;*;Q17 ;0000000000000;0000000000000;00000000;00000000;00000000;00000000;00000000;0000000026701;0000000026627;0000000000000;00000074;
20170720;ICF;*;H18 ;0000000000000;0000000000000;00000000;00000000;00000000;00000000;00000000;0000000016995;0000000017100;0000000000000;00000105;
20170720;ICF;*;N17 ;0000000000000;0000000000000;00000000;00000000;00000000;00000000;00000000;0000000015380;0000000015480;0000000031298;00000100;
20170720;ICF;*;U17 ;0000004630696;0000001479550;00003390;00016110;00016030;00016165;00016050;0000000016060;0000000016165;0000000032862;00000105;
20170720;ICF;*;U18 ;0000001906752;0000000609225;00001840;00017400;00017315;00017490;00017315;0000000017245;0000000017350;0000000032862;00000105;
20170720;ICF;*;U19 ;0000000000000;0000000000000;00000461;00000000;00000000;00000000;00000000;0000000018215;0000000018320;0000000032862;00000105;
20170720;ICF;*;Z17 ;0000004631384;0000001479770;00003865;00016650;00016585;00016700;00016585;0000000016675;0000000016785;0000000034427;00000110;
20170720;ICF;*;Z18 ;0000000000000;0000000000000;00000396;00000000;00000000;00000000;00000000;0000000017750;0000000017860;0000000034427;00000110;
20170720;IND;*;G18 ;0000000000000;0000000000000;00000000;00000000;00000000;00000000;00000000;0000000067611;0000000067901;0000000000000;00000290;
20170720;IND;*;G19 ;0000000000000;0000000000000;00000000;00000000;00000000;00000000;00000000;0000000072608;0000000072980;0000000000000;00000372;
20170720;IND;*;J18 ;0000000000000;0000000000000;00000000;00000000;00000000;00000000;00000000;0000000068423;0000000068718;0000000000000;00000295;
20170720;IND;*;J19 ;0000000000000;0000000000000;00000000;00000000;00000000;00000000;00000000;0000000073604;0000000073994;0000000000000;00000390;
20170720;IND;*;M18 ;0000000000000;0000000000000;00001815;00000000;00000000;00000000;00000000;0000000069131;0000000069433;0000000030200;00000302;
20170720;IND;*;M19 ;0000000000000;0000000000000;00000000;00000000;00000000;00000000;00000000;0000000074529;0000000074930;0000000000000;00000401;
20170720;IND;*;Q17 ;0002942280225;0000936972239;00246440;00065620;00065285;00065960;00065360;0000000065360;0000000065618;0000000025800;00000258;
20170720;IND;*;Q18 ;0000000000000;0000000000000;00000000;00000000;00000000;00000000;00000000;0000000070003;0000000070327;0000000000000;00000324;
20170720;IND;*;V17 ;0000000000000;0000000000000;00012505;00000000;00000000;00000000;00000000;0000000066192;0000000066457;0000000026500;00000265;
20170720;IND;*;V18 ;0000000000000;0000000000000;00000000;00000000;00000000;00000000;00000000;0000000070868;0000000071208;0000000000000;00000340;
20170720;IND;*;Z17 ;0000036074000;0000011487803;00022850;00067100;00066700;00067100;00066700;0000000066923;0000000067198;0000000027500;00000275;
20170720;IND;*;Z18 ;0000000000000;0000000000000;00000150;00000000;00000000;00000000;00000000;0000000071659;0000000072011;0000000035200;00000352;
20170720;ISP;*;H18 ;0000000000000;0000000000000;00000000;00000000;00000000;00000000;00000000;0000000246850;0000000246725;0000000000000;00000125;
20170720;ISP;*;M18 ;0000000000000;0000000000000;00000000;00000000;00000000;00000000;00000000;0000000246775;0000000246625;0000000000000;00000150;
20170720;ISP;*;U17 ;0000156661748;0000050054875;00004361;00247275;00246600;00247575;00247275;0000000247250;0000000247125;0000000019561;00000125;
20170720;ISP;*;Z17 ;0000000772982;0000000246975;00000010;00246975;00246975;00246975;00246975;0000000247025;0000000246900;0000000019561;00000125;
20170720;JPY;*;Q17 ;0000019358670;0000006164789;00002471;02809000;02801100;02809100;02801100;0000028029800;0000028241100;0000000105650;00211300;
20170720;JPY;*;U17 ;0000003688750;0000001174686;00000047;02837500;02837500;02837500;02837500;0000028239400;0000028451800;0000000106200;00212400;
20170720;JPY;*;V17 ;0000000000000;0000000000000;00000085;00000000;00000000;00000000;00000000;0000028403800;0000028617600;0000000106900;00213800;
20170720;JPY;*;X17 ;0000000000000;0000000000000;00000000;00000000;00000000;00000000;00000000;0000028581300;0000028798400;0000000000000;00217100;
20170720;JSE;*;U17 ;0000000000000;0000000000000;00000000;00000000;00000000;00000000;00000000;0000000047995;0000000047915;0000000000000;00000080;
20170720;JSE;*;Z17 ;0000000000000;0000000000000;00000000;00000000;00000000;00000000;00000000;0000000048786;0000000048707;0000000000000;00000079;
20170720;MIX;*;U17 ;0000000000000;0000000000000;00000000;00000000;00000000;00000000;00000000;0000000001972;0000000001974;0000000000000;00000002;
20170720;MIX;*;Z17 ;0000000000000;0000000000000;00000000;00000000;00000000;00000000;00000000;0000000002003;0000000001995;0000000000000;00000008;
20170720;MXN;*;Q17 ;0000004708815;0000001499527;00000933;01793900;01793800;01793900;01793800;0000017856650;0000017977670;0000000090765;00121020;
20170720;MXN;*;U17 ;0000000000000;0000000000000;00000025;00000000;00000000;00000000;00000000;0000017876610;0000017997270;0000000090495;00120660;
20170720;MXN;*;V17 ;0000000000000;0000000000000;00000000;00000000;00000000;00000000;00000000;0000017867860;0000017988010;0000000000000;00120150;
20170720;NZD;*;Q17 ;0000015632167;0000004978080;00000343;02315400;02315300;02316100;02316100;0000023255840;0000023217450;0000000028792;00038390;
20170720;NZD;*;U17 ;0000000000000;0000000000000;00000000;00000000;00000000;00000000;00000000;0000023392030;0000023349290;0000000000000;00042740;
20170720;NZD;*;V17 ;0000000000000;0000000000000;00000000;00000000;00000000;00000000;00000000;0000023488480;0000023443740;0000000000000;00044740;
20170720;OC1;*;F18 ;0000000000000;0000000000000;00000000;00000000;00000000;00000000;00000000;0000009642574;0000009640113;0000000000000;00002461;
20170720;OC1;*;F19 ;0000000000000;0000000000000;00000000;00000000;00000000;00000000;00000000;0000008911971;0000008903082;0000000000000;00008889;
20170720;OC1;*;F20 ;0000000000000;0000000000000;00000000;00000000;00000000;00000000;00000000;0000008116007;0000008107265;0000000000000;00008742;
20170720;OC1;*;F21 ;0000000000000;0000000000000;00000000;00000000;00000000;00000000;00000000;0000007325075;0000007322949;0000000000000;00002126;
20170720;OC1;*;F22 ;0000000000000;0000000000000;00000000;00000000;00000000;00000000;00000000;0000006601770;0000006604516;0000000000000;00002746;
20170720;OC1;*;F23 ;0000000000000;0000000000000;00000000;00000000;00000000;00000000;00000000;0000005969232;0000005969270;0000000000000;00000038;
20170720;OC1;*;F24 ;0000000000000;0000000000000;00000000;00000000;00000000;00000000;00000000;0000005389969;0000005393120;0000000000000;00003151;
20170720;OC1;*;F25 ;0000000000000;0000000000000;00000000;00000000;00000000;00000000;00000000;0000004861711;0000004858426;0000000000000;00003285;
20170720;OC1;*;F26 ;0000000000000;0000000000000;00000000;00000000;00000000;00000000;00000000;0000004388113;0000004382729;0000000000000;00005384;
20170720;OC1;*;F27 ;0000000000000;0000000000000;00000000;00000000;00000000;00000000;00000000;0000003950140;0000003943370;0000000000000;00006770;
20170720;OC1;*;F28 ;0000000000000;0000000000000;00000000;00000000;00000000;00000000;00000000;0000003563804;0000003557050;0000000000000;00006754;
20170720;OC1;*;F29 ;0000000000000;0000000000000;00000000;00000000;00000000;00000000;00000000;0000003221544;0000003214861;0000000000000;00006683;
20170720;OC1;*;F30 ;0000000000000;0000000000000;00000000;00000000;00000000;00000000;00000000;0000002901944;0000002895402;0000000000000;00006542;
20170720;OC1;*;G18 ;0000000000000;0000000000000;00000000;00000000;00000000;00000000;00000000;0000009579279;0000009576143;0000000000000;00003136;
20170720;OC1;*;H18 ;0000000000000;0000000000000;00000000;00000000;00000000;00000000;00000000;0000009526568;0000009522862;0000000000000;00003706;
20170720;OC1;*;J18 ;0000000000000;0000000000000;00000000;00000000;00000000;00000000;00000000;0000009465585;0000009461085;0000000000000;00004500;
20170720;OC1;*;J19 ;0000000000000;0000000000000;00000000;00000000;00000000;00000000;00000000;0000008724428;0000008712658;0000000000000;00011770;
20170720;OC1;*;J20 ;0000000000000;0000000000000;00000000;00000000;00000000;00000000;00000000;0000007915721;0000007906271;0000000000000;00009450;
20170720;OC1;*;J21 ;0000000000000;0000000000000;00000000;00000000;00000000;00000000;00000000;0000007139787;0000007137531;0000000000000;00002256;
20170720;OC1;*;J22 ;0000000000000;0000000000000;00000000;00000000;00000000;00000000;00000000;0000006440915;0000006443179;0000000000000;00002264;
20170720;OC1;*;K18 ;0000000000000;0000000000000;00000000;00000000;00000000;00000000;00000000;0000009403357;0000009400759;0000000000000;00002598;
20170720;OC1;*;M18 ;0000000000000;0000000000000;00000000;00000000;00000000;00000000;00000000;0000009343154;0000009339793;0000000000000;00003361;
20170720;OC1;*;N18 ;0000000000000;0000000000000;00000000;00000000;00000000;00000000;00000000;0000009283766;0000009278761;0000000000000;00005005;
20170720;OC1;*;N19 ;0000000000000;0000000000000;00000000;00000000;00000000;00000000;00000000;0000008528799;0000008516415;0000000000000;00012384;
20170720;OC1;*;N20 ;0000000000000;0000000000000;00000000;00000000;00000000;00000000;00000000;0000007721700;0000007713670;0000000000000;00008030;
20170720;OC1;*;N21 ;0000000000000;0000000000000;00000000;00000000;00000000;00000000;00000000;0000006955763;0000006953387;0000000000000;00002376;
20170720;OC1;*;N22 ;0000000000000;0000000000000;00000000;00000000;00000000;00000000;00000000;0000006284602;0000006294817;0000000000000;00010215;
20170720;OC1;*;N23 ;0000000000000;0000000000000;00000000;00000000;00000000;00000000;00000000;0000005675981;0000005677531;0000000000000;00001550;
20170720;OC1;*;N24 ;0000000000000;0000000000000;00000000;00000000;00000000;00000000;00000000;0000005126945;0000005126944;0000000000000;00000001;
20170720;OC1;*;Q17 ;0000000000000;0000000000000;00000000;00000000;00000000;00000000;00000000;0000009970393;0000009970395;0000000000000;00000002;
20170720;OC1;*;U17 ;0000000000000;0000000000000;00000000;00000000;00000000;00000000;00000000;0000009890869;0000009890760;0000000000000;00000109;
20170720;OC1;*;V17 ;0000000000000;0000000000000;00000000;00000000;00000000;00000000;00000000;0000009826302;0000009825933;0000000000000;00000369;
20170720;OC1;*;V18 ;0000000000000;0000000000000;00000000;00000000;00000000;00000000;00000000;0000009095533;0000009088127;0000000000000;00007406;
20170720;OC1;*;V19 ;0000000000000;0000000000000;00000000;00000000;00000000;00000000;00000000;0000008314255;0000008305460;0000000000000;00008795;
20170720;OC1;*;V20 ;0000000000000;0000000000000;00000000;00000000;00000000;00000000;00000000;0000007512725;0000007507237;0000000000000;00005488;
20170720;OC1;*;V21 ;0000000000000;0000000000000;00000000;00000000;00000000;00000000;00000000;0000006773676;0000006771446;0000000000000;00002230;
20170720;OC1;*;X17 ;0000000000000;0000000000000;00000000;00000000;00000000;00000000;00000000;0000009760163;0000009759447;0000000000000;00000716;
20170720;OC1;*;Z17 ;0000000000000;0000000000000;00000000;00000000;00000000;00000000;00000000;0000009700199;0000009699063;0000000000000;00001136;
20170720;OZ1;*;0000;0000000402559;0000000128195;00000000;00124000;00123950;00124000;00123950;0000000123988;0000000125082;0000000000000;00001530;
20170720;OZ1;*;Q17 ;0000000000000;0000000000000;00000000;00000000;00000000;00000000;00000000;0000000124272;0000000125854;0000000000000;00001582;
20170720;OZ1;*;U17 ;0000000000000;0000000000000;00000000;00000000;00000000;00000000;00000000;0000000125273;0000000126869;0000000000000;00001596;
20170720;OZ2;*;0000;0000000047438;0000000015107;00000000;00125000;00124500;00125600;00124500;0000000124963;0000000125300;0000000000000;00000300;
20170720;OZ3;*;0000;0000000005507;0000000001754;00000000;00124500;00124000;00124500;00124000;0000000124261;0000000125000;0000000000000;00001000;
20170720;SCS;*;F802;0000000000000;0000000000000;00160920;00000000;00000000;00000000;00000000;0000000000000;0000000000000;0000000000000;00000000;
20170720;SCS;*;J802;0000000000000;0000000000000;00106650;00000000;00000000;00000000;00000000;0000000000000;0000000000000;0000000000000;00000000;
20170720;SCS;*;Q701;0000000000000;0000000000000;00123620;00000000;00000000;00000000;00000000;0000000000000;0000000000000;0000000000000;00000000;
20170720;SCS;*;V702;0000000000000;0000000000000;00164095;00000000;00000000;00000000;00000000;0000000000000;0000000000000;0000000000000;00000000;
20170720;SFI;*;K18 ;0000000000000;0000000000000;00000000;00000000;00000000;00000000;00000000;0000000002211;0000000002183;0000000000000;00000028;
20170720;SFI;*;N18 ;0000000000000;0000000000000;00000000;00000000;00000000;00000000;00000000;0000000002226;0000000002199;0000000000000;00000027;
20170720;SFI;*;X17 ;0000000000000;0000000000000;00000000;00000000;00000000;00000000;00000000;0000000002190;0000000002159;0000000000000;00000031;
20170720;SJC;*;F18 ;0000000000000;0000000000000;00000000;00000000;00000000;00000000;00000000;0000000228285;0000000225088;0000000000000;00003197;
20170720;SJC;*;H18 ;0000000000000;0000000000000;00000000;00000000;00000000;00000000;00000000;0000000228450;0000000225529;0000000000000;00002921;
20170720;SJC;*;K18 ;0000001805610;0000000576909;00000497;00002277;00002277;00002290;00002290;0000000229001;0000000226135;0000000040365;00002866;
20170720;SJC;*;N18 ;0000000000000;0000000000000;00000000;00000000;00000000;00000000;00000000;0000000230324;0000000227513;0000000000000;00002811;
20170720;SJC;*;Q17 ;0000002357325;0000000753187;00000681;00002225;00002225;00002235;00002235;0000000223380;0000000220403;0000000041928;00002977;
20170720;SJC;*;U17 ;0000000189318;0000000060489;00000183;00002227;00002227;00002249;00002245;0000000224482;0000000221340;0000000044252;00003142;
20170720;SJC;*;X17 ;0000002666809;0000000852070;00002162;00002250;00002250;00002273;00002263;0000000226411;0000000223214;0000000045026;00003197;
20170720;TRY;*;Q17 ;0000004801402;0000001529012;00000562;00892600;00889100;00892600;00889100;0000008864070;0000008925550;0000000046110;00061480;
20170720;TRY;*;U17 ;0000000000000;0000000000000;00000012;00000000;00000000;00000000;00000000;0000008828370;0000008894010;0000000049230;00065640;
20170720;TRY;*;V17 ;0000000000000;0000000000000;00000000;00000000;00000000;00000000;00000000;0000008790420;0000008860510;0000000000000;00070090;
20170720;T10;*;U17 ;0000014646282;0000004664124;00001647;00126125;00126032;00126125;00126109;0000001260625;0000001260468;0000000004930;00000157;
20170720;T10;*;Z17 ;0000000000000;0000000000000;00000000;00000000;00000000;00000000;00000000;0000001257187;0000001257031;0000000000000;00000156;
20170720;WDO;*;F18 ;0000000000000;0000000000000;00000000;00000000;00000000;00000000;00000000;0000032149180;0000032345330;0000000000000;00196150;
20170720;WDO;*;F19 ;0000000000000;0000000000000;00000000;00000000;00000000;00000000;00000000;0000033903310;0000034126660;0000000000000;00223350;
20170720;WDO;*;F20 ;0000000000000;0000000000000;00000000;00000000;00000000;00000000;00000000;0000035986940;0000036224320;0000000000000;00237380;
20170720;WDO;*;F21 ;0000000000000;0000000000000;00000000;00000000;00000000;00000000;00000000;0000038323620;0000038534390;0000000000000;00210770;
20170720;WDO;*;F25 ;0000000000000;0000000000000;00000000;00000000;00000000;00000000;00000000;0000047234010;0000047429460;0000000000000;00195450;
20170720;WDO;*;G18 ;0000000000000;0000000000000;00000000;00000000;00000000;00000000;00000000;0000032311320;0000032509670;0000000000000;00198350;
20170720;WDO;*;H18 ;0000000000000;0000000000000;00000000;00000000;00000000;00000000;00000000;0000032432460;0000032629520;0000000000000;00197060;
20170720;WDO;*;J18 ;0000000000000;0000000000000;00000000;00000000;00000000;00000000;00000000;0000032567990;0000032769260;0000000000000;00201270;
20170720;WDO;*;J19 ;0000000000000;0000000000000;00000000;00000000;00000000;00000000;00000000;0000034379780;0000034617700;0000000000000;00237920;
20170720;WDO;*;J20 ;0000000000000;0000000000000;00000000;00000000;00000000;00000000;00000000;0000036580000;0000036819390;0000000000000;00239390;
20170720;WDO;*;J22 ;0000000000000;0000000000000;00000000;00000000;00000000;00000000;00000000;0000041246940;0000041437700;0000000000000;00190760;
20170720;WDO;*;K18 ;0000000000000;0000000000000;00000000;00000000;00000000;00000000;00000000;0000032715520;0000032912860;0000000000000;00197340;
20170720;WDO;*;M18 ;0000000000000;0000000000000;00000000;00000000;00000000;00000000;00000000;0000032853470;0000033052710;0000000000000;00199240;
20170720;WDO;*;N18 ;0000000000000;0000000000000;00000000;00000000;00000000;00000000;00000000;0000033002420;0000033209020;0000000000000;00206600;
20170720;WDO;*;N19 ;0000000000000;0000000000000;00000000;00000000;00000000;00000000;00000000;0000034872110;0000035115740;0000000000000;00243630;
20170720;WDO;*;N20 ;0000000000000;0000000000000;00000000;00000000;00000000;00000000;00000000;0000037117110;0000037366670;0000000000000;00249560;
20170720;WDO;*;N21 ;0000000000000;0000000000000;00000000;00000000;00000000;00000000;00000000;0000039549400;0000039757920;0000000000000;00208520;
20170720;WDO;*;N22 ;0000000000000;0000000000000;00000000;00000000;00000000;00000000;00000000;0000041782300;0000041905260;0000000000000;00122960;
20170720;WDO;*;Q17 ;0020429818530;0006505897245;00059945;03158500;03125000;03162500;03127000;0000031371730;0000031556270;0000000018454;00184540;
20170720;WDO;*;U17 ;0000007476590;0000002380928;00000836;03180000;03158000;03180000;03158000;0000031572080;0000031756810;0000000018473;00184730;
20170720;WDO;*;V17 ;0000000000000;0000000000000;00000000;00000000;00000000;00000000;00000000;0000031719470;0000031905090;0000000000000;00185620;
20170720;WDO;*;V18 ;0000000000000;0000000000000;00000000;00000000;00000000;00000000;00000000;0000033456290;0000033676750;0000000000000;00220460;
20170720;WDO;*;V19 ;0000000000000;0000000000000;00000000;00000000;00000000;00000000;00000000;0000035466400;0000035704050;0000000000000;00237650;
20170720;WDO;*;X17 ;0000000000000;0000000000000;00000024;00000000;00000000;00000000;00000000;0000031877870;0000032066390;0000000018852;00188520;
20170720;WDO;*;Z17 ;0000000000000;0000000000000;00000012;00000000;00000000;00000000;00000000;0000032023730;0000032211430;0000000018770;00187700;
20170720;WEU;*;Q17 ;0000000000000;0000000000000;00000017;00000000;00000000;00000000;00000000;0000036489430;0000036367920;0000000012151;00121510;
20170720;WEU;*;U17 ;0000000000000;0000000000000;00000000;00000000;00000000;00000000;00000000;0000036774490;0000036651120;0000000000000;00123370;
20170720;WEU;*;V17 ;0000000000000;0000000000000;00000000;00000000;00000000;00000000;00000000;0000037000000;0000036875630;0000000000000;00124370;
20170720;WEU;*;X17 ;0000000000000;0000000000000;00000000;00000000;00000000;00000000;00000000;0000037240570;0000037117730;0000000000000;00122840;
20170720;WIN;*;G18 ;0000000000000;0000000000000;00000000;00000000;00000000;00000000;00000000;0000000067611;0000000067901;0000000000000;00000290;
20170720;WIN;*;G19 ;0000000000000;0000000000000;00000000;00000000;00000000;00000000;00000000;0000000072608;0000000072980;0000000000000;00000372;
20170720;WIN;*;J18 ;0000000000000;0000000000000;00000000;00000000;00000000;00000000;00000000;0000000068423;0000000068718;0000000000000;00000295;
20170720;WIN;*;J19 ;0000000000000;0000000000000;00000000;00000000;00000000;00000000;00000000;0000000073604;0000000073994;0000000000000;00000390;
20170720;WIN;*;M18 ;0000000000000;0000000000000;00000000;00000000;00000000;00000000;00000000;0000000069131;0000000069433;0000000000000;00000302;
20170720;WIN;*;M19 ;0000000000000;0000000000000;00000000;00000000;00000000;00000000;00000000;0000000074529;0000000074930;0000000000000;00000401;
20170720;WIN;*;Q17 ;0012308720933;0003919725155;00067996;00065655;00065280;00065950;00065355;0000000065360;0000000065618;0000000005160;00000258;
20170720;WIN;*;Q18 ;0000000000000;0000000000000;00000000;00000000;00000000;00000000;00000000;0000000070003;0000000070327;0000000000000;00000324;
20170720;WIN;*;V17 ;0000000000000;0000000000000;00000002;00000000;00000000;00000000;00000000;0000000066192;0000000066457;0000000005300;00000265;
20170720;WIN;*;V18 ;0000000000000;0000000000000;00000000;00000000;00000000;00000000;00000000;0000000070868;0000000071208;0000000000000;00000340;
20170720;WIN;*;Z17 ;0000000000000;0000000000000;00000000;00000000;00000000;00000000;00000000;0000000066923;0000000067198;0000000000000;00000275;
20170720;WIN;*;Z18 ;0000000000000;0000000000000;00000000;00000000;00000000;00000000;00000000;0000000071659;0000000072011;0000000000000;00000352;
20170720;WTI;*;U17 ;0000012628565;0000004034943;00004327;00004749;00004686;00004778;00004686;0000000004692;0000000004732;0000000012519;00000040;
20170720;WTI;*;V17 ;0000000000000;0000000000000;00000000;00000000;00000000;00000000;00000000;0000000004710;0000000004750;0000000000000;00000040;
20170720;ZAR;*;Q17 ;0000004808286;0000001531204;00000424;02437800;02409600;02437800;02409600;0000024068390;0000024377750;0000000108276;00309360;
20170720;ZAR;*;U17 ;0000003366440;0000001072046;00000011;02404600;02404600;02404600;02404600;0000024079260;0000024388830;0000000108349;00309570;
20170720;ZAR;*;V17 ;0000000000000;0000000000000;00000000;00000000;00000000;00000000;00000000;0000024073760;0000024375560;0000000000000;00301800;
