Data;Código do Contrato;Pregão;Vencimento;Volume(R$);Volume(U$);Número de contas em Aberto;Preço de Abertura;Preço Mínimo;Preço Máximo;Último Preço;Preço de Ajuste Atual; Preço de Ajuste Anterior;Valor de Ajuste por Contrato;Variação
20170620;AUD;*;N17 ;0000000000000;0000000000000;00001602;00000000;00000000;00000000;00000000;0000025320780;0000025052460;0000000160992;00268320;
20170620;AUD;*;Q17 ;0000004590048;0000001384839;00000974;02551600;02546800;02551600;02546800;0000025461890;0000025192330;0000000161736;00269560;
20170620;AUD;*;U17 ;0000000000000;0000000000000;00000000;00000000;00000000;00000000;00000000;0000025615260;0000025342800;0000000000000;00272460;
20170620;BGI;*;F18 ;0000000000000;0000000000000;00000000;00000000;00000000;00000000;00000000;0000000011925;0000000012229;0000000000000;00000304;
20170620;BGI;*;K18 ;0000001183663;0000000355946;00000052;00012484;00012350;00012484;00012350;0000000012257;0000000012569;0000000102960;00000312;
20170620;BGI;*;M17 ;0000003820786;0000001148970;00000631;00012550;00012498;00012649;00012599;0000000012599;0000000012580;0000000006270;00000019;
20170620;BGI;*;N17 ;0000007266606;0000002185183;00000628;00012233;00012000;00012290;00012000;0000000012000;0000000012235;0000000077550;00000235;
20170620;BGI;*;Q17 ;0000004190406;0000001260121;00000436;00012120;00011950;00012120;00011950;0000000011975;0000000012123;0000000048840;00000148;
20170620;BGI;*;U17 ;0000000040368;0000000012139;00000101;00012233;00012233;00012233;00012233;0000000011930;0000000012233;0000000099990;00000303;
20170620;BGI;*;V17 ;0000164216655;0000049382527;00005270;00012276;00011865;00012290;00011980;0000000011990;0000000012295;0000000100650;00000305;
20170620;BGI;*;V18 ;0000001055917;0000000317531;00000065;00012799;00012799;00012799;00012799;0000000012744;0000000013068;0000000106920;00000324;
20170620;BGI;*;X17 ;0000000040652;0000000012225;00000068;00012319;00012319;00012319;00012319;0000000012053;0000000012360;0000000101310;00000307;
20170620;BGI;*;Z17 ;0000000040920;0000000012305;00000003;00012400;00012400;00012400;00012400;0000000012092;0000000012400;0000000101640;00000308;
20170620;BRI;*;Q17 ;0000000102610;0000000030958;00000964;00010261;00010261;00010261;00010261;0000000010273;0000000010488;0000000215000;00000215;
20170620;BRI;*;V17 ;0000001564500;0000000472017;00000016;00010430;00010430;00010430;00010430;0000000010417;0000000010635;0000000218000;00000218;
20170620;BSE;*;M17 ;0000000000000;0000000000000;00000000;00000000;00000000;00000000;00000000;0000000031367;0000000031389;0000000000000;00000022;
20170620;BSE;*;N17 ;0000000000000;0000000000000;00000000;00000000;00000000;00000000;00000000;0000000031584;0000000031606;0000000000000;00000022;
20170620;CAD;*;N17 ;0000000150882;0000000045522;00000115;02514700;02514700;02514700;02514700;0000025201650;0000024948670;0000000151788;00252980;
20170620;CAD;*;Q17 ;0000001524720;0000000460015;00000760;02541200;02541200;02541200;02541200;0000025367090;0000025119410;0000000148608;00247680;
20170620;CAD;*;U17 ;0000000000000;0000000000000;00000000;00000000;00000000;00000000;00000000;0000025543960;0000025295670;0000000000000;00248290;
20170620;CCM;*;F18 ;0000001420204;0000000427078;00001126;00002850;00002831;00002859;00002831;0000000002833;0000000002841;0000000003600;00000008;
20170620;CCM;*;H18 ;0000000616126;0000000185279;00000336;00002977;00002900;00002977;00002930;0000000002948;0000000002956;0000000003600;00000008;
20170620;CCM;*;K18 ;0000000000000;0000000000000;00000000;00000000;00000000;00000000;00000000;0000000002889;0000000002898;0000000000000;00000009;
20170620;CCM;*;N17 ;0000000011911;0000000003582;00000980;00002647;00002647;00002647;00002647;0000000002640;0000000002640;0000000000000;00000000;
20170620;CCM;*;N18 ;0000000000000;0000000000000;00000000;00000000;00000000;00000000;00000000;0000000002914;0000000002918;0000000000000;00000004;
20170620;CCM;*;U17 ;0000038612070;0000011611256;00023450;00002676;00002662;00002690;00002671;0000000002677;0000000002684;0000000003150;00000007;
20170620;CCM;*;U18 ;0000000000000;0000000000000;00000035;00000000;00000000;00000000;00000000;0000000002940;0000000002940;0000000000000;00000000;
20170620;CCM;*;X17 ;0000000406777;0000000122324;00001223;00002740;00002731;00002748;00002736;0000000002725;0000000002732;0000000003150;00000007;
20170620;CCM;*;X18 ;0000000000000;0000000000000;00000000;00000000;00000000;00000000;00000000;0000000003010;0000000003011;0000000000000;00000001;
20170620;CHF;*;N17 ;0000000171000;0000000051591;00000008;03420000;03420000;03420000;03420000;0000034269720;0000033840440;0000000214640;00429280;
20170620;CHF;*;Q17 ;0000000000000;0000000000000;00000000;00000000;00000000;00000000;00000000;0000034538620;0000034109050;0000000000000;00429570;
20170620;CHF;*;U17 ;0000000000000;0000000000000;00000160;00000000;00000000;00000000;00000000;0000034833560;0000034404090;0000000214735;00429470;
20170620;CLP;*;N17 ;0000000000000;0000000000000;00000047;00000000;00000000;00000000;00000000;0000050288000;0000049974000;0000000078500;00314000;
20170620;CLP;*;Q17 ;0000000000000;0000000000000;00000075;00000000;00000000;00000000;00000000;0000050538000;0000050389000;0000000037250;00149000;
20170620;CLP;*;U17 ;0000000000000;0000000000000;00000460;00000000;00000000;00000000;00000000;0000050806000;0000050660000;0000000036500;00146000;
20170620;CNY;*;N17 ;0000000000000;0000000000000;00000090;00000000;00000000;00000000;00000000;0000048884200;0000048339270;0000000190725;00544930;
20170620;CNY;*;Q17 ;0000000000000;0000000000000;00000000;00000000;00000000;00000000;00000000;0000049084620;0000048527360;0000000000000;00557260;
20170620;CNY;*;U17 ;0000000000000;0000000000000;00000000;00000000;00000000;00000000;00000000;0000049252810;0000048711180;0000000000000;00541630;
20170620;DAP;*;F18 ;0000000000000;0000000000000;00027130;00000000;00000000;00000000;00000000;0000009692928;0000009696119;0000000003863;00003191;
20170620;DAP;*;F19 ;0000000000000;0000000000000;00000000;00000000;00000000;00000000;00000000;0000009241241;0000009248941;0000000000000;00007700;
20170620;DAP;*;K19 ;0000000551277;0000000166323;00040820;00000509;00000509;00000509;00000509;0000009109914;0000009120322;0000000012601;00010408;
20170620;DAP;*;K21 ;0000000000000;0000000000000;00013587;00000000;00000000;00000000;00000000;0000008110105;0000008129889;0000000023952;00019784;
20170620;DAP;*;K23 ;0000000439819;0000000132695;00012633;00000559;00000559;00000559;00000559;0000007253346;0000007279225;0000000031332;00025879;
20170620;DAP;*;N17 ;0000000000000;0000000000000;00002800;00000000;00000000;00000000;00000000;0000009907284;0000009906082;0000000001455;00001202;
20170620;DAP;*;Q17 ;0000000000000;0000000000000;00001600;00000000;00000000;00000000;00000000;0000009849426;0000009848704;0000000000874;00000722;
20170620;DAP;*;Q18 ;0000116963477;0000035288423;00062110;00000528;00000528;00000528;00000528;0000009425068;0000009429351;0000000005185;00004283;
20170620;DAP;*;Q20 ;0000000000000;0000000000000;00005785;00000000;00000000;00000000;00000000;0000008472175;0000008481727;0000000011564;00009552;
20170620;DAP;*;Q22 ;0000026527424;0000008003447;00016875;00000558;00000558;00000564;00000564;0000007548388;0000007579515;0000000037685;00031127;
20170620;DAP;*;Q24 ;0000000000000;0000000000000;00008695;00000000;00000000;00000000;00000000;0000006804771;0000006829335;0000000029740;00024564;
20170620;DAP;*;Q26 ;0000007399827;0000002232562;00002225;00000554;00000554;00000554;00000554;0000006075057;0000006102752;0000000033530;00027695;
20170620;DAP;*;Q30 ;0000000000000;0000000000000;00000235;00000000;00000000;00000000;00000000;0000004890899;0000004916338;0000000030799;00025439;
20170620;DAP;*;U17 ;0000000000000;0000000000000;00000000;00000000;00000000;00000000;00000000;0000009795518;0000009794979;0000000000000;00000539;
20170620;DCO;*;F18 ;0000000000000;0000000000000;00000000;00000000;00000000;00000000;00000000;0000009969604;0000009849301;0000000000000;00120303;
20170620;DCO;*;F19 ;0000000000000;0000000000000;00000000;00000000;00000000;00000000;00000000;0000009687505;0000009572198;0000000000000;00115307;
20170620;DCO;*;F20 ;0000000000000;0000000000000;00000000;00000000;00000000;00000000;00000000;0000009355101;0000009247609;0000000000000;00107492;
20170620;DCO;*;F21 ;0000000000000;0000000000000;00000000;00000000;00000000;00000000;00000000;0000008974217;0000008874145;0000000000000;00100072;
20170620;DCO;*;F22 ;0000000000000;0000000000000;00000000;00000000;00000000;00000000;00000000;0000008574413;0000008481651;0000000000000;00092762;
20170620;DCO;*;F23 ;0000000000000;0000000000000;00000000;00000000;00000000;00000000;00000000;0000008139357;0000008058581;0000000000000;00080776;
20170620;DCO;*;F24 ;0000000000000;0000000000000;00000000;00000000;00000000;00000000;00000000;0000007733530;0000007657373;0000000000000;00076157;
20170620;DCO;*;F25 ;0000000000000;0000000000000;00000000;00000000;00000000;00000000;00000000;0000007310843;0000007245900;0000000000000;00064943;
20170620;DCO;*;F26 ;0000000000000;0000000000000;00000000;00000000;00000000;00000000;00000000;0000006903000;0000006842570;0000000000000;00060430;
20170620;DCO;*;F27 ;0000000000000;0000000000000;00000000;00000000;00000000;00000000;00000000;0000006509134;0000006449874;0000000000000;00059260;
20170620;DCO;*;F28 ;0000000000000;0000000000000;00000000;00000000;00000000;00000000;00000000;0000006152095;0000006098231;0000000000000;00053864;
20170620;DCO;*;F29 ;0000000000000;0000000000000;00000000;00000000;00000000;00000000;00000000;0000005814320;0000005762110;0000000000000;00052210;
20170620;DCO;*;F30 ;0000000000000;0000000000000;00000000;00000000;00000000;00000000;00000000;0000005489450;0000005442985;0000000000000;00046465;
20170620;DCO;*;G18 ;0000000000000;0000000000000;00000000;00000000;00000000;00000000;00000000;0000009950029;0000009829896;0000000000000;00120133;
20170620;DCO;*;H18 ;0000000000000;0000000000000;00000000;00000000;00000000;00000000;00000000;0000009929939;0000009810487;0000000000000;00119452;
20170620;DCO;*;J18 ;0000000000000;0000000000000;00000000;00000000;00000000;00000000;00000000;0000009905567;0000009786722;0000000000000;00118845;
20170620;DCO;*;J19 ;0000000000000;0000000000000;00000000;00000000;00000000;00000000;00000000;0000009612945;0000009502659;0000000000000;00110286;
20170620;DCO;*;J20 ;0000000000000;0000000000000;00000000;00000000;00000000;00000000;00000000;0000009267650;0000009160864;0000000000000;00106786;
20170620;DCO;*;J21 ;0000000000000;0000000000000;00000000;00000000;00000000;00000000;00000000;0000008885407;0000008787796;0000000000000;00097611;
20170620;DCO;*;J22 ;0000000000000;0000000000000;00000000;00000000;00000000;00000000;00000000;0000008482016;0000008390654;0000000000000;00091362;
20170620;DCO;*;K18 ;0000000000000;0000000000000;00000000;00000000;00000000;00000000;00000000;0000009882888;0000009764559;0000000000000;00118329;
20170620;DCO;*;M18 ;0000000000000;0000000000000;00000000;00000000;00000000;00000000;00000000;0000009858816;0000009740188;0000000000000;00118628;
20170620;DCO;*;N17 ;0000000000000;0000000000000;00000000;00000000;00000000;00000000;00000000;0000010093712;0000009970358;0000000000000;00123354;
20170620;DCO;*;N18 ;0000000000000;0000000000000;00000000;00000000;00000000;00000000;00000000;0000009838246;0000009719437;0000000000000;00118809;
20170620;DCO;*;N19 ;0000000000000;0000000000000;00000000;00000000;00000000;00000000;00000000;0000009529255;0000009421346;0000000000000;00107909;
20170620;DCO;*;N20 ;0000000000000;0000000000000;00000000;00000000;00000000;00000000;00000000;0000009178670;0000009073815;0000000000000;00104855;
20170620;DCO;*;N21 ;0000000000000;0000000000000;00000000;00000000;00000000;00000000;00000000;0000008782613;0000008688216;0000000000000;00094397;
20170620;DCO;*;N22 ;0000000000000;0000000000000;00000000;00000000;00000000;00000000;00000000;0000008343777;0000000000000;0000000000000;00000000;
20170620;DCO;*;Q17 ;0000000000000;0000000000000;00000000;00000000;00000000;00000000;00000000;0000010072505;0000009950250;0000000000000;00122255;
20170620;DCO;*;U17 ;0000000000000;0000000000000;00000000;00000000;00000000;00000000;00000000;0000010055256;0000009933530;0000000000000;00121726;
20170620;DCO;*;V17 ;0000000000000;0000000000000;00000000;00000000;00000000;00000000;00000000;0000010033333;0000009911586;0000000000000;00121747;
20170620;DCO;*;V18 ;0000000000000;0000000000000;00000000;00000000;00000000;00000000;00000000;0000009766388;0000009649298;0000000000000;00117090;
20170620;DCO;*;V19 ;0000000000000;0000000000000;00000000;00000000;00000000;00000000;00000000;0000009444897;0000009336273;0000000000000;00108624;
20170620;DCO;*;V20 ;0000000000000;0000000000000;00000000;00000000;00000000;00000000;00000000;0000009075110;0000008970922;0000000000000;00104188;
20170620;DCO;*;V21 ;0000000000000;0000000000000;00000000;00000000;00000000;00000000;00000000;0000008686689;0000008592792;0000000000000;00093897;
20170620;DCO;*;X17 ;0000000000000;0000000000000;00000000;00000000;00000000;00000000;00000000;0000010012672;0000009892222;0000000000000;00120450;
20170620;DCO;*;Z17 ;0000000000000;0000000000000;00000000;00000000;00000000;00000000;00000000;0000009992716;0000009871874;0000000000000;00120842;
20170620;DDI;*;F18 ;0000000000000;0000000000000;00429328;00000000;00000000;00000000;00000000;0000009970145;0000009849830;0000000198369;00120315;
20170620;DDI;*;F19 ;0000000000000;0000000000000;00103484;00000000;00000000;00000000;00000000;0000009688968;0000009573628;0000000190166;00115340;
20170620;DDI;*;F20 ;0000000000000;0000000000000;00096839;00000000;00000000;00000000;00000000;0000009357353;0000009249813;0000000177306;00107540;
20170620;DDI;*;F21 ;0000000000000;0000000000000;00093741;00000000;00000000;00000000;00000000;0000008977113;0000008876982;0000000165090;00100131;
20170620;DDI;*;F22 ;0000000000000;0000000000000;00034864;00000000;00000000;00000000;00000000;0000008581191;0000008488297;0000000153158;00092894;
20170620;DDI;*;F23 ;0000000000000;0000000000000;00029746;00000000;00000000;00000000;00000000;0000008146805;0000008065900;0000000133392;00080905;
20170620;DDI;*;F24 ;0000000000000;0000000000000;00033225;00000000;00000000;00000000;00000000;0000007741469;0000007665174;0000000125791;00076295;
20170620;DDI;*;F25 ;0000000000000;0000000000000;00020280;00000000;00000000;00000000;00000000;0000007319026;0000007253957;0000000107282;00065069;
20170620;DDI;*;F26 ;0000000000000;0000000000000;00014030;00000000;00000000;00000000;00000000;0000006911264;0000006850708;0000000099841;00060556;
20170620;DDI;*;F27 ;0000000000000;0000000000000;00010950;00000000;00000000;00000000;00000000;0000006517347;0000006457957;0000000097919;00059390;
20170620;DDI;*;F28 ;0000000000000;0000000000000;00000110;00000000;00000000;00000000;00000000;0000006160199;0000006106212;0000000089011;00053987;
20170620;DDI;*;F29 ;0000000000000;0000000000000;00000000;00000000;00000000;00000000;00000000;0000005822245;0000005769911;0000000000000;00052334;
20170620;DDI;*;F30 ;0000000000000;0000000000000;00000500;00000000;00000000;00000000;00000000;0000005500973;0000005454339;0000000076887;00046634;
20170620;DDI;*;G18 ;0000000000000;0000000000000;00031410;00000000;00000000;00000000;00000000;0000009950650;0000009830504;0000000198090;00120146;
20170620;DDI;*;H18 ;0000000000000;0000000000000;00020930;00000000;00000000;00000000;00000000;0000009930635;0000009811167;0000000196972;00119468;
20170620;DDI;*;J18 ;0000000000000;0000000000000;00098509;00000000;00000000;00000000;00000000;0000009906347;0000009787483;0000000195977;00118864;
20170620;DDI;*;J19 ;0000000000000;0000000000000;00051176;00000000;00000000;00000000;00000000;0000009614614;0000009504293;0000000181891;00110321;
20170620;DDI;*;J20 ;0000000000000;0000000000000;00027795;00000000;00000000;00000000;00000000;0000009270074;0000009163238;0000000176145;00106836;
20170620;DDI;*;J21 ;0000000000000;0000000000000;00006137;00000000;00000000;00000000;00000000;0000008891469;0000008793740;0000000161130;00097729;
20170620;DDI;*;J22 ;0000000000000;0000000000000;00000120;00000000;00000000;00000000;00000000;0000008489000;0000008397505;0000000150852;00091495;
20170620;DDI;*;K18 ;0000000000000;0000000000000;00017620;00000000;00000000;00000000;00000000;0000009883745;0000009765397;0000000195126;00118348;
20170620;DDI;*;M18 ;0000000000000;0000000000000;00006170;00000000;00000000;00000000;00000000;0000009859751;0000009741101;0000000195624;00118650;
20170620;DDI;*;N17 ;0000000000000;0000000000000;00569365;00000000;00000000;00000000;00000000;0000010093748;0000009970394;0000000203379;00123354;
20170620;DDI;*;N18 ;0000000000000;0000000000000;00094997;00000000;00000000;00000000;00000000;0000009839259;0000009720428;0000000195922;00118831;
20170620;DDI;*;N19 ;0000000000000;0000000000000;00057594;00000000;00000000;00000000;00000000;0000009531124;0000009423176;0000000177979;00107948;
20170620;DDI;*;N20 ;0000000000000;0000000000000;00043735;00000000;00000000;00000000;00000000;0000009181261;0000009076351;0000000172970;00104910;
20170620;DDI;*;N21 ;0000000000000;0000000000000;00004910;00000000;00000000;00000000;00000000;0000008788925;0000008694408;0000000155834;00094517;
20170620;DDI;*;N22 ;0000000000000;0000000000000;00000000;00000000;00000000;00000000;00000000;0000008350888;0000000000000;0000000000000;00000000;
20170620;DDI;*;Q17 ;0000000000000;0000000000000;00519284;00000000;00000000;00000000;00000000;0000010072624;0000009950366;0000000201572;00122258;
20170620;DDI;*;U17 ;0000000000000;0000000000000;00151150;00000000;00000000;00000000;00000000;0000010055461;0000009933729;0000000200705;00121732;
20170620;DDI;*;V17 ;0000000000000;0000000000000;00243214;00000000;00000000;00000000;00000000;0000010033624;0000009911871;0000000200740;00121753;
20170620;DDI;*;V18 ;0000000000000;0000000000000;00059068;00000000;00000000;00000000;00000000;0000009767628;0000009650511;0000000193096;00117117;
20170620;DDI;*;V19 ;0000000000000;0000000000000;00034574;00000000;00000000;00000000;00000000;0000009446962;0000009338294;0000000179166;00108668;
20170620;DDI;*;V20 ;0000000000000;0000000000000;00023120;00000000;00000000;00000000;00000000;0000009077854;0000008973608;0000000171875;00104246;
20170620;DDI;*;V21 ;0000000000000;0000000000000;00002042;00000000;00000000;00000000;00000000;0000008693250;0000008599228;0000000155018;00094022;
20170620;DDI;*;X17 ;0000000000000;0000000000000;00096030;00000000;00000000;00000000;00000000;0000010013045;0000009892586;0000000198606;00120459;
20170620;DDI;*;Z17 ;0000000000000;0000000000000;00080160;00000000;00000000;00000000;00000000;0000009993171;0000009872318;0000000199256;00120853;
20170620;DDM;*;K25 ;0000000000000;0000000000000;00000000;00000000;00000000;00000000;00000000;0000006564639;0000006590984;0000000000000;00026345;
20170620;DI1;*;F18 ;0027896851281;0008416609226;03414577;00009025;00008995;00009080;00009050;0000009548834;0000009551550;0000000002716;00002716;
20170620;DI1;*;F19 ;0040913783763;0012343878040;02063904;00009000;00008970;00009170;00009050;0000008760810;0000008772206;0000000011396;00011396;
20170620;DI1;*;F20 ;0012385764977;0003736842654;01573588;00009540;00009510;00009730;00009620;0000007924414;0000007944722;0000000020308;00020308;
20170620;DI1;*;F21 ;0021053458281;0006351925865;01311157;00010010;00009980;00010210;00010110;0000007115306;0000007149596;0000000034290;00034290;
20170620;DI1;*;F22 ;0000354170517;0000106854885;00089706;00010280;00010240;00010480;00010380;0000006391589;0000006433595;0000000042006;00042006;
20170620;DI1;*;F23 ;0005270850289;0001590239942;00662288;00010430;00010390;00010640;00010540;0000005748027;0000005794073;0000000046046;00046046;
20170620;DI1;*;F24 ;0000009334458;0000002816249;00056190;00010550;00010550;00010720;00010650;0000005177753;0000005220495;0000000042742;00042742;
20170620;DI1;*;F25 ;0002782571084;0000839514583;00563584;00010630;00010580;00010840;00010730;0000004647171;0000004694654;0000000047483;00047483;
20170620;DI1;*;F26 ;0000010917532;0000003293870;00062418;00010660;00010660;00010840;00010830;0000004177072;0000004223838;0000000046766;00046766;
20170620;DI1;*;F27 ;0001142980077;0000344842383;00383863;00010750;00010710;00010940;00010850;0000003752177;0000003797451;0000000045274;00045274;
20170620;DI1;*;F28 ;0000000000000;0000000000000;00000010;00000000;00000000;00000000;00000000;0000003381505;0000003426610;0000000045105;00045105;
20170620;DI1;*;F29 ;0000003376276;0000001018638;00003370;00010780;00010780;00010930;00010930;0000003045396;0000003089859;0000000044463;00044463;
20170620;DI1;*;F30 ;0000000000000;0000000000000;00000720;00000000;00000000;00000000;00000000;0000002731985;0000002775322;0000000043337;00043337;
20170620;DI1;*;G18 ;0000000948049;0000000286031;00022805;00009000;00009000;00009000;00009000;0000009480553;0000009483656;0000000003103;00003103;
20170620;DI1;*;H18 ;0000187606670;0000056601801;00017370;00008910;00008910;00008920;00008920;0000009425127;0000009428538;0000000003411;00003411;
20170620;DI1;*;J18 ;0002448283077;0000738658343;00718176;00008860;00008855;00008935;00008925;0000009359549;0000009363302;0000000003753;00003753;
20170620;DI1;*;J19 ;0001102098052;0000332508086;00510678;00009130;00009110;00009300;00009190;0000008559205;0000008571991;0000000012786;00012786;
20170620;DI1;*;J20 ;0000006950692;0000002097056;00076924;00009670;00009670;00009810;00009760;0000007716701;0000007743215;0000000026514;00026514;
20170620;DI1;*;J21 ;0000016656388;0000005025309;00030985;00010090;00010090;00010210;00010200;0000006934275;0000006966372;0000000032097;00032097;
20170620;DI1;*;J22 ;0000000000000;0000000000000;00001370;00000000;00000000;00000000;00000000;0000006226714;0000006269848;0000000043134;00043134;
20170620;DI1;*;K18 ;0000246394794;0000074338450;00020215;00008865;00008860;00008865;00008860;0000009293218;0000009297521;0000000004303;00004303;
20170620;DI1;*;M18 ;0000114484822;0000034540601;00001805;00008860;00008860;00008860;00008860;0000009227624;0000009232513;0000000004889;00004889;
20170620;DI1;*;N17 ;0001279576312;0000386054099;03057598;00010143;00010143;00010146;00010146;0000009965546;0000009965544;0000000000002;00000002;
20170620;DI1;*;N18 ;0004939879550;0001490384538;00727765;00008890;00008850;00009020;00008920;0000009160670;0000009166256;0000000005586;00005586;
20170620;DI1;*;N19 ;0001453109574;0000438409888;00496606;00009280;00009240;00009460;00009330;0000008352575;0000008369773;0000000017198;00017198;
20170620;DI1;*;N20 ;0005225146346;0001576450851;01274602;00009820;00009780;00010000;00009900;0000007516206;0000007545244;0000000029038;00029038;
20170620;DI1;*;N21 ;0000049618800;0000014970222;00058081;00010180;00010140;00010360;00010280;0000006745795;0000006785190;0000000039395;00039395;
20170620;DI1;*;N22 ;0000000303414;0000000091541;00006040;00010480;00010480;00010480;00010480;0000006066915;0000006111099;0000000044184;00044184;
20170620;DI1;*;N23 ;0000000000000;0000000000000;00003535;00000000;00000000;00000000;00000000;0000005458222;0000005505242;0000000047020;00047020;
20170620;DI1;*;N24 ;0000024651721;0000007437538;00002880;00010630;00010630;00010680;00010680;0000004912545;0000004957729;0000000045184;00045184;
20170620;DI1;*;Q17 ;0004724263522;0001425332183;00701608;00010062;00010062;00010067;00010063;0000009886503;0000009886475;0000000000028;00000028;
20170620;DI1;*;U17 ;0005057639758;0001525913338;00381697;00009740;00009740;00009760;00009750;0000009806308;0000009806466;0000000000158;00000158;
20170620;DI1;*;V17 ;0010997131458;0003317885490;01880793;00009510;00009485;00009520;00009510;0000009740140;0000009740751;0000000000611;00000611;
20170620;DI1;*;V18 ;0000419741307;0000126637896;00598050;00008900;00008890;00009050;00008990;0000008958353;0000008966106;0000000007753;00007753;
20170620;DI1;*;V19 ;0000865732265;0000261195434;00080839;00009430;00009420;00009540;00009500;0000008128663;0000008149159;0000000020496;00020496;
20170620;DI1;*;V20 ;0000019373393;0000005845042;00047010;00009950;00009940;00010100;00010040;0000007308733;0000007337127;0000000028394;00028394;
20170620;DI1;*;V21 ;0000001978135;0000000596812;00011927;00010210;00010200;00010280;00010280;0000006563218;0000006603985;0000000040767;00040767;
20170620;DI1;*;X17 ;0000303228053;0000091485308;00121455;00009330;00009330;00009350;00009350;0000009672082;0000009672358;0000000000276;00000276;
20170620;DI1;*;Z17 ;0001060502223;0000319958432;00134150;00009170;00009160;00009200;00009180;0000009610474;0000009611410;0000000000936;00000936;
20170620;DOL;*;F18 ;0000000000000;0000000000000;00009085;00000000;00000000;00000000;00000000;0000034429910;0000034004760;0000000212575;00425150;
20170620;DOL;*;F19 ;0000000000000;0000000000000;00000000;00000000;00000000;00000000;00000000;0000036468510;0000035987580;0000000000000;00480930;
20170620;DOL;*;F20 ;0000000000000;0000000000000;00000000;00000000;00000000;00000000;00000000;0000038937730;0000038391850;0000000000000;00545880;
20170620;DOL;*;F21 ;0000000000000;0000000000000;00003100;00000000;00000000;00000000;00000000;0000041603310;0000040941960;0000000330675;00661350;
20170620;DOL;*;F25 ;0000000000000;0000000000000;00000000;00000000;00000000;00000000;00000000;0000051933720;0000050951410;0000000000000;00982310;
20170620;DOL;*;G18 ;0000000000000;0000000000000;00000000;00000000;00000000;00000000;00000000;0000034610080;0000034181010;0000000000000;00429070;
20170620;DOL;*;H18 ;0000000000000;0000000000000;00000000;00000000;00000000;00000000;00000000;0000034743580;0000034313200;0000000000000;00430380;
20170620;DOL;*;J18 ;0000000000000;0000000000000;00000180;00000000;00000000;00000000;00000000;0000034901450;0000034468860;0000000216295;00432590;
20170620;DOL;*;J19 ;0000000000000;0000000000000;00000050;00000000;00000000;00000000;00000000;0000037041040;0000036561410;0000000239815;00479630;
20170620;DOL;*;J20 ;0000000000000;0000000000000;00000000;00000000;00000000;00000000;00000000;0000039612870;0000039022270;0000000000000;00590600;
20170620;DOL;*;J22 ;0000000000000;0000000000000;00000000;00000000;00000000;00000000;00000000;0000044955460;0000044164980;0000000000000;00790480;
20170620;DOL;*;K18 ;0000000000000;0000000000000;00000000;00000000;00000000;00000000;00000000;0000035070360;0000034634390;0000000000000;00435970;
20170620;DOL;*;M18 ;0000000000000;0000000000000;00000000;00000000;00000000;00000000;00000000;0000035233910;0000034791480;0000000000000;00442430;
20170620;DOL;*;N17 ;0056736241875;0017117586929;00571536;03305500;03304000;03352000;03335000;0000033399170;0000032991010;0000000204080;00408160;
20170620;DOL;*;N18 ;0000000000000;0000000000000;00000620;00000000;00000000;00000000;00000000;0000035417670;0000034968600;0000000224535;00449070;
20170620;DOL;*;N19 ;0000000000000;0000000000000;00000400;00000000;00000000;00000000;00000000;0000037627780;0000037125170;0000000251305;00502610;
20170620;DOL;*;N21 ;0000000000000;0000000000000;00000000;00000000;00000000;00000000;00000000;0000042962290;0000042253520;0000000000000;00708770;
20170620;DOL;*;N22 ;0000000000000;0000000000000;00000000;00000000;00000000;00000000;00000000;0000045388890;0000044500000;0000000000000;00888890;
20170620;DOL;*;Q17 ;0000156363000;0000047175441;00020860;03331000;03331000;03365500;03355000;0000033595780;0000033188100;0000000203840;00407680;
20170620;DOL;*;U17 ;0000010135000;0000003057776;00002105;03362000;03362000;03380000;03380000;0000033812810;0000033402930;0000000204940;00409880;
20170620;DOL;*;V17 ;0000006781250;0000002045935;00004085;03377000;03377000;03395000;03395000;0000033968580;0000033554290;0000000207145;00414290;
20170620;DOL;*;V18 ;0000000000000;0000000000000;00000040;00000000;00000000;00000000;00000000;0000035953880;0000035492060;0000000230910;00461820;
20170620;DOL;*;V19 ;0000000000000;0000000000000;00000000;00000000;00000000;00000000;00000000;0000038322850;0000037786750;0000000000000;00536100;
20170620;DOL;*;X17 ;0000000000000;0000000000000;00000245;00000000;00000000;00000000;00000000;0000034137440;0000033725810;0000000205815;00411630;
20170620;DOL;*;Z17 ;0000000000000;0000000000000;00000005;00000000;00000000;00000000;00000000;0000034288090;0000033870130;0000000208980;00417960;
20170620;DR1;*;N7Q7;0000000000000;0000000000000;00000000;00019800;00019300;00020000;00019600;0000000000000;0000000000000;0000000000000;00000000;
20170620;ETH;*;F18 ;0000000000000;0000000000000;00000030;00000000;00000000;00000000;00000000;0000000165000;0000000165000;0000000000000;00000000;
20170620;ETH;*;G18 ;0000000000000;0000000000000;00000030;00000000;00000000;00000000;00000000;0000000165000;0000000165000;0000000000000;00000000;
20170620;ETH;*;H18 ;0000000000000;0000000000000;00000030;00000000;00000000;00000000;00000000;0000000165000;0000000165000;0000000000000;00000000;
20170620;ETH;*;J18 ;0000000000000;0000000000000;00000000;00000000;00000000;00000000;00000000;0000000157350;0000000157350;0000000000000;00000000;
20170620;ETH;*;K18 ;0000000000000;0000000000000;00000000;00000000;00000000;00000000;00000000;0000000150050;0000000150050;0000000000000;00000000;
20170620;ETH;*;M17 ;0000000000000;0000000000000;00000415;00000000;00000000;00000000;00000000;0000000135500;0000000136500;0000000030000;00001000;
20170620;ETH;*;N17 ;0000000000000;0000000000000;00000422;00000000;00000000;00000000;00000000;0000000134750;0000000136500;0000000052500;00001750;
20170620;ETH;*;Q17 ;0000000000000;0000000000000;00000675;00000000;00000000;00000000;00000000;0000000137000;0000000137500;0000000015000;00000500;
20170620;ETH;*;U17 ;0000000000000;0000000000000;00000000;00000000;00000000;00000000;00000000;0000000145000;0000000145000;0000000000000;00000000;
20170620;ETH;*;V17 ;0000000000000;0000000000000;00000410;00000000;00000000;00000000;00000000;0000000148000;0000000148000;0000000000000;00000000;
20170620;ETH;*;X17 ;0000000000000;0000000000000;00000267;00000000;00000000;00000000;00000000;0000000157000;0000000157000;0000000000000;00000000;
20170620;ETH;*;Z17 ;0000000000000;0000000000000;00000575;00000000;00000000;00000000;00000000;0000000158000;0000000158000;0000000000000;00000000;
20170620;EUR;*;N17 ;0000030474400;0000009194268;00014898;03693200;03693200;03715200;03715200;0000037191800;0000036804910;0000000193445;00386890;
20170620;EUR;*;Q17 ;0000000938075;0000000283022;00001870;03752300;03752300;03752300;03752300;0000037459910;0000037073590;0000000193160;00386320;
20170620;EUR;*;U17 ;0000000000000;0000000000000;00000455;00000000;00000000;00000000;00000000;0000037755980;0000037366900;0000000194540;00389080;
20170620;EUR;*;V17 ;0000000000000;0000000000000;00000000;00000000;00000000;00000000;00000000;0000037986540;0000037592790;0000000000000;00393750;
20170620;FRC;*;F18 ;0000000000000;0000000000000;00000000;00000241;00000241;00000245;00000244;0000000000244;0000000000241;0000000000001;00000003;
20170620;FRC;*;F19 ;0000000000000;0000000000000;00000000;00000276;00000274;00000277;00000274;0000000000274;0000000000272;0000000000001;00000002;
20170620;FRC;*;F20 ;0000000000000;0000000000000;00000000;00000310;00000310;00000310;00000310;0000000000310;0000000000307;0000000000001;00000003;
20170620;FRC;*;F21 ;0000000000000;0000000000000;00000000;00000350;00000350;00000350;00000350;0000000000350;0000000000346;0000000000002;00000004;
20170620;FRC;*;F22 ;0000000000000;0000000000000;00000000;00000000;00000000;00000000;00000000;0000000000386;0000000000382;0000000000000;00000004;
20170620;FRC;*;F23 ;0000000000000;0000000000000;00000000;00000000;00000000;00000000;00000000;0000000000428;0000000000423;0000000000000;00000005;
20170620;FRC;*;F24 ;0000000000000;0000000000000;00000000;00000000;00000000;00000000;00000000;0000000000461;0000000000456;0000000000000;00000005;
20170620;FRC;*;F25 ;0000000000000;0000000000000;00000000;00000498;00000498;00000498;00000498;0000000000498;0000000000492;0000000000003;00000006;
20170620;FRC;*;F26 ;0000000000000;0000000000000;00000000;00000000;00000000;00000000;00000000;0000000000534;0000000000528;0000000000000;00000006;
20170620;FRC;*;F27 ;0000000000000;0000000000000;00000000;00000569;00000569;00000569;00000569;0000000000569;0000000000564;0000000000002;00000005;
20170620;FRC;*;F28 ;0000000000000;0000000000000;00000000;00000000;00000000;00000000;00000000;0000000000599;0000000000594;0000000000000;00000005;
20170620;FRC;*;F29 ;0000000000000;0000000000000;00000000;00000000;00000000;00000000;00000000;0000000000629;0000000000624;0000000000000;00000005;
20170620;FRC;*;F30 ;0000000000000;0000000000000;00000000;00000000;00000000;00000000;00000000;0000000000658;0000000000653;0000000000000;00000005;
20170620;FRC;*;G18 ;0000000000000;0000000000000;00000000;00000000;00000000;00000000;00000000;0000000000243;0000000000240;0000000000000;00000003;
20170620;FRC;*;H18 ;0000000000000;0000000000000;00000000;00000000;00000000;00000000;00000000;0000000000245;0000000000242;0000000000000;00000003;
20170620;FRC;*;J18 ;0000000000000;0000000000000;00000000;00000250;00000246;00000250;00000249;0000000000249;0000000000246;0000000000001;00000003;
20170620;FRC;*;J19 ;0000000000000;0000000000000;00000000;00000282;00000282;00000282;00000282;0000000000282;0000000000277;0000000000002;00000005;
20170620;FRC;*;J20 ;0000000000000;0000000000000;00000000;00000000;00000000;00000000;00000000;0000000000319;0000000000316;0000000000000;00000003;
20170620;FRC;*;J21 ;0000000000000;0000000000000;00000000;00000000;00000000;00000000;00000000;0000000000356;0000000000352;0000000000000;00000004;
20170620;FRC;*;J22 ;0000000000000;0000000000000;00000000;00000000;00000000;00000000;00000000;0000000000393;0000000000389;0000000000000;00000004;
20170620;FRC;*;K18 ;0000000000000;0000000000000;00000000;00000000;00000000;00000000;00000000;0000000000252;0000000000249;0000000000000;00000003;
20170620;FRC;*;M18 ;0000000000000;0000000000000;00000000;00000000;00000000;00000000;00000000;0000000000257;0000000000254;0000000000000;00000003;
20170620;FRC;*;N18 ;0000000000000;0000000000000;00000000;00000258;00000256;00000258;00000256;0000000000256;0000000000254;0000000000001;00000002;
20170620;FRC;*;N19 ;0000000000000;0000000000000;00000000;00000000;00000000;00000000;00000000;0000000000292;0000000000287;0000000000000;00000005;
20170620;FRC;*;N20 ;0000000000000;0000000000000;00000000;00000000;00000000;00000000;00000000;0000000000327;0000000000324;0000000000000;00000003;
20170620;FRC;*;N21 ;0000000000000;0000000000000;00000000;00000000;00000000;00000000;00000000;0000000000366;0000000000362;0000000000000;00000004;
20170620;FRC;*;N22 ;0000000000000;0000000000000;00000000;00000000;00000000;00000000;00000000;0000000000412;0000000000390;0000000000000;00000022;
20170620;FRC;*;Q17 ;0000000000000;0000000000000;00000000;00000260;00000253;00000262;00000260;0000000000260;0000000000250;0000000000005;00000010;
20170620;FRC;*;U17 ;0000000000000;0000000000000;00000000;00000226;00000225;00000230;00000229;0000000000229;0000000000222;0000000000003;00000007;
20170620;FRC;*;V17 ;0000000000000;0000000000000;00000000;00000234;00000232;00000237;00000237;0000000000237;0000000000234;0000000000001;00000003;
20170620;FRC;*;V18 ;0000000000000;0000000000000;00000000;00000266;00000264;00000266;00000264;0000000000264;0000000000262;0000000000001;00000002;
20170620;FRC;*;V19 ;0000000000000;0000000000000;00000000;00000297;00000297;00000301;00000301;0000000000301;0000000000297;0000000000002;00000004;
20170620;FRC;*;V20 ;0000000000000;0000000000000;00000000;00000000;00000000;00000000;00000000;0000000000340;0000000000337;0000000000000;00000003;
20170620;FRC;*;V21 ;0000000000000;0000000000000;00000000;00000000;00000000;00000000;00000000;0000000000374;0000000000370;0000000000000;00000004;
20170620;FRC;*;X17 ;0000000000000;0000000000000;00000000;00000237;00000237;00000240;00000240;0000000000240;0000000000234;0000000000003;00000006;
20170620;FRC;*;Z17 ;0000000000000;0000000000000;00000000;00000240;00000240;00000240;00000240;0000000000240;0000000000237;0000000000001;00000003;
20170620;FRO;*;F18 ;0000000000000;0000000000000;00000000;00000000;00000000;00000000;00000000;0000000000245;0000000000242;0000000000000;00000003;
20170620;FRO;*;F19 ;0000000000000;0000000000000;00000000;00000000;00000000;00000000;00000000;0000000000275;0000000000273;0000000000000;00000002;
20170620;FRO;*;F20 ;0000000000000;0000000000000;00000000;00000000;00000000;00000000;00000000;0000000000311;0000000000308;0000000000000;00000003;
20170620;FRO;*;F21 ;0000000000000;0000000000000;00000000;00000000;00000000;00000000;00000000;0000000000351;0000000000347;0000000000000;00000004;
20170620;FRO;*;F22 ;0000000000000;0000000000000;00000000;00000000;00000000;00000000;00000000;0000000000388;0000000000384;0000000000000;00000004;
20170620;FRO;*;F23 ;0000000000000;0000000000000;00000000;00000000;00000000;00000000;00000000;0000000000430;0000000000425;0000000000000;00000005;
20170620;FRO;*;F24 ;0000000000000;0000000000000;00000000;00000000;00000000;00000000;00000000;0000000000463;0000000000458;0000000000000;00000005;
20170620;FRO;*;F25 ;0000000000000;0000000000000;00000000;00000000;00000000;00000000;00000000;0000000000500;0000000000494;0000000000000;00000006;
20170620;FRO;*;F26 ;0000000000000;0000000000000;00000000;00000000;00000000;00000000;00000000;0000000000536;0000000000530;0000000000000;00000006;
20170620;FRO;*;F27 ;0000000000000;0000000000000;00000000;00000000;00000000;00000000;00000000;0000000000571;0000000000566;0000000000000;00000005;
20170620;FRO;*;F28 ;0000000000000;0000000000000;00000000;00000000;00000000;00000000;00000000;0000000000601;0000000000596;0000000000000;00000005;
20170620;FRO;*;F29 ;0000000000000;0000000000000;00000000;00000000;00000000;00000000;00000000;0000000000631;0000000000626;0000000000000;00000005;
20170620;FRO;*;F30 ;0000000000000;0000000000000;00000000;00000000;00000000;00000000;00000000;0000000000661;0000000000656;0000000000000;00000005;
20170620;FRO;*;G18 ;0000000000000;0000000000000;00000000;00000000;00000000;00000000;00000000;0000000000244;0000000000241;0000000000000;00000003;
20170620;FRO;*;H18 ;0000000000000;0000000000000;00000000;00000000;00000000;00000000;00000000;0000000000246;0000000000243;0000000000000;00000003;
20170620;FRO;*;J18 ;0000000000000;0000000000000;00000000;00000000;00000000;00000000;00000000;0000000000250;0000000000247;0000000000000;00000003;
20170620;FRO;*;J19 ;0000000000000;0000000000000;00000000;00000000;00000000;00000000;00000000;0000000000283;0000000000278;0000000000000;00000005;
20170620;FRO;*;J20 ;0000000000000;0000000000000;00000000;00000000;00000000;00000000;00000000;0000000000320;0000000000317;0000000000000;00000003;
20170620;FRO;*;J21 ;0000000000000;0000000000000;00000000;00000000;00000000;00000000;00000000;0000000000358;0000000000354;0000000000000;00000004;
20170620;FRO;*;J22 ;0000000000000;0000000000000;00000000;00000000;00000000;00000000;00000000;0000000000395;0000000000391;0000000000000;00000004;
20170620;FRO;*;K18 ;0000000000000;0000000000000;00000000;00000000;00000000;00000000;00000000;0000000000253;0000000000250;0000000000000;00000003;
20170620;FRO;*;M18 ;0000000000000;0000000000000;00000000;00000000;00000000;00000000;00000000;0000000000258;0000000000255;0000000000000;00000003;
20170620;FRO;*;N18 ;0000000000000;0000000000000;00000000;00000000;00000000;00000000;00000000;0000000000257;0000000000255;0000000000000;00000002;
20170620;FRO;*;N19 ;0000000000000;0000000000000;00000000;00000000;00000000;00000000;00000000;0000000000293;0000000000288;0000000000000;00000005;
20170620;FRO;*;N20 ;0000000000000;0000000000000;00000000;00000000;00000000;00000000;00000000;0000000000328;0000000000325;0000000000000;00000003;
20170620;FRO;*;N21 ;0000000000000;0000000000000;00000000;00000000;00000000;00000000;00000000;0000000000368;0000000000364;0000000000000;00000004;
20170620;FRO;*;N22 ;0000000000000;0000000000000;00000000;00000000;00000000;00000000;00000000;0000000000414;0000000000395;0000000000000;00000019;
20170620;FRO;*;Q17 ;0000000000000;0000000000000;00000000;00000000;00000000;00000000;00000000;0000000000261;0000000000251;0000000000000;00000010;
20170620;FRO;*;U17 ;0000000000000;0000000000000;00000000;00000000;00000000;00000000;00000000;0000000000230;0000000000223;0000000000000;00000007;
20170620;FRO;*;V17 ;0000000000000;0000000000000;00000000;00000000;00000000;00000000;00000000;0000000000238;0000000000235;0000000000000;00000003;
20170620;FRO;*;V18 ;0000000000000;0000000000000;00000000;00000000;00000000;00000000;00000000;0000000000265;0000000000263;0000000000000;00000002;
20170620;FRO;*;V19 ;0000000000000;0000000000000;00000000;00000000;00000000;00000000;00000000;0000000000302;0000000000298;0000000000000;00000004;
20170620;FRO;*;V20 ;0000000000000;0000000000000;00000000;00000000;00000000;00000000;00000000;0000000000341;0000000000338;0000000000000;00000003;
20170620;FRO;*;V21 ;0000000000000;0000000000000;00000000;00000000;00000000;00000000;00000000;0000000000376;0000000000372;0000000000000;00000004;
20170620;FRO;*;X17 ;0000000000000;0000000000000;00000000;00000000;00000000;00000000;00000000;0000000000241;0000000000235;0000000000000;00000006;
20170620;FRO;*;Z17 ;0000000000000;0000000000000;00000000;00000000;00000000;00000000;00000000;0000000000241;0000000000238;0000000000000;00000003;
20170620;FRP;*;FRP0;0000000000000;0000000000000;00000000;00000850;00000840;00000850;00000850;0000000000000;0000000000000;0000000000000;00000000;
20170620;FRP;*;FRP1;0000000000000;0000000000000;00000000;00000800;00000800;00000800;00000800;0000000000000;0000000000000;0000000000000;00000000;
20170620;GBP;*;N17 ;0000000590100;0000000178036;00000604;04215000;04215000;04215000;04215000;0000042194560;0000042013290;0000000063444;00181270;
20170620;GBP;*;Q17 ;0000000000000;0000000000000;00000017;00000000;00000000;00000000;00000000;0000042476100;0000042297460;0000000062524;00178640;
20170620;GBP;*;U17 ;0000000000000;0000000000000;00000120;00000000;00000000;00000000;00000000;0000042787390;0000042607770;0000000062867;00179620;
20170620;HSI;*;M17 ;0000000000000;0000000000000;00000000;00000000;00000000;00000000;00000000;0000000025710;0000000025780;0000000000000;00000070;
20170620;HSI;*;N17 ;0000000000000;0000000000000;00000000;00000000;00000000;00000000;00000000;0000000025599;0000000025665;0000000000000;00000066;
20170620;ICF;*;H18 ;0000000000000;0000000000000;00000000;00000000;00000000;00000000;00000000;0000000015615;0000000015870;0000000000000;00000255;
20170620;ICF;*;N17 ;0000000000000;0000000000000;00000010;00000000;00000000;00000000;00000000;0000000014260;0000000014555;0000000098099;00000295;
20170620;ICF;*;U17 ;0000014185059;0000004265670;00005838;00015000;00014600;00015000;00014750;0000000014725;0000000014985;0000000086460;00000260;
20170620;ICF;*;U18 ;0000000212377;0000000063865;00001675;00016000;00015955;00016000;00015955;0000000015905;0000000016170;0000000088123;00000265;
20170620;ICF;*;U19 ;0000000000000;0000000000000;00000405;00000000;00000000;00000000;00000000;0000000016540;0000000016660;0000000039904;00000120;
20170620;ICF;*;Z17 ;0000001164156;0000000350080;00000659;00015370;00015135;00015370;00015250;0000000015155;0000000015415;0000000086460;00000260;
20170620;ICF;*;Z18 ;0000000000000;0000000000000;00000032;00000000;00000000;00000000;00000000;0000000015840;0000000016085;0000000081472;00000245;
20170620;IND;*;G18 ;0000000000000;0000000000000;00000000;00000000;00000000;00000000;00000000;0000000063760;0000000065201;0000000000000;00001441;
20170620;IND;*;G19 ;0000000000000;0000000000000;00000000;00000000;00000000;00000000;00000000;0000000069001;0000000070486;0000000000000;00001485;
20170620;IND;*;J18 ;0000000000000;0000000000000;00000000;00000000;00000000;00000000;00000000;0000000064596;0000000066049;0000000000000;00001453;
20170620;IND;*;M18 ;0000000000000;0000000000000;00001785;00000000;00000000;00000000;00000000;0000000065345;0000000066807;0000000146200;00001462;
20170620;IND;*;Q17 ;0005072717025;0001530462219;00253034;00062835;00061350;00062835;00061350;0000000061513;0000000062924;0000000141100;00001411;
20170620;IND;*;Q18 ;0000000000000;0000000000000;00000000;00000000;00000000;00000000;00000000;0000000066268;0000000067739;0000000000000;00001471;
20170620;IND;*;V17 ;0000030384000;0000009166994;00001935;00063300;00063300;00063300;00063300;0000000062351;0000000063779;0000000142800;00001428;
20170620;IND;*;V18 ;0000000000000;0000000000000;00000000;00000000;00000000;00000000;00000000;0000000067173;0000000068650;0000000000000;00001477;
20170620;IND;*;Z17 ;0000036182000;0000010916277;00021125;00064000;00063200;00064000;00063300;0000000063043;0000000064474;0000000143100;00001431;
20170620;IND;*;Z18 ;0000000000000;0000000000000;00000150;00000000;00000000;00000000;00000000;0000000068004;0000000069480;0000000147600;00001476;
20170620;ISP;*;H18 ;0000000000000;0000000000000;00000000;00000000;00000000;00000000;00000000;0000000243250;0000000244400;0000000000000;00001150;
20170620;ISP;*;M18 ;0000000000000;0000000000000;00000000;00000000;00000000;00000000;00000000;0000000243150;0000000244500;0000000000000;00001350;
20170620;ISP;*;U17 ;0000261345720;0000078590762;00003554;00244725;00243425;00244725;00243625;0000000243675;0000000244825;0000000191210;00001150;
20170620;ISP;*;Z17 ;0000000000000;0000000000000;00000009;00000000;00000000;00000000;00000000;0000000243450;0000000244575;0000000187053;00001125;
20170620;JPY;*;N17 ;0000029892900;0000009018826;00000565;02974300;02974300;02998000;02998000;0000029994900;0000029592200;0000000201350;00402700;
20170620;JPY;*;Q17 ;0000001513050;0000000456494;00001889;03026100;03026100;03026100;03026100;0000030202100;0000029799300;0000000201400;00402800;
20170620;JPY;*;U17 ;0000000000000;0000000000000;00000000;00000000;00000000;00000000;00000000;0000030431000;0000030025500;0000000000000;00405500;
20170620;JPY;*;V17 ;0000000000000;0000000000000;00000000;00000000;00000000;00000000;00000000;0000030608800;0000030199000;0000000000000;00409800;
20170620;JSE;*;U17 ;0000000000000;0000000000000;00000000;00000000;00000000;00000000;00000000;0000000045287;0000000045673;0000000000000;00000386;
20170620;JSE;*;Z17 ;0000000000000;0000000000000;00000000;00000000;00000000;00000000;00000000;0000000045944;0000000046328;0000000000000;00000384;
20170620;MIX;*;U17 ;0000000000000;0000000000000;00000000;00000000;00000000;00000000;00000000;0000000001847;0000000001843;0000000000000;00000004;
20170620;MIX;*;Z17 ;0000000000000;0000000000000;00000000;00000000;00000000;00000000;00000000;0000000001873;0000000001860;0000000000000;00000013;
20170620;MXN;*;N17 ;0000000000000;0000000000000;00000262;00000000;00000000;00000000;00000000;0000018341230;0000018299360;0000000031402;00041870;
20170620;MXN;*;Q17 ;0000000000000;0000000000000;00000721;00000000;00000000;00000000;00000000;0000018360420;0000018320180;0000000030180;00040240;
20170620;MXN;*;U17 ;0000000000000;0000000000000;00000000;00000000;00000000;00000000;00000000;0000018383340;0000018343170;0000000000000;00040170;
20170620;NZD;*;N17 ;0000000000000;0000000000000;00000000;00000000;00000000;00000000;00000000;0000024193950;0000023845460;0000000000000;00348490;
20170620;NZD;*;Q17 ;0000000000000;0000000000000;00000015;00000000;00000000;00000000;00000000;0000024325130;0000023972970;0000000264120;00352160;
20170620;NZD;*;U17 ;0000000000000;0000000000000;00000000;00000000;00000000;00000000;00000000;0000024467400;0000024113580;0000000000000;00353820;
20170620;OC1;*;F18 ;0000000000000;0000000000000;00000000;00000000;00000000;00000000;00000000;0000009548229;0000009550942;0000000000000;00002713;
20170620;OC1;*;F19 ;0000000000000;0000000000000;00000000;00000000;00000000;00000000;00000000;0000008759220;0000008770610;0000000000000;00011390;
20170620;OC1;*;F20 ;0000000000000;0000000000000;00000000;00000000;00000000;00000000;00000000;0000007921857;0000007942153;0000000000000;00020296;
20170620;OC1;*;F21 ;0000000000000;0000000000000;00000000;00000000;00000000;00000000;00000000;0000007112119;0000007146389;0000000000000;00034270;
20170620;OC1;*;F22 ;0000000000000;0000000000000;00000000;00000000;00000000;00000000;00000000;0000006387665;0000006429638;0000000000000;00041973;
20170620;OC1;*;F23 ;0000000000000;0000000000000;00000000;00000000;00000000;00000000;00000000;0000005743727;0000005789731;0000000000000;00046004;
20170620;OC1;*;F24 ;0000000000000;0000000000000;00000000;00000000;00000000;00000000;00000000;0000005173191;0000005215888;0000000000000;00042697;
20170620;OC1;*;F25 ;0000000000000;0000000000000;00000000;00000000;00000000;00000000;00000000;0000004642445;0000004689872;0000000000000;00047427;
20170620;OC1;*;F26 ;0000000000000;0000000000000;00000000;00000000;00000000;00000000;00000000;0000004172259;0000004218965;0000000000000;00046706;
20170620;OC1;*;F27 ;0000000000000;0000000000000;00000000;00000000;00000000;00000000;00000000;0000003747032;0000003792236;0000000000000;00045204;
20170620;OC1;*;F28 ;0000000000000;0000000000000;00000000;00000000;00000000;00000000;00000000;0000003376384;0000003421412;0000000000000;00045028;
20170620;OC1;*;F29 ;0000000000000;0000000000000;00000000;00000000;00000000;00000000;00000000;0000003040352;0000003084733;0000000000000;00044381;
20170620;OC1;*;F30 ;0000000000000;0000000000000;00000000;00000000;00000000;00000000;00000000;0000002727072;0000002770323;0000000000000;00043251;
20170620;OC1;*;G18 ;0000000000000;0000000000000;00000000;00000000;00000000;00000000;00000000;0000009479853;0000009482953;0000000000000;00003100;
20170620;OC1;*;H18 ;0000000000000;0000000000000;00000000;00000000;00000000;00000000;00000000;0000009424351;0000009427758;0000000000000;00003407;
20170620;OC1;*;J18 ;0000000000000;0000000000000;00000000;00000000;00000000;00000000;00000000;0000009358684;0000009362435;0000000000000;00003751;
20170620;OC1;*;J19 ;0000000000000;0000000000000;00000000;00000000;00000000;00000000;00000000;0000008557407;0000008570187;0000000000000;00012780;
20170620;OC1;*;J20 ;0000000000000;0000000000000;00000000;00000000;00000000;00000000;00000000;0000007713973;0000007740472;0000000000000;00026499;
20170620;OC1;*;J21 ;0000000000000;0000000000000;00000000;00000000;00000000;00000000;00000000;0000006930722;0000006962797;0000000000000;00032075;
20170620;OC1;*;J22 ;0000000000000;0000000000000;00000000;00000000;00000000;00000000;00000000;0000006222685;0000006265785;0000000000000;00043100;
20170620;OC1;*;K18 ;0000000000000;0000000000000;00000000;00000000;00000000;00000000;00000000;0000009292267;0000009296568;0000000000000;00004301;
20170620;OC1;*;M18 ;0000000000000;0000000000000;00000000;00000000;00000000;00000000;00000000;0000009226589;0000009231476;0000000000000;00004887;
20170620;OC1;*;N17 ;0000000000000;0000000000000;00000000;00000000;00000000;00000000;00000000;0000009965508;0000009965504;0000000000000;00000004;
20170620;OC1;*;N18 ;0000000000000;0000000000000;00000000;00000000;00000000;00000000;00000000;0000009159550;0000009165134;0000000000000;00005584;
20170620;OC1;*;N19 ;0000000000000;0000000000000;00000000;00000000;00000000;00000000;00000000;0000008350578;0000008367768;0000000000000;00017190;
20170620;OC1;*;N20 ;0000000000000;0000000000000;00000000;00000000;00000000;00000000;00000000;0000007513320;0000007542341;0000000000000;00029021;
20170620;OC1;*;N21 ;0000000000000;0000000000000;00000000;00000000;00000000;00000000;00000000;0000006742116;0000006781482;0000000000000;00039366;
20170620;OC1;*;N22 ;0000000000000;0000000000000;00000000;00000000;00000000;00000000;00000000;0000006062788;0000006106936;0000000000000;00044148;
20170620;OC1;*;N23 ;0000000000000;0000000000000;00000000;00000000;00000000;00000000;00000000;0000005453777;0000005500751;0000000000000;00046974;
20170620;OC1;*;N24 ;0000000000000;0000000000000;00000000;00000000;00000000;00000000;00000000;0000004907890;0000004953023;0000000000000;00045133;
20170620;OC1;*;Q17 ;0000000000000;0000000000000;00000000;00000000;00000000;00000000;00000000;0000009886353;0000009886323;0000000000000;00000030;
20170620;OC1;*;U17 ;0000000000000;0000000000000;00000000;00000000;00000000;00000000;00000000;0000009806045;0000009806201;0000000000000;00000156;
20170620;OC1;*;V17 ;0000000000000;0000000000000;00000000;00000000;00000000;00000000;00000000;0000009739779;0000009740388;0000000000000;00000609;
20170620;OC1;*;V18 ;0000000000000;0000000000000;00000000;00000000;00000000;00000000;00000000;0000008956988;0000008964738;0000000000000;00007750;
20170620;OC1;*;V19 ;0000000000000;0000000000000;00000000;00000000;00000000;00000000;00000000;0000008126302;0000008146788;0000000000000;00020486;
20170620;OC1;*;V20 ;0000000000000;0000000000000;00000000;00000000;00000000;00000000;00000000;0000007305690;0000007334067;0000000000000;00028377;
20170620;OC1;*;V21 ;0000000000000;0000000000000;00000000;00000000;00000000;00000000;00000000;0000006559411;0000006600148;0000000000000;00040737;
20170620;OC1;*;X17 ;0000000000000;0000000000000;00000000;00000000;00000000;00000000;00000000;0000009671653;0000009671894;0000000000000;00000241;
20170620;OC1;*;Z17 ;0000000000000;0000000000000;00000000;00000000;00000000;00000000;00000000;0000009609956;0000009610890;0000000000000;00000934;
20170620;OZ1;*;0000;0000001377044;0000000415461;00000000;00131000;00130700;00132999;00132999;0000000131278;0000000131430;0000000000000;00001999;
20170620;OZ1;*;N17 ;0000000000000;0000000000000;00000000;00000000;00000000;00000000;00000000;0000000133408;0000000131453;0000000000000;00001955;
20170620;OZ1;*;Q17 ;0000000000000;0000000000000;00000000;00000000;00000000;00000000;00000000;0000000134475;0000000132505;0000000000000;00001970;
20170620;OZ2;*;0000;0000000055680;0000000016799;00000000;00133000;00132000;00133000;00132800;0000000132705;0000000131736;0000000000000;00001600;
20170620;OZ3;*;0000;0000000001542;0000000000465;00000000;00131900;00131700;00131900;00131700;0000000131826;0000000131460;0000000000000;00000600;
20170620;SCS;*;F802;0000000000000;0000000000000;00149220;00000000;00000000;00000000;00000000;0000000000000;0000000000000;0000000000000;00000000;
20170620;SCS;*;N703;0000000000000;0000000000000;00138770;00000000;00000000;00000000;00000000;0000000000000;0000000000000;0000000000000;00000000;
20170620;SCS;*;Q701;0000000000000;0000000000000;00123620;00000000;00000000;00000000;00000000;0000000000000;0000000000000;0000000000000;00000000;
20170620;SCS;*;V702;0000000000000;0000000000000;00143645;00000000;00000000;00000000;00000000;0000000000000;0000000000000;0000000000000;00000000;
20170620;SFI;*;K18 ;0000000000000;0000000000000;00000000;00000000;00000000;00000000;00000000;0000000002040;0000000002058;0000000000000;00000018;
20170620;SFI;*;N17 ;0000000000000;0000000000000;00000000;00000000;00000000;00000000;00000000;0000000001985;0000000002006;0000000000000;00000021;
20170620;SFI;*;X17 ;0000000000000;0000000000000;00000000;00000000;00000000;00000000;00000000;0000000002001;0000000002022;0000000000000;00000021;
20170620;SJC;*;F18 ;0000000000000;0000000000000;00000000;00000000;00000000;00000000;00000000;0000000208609;0000000210648;0000000000000;00002039;
20170620;SJC;*;H18 ;0000000000000;0000000000000;00000000;00000000;00000000;00000000;00000000;0000000209932;0000000211806;0000000000000;00001874;
20170620;SJC;*;K18 ;0000000000000;0000000000000;00000100;00000000;00000000;00000000;00000000;0000000211199;0000000213073;0000000028043;00001874;
20170620;SJC;*;N17 ;0000000429026;0000000129015;00001854;00002052;00002046;00002052;00002046;0000000204530;0000000206735;0000000032996;00002205;
20170620;SJC;*;N18 ;0000000000000;0000000000000;00000000;00000000;00000000;00000000;00000000;0000000212467;0000000214286;0000000000000;00001819;
20170620;SJC;*;Q17 ;0000003078157;0000000925650;00000507;00002055;00002055;00002059;00002059;0000000205357;0000000207617;0000000033819;00002260;
20170620;SJC;*;U17 ;0000000000000;0000000000000;00000010;00000000;00000000;00000000;00000000;0000000205743;0000000208058;0000000034642;00002315;
20170620;SJC;*;X17 ;0000003095395;0000000930834;00001242;00002069;00002068;00002070;00002068;0000000206955;0000000209105;0000000032173;00002150;
20170620;TRY;*;N17 ;0000000000000;0000000000000;00000125;00000000;00000000;00000000;00000000;0000009404010;0000009330310;0000000055275;00073700;
20170620;TRY;*;Q17 ;0000000000000;0000000000000;00000024;00000000;00000000;00000000;00000000;0000009384800;0000009307080;0000000058290;00077720;
20170620;TRY;*;U17 ;0000000000000;0000000000000;00000000;00000000;00000000;00000000;00000000;0000009356100;0000009280660;0000000000000;00075440;
20170620;T10;*;U17 ;0000044506851;0000013427923;00001790;00126656;00126656;00126781;00126673;0000001267500;0000001264531;0000000098407;00002969;
20170620;T10;*;Z17 ;0000000000000;0000000000000;00000000;00000000;00000000;00000000;00000000;0000001264375;0000001261406;0000000000000;00002969;
20170620;WDO;*;F18 ;0000000000000;0000000000000;00000000;00000000;00000000;00000000;00000000;0000034429910;0000034004760;0000000000000;00425150;
20170620;WDO;*;F19 ;0000000000000;0000000000000;00000000;00000000;00000000;00000000;00000000;0000036468510;0000035987580;0000000000000;00480930;
20170620;WDO;*;F20 ;0000000000000;0000000000000;00000000;00000000;00000000;00000000;00000000;0000038937730;0000038391850;0000000000000;00545880;
20170620;WDO;*;F21 ;0000000000000;0000000000000;00000000;00000000;00000000;00000000;00000000;0000041603310;0000040941960;0000000000000;00661350;
20170620;WDO;*;F25 ;0000000000000;0000000000000;00000000;00000000;00000000;00000000;00000000;0000051933720;0000050951410;0000000000000;00982310;
20170620;WDO;*;G18 ;0000000000000;0000000000000;00000000;00000000;00000000;00000000;00000000;0000034610080;0000034181010;0000000000000;00429070;
20170620;WDO;*;H18 ;0000000000000;0000000000000;00000000;00000000;00000000;00000000;00000000;0000034743580;0000034313200;0000000000000;00430380;
20170620;WDO;*;J18 ;0000000000000;0000000000000;00000000;00000000;00000000;00000000;00000000;0000034901450;0000034468860;0000000000000;00432590;
20170620;WDO;*;J19 ;0000000000000;0000000000000;00000000;00000000;00000000;00000000;00000000;0000037041040;0000036561410;0000000000000;00479630;
20170620;WDO;*;J20 ;0000000000000;0000000000000;00000000;00000000;00000000;00000000;00000000;0000039612870;0000039022270;0000000000000;00590600;
20170620;WDO;*;J22 ;0000000000000;0000000000000;00000000;00000000;00000000;00000000;00000000;0000044955460;0000044164980;0000000000000;00790480;
20170620;WDO;*;K18 ;0000000000000;0000000000000;00000000;00000000;00000000;00000000;00000000;0000035070360;0000034634390;0000000000000;00435970;
20170620;WDO;*;M18 ;0000000000000;0000000000000;00000000;00000000;00000000;00000000;00000000;0000035233910;0000034791480;0000000000000;00442430;
20170620;WDO;*;N17 ;0024032375300;0007250678926;00041408;03305000;03304000;03352000;03335500;0000033399170;0000032991010;0000000040816;00408160;
20170620;WDO;*;N18 ;0000000000000;0000000000000;00000000;00000000;00000000;00000000;00000000;0000035417670;0000034968600;0000000000000;00449070;
20170620;WDO;*;N19 ;0000000000000;0000000000000;00000000;00000000;00000000;00000000;00000000;0000037627780;0000037125170;0000000000000;00502610;
20170620;WDO;*;N21 ;0000000000000;0000000000000;00000000;00000000;00000000;00000000;00000000;0000042962290;0000042253520;0000000000000;00708770;
20170620;WDO;*;N22 ;0000000000000;0000000000000;00000000;00000000;00000000;00000000;00000000;0000045388890;0000044500000;0000000000000;00888890;
20170620;WDO;*;Q17 ;0000004701290;0000001418401;00000063;03325500;03325500;03366500;03357000;0000033595780;0000033188100;0000000040768;00407680;
20170620;WDO;*;U17 ;0000000000000;0000000000000;00000079;00000000;00000000;00000000;00000000;0000033812810;0000033402930;0000000040988;00409880;
20170620;WDO;*;V17 ;0000000000000;0000000000000;00000000;00000000;00000000;00000000;00000000;0000033968580;0000033554290;0000000000000;00414290;
20170620;WDO;*;V18 ;0000000000000;0000000000000;00000000;00000000;00000000;00000000;00000000;0000035953880;0000035492060;0000000000000;00461820;
20170620;WDO;*;V19 ;0000000000000;0000000000000;00000000;00000000;00000000;00000000;00000000;0000038322850;0000037786750;0000000000000;00536100;
20170620;WDO;*;X17 ;0000000000000;0000000000000;00000024;00000000;00000000;00000000;00000000;0000034137440;0000033725810;0000000041163;00411630;
20170620;WDO;*;Z17 ;0000000000000;0000000000000;00000012;00000000;00000000;00000000;00000000;0000034288090;0000033870130;0000000041796;00417960;
20170620;WEU;*;N17 ;0000000000000;0000000000000;00000015;00000000;00000000;00000000;00000000;0000037191800;0000036804910;0000000038689;00386890;
20170620;WEU;*;Q17 ;0000000000000;0000000000000;00000000;00000000;00000000;00000000;00000000;0000037459910;0000037073590;0000000000000;00386320;
20170620;WEU;*;U17 ;0000000000000;0000000000000;00000000;00000000;00000000;00000000;00000000;0000037755980;0000037366900;0000000000000;00389080;
20170620;WEU;*;V17 ;0000000000000;0000000000000;00000000;00000000;00000000;00000000;00000000;0000037986540;0000037592790;0000000000000;00393750;
20170620;WIN;*;G18 ;0000000000000;0000000000000;00000000;00000000;00000000;00000000;00000000;0000000063760;0000000065201;0000000000000;00001441;
20170620;WIN;*;G19 ;0000000000000;0000000000000;00000000;00000000;00000000;00000000;00000000;0000000069001;0000000070486;0000000000000;00001485;
20170620;WIN;*;J18 ;0000000000000;0000000000000;00000000;00000000;00000000;00000000;00000000;0000000064596;0000000066049;0000000000000;00001453;
20170620;WIN;*;M18 ;0000000000000;0000000000000;00000000;00000000;00000000;00000000;00000000;0000000065345;0000000066807;0000000000000;00001462;
20170620;WIN;*;Q17 ;0013986408676;0004219764271;00029033;00062840;00061330;00062845;00061330;0000000061513;0000000062924;0000000028220;00001411;
20170620;WIN;*;Q18 ;0000000000000;0000000000000;00000000;00000000;00000000;00000000;00000000;0000000066268;0000000067739;0000000000000;00001471;
20170620;WIN;*;V17 ;0000000000000;0000000000000;00000002;00000000;00000000;00000000;00000000;0000000062351;0000000063779;0000000028560;00001428;
20170620;WIN;*;V18 ;0000000000000;0000000000000;00000000;00000000;00000000;00000000;00000000;0000000067173;0000000068650;0000000000000;00001477;
20170620;WIN;*;Z17 ;0000000000000;0000000000000;00000000;00000000;00000000;00000000;00000000;0000000063043;0000000064474;0000000000000;00001431;
20170620;WIN;*;Z18 ;0000000000000;0000000000000;00000000;00000000;00000000;00000000;00000000;0000000068004;0000000069480;0000000000000;00001476;
20170620;WTI;*;N17 ;0000000000000;0000000000000;00000475;00000000;00000000;00000000;00000000;0000000004323;0000000004420;0000000032256;00000097;
20170620;WTI;*;Q17 ;0000000835241;0000000251170;00000394;00004341;00004320;00004341;00004340;0000000004351;0000000004443;0000000030593;00000092;
20170620;WTI;*;U17 ;0000001565961;0000000470909;00000001;00004371;00004340;00004385;00004385;0000000004377;0000000004469;0000000030593;00000092;
20170620;ZAR;*;N17 ;0000000000000;0000000000000;00000252;00000000;00000000;00000000;00000000;0000025495620;0000025286890;0000000073055;00208730;
20170620;ZAR;*;Q17 ;0000000000000;0000000000000;00000046;00000000;00000000;00000000;00000000;0000025530020;0000025309320;0000000077245;00220700;
20170620;ZAR;*;U17 ;0000000000000;0000000000000;00000000;00000000;00000000;00000000;00000000;0000025555460;0000025331930;0000000000000;00223530;
