Data;Código do Contrato;Pregão;Vencimento;Volume(R$);Volume(U$);Número de contas em Aberto;Preço de Abertura;Preço Mínimo;Preço Máximo;Último Preço;Preço de Ajuste Atual; Preço de Ajuste Anterior;Valor de Ajuste por Contrato;Variação
20170321;AUD;*;J17 ;0000000000000;0000000000000;00001839;00000000;00000000;00000000;00000000;0000023839160;0000023843120;0000000002376;00003960;
20170321;AUD;*;K17 ;0000001577988;0000000512917;00000011;02390800;02390800;02390900;02390900;0000023966110;0000023982160;0000000009630;00016050;
20170321;AUD;*;M17 ;0000021868590;0000007108269;00000370;02409300;02409300;02414100;02414100;0000024132320;0000024149890;0000000010542;00017570;
20170321;BGI;*;F18 ;0000000000000;0000000000000;00000002;00000000;00000000;00000000;00000000;0000000014228;0000000014346;0000000038940;00000118;
20170321;BGI;*;H17 ;0000026616625;0000008633632;00001108;00014250;00014205;00014290;00014205;0000000014205;0000000014257;0000000017160;00000052;
20170321;BGI;*;J17 ;0000000000000;0000000000000;00000119;00000000;00000000;00000000;00000000;0000000014004;0000000014052;0000000015840;00000048;
20170321;BGI;*;K17 ;0000137173855;0000044495071;00005942;00013948;00013885;00014010;00013903;0000000013906;0000000013954;0000000015840;00000048;
20170321;BGI;*;M17 ;0000000000000;0000000000000;00000004;00000000;00000000;00000000;00000000;0000000013996;0000000014058;0000000020460;00000062;
20170321;BGI;*;N17 ;0000000000000;0000000000000;00000002;00000000;00000000;00000000;00000000;0000000014076;0000000014152;0000000025080;00000076;
20170321;BGI;*;Q17 ;0000000000000;0000000000000;00000000;00000000;00000000;00000000;00000000;0000000014159;0000000014249;0000000000000;00000090;
20170321;BGI;*;U17 ;0000000000000;0000000000000;00000000;00000000;00000000;00000000;00000000;0000000014231;0000000014335;0000000000000;00000104;
20170321;BGI;*;V17 ;0000012427859;0000004031224;00001846;00014475;00014306;00014475;00014306;0000000014306;0000000014425;0000000039270;00000119;
20170321;BGI;*;X17 ;0000003137013;0000001017553;00000040;00014410;00014400;00014410;00014400;0000000014325;0000000014444;0000000039270;00000119;
20170321;BGI;*;Z17 ;0000000000000;0000000000000;00000038;00000000;00000000;00000000;00000000;0000000014311;0000000014430;0000000039270;00000119;
20170321;BRI;*;J17 ;0000001369030;0000000444996;00000709;00010531;00010531;00010531;00010531;0000000010534;0000000010855;0000000321000;00000321;
20170321;BRI;*;M17 ;0000000000000;0000000000000;00000000;00000000;00000000;00000000;00000000;0000000010708;0000000011035;0000000000000;00000327;
20170321;BSE;*;H17 ;0000000000000;0000000000000;00000000;00000000;00000000;00000000;00000000;0000000029551;0000000029591;0000000000000;00000040;
20170321;BSE;*;J17 ;0000000000000;0000000000000;00000000;00000000;00000000;00000000;00000000;0000000029755;0000000029796;0000000000000;00000041;
20170321;CAD;*;J17 ;0000002088090;0000000678723;00001670;02320100;02320100;02320100;02320100;0000023204530;0000023103220;0000000060786;00101310;
20170321;CAD;*;K17 ;0000000000000;0000000000000;00000000;00000000;00000000;00000000;00000000;0000023351720;0000023254690;0000000000000;00097030;
20170321;CAD;*;M17 ;0000000000000;0000000000000;00000360;00000000;00000000;00000000;00000000;0000023539420;0000023441480;0000000058764;00097940;
20170321;CCM;*;F18 ;0000000000000;0000000000000;00000150;00000000;00000000;00000000;00000000;0000000003009;0000000002967;0000000018900;00000042;
20170321;CCM;*;F19 ;0000000000000;0000000000000;00000000;00000000;00000000;00000000;00000000;0000000002634;0000000002596;0000000000000;00000038;
20170321;CCM;*;H18 ;0000000350392;0000000113657;00000033;00002940;00002940;00002997;00002997;0000000003009;0000000003032;0000000010350;00000023;
20170321;CCM;*;H19 ;0000000000000;0000000000000;00000000;00000000;00000000;00000000;00000000;0000000002521;0000000002486;0000000000000;00000035;
20170321;CCM;*;K17 ;0000014631502;0000004746019;00008802;00002978;00002973;00003008;00003000;0000000002997;0000000002978;0000000008550;00000019;
20170321;CCM;*;K18 ;0000000000000;0000000000000;00000000;00000000;00000000;00000000;00000000;0000000002741;0000000002703;0000000000000;00000038;
20170321;CCM;*;K19 ;0000000000000;0000000000000;00000000;00000000;00000000;00000000;00000000;0000000002414;0000000002380;0000000000000;00000034;
20170321;CCM;*;N17 ;0000000000000;0000000000000;00000000;00000000;00000000;00000000;00000000;0000000002924;0000000002915;0000000000000;00000009;
20170321;CCM;*;N18 ;0000000000000;0000000000000;00000000;00000000;00000000;00000000;00000000;0000000002619;0000000002582;0000000000000;00000037;
20170321;CCM;*;U17 ;0000023001093;0000007460862;00012104;00002854;00002840;00002865;00002850;0000000002850;0000000002850;0000000000000;00000000;
20170321;CCM;*;U18 ;0000000000000;0000000000000;00000000;00000000;00000000;00000000;00000000;0000000002500;0000000002465;0000000000000;00000035;
20170321;CCM;*;X17 ;0000000077710;0000000025207;00000454;00002870;00002870;00002899;00002890;0000000002931;0000000002910;0000000009450;00000021;
20170321;CCM;*;X18 ;0000000000000;0000000000000;00000000;00000000;00000000;00000000;00000000;0000000002565;0000000002529;0000000000000;00000036;
20170321;CHF;*;J17 ;0000000000000;0000000000000;00000184;00000000;00000000;00000000;00000000;0000031149970;0000030927130;0000000111420;00222840;
20170321;CHF;*;K17 ;0000000000000;0000000000000;00000000;00000000;00000000;00000000;00000000;0000031397330;0000031173390;0000000000000;00223940;
20170321;CHF;*;M17 ;0000000000000;0000000000000;00000000;00000000;00000000;00000000;00000000;0000031700320;0000031466180;0000000000000;00234140;
20170321;CLP;*;J17 ;0000000000000;0000000000000;00000062;00000000;00000000;00000000;00000000;0000046963000;0000046721000;0000000060500;00242000;
20170321;CLP;*;K17 ;0000000000000;0000000000000;00000000;00000000;00000000;00000000;00000000;0000047201000;0000046970000;0000000000000;00231000;
20170321;CLP;*;M17 ;0000000000000;0000000000000;00000775;00000000;00000000;00000000;00000000;0000047485000;0000047248000;0000000059250;00237000;
20170321;CNY;*;J17 ;0000000000000;0000000000000;00000175;00000000;00000000;00000000;00000000;0000044881030;0000044621820;0000000090723;00259210;
20170321;CNY;*;K17 ;0000000000000;0000000000000;00000000;00000000;00000000;00000000;00000000;0000045011860;0000044784660;0000000000000;00227200;
20170321;CNY;*;M17 ;0000000000000;0000000000000;00000000;00000000;00000000;00000000;00000000;0000045219780;0000044978210;0000000000000;00241570;
20170321;DAP;*;F18 ;0000000000000;0000000000000;00000000;00000000;00000000;00000000;00000000;0000009559699;0000009562450;0000000000000;00002751;
20170321;DAP;*;J17 ;0000000000000;0000000000000;00000085;00000000;00000000;00000000;00000000;0000009937202;0000009938140;0000000001128;00000938;
20170321;DAP;*;K17 ;0000000000000;0000000000000;00026613;00000000;00000000;00000000;00000000;0000009903149;0000009905478;0000000002801;00002329;
20170321;DAP;*;K19 ;0000060699558;0000019730069;00044455;00000501;00000500;00000502;00000502;0000009010622;0000009012066;0000000001736;00001444;
20170321;DAP;*;K21 ;0000111287199;0000036173314;00010525;00000519;00000519;00000519;00000519;0000008115434;0000008110310;0000000006163;00005124;
20170321;DAP;*;K23 ;0000000000000;0000000000000;00011735;00000000;00000000;00000000;00000000;0000007304752;0000007297366;0000000008884;00007386;
20170321;DAP;*;M17 ;0000000000000;0000000000000;00000000;00000000;00000000;00000000;00000000;0000009847153;0000009848074;0000000000000;00000921;
20170321;DAP;*;Q18 ;0000064995423;0000021126417;00040335;00000519;00000519;00000522;00000522;0000009315802;0000009319698;0000000004686;00003896;
20170321;DAP;*;Q20 ;0000007116352;0000002313132;00003010;00000509;00000509;00000509;00000509;0000008443271;0000008441867;0000000001688;00001404;
20170321;DAP;*;Q22 ;0000572237405;0000186002732;00022920;00000530;00000526;00000530;00000526;0000007598607;0000007576489;0000000026605;00022118;
20170321;DAP;*;Q24 ;0000000000000;0000000000000;00005853;00000000;00000000;00000000;00000000;0000006873162;0000006854974;0000000021878;00018188;
20170321;DAP;*;Q26 ;0000000000000;0000000000000;00001355;00000000;00000000;00000000;00000000;0000006179288;0000006158242;0000000025316;00021046;
20170321;DAP;*;Q30 ;0000000000000;0000000000000;00000235;00000000;00000000;00000000;00000000;0000005116229;0000005117024;0000000000956;00000795;
20170321;DCO;*;F18 ;0000000000000;0000000000000;00000000;00000000;00000000;00000000;00000000;0000009819940;0000009786281;0000000000000;00033659;
20170321;DCO;*;F19 ;0000000000000;0000000000000;00000000;00000000;00000000;00000000;00000000;0000009563521;0000009527835;0000000000000;00035686;
20170321;DCO;*;F20 ;0000000000000;0000000000000;00000000;00000000;00000000;00000000;00000000;0000009228327;0000009193551;0000000000000;00034776;
20170321;DCO;*;F21 ;0000000000000;0000000000000;00000000;00000000;00000000;00000000;00000000;0000008828236;0000008795411;0000000000000;00032825;
20170321;DCO;*;F22 ;0000000000000;0000000000000;00000000;00000000;00000000;00000000;00000000;0000008434631;0000008406777;0000000000000;00027854;
20170321;DCO;*;F23 ;0000000000000;0000000000000;00000000;00000000;00000000;00000000;00000000;0000008026135;0000007999632;0000000000000;00026503;
20170321;DCO;*;F24 ;0000000000000;0000000000000;00000000;00000000;00000000;00000000;00000000;0000007619028;0000007593718;0000000000000;00025310;
20170321;DCO;*;F25 ;0000000000000;0000000000000;00000000;00000000;00000000;00000000;00000000;0000007217507;0000007191718;0000000000000;00025789;
20170321;DCO;*;F26 ;0000000000000;0000000000000;00000000;00000000;00000000;00000000;00000000;0000006812086;0000006783506;0000000000000;00028580;
20170321;DCO;*;F27 ;0000000000000;0000000000000;00000000;00000000;00000000;00000000;00000000;0000006417442;0000006387264;0000000000000;00030178;
20170321;DCO;*;F28 ;0000000000000;0000000000000;00000000;00000000;00000000;00000000;00000000;0000006064261;0000006037048;0000000000000;00027213;
20170321;DCO;*;F29 ;0000000000000;0000000000000;00000000;00000000;00000000;00000000;00000000;0000005722802;0000005695262;0000000000000;00027540;
20170321;DCO;*;F30 ;0000000000000;0000000000000;00000000;00000000;00000000;00000000;00000000;0000005410133;0000005382618;0000000000000;00027515;
20170321;DCO;*;G18 ;0000000000000;0000000000000;00000000;00000000;00000000;00000000;00000000;0000009804031;0000009770158;0000000000000;00033873;
20170321;DCO;*;H18 ;0000000000000;0000000000000;00000000;00000000;00000000;00000000;00000000;0000009786172;0000009752544;0000000000000;00033628;
20170321;DCO;*;J17 ;0000000000000;0000000000000;00000000;00000000;00000000;00000000;00000000;0000009979135;0000009946592;0000000000000;00032543;
20170321;DCO;*;J18 ;0000000000000;0000000000000;00000000;00000000;00000000;00000000;00000000;0000009765802;0000009730820;0000000000000;00034982;
20170321;DCO;*;J19 ;0000000000000;0000000000000;00000000;00000000;00000000;00000000;00000000;0000009492019;0000009457576;0000000000000;00034443;
20170321;DCO;*;J20 ;0000000000000;0000000000000;00000000;00000000;00000000;00000000;00000000;0000009139974;0000009108689;0000000000000;00031285;
20170321;DCO;*;J21 ;0000000000000;0000000000000;00000000;00000000;00000000;00000000;00000000;0000008726207;0000008695608;0000000000000;00030599;
20170321;DCO;*;K17 ;0000000000000;0000000000000;00000000;00000000;00000000;00000000;00000000;0000009959680;0000009927279;0000000000000;00032401;
20170321;DCO;*;M17 ;0000000000000;0000000000000;00000000;00000000;00000000;00000000;00000000;0000009942928;0000009910140;0000000000000;00032788;
20170321;DCO;*;N17 ;0000000000000;0000000000000;00000000;00000000;00000000;00000000;00000000;0000009929435;0000009896751;0000000000000;00032684;
20170321;DCO;*;N18 ;0000000000000;0000000000000;00000000;00000000;00000000;00000000;00000000;0000009704781;0000009668856;0000000000000;00035925;
20170321;DCO;*;N19 ;0000000000000;0000000000000;00000000;00000000;00000000;00000000;00000000;0000009408557;0000009370218;0000000000000;00038339;
20170321;DCO;*;N20 ;0000000000000;0000000000000;00000000;00000000;00000000;00000000;00000000;0000009040315;0000009011408;0000000000000;00028907;
20170321;DCO;*;N21 ;0000000000000;0000000000000;00000000;00000000;00000000;00000000;00000000;0000008635305;0000008604049;0000000000000;00031256;
20170321;DCO;*;Q17 ;0000000000000;0000000000000;00000000;00000000;00000000;00000000;00000000;0000009909572;0000009876578;0000000000000;00032994;
20170321;DCO;*;U17 ;0000000000000;0000000000000;00000000;00000000;00000000;00000000;00000000;0000009894970;0000009861630;0000000000000;00033340;
20170321;DCO;*;V17 ;0000000000000;0000000000000;00000000;00000000;00000000;00000000;00000000;0000009875365;0000009842163;0000000000000;00033202;
20170321;DCO;*;V18 ;0000000000000;0000000000000;00000000;00000000;00000000;00000000;00000000;0000009639279;0000009603253;0000000000000;00036026;
20170321;DCO;*;V19 ;0000000000000;0000000000000;00000000;00000000;00000000;00000000;00000000;0000009325053;0000009284183;0000000000000;00040870;
20170321;DCO;*;V20 ;0000000000000;0000000000000;00000000;00000000;00000000;00000000;00000000;0000008951149;0000008911400;0000000000000;00039749;
20170321;DCO;*;V21 ;0000000000000;0000000000000;00000000;00000000;00000000;00000000;00000000;0000008542942;0000008514735;0000000000000;00028207;
20170321;DCO;*;X17 ;0000000000000;0000000000000;00000000;00000000;00000000;00000000;00000000;0000009858895;0000009825014;0000000000000;00033881;
20170321;DCO;*;Z17 ;0000000000000;0000000000000;00000000;00000000;00000000;00000000;00000000;0000009841753;0000009808667;0000000000000;00033086;
20170321;DDI;*;F18 ;0000000000000;0000000000000;00269449;00000000;00000000;00000000;00000000;0000009821478;0000009787796;0000000052035;00033682;
20170321;DDI;*;F19 ;0000000000000;0000000000000;00115037;00000000;00000000;00000000;00000000;0000009565178;0000009529465;0000000055173;00035713;
20170321;DDI;*;F20 ;0000000000000;0000000000000;00093210;00000000;00000000;00000000;00000000;0000009233141;0000009198298;0000000053828;00034843;
20170321;DDI;*;F21 ;0000000000000;0000000000000;00108391;00000000;00000000;00000000;00000000;0000008834237;0000008801329;0000000050839;00032908;
20170321;DDI;*;F22 ;0000000000000;0000000000000;00038484;00000000;00000000;00000000;00000000;0000008441549;0000008413606;0000000043169;00027943;
20170321;DDI;*;F23 ;0000000000000;0000000000000;00030176;00000000;00000000;00000000;00000000;0000008033704;0000008007103;0000000041095;00026601;
20170321;DDI;*;F24 ;0000000000000;0000000000000;00027045;00000000;00000000;00000000;00000000;0000007627028;0000007601614;0000000039262;00025414;
20170321;DDI;*;F25 ;0000000000000;0000000000000;00017925;00000000;00000000;00000000;00000000;0000007225747;0000007199846;0000000040014;00025901;
20170321;DDI;*;F26 ;0000000000000;0000000000000;00014530;00000000;00000000;00000000;00000000;0000006820369;0000006791668;0000000044340;00028701;
20170321;DDI;*;F27 ;0000000000000;0000000000000;00010100;00000000;00000000;00000000;00000000;0000006425634;0000006395327;0000000046821;00030307;
20170321;DDI;*;F28 ;0000000000000;0000000000000;00000110;00000000;00000000;00000000;00000000;0000006072321;0000006044984;0000000042232;00027337;
20170321;DDI;*;F29 ;0000000000000;0000000000000;00000000;00000000;00000000;00000000;00000000;0000005734575;0000005706850;0000000000000;00027725;
20170321;DDI;*;F30 ;0000000000000;0000000000000;00000500;00000000;00000000;00000000;00000000;0000005421548;0000005397600;0000000036997;00023948;
20170321;DDI;*;G18 ;0000000000000;0000000000000;00017540;00000000;00000000;00000000;00000000;0000009804877;0000009770989;0000000052353;00033888;
20170321;DDI;*;H18 ;0000000000000;0000000000000;00005070;00000000;00000000;00000000;00000000;0000009787090;0000009753446;0000000051976;00033644;
20170321;DDI;*;J17 ;0000000000000;0000000000000;00627836;00000000;00000000;00000000;00000000;0000009979171;0000009946662;0000000050223;00032509;
20170321;DDI;*;J18 ;0000000000000;0000000000000;00065649;00000000;00000000;00000000;00000000;0000009766801;0000009731801;0000000054071;00035000;
20170321;DDI;*;J19 ;0000000000000;0000000000000;00042319;00000000;00000000;00000000;00000000;0000009493874;0000009459401;0000000053257;00034473;
20170321;DDI;*;J20 ;0000000000000;0000000000000;00024055;00000000;00000000;00000000;00000000;0000009145115;0000009113761;0000000048438;00031354;
20170321;DDI;*;J21 ;0000000000000;0000000000000;00005397;00000000;00000000;00000000;00000000;0000008732438;0000008701756;0000000047400;00030682;
20170321;DDI;*;K17 ;0000000000000;0000000000000;00413500;00000000;00000000;00000000;00000000;0000009959796;0000009927505;0000000049886;00032291;
20170321;DDI;*;M17 ;0000000000000;0000000000000;00156433;00000000;00000000;00000000;00000000;0000009943323;0000009910530;0000000050661;00032793;
20170321;DDI;*;N17 ;0000000000000;0000000000000;00392927;00000000;00000000;00000000;00000000;0000009930005;0000009897312;0000000050507;00032693;
20170321;DDI;*;N18 ;0000000000000;0000000000000;00043299;00000000;00000000;00000000;00000000;0000009706005;0000009670059;0000000055532;00035946;
20170321;DDI;*;N19 ;0000000000000;0000000000000;00056474;00000000;00000000;00000000;00000000;0000009412651;0000009374251;0000000059324;00038400;
20170321;DDI;*;N20 ;0000000000000;0000000000000;00034885;00000000;00000000;00000000;00000000;0000009045758;0000009016780;0000000044768;00028978;
20170321;DDI;*;N21 ;0000000000000;0000000000000;00004457;00000000;00000000;00000000;00000000;0000008641785;0000008610440;0000000048424;00031345;
20170321;DDI;*;Q17 ;0000000000000;0000000000000;00104294;00000000;00000000;00000000;00000000;0000009910298;0000009877292;0000000050990;00033006;
20170321;DDI;*;U17 ;0000000000000;0000000000000;00056670;00000000;00000000;00000000;00000000;0000009895863;0000009862510;0000000051527;00033353;
20170321;DDI;*;V17 ;0000000000000;0000000000000;00134317;00000000;00000000;00000000;00000000;0000009876421;0000009843205;0000000051315;00033216;
20170321;DDI;*;V18 ;0000000000000;0000000000000;00051248;00000000;00000000;00000000;00000000;0000009640722;0000009604672;0000000055693;00036050;
20170321;DDI;*;V19 ;0000000000000;0000000000000;00031464;00000000;00000000;00000000;00000000;0000009329519;0000009288580;0000000063246;00040939;
20170321;DDI;*;V20 ;0000000000000;0000000000000;00023560;00000000;00000000;00000000;00000000;0000008956895;0000008919893;0000000057164;00037002;
20170321;DDI;*;V21 ;0000000000000;0000000000000;00002172;00000000;00000000;00000000;00000000;0000008549657;0000008521363;0000000043711;00028294;
20170321;DDI;*;X17 ;0000000000000;0000000000000;00028729;00000000;00000000;00000000;00000000;0000009860110;0000009826211;0000000052370;00033899;
20170321;DDI;*;Z17 ;0000000000000;0000000000000;00031140;00000000;00000000;00000000;00000000;0000009843125;0000009810021;0000000051142;00033104;
20170321;DDM;*;K17 ;0000000000000;0000000000000;00000000;00000000;00000000;00000000;00000000;0000009907994;0000009909861;0000000000000;00001867;
20170321;DDM;*;K19 ;0000000000000;0000000000000;00000000;00000000;00000000;00000000;00000000;0000008907147;0000008910776;0000000000000;00003629;
20170321;DDM;*;K21 ;0000000000000;0000000000000;00000000;00000000;00000000;00000000;00000000;0000008031413;0000008026919;0000000000000;00004494;
20170321;DDM;*;K25 ;0000000000000;0000000000000;00000000;00000000;00000000;00000000;00000000;0000006519620;0000006521045;0000000000000;00001425;
20170321;DDM;*;Q18 ;0000000000000;0000000000000;00000000;00000000;00000000;00000000;00000000;0000009231196;0000009234170;0000000000000;00002974;
20170321;DDM;*;Q20 ;0000000000000;0000000000000;00000000;00000000;00000000;00000000;00000000;0000008342491;0000008344275;0000000000000;00001784;
20170321;DI1;*;F18 ;0012082245128;0003927269666;02652958;00010005;00009950;00010005;00009955;0000009291963;0000009290056;0000000001907;00001907;
20170321;DI1;*;F19 ;0020264091130;0006586735293;01697895;00009560;00009480;00009560;00009480;0000008521965;0000008513138;0000000008827;00008827;
20170321;DI1;*;F20 ;0009573552995;0003111832600;01216753;00009780;00009680;00009780;00009700;0000007742003;0000007727039;0000000014964;00014964;
20170321;DI1;*;F21 ;0013806045310;0004487581768;01512292;00010020;00009920;00010020;00009920;0000007003422;0000006987186;0000000016236;00016236;
20170321;DI1;*;F22 ;0000167524769;0000054453037;00091536;00010080;00010080;00010140;00010100;0000006328409;0000006313823;0000000014586;00014586;
20170321;DI1;*;F23 ;0001859928773;0000604559978;00684503;00010260;00010180;00010260;00010190;0000005719367;0000005701851;0000000017516;00017516;
20170321;DI1;*;F24 ;0000030204833;0000009817921;00047595;00010280;00010270;00010320;00010320;0000005175827;0000005160357;0000000015470;00015470;
20170321;DI1;*;F25 ;0001616811103;0000525535870;00536353;00010370;00010280;00010370;00010300;0000004675960;0000004659853;0000000016107;00016107;
20170321;DI1;*;F26 ;0000048969540;0000015917289;00062908;00010330;00010310;00010360;00010310;0000004229260;0000004216120;0000000013140;00013140;
20170321;DI1;*;F27 ;0000468629262;0000152325455;00320989;00010420;00010350;00010420;00010370;0000003824600;0000003807980;0000000016620;00016620;
20170321;DI1;*;F28 ;0000000000000;0000000000000;00000010;00000000;00000000;00000000;00000000;0000003459842;0000003444259;0000000015583;00015583;
20170321;DI1;*;F29 ;0000000000000;0000000000000;00003310;00000000;00000000;00000000;00000000;0000003130479;0000003116394;0000000014085;00014085;
20170321;DI1;*;F30 ;0000000000000;0000000000000;00000170;00000000;00000000;00000000;00000000;0000002830844;0000002817994;0000000012850;00012850;
20170321;DI1;*;G18 ;0000001383432;0000000449677;00018705;00009850;00009850;00009850;00009850;0000009223243;0000009221091;0000000002152;00002152;
20170321;DI1;*;H18 ;0000001374763;0000000446859;00009105;00009800;00009800;00009800;00009800;0000009165868;0000009162883;0000000002985;00002985;
20170321;DI1;*;J17 ;0002261234477;0000735002268;01882195;00012130;00012130;00012132;00012132;0000009959195;0000009959194;0000000000001;00000001;
20170321;DI1;*;J18 ;0000826934178;0000268790567;00583353;00009770;00009710;00009770;00009720;0000009100699;0000009098100;0000000002599;00002599;
20170321;DI1;*;J19 ;0000536748695;0000174467315;00301842;00009550;00009530;00009560;00009540;0000008329522;0000008319597;0000000009925;00009925;
20170321;DI1;*;J20 ;0000078931632;0000025656308;00073773;00009750;00009750;00009770;00009770;0000007553445;0000007537483;0000000015962;00015962;
20170321;DI1;*;J21 ;0000005805080;0000001886910;00025680;00009990;00009970;00009990;00009980;0000006836172;0000006815541;0000000020631;00020631;
20170321;DI1;*;K17 ;0006218362512;0002021245738;00291616;00011780;00011775;00011780;00011775;0000009881439;0000009881318;0000000000121;00000121;
20170321;DI1;*;M17 ;0001868499068;0000607345707;00241614;00011500;00011500;00011515;00011510;0000009790478;0000009790346;0000000000132;00000132;
20170321;DI1;*;N17 ;0020886227963;0006788957570;02751104;00011150;00011125;00011150;00011125;0000009711236;0000009710845;0000000000391;00000391;
20170321;DI1;*;N18 ;0002934375890;0000953803312;00692573;00009630;00009560;00009630;00009580;0000008907491;0000008903148;0000000004343;00004343;
20170321;DI1;*;N19 ;0000848454904;0000275785764;00445618;00009650;00009580;00009650;00009590;0000008136674;0000008125692;0000000010982;00010982;
20170321;DI1;*;N20 ;0003354774727;0001090451723;00989984;00009910;00009830;00009910;00009850;0000007367729;0000007350855;0000000016874;00016874;
20170321;DI1;*;N21 ;0000029623565;0000009628983;00055090;00010020;00010020;00010080;00010030;0000006661637;0000006646691;0000000014946;00014946;
20170321;DI1;*;N22 ;0000000301736;0000000098078;00004145;00010090;00010090;00010090;00010090;0000006019778;0000006003851;0000000015927;00015927;
20170321;DI1;*;N23 ;0000000000000;0000000000000;00003135;00000000;00000000;00000000;00000000;0000005442193;0000005425610;0000000016583;00016583;
20170321;DI1;*;N24 ;0000000000000;0000000000000;00001550;00000000;00000000;00000000;00000000;0000004925303;0000004909485;0000000015818;00015818;
20170321;DI1;*;Q17 ;0000150752798;0000049001397;00123233;00010930;00010905;00010930;00010905;0000009632978;0000009632825;0000000000153;00000153;
20170321;DI1;*;U17 ;0000299948810;0000097496769;00042443;00010645;00010645;00010650;00010650;0000009552504;0000009552417;0000000000087;00000087;
20170321;DI1;*;V17 ;0002894265526;0000940765651;00689759;00010450;00010410;00010450;00010420;0000009486577;0000009485544;0000000001033;00001033;
20170321;DI1;*;V18 ;0000965018475;0000313674135;00598118;00009540;00009500;00009540;00009510;0000008710368;0000008705128;0000000005240;00005240;
20170321;DI1;*;V19 ;0000072972162;0000023719214;00057093;00009670;00009630;00009670;00009640;0000007934922;0000007918330;0000000016592;00016592;
20170321;DI1;*;V20 ;0000031951792;0000010385760;00046148;00009880;00009880;00009880;00009880;0000007180178;0000007157800;0000000022378;00022378;
20170321;DI1;*;V21 ;0000000000000;0000000000000;00015457;00000000;00000000;00000000;00000000;0000006494231;0000006476091;0000000018140;00018140;
20170321;DI1;*;X17 ;0000048499840;0000015764616;00027487;00010250;00010250;00010260;00010260;0000009417460;0000009416242;0000000001218;00001218;
20170321;DI1;*;Z17 ;0000459731799;0000149433382;00025850;00010100;00010100;00010100;00010100;0000009354651;0000009353139;0000000001512;00001512;
20170321;DOL;*;F18 ;0000000000000;0000000000000;00003870;00000000;00000000;00000000;00000000;0000032658770;0000032553450;0000000052660;00105320;
20170321;DOL;*;F19 ;0000000000000;0000000000000;00000000;00000000;00000000;00000000;00000000;0000034680360;0000034586710;0000000000000;00093650;
20170321;DOL;*;F20 ;0000000000000;0000000000000;00000000;00000000;00000000;00000000;00000000;0000036849070;0000036781110;0000000000000;00067960;
20170321;DOL;*;F21 ;0000000000000;0000000000000;00003100;00000000;00000000;00000000;00000000;0000038975270;0000038920310;0000000027480;00054960;
20170321;DOL;*;F25 ;0000000000000;0000000000000;00000000;00000000;00000000;00000000;00000000;0000047746580;0000047739890;0000000000000;00006690;
20170321;DOL;*;G18 ;0000000000000;0000000000000;00000000;00000000;00000000;00000000;00000000;0000032846490;0000032740600;0000000000000;00105890;
20170321;DOL;*;H18 ;0000000000000;0000000000000;00000000;00000000;00000000;00000000;00000000;0000032992130;0000032889430;0000000000000;00102700;
20170321;DOL;*;J17 ;0054158020250;0017603777101;00551451;03082000;03070500;03104500;03098500;0000030960020;0000030859080;0000000050470;00100940;
20170321;DOL;*;J18 ;0000000000000;0000000000000;00000000;00000000;00000000;00000000;00000000;0000033159500;0000033050110;0000000000000;00109390;
20170321;DOL;*;J19 ;0000000000000;0000000000000;00000050;00000000;00000000;00000000;00000000;0000035217110;0000035131100;0000000043005;00086010;
20170321;DOL;*;K17 ;0000356385750;0000115841297;00011115;03093000;03093000;03120000;03120000;0000031143010;0000031042430;0000000050290;00100580;
20170321;DOL;*;M17 ;0000028086500;0000009129368;00004850;03120000;03120000;03121000;03121000;0000031380370;0000031277300;0000000051535;00103070;
20170321;DOL;*;N17 ;0000000000000;0000000000000;00032770;00000000;00000000;00000000;00000000;0000031594050;0000031491310;0000000051370;00102740;
20170321;DOL;*;N18 ;0000000000000;0000000000000;00000620;00000000;00000000;00000000;00000000;0000033667860;0000033559530;0000000054165;00108330;
20170321;DOL;*;N19 ;0000000000000;0000000000000;00000400;00000000;00000000;00000000;00000000;0000035743360;0000035645660;0000000048850;00097700;
20170321;DOL;*;N21 ;0000000000000;0000000000000;00000000;00000000;00000000;00000000;00000000;0000040082320;0000040026750;0000000000000;00055570;
20170321;DOL;*;Q17 ;0000000000000;0000000000000;00002905;00000000;00000000;00000000;00000000;0000031787510;0000031682150;0000000052680;00105360;
20170321;DOL;*;U17 ;0000000000000;0000000000000;00000860;00000000;00000000;00000000;00000000;0000032008610;0000031901020;0000000053795;00107590;
20170321;DOL;*;V17 ;0000000000000;0000000000000;00001035;00000000;00000000;00000000;00000000;0000032167730;0000032063030;0000000052350;00104700;
20170321;DOL;*;V18 ;0000000000000;0000000000000;00000000;00000000;00000000;00000000;00000000;0000034198210;0000034090850;0000000000000;00107360;
20170321;DOL;*;V19 ;0000000000000;0000000000000;00000000;00000000;00000000;00000000;00000000;0000036328460;0000036244840;0000000000000;00083620;
20170321;DOL;*;X17 ;0000000000000;0000000000000;00000090;00000000;00000000;00000000;00000000;0000032350300;0000032243260;0000000053520;00107040;
20170321;DOL;*;Z17 ;0000000000000;0000000000000;00000000;00000000;00000000;00000000;00000000;0000032511410;0000032407300;0000000000000;00104110;
20170321;DR1;*;J7K7;0000000000000;0000000000000;00000000;00018290;00018290;00018500;00018500;0000000000000;0000000000000;0000000000000;00000000;
20170321;ETH;*;H17 ;0000000000000;0000000000000;00000779;00000000;00000000;00000000;00000000;0000000159000;0000000155000;0000000120000;00004000;
20170321;ETH;*;J17 ;0000000000000;0000000000000;00000050;00000000;00000000;00000000;00000000;0000000147250;0000000147250;0000000000000;00000000;
20170321;ETH;*;K17 ;0000000000000;0000000000000;00000105;00000000;00000000;00000000;00000000;0000000148000;0000000148000;0000000000000;00000000;
20170321;ETH;*;M17 ;0000000000000;0000000000000;00000200;00000000;00000000;00000000;00000000;0000000155000;0000000155000;0000000000000;00000000;
20170321;ETH;*;N17 ;0000001812000;0000000587758;00000185;00151000;00151000;00151000;00151000;0000000156000;0000000156000;0000000000000;00000000;
20170321;ETH;*;Q17 ;0000000000000;0000000000000;00000185;00000000;00000000;00000000;00000000;0000000157000;0000000157000;0000000000000;00000000;
20170321;ETH;*;U17 ;0000000000000;0000000000000;00000000;00000000;00000000;00000000;00000000;0000000163000;0000000163000;0000000000000;00000000;
20170321;ETH;*;V17 ;0000000000000;0000000000000;00000000;00000000;00000000;00000000;00000000;0000000163000;0000000163000;0000000000000;00000000;
20170321;ETH;*;X17 ;0000000000000;0000000000000;00000000;00000000;00000000;00000000;00000000;0000000163000;0000000163000;0000000000000;00000000;
20170321;ETH;*;Z17 ;0000000000000;0000000000000;00000000;00000000;00000000;00000000;00000000;0000000165000;0000000165000;0000000000000;00000000;
20170321;EUR;*;J17 ;0000007518300;0000002443784;00011988;03323300;03323300;03355000;03351000;0000033453300;0000033138590;0000000157355;00314710;
20170321;EUR;*;K17 ;0000001670225;0000000542898;00000190;03340400;03340400;03340500;03340500;0000033688700;0000033372880;0000000157910;00315820;
20170321;EUR;*;M17 ;0000003385025;0000001100284;00000725;03373300;03373300;03397400;03396000;0000033988440;0000033669010;0000000159715;00319430;
20170321;EUR;*;N17 ;0000000000000;0000000000000;00003190;00000000;00000000;00000000;00000000;0000034275670;0000033953330;0000000161170;00322340;
20170321;EUR;*;V17 ;0000000000000;0000000000000;00000000;00000000;00000000;00000000;00000000;0000035067100;0000034739370;0000000000000;00327730;
20170321;FRC;*;F18 ;0000000000000;0000000000000;00000000;00000211;00000211;00000211;00000211;0000000000211;0000000000213;0000000000001;00000002;
20170321;FRC;*;F19 ;0000000000000;0000000000000;00000000;00000250;00000244;00000250;00000245;0000000000244;0000000000247;0000000000001;00000003;
20170321;FRC;*;F20 ;0000000000000;0000000000000;00000000;00000292;00000290;00000292;00000290;0000000000290;0000000000292;0000000000001;00000002;
20170321;FRC;*;F21 ;0000000000000;0000000000000;00000000;00000341;00000340;00000341;00000340;0000000000340;0000000000341;0000000000000;00000001;
20170321;FRC;*;F22 ;0000000000000;0000000000000;00000000;00000378;00000378;00000378;00000378;0000000000378;0000000000378;0000000000000;00000000;
20170321;FRC;*;F23 ;0000000000000;0000000000000;00000000;00000415;00000415;00000415;00000415;0000000000415;0000000000415;0000000000000;00000000;
20170321;FRC;*;F24 ;0000000000000;0000000000000;00000000;00000451;00000450;00000451;00000450;0000000000450;0000000000451;0000000000000;00000001;
20170321;FRC;*;F25 ;0000000000000;0000000000000;00000000;00000485;00000485;00000485;00000485;0000000000485;0000000000485;0000000000000;00000000;
20170321;FRC;*;F26 ;0000000000000;0000000000000;00000000;00000000;00000000;00000000;00000000;0000000000522;0000000000523;0000000000000;00000001;
20170321;FRC;*;F27 ;0000000000000;0000000000000;00000000;00000559;00000559;00000559;00000559;0000000000559;0000000000561;0000000000001;00000002;
20170321;FRC;*;F28 ;0000000000000;0000000000000;00000000;00000000;00000000;00000000;00000000;0000000000590;0000000000592;0000000000000;00000002;
20170321;FRC;*;F29 ;0000000000000;0000000000000;00000000;00000000;00000000;00000000;00000000;0000000000621;0000000000623;0000000000000;00000002;
20170321;FRC;*;F30 ;0000000000000;0000000000000;00000000;00000000;00000000;00000000;00000000;0000000000650;0000000000652;0000000000000;00000002;
20170321;FRC;*;G18 ;0000000000000;0000000000000;00000000;00000211;00000211;00000211;00000211;0000000000211;0000000000213;0000000000001;00000002;
20170321;FRC;*;H18 ;0000000000000;0000000000000;00000000;00000000;00000000;00000000;00000000;0000000000213;0000000000215;0000000000000;00000002;
20170321;FRC;*;J18 ;0000000000000;0000000000000;00000000;00000215;00000215;00000215;00000215;0000000000215;0000000000218;0000000000001;00000003;
20170321;FRC;*;J19 ;0000000000000;0000000000000;00000000;00000255;00000253;00000255;00000253;0000000000253;0000000000255;0000000000001;00000002;
20170321;FRC;*;J20 ;0000000000000;0000000000000;00000000;00000301;00000301;00000304;00000301;0000000000300;0000000000301;0000000000000;00000001;
20170321;FRC;*;J21 ;0000000000000;0000000000000;00000000;00000000;00000000;00000000;00000000;0000000000352;0000000000353;0000000000000;00000001;
20170321;FRC;*;K17 ;0000000000000;0000000000000;00000000;00000239;00000236;00000241;00000241;0000000000241;0000000000239;0000000000001;00000002;
20170321;FRC;*;M17 ;0000000000000;0000000000000;00000000;00000223;00000220;00000224;00000220;0000000000220;0000000000222;0000000000001;00000002;
20170321;FRC;*;N17 ;0000000000000;0000000000000;00000000;00000199;00000196;00000200;00000196;0000000000196;0000000000197;0000000000000;00000001;
20170321;FRC;*;N18 ;0000000000000;0000000000000;00000000;00000223;00000223;00000223;00000223;0000000000223;0000000000226;0000000000001;00000003;
20170321;FRC;*;N19 ;0000000000000;0000000000000;00000000;00000268;00000265;00000268;00000265;0000000000265;0000000000268;0000000000001;00000003;
20170321;FRC;*;N20 ;0000000000000;0000000000000;00000000;00000313;00000313;00000313;00000313;0000000000313;0000000000313;0000000000000;00000000;
20170321;FRC;*;N21 ;0000000000000;0000000000000;00000000;00000000;00000000;00000000;00000000;0000000000359;0000000000360;0000000000000;00000001;
20170321;FRC;*;Q17 ;0000000000000;0000000000000;00000000;00000210;00000206;00000210;00000206;0000000000209;0000000000211;0000000000001;00000002;
20170321;FRC;*;U17 ;0000000000000;0000000000000;00000000;00000201;00000201;00000201;00000201;0000000000201;0000000000203;0000000000001;00000002;
20170321;FRC;*;V17 ;0000000000000;0000000000000;00000000;00000206;00000206;00000206;00000206;0000000000206;0000000000208;0000000000001;00000002;
20170321;FRC;*;V18 ;0000000000000;0000000000000;00000000;00000231;00000231;00000231;00000231;0000000000231;0000000000235;0000000000002;00000004;
20170321;FRC;*;V19 ;0000000000000;0000000000000;00000000;00000280;00000275;00000280;00000275;0000000000275;0000000000280;0000000000002;00000005;
20170321;FRC;*;V20 ;0000000000000;0000000000000;00000000;00000322;00000322;00000322;00000322;0000000000322;0000000000325;0000000000001;00000003;
20170321;FRC;*;V21 ;0000000000000;0000000000000;00000000;00000367;00000367;00000367;00000367;0000000000367;0000000000367;0000000000000;00000000;
20170321;FRC;*;X17 ;0000000000000;0000000000000;00000000;00000205;00000205;00000205;00000205;0000000000205;0000000000208;0000000000001;00000003;
20170321;FRC;*;Z17 ;0000000000000;0000000000000;00000000;00000206;00000206;00000206;00000206;0000000000206;0000000000207;0000000000000;00000001;
20170321;FRO;*;F18 ;0000000000000;0000000000000;00000000;00000000;00000000;00000000;00000000;0000000000213;0000000000215;0000000000000;00000002;
20170321;FRO;*;F19 ;0000000000000;0000000000000;00000000;00000000;00000000;00000000;00000000;0000000000245;0000000000248;0000000000000;00000003;
20170321;FRO;*;F20 ;0000000000000;0000000000000;00000000;00000000;00000000;00000000;00000000;0000000000292;0000000000294;0000000000000;00000002;
20170321;FRO;*;F21 ;0000000000000;0000000000000;00000000;00000000;00000000;00000000;00000000;0000000000342;0000000000343;0000000000000;00000001;
20170321;FRO;*;F22 ;0000000000000;0000000000000;00000000;00000000;00000000;00000000;00000000;0000000000380;0000000000380;0000000000000;00000000;
20170321;FRO;*;F23 ;0000000000000;0000000000000;00000000;00000000;00000000;00000000;00000000;0000000000417;0000000000417;0000000000000;00000000;
20170321;FRO;*;F24 ;0000000000000;0000000000000;00000000;00000000;00000000;00000000;00000000;0000000000452;0000000000453;0000000000000;00000001;
20170321;FRO;*;F25 ;0000000000000;0000000000000;00000000;00000000;00000000;00000000;00000000;0000000000487;0000000000487;0000000000000;00000000;
20170321;FRO;*;F26 ;0000000000000;0000000000000;00000000;00000000;00000000;00000000;00000000;0000000000524;0000000000525;0000000000000;00000001;
20170321;FRO;*;F27 ;0000000000000;0000000000000;00000000;00000000;00000000;00000000;00000000;0000000000561;0000000000563;0000000000000;00000002;
20170321;FRO;*;F28 ;0000000000000;0000000000000;00000000;00000000;00000000;00000000;00000000;0000000000592;0000000000594;0000000000000;00000002;
20170321;FRO;*;F29 ;0000000000000;0000000000000;00000000;00000000;00000000;00000000;00000000;0000000000624;0000000000626;0000000000000;00000002;
20170321;FRO;*;F30 ;0000000000000;0000000000000;00000000;00000000;00000000;00000000;00000000;0000000000653;0000000000655;0000000000000;00000002;
20170321;FRO;*;G18 ;0000000000000;0000000000000;00000000;00000000;00000000;00000000;00000000;0000000000212;0000000000214;0000000000000;00000002;
20170321;FRO;*;H18 ;0000000000000;0000000000000;00000000;00000000;00000000;00000000;00000000;0000000000214;0000000000216;0000000000000;00000002;
20170321;FRO;*;J18 ;0000000000000;0000000000000;00000000;00000000;00000000;00000000;00000000;0000000000216;0000000000219;0000000000000;00000003;
20170321;FRO;*;J19 ;0000000000000;0000000000000;00000000;00000000;00000000;00000000;00000000;0000000000254;0000000000256;0000000000000;00000002;
20170321;FRO;*;J20 ;0000000000000;0000000000000;00000000;00000000;00000000;00000000;00000000;0000000000302;0000000000303;0000000000000;00000001;
20170321;FRO;*;J21 ;0000000000000;0000000000000;00000000;00000000;00000000;00000000;00000000;0000000000354;0000000000355;0000000000000;00000001;
20170321;FRO;*;K17 ;0000000000000;0000000000000;00000000;00000000;00000000;00000000;00000000;0000000000242;0000000000241;0000000000000;00000001;
20170321;FRO;*;M17 ;0000000000000;0000000000000;00000000;00000000;00000000;00000000;00000000;0000000000222;0000000000224;0000000000000;00000002;
20170321;FRO;*;N17 ;0000000000000;0000000000000;00000000;00000000;00000000;00000000;00000000;0000000000198;0000000000199;0000000000000;00000001;
20170321;FRO;*;N18 ;0000000000000;0000000000000;00000000;00000000;00000000;00000000;00000000;0000000000224;0000000000227;0000000000000;00000003;
20170321;FRO;*;N19 ;0000000000000;0000000000000;00000000;00000000;00000000;00000000;00000000;0000000000267;0000000000270;0000000000000;00000003;
20170321;FRO;*;N20 ;0000000000000;0000000000000;00000000;00000000;00000000;00000000;00000000;0000000000315;0000000000315;0000000000000;00000000;
20170321;FRO;*;N21 ;0000000000000;0000000000000;00000000;00000000;00000000;00000000;00000000;0000000000361;0000000000362;0000000000000;00000001;
20170321;FRO;*;Q17 ;0000000000000;0000000000000;00000000;00000000;00000000;00000000;00000000;0000000000211;0000000000213;0000000000000;00000002;
20170321;FRO;*;U17 ;0000000000000;0000000000000;00000000;00000000;00000000;00000000;00000000;0000000000203;0000000000205;0000000000000;00000002;
20170321;FRO;*;V17 ;0000000000000;0000000000000;00000000;00000000;00000000;00000000;00000000;0000000000208;0000000000210;0000000000000;00000002;
20170321;FRO;*;V18 ;0000000000000;0000000000000;00000000;00000000;00000000;00000000;00000000;0000000000232;0000000000236;0000000000000;00000004;
20170321;FRO;*;V19 ;0000000000000;0000000000000;00000000;00000000;00000000;00000000;00000000;0000000000277;0000000000282;0000000000000;00000005;
20170321;FRO;*;V20 ;0000000000000;0000000000000;00000000;00000000;00000000;00000000;00000000;0000000000324;0000000000327;0000000000000;00000003;
20170321;FRO;*;V21 ;0000000000000;0000000000000;00000000;00000000;00000000;00000000;00000000;0000000000369;0000000000369;0000000000000;00000000;
20170321;FRO;*;X17 ;0000000000000;0000000000000;00000000;00000000;00000000;00000000;00000000;0000000000207;0000000000210;0000000000000;00000003;
20170321;FRO;*;Z17 ;0000000000000;0000000000000;00000000;00000000;00000000;00000000;00000000;0000000000208;0000000000209;0000000000000;00000001;
20170321;FRP;*;FRP0;0000000000000;0000000000000;00000000;00000980;00000870;00001800;00001800;0000000000000;0000000000000;0000000000000;00000000;
20170321;FRP;*;FRP1;0000000000000;0000000000000;00000000;00000960;00000960;00000960;00000960;0000000000000;0000000000000;0000000000000;00000000;
20170321;GBP;*;J17 ;0000003376765;0000001097600;00000886;03839000;03839000;03872600;03872600;0000038635680;0000038167950;0000000163705;00467730;
20170321;GBP;*;K17 ;0000000000000;0000000000000;00000005;00000000;00000000;00000000;00000000;0000038886690;0000038417040;0000000164377;00469650;
20170321;GBP;*;M17 ;0000000000000;0000000000000;00000420;00000000;00000000;00000000;00000000;0000039209470;0000038734960;0000000166078;00474510;
20170321;HSI;*;H17 ;0000000000000;0000000000000;00000000;00000000;00000000;00000000;00000000;0000000024610;0000000024541;0000000000000;00000069;
20170321;HSI;*;J17 ;0000000000000;0000000000000;00000000;00000000;00000000;00000000;00000000;0000000024616;0000000024550;0000000000000;00000066;
20170321;IAP;*;J17 ;0000000000000;0000000000000;00000000;00000000;00000000;00000000;00000000;0000000481998;0000000482047;0000000001225;00000049;
20170321;IAP;*;K17 ;0000000000000;0000000000000;00000000;00000000;00000000;00000000;00000000;0000000484174;0000000484257;0000000000000;00000083;
20170321;IAP;*;K19 ;0000000000000;0000000000000;00000000;00000000;00000000;00000000;00000000;0000000526760;0000000527407;0000000000000;00000647;
20170321;IAP;*;K21 ;0000000000000;0000000000000;00000000;00000000;00000000;00000000;00000000;0000000578156;0000000579105;0000000000000;00000949;
20170321;IAP;*;M17 ;0000000000000;0000000000000;00000000;00000000;00000000;00000000;00000000;0000000485895;0000000485954;0000000000000;00000059;
20170321;IAP;*;Q18 ;0000000000000;0000000000000;00000000;00000000;00000000;00000000;00000000;0000000509212;0000000509569;0000000000000;00000357;
20170321;IAP;*;Q20 ;0000000000000;0000000000000;00000000;00000000;00000000;00000000;00000000;0000000559380;0000000560815;0000000000000;00001435;
20170321;IAP;*;Q22 ;0000000000000;0000000000000;00000000;00000000;00000000;00000000;00000000;0000000614063;0000000613939;0000000000000;00000124;
20170321;ICF;*;H17 ;0000000000000;0000000000000;00000107;00000000;00000000;00000000;00000000;0000000017175;0000000017240;0000000020038;00000065;
20170321;ICF;*;H18 ;0000000000000;0000000000000;00000000;00000000;00000000;00000000;00000000;0000000018835;0000000018895;0000000000000;00000060;
20170321;ICF;*;K17 ;0000000000000;0000000000000;00000102;00000000;00000000;00000000;00000000;0000000017350;0000000017420;0000000021580;00000070;
20170321;ICF;*;N17 ;0000000000000;0000000000000;00000100;00000000;00000000;00000000;00000000;0000000017585;0000000017650;0000000020038;00000065;
20170321;ICF;*;U17 ;0000011969791;0000003882640;00004485;00017920;00017775;00018000;00017820;0000000017900;0000000017895;0000000001541;00000005;
20170321;ICF;*;U18 ;0000000057804;0000000018750;00000396;00018750;00018750;00018750;00018750;0000000018650;0000000018710;0000000018497;00000060;
20170321;ICF;*;U19 ;0000000000000;0000000000000;00000168;00000000;00000000;00000000;00000000;0000000019450;0000000019495;0000000013873;00000045;
20170321;ICF;*;Z17 ;0000000000000;0000000000000;00000192;00000000;00000000;00000000;00000000;0000000018420;0000000018470;0000000015414;00000050;
20170321;ICF;*;Z18 ;0000000000000;0000000000000;00000029;00000000;00000000;00000000;00000000;0000000018805;0000000018855;0000000015414;00000050;
20170321;IGM;*;K17 ;0000000000000;0000000000000;00000000;00000000;00000000;00000000;00000000;0000000668133;0000000668267;0000000002680;00000134;
20170321;IGM;*;K19 ;0000000000000;0000000000000;00000000;00000000;00000000;00000000;00000000;0000000718223;0000000719412;0000000000000;00001189;
20170321;IGM;*;K21 ;0000000000000;0000000000000;00000000;00000000;00000000;00000000;00000000;0000000789409;0000000791140;0000000000000;00001731;
20170321;IGM;*;Q18 ;0000000000000;0000000000000;00000000;00000000;00000000;00000000;00000000;0000000695892;0000000696483;0000000000000;00000591;
20170321;IGM;*;Q20 ;0000000000000;0000000000000;00000000;00000000;00000000;00000000;00000000;0000000761426;0000000763551;0000000000000;00002125;
20170321;IND;*;G18 ;0000000000000;0000000000000;00000000;00000000;00000000;00000000;00000000;0000000067861;0000000070031;0000000000000;00002170;
20170321;IND;*;J17 ;0007910543000;0002571280026;00257337;00065350;00063160;00065520;00063175;0000000063363;0000000065372;0000000200900;00002009;
20170321;IND;*;J18 ;0000000000000;0000000000000;00000000;00000000;00000000;00000000;00000000;0000000068779;0000000070982;0000000000000;00002203;
20170321;IND;*;M17 ;0000066504000;0000021616772;00035215;00065200;00065200;00065200;00065200;0000000064383;0000000066415;0000000203200;00002032;
20170321;IND;*;M18 ;0000000000000;0000000000000;00001080;00000000;00000000;00000000;00000000;0000000069579;0000000071817;0000000223800;00002238;
20170321;IND;*;Q17 ;0000000000000;0000000000000;00002200;00000000;00000000;00000000;00000000;0000000065361;0000000067434;0000000207300;00002073;
20170321;IND;*;Q18 ;0000000000000;0000000000000;00000000;00000000;00000000;00000000;00000000;0000000070559;0000000072835;0000000000000;00002276;
20170321;IND;*;V17 ;0000039780000;0000012930278;00000950;00066300;00066300;00066300;00066300;0000000066217;0000000068324;0000000210700;00002107;
20170321;IND;*;V18 ;0000000000000;0000000000000;00000000;00000000;00000000;00000000;00000000;0000000071518;0000000073835;0000000000000;00002317;
20170321;IND;*;Z17 ;0000000000000;0000000000000;00013225;00000000;00000000;00000000;00000000;0000000067026;0000000069163;0000000213700;00002137;
20170321;IND;*;Z18 ;0000000000000;0000000000000;00000035;00000000;00000000;00000000;00000000;0000000072383;0000000074748;0000000236500;00002365;
20170321;IR1;*;J7M7;0000000000000;0000000000000;00000000;00001035;00001030;00001035;00001030;0000000000000;0000000000000;0000000000000;00000000;
20170321;ISP;*;M17 ;0000528679662;0000171487775;00002866;00237575;00233900;00237800;00234100;0000000234100;0000000237025;0000000450874;00002925;
20170321;ISP;*;U17 ;0000000000000;0000000000000;00000001;00000000;00000000;00000000;00000000;0000000233775;0000000236700;0000000450874;00002925;
20170321;ISP;*;Z17 ;0000000000000;0000000000000;00000000;00000000;00000000;00000000;00000000;0000000233575;0000000236500;0000000000000;00002925;
20170321;JPY;*;J17 ;0000144992955;0000047129191;00001686;02740200;02740200;02773400;02768000;0000027675400;0000027419200;0000000128100;00256200;
20170321;JPY;*;K17 ;0000003990080;0000001296954;00000189;02751700;02751700;02751800;02751800;0000027862500;0000027605500;0000000128500;00257000;
20170321;JPY;*;M17 ;0000137527245;0000044702501;00000000;02778200;02778200;02810500;02810500;0000028102400;0000027842600;0000000129900;00259800;
20170321;JPY;*;N17 ;0000000000000;0000000000000;00000423;00000000;00000000;00000000;00000000;0000028331200;0000028070800;0000000130200;00260400;
20170321;JSE;*;M17 ;0000000000000;0000000000000;00000000;00000000;00000000;00000000;00000000;0000000045992;0000000045992;0000000000000;00000000;
20170321;JSE;*;U17 ;0000000000000;0000000000000;00000000;00000000;00000000;00000000;00000000;0000000046337;0000000046337;0000000000000;00000000;
20170321;MIX;*;M17 ;0000000000000;0000000000000;00000000;00000000;00000000;00000000;00000000;0000000002076;0000000002075;0000000000000;00000001;
20170321;MIX;*;U17 ;0000000000000;0000000000000;00000000;00000000;00000000;00000000;00000000;0000000002077;0000000002061;0000000000000;00000016;
20170321;MXN;*;J17 ;0000000000000;0000000000000;00000670;00000000;00000000;00000000;00000000;0000016183560;0000016159430;0000000018097;00024130;
20170321;MXN;*;K17 ;0000000000000;0000000000000;00000019;00000000;00000000;00000000;00000000;0000016204830;0000016181070;0000000017820;00023760;
20170321;MXN;*;M17 ;0000000000000;0000000000000;00000000;00000000;00000000;00000000;00000000;0000016251530;0000016226970;0000000000000;00024560;
20170321;NZD;*;J17 ;0000000000000;0000000000000;00000150;00000000;00000000;00000000;00000000;0000021803860;0000021743010;0000000045637;00060850;
20170321;NZD;*;K17 ;0000000000000;0000000000000;00000000;00000000;00000000;00000000;00000000;0000021916900;0000021870190;0000000000000;00046710;
20170321;NZD;*;M17 ;0000000000000;0000000000000;00000000;00000000;00000000;00000000;00000000;0000022066190;0000022017090;0000000000000;00049100;
20170321;OC1;*;F18 ;0000000000000;0000000000000;00000000;00000000;00000000;00000000;00000000;0000009290851;0000009288946;0000000000000;00001905;
20170321;OC1;*;F19 ;0000000000000;0000000000000;00000000;00000000;00000000;00000000;00000000;0000008519766;0000008510944;0000000000000;00008822;
20170321;OC1;*;F20 ;0000000000000;0000000000000;00000000;00000000;00000000;00000000;00000000;0000007738876;0000007723921;0000000000000;00014955;
20170321;OC1;*;F21 ;0000000000000;0000000000000;00000000;00000000;00000000;00000000;00000000;0000006999584;0000006983121;0000000000000;00016463;
20170321;OC1;*;F22 ;0000000000000;0000000000000;00000000;00000000;00000000;00000000;00000000;0000006323757;0000006309185;0000000000000;00014572;
20170321;OC1;*;F23 ;0000000000000;0000000000000;00000000;00000000;00000000;00000000;00000000;0000005714289;0000005696791;0000000000000;00017498;
20170321;OC1;*;F24 ;0000000000000;0000000000000;00000000;00000000;00000000;00000000;00000000;0000005170447;0000005154995;0000000000000;00015452;
20170321;OC1;*;F25 ;0000000000000;0000000000000;00000000;00000000;00000000;00000000;00000000;0000004670376;0000004654291;0000000000000;00016085;
20170321;OC1;*;F26 ;0000000000000;0000000000000;00000000;00000000;00000000;00000000;00000000;0000004223557;0000004210436;0000000000000;00013121;
20170321;OC1;*;F27 ;0000000000000;0000000000000;00000000;00000000;00000000;00000000;00000000;0000003818860;0000003802269;0000000000000;00016591;
20170321;OC1;*;F28 ;0000000000000;0000000000000;00000000;00000000;00000000;00000000;00000000;0000003454121;0000003438567;0000000000000;00015554;
20170321;OC1;*;F29 ;0000000000000;0000000000000;00000000;00000000;00000000;00000000;00000000;0000003124828;0000003110772;0000000000000;00014056;
20170321;OC1;*;F30 ;0000000000000;0000000000000;00000000;00000000;00000000;00000000;00000000;0000002825304;0000002812481;0000000000000;00012823;
20170321;OC1;*;G18 ;0000000000000;0000000000000;00000000;00000000;00000000;00000000;00000000;0000009222086;0000009219936;0000000000000;00002150;
20170321;OC1;*;H18 ;0000000000000;0000000000000;00000000;00000000;00000000;00000000;00000000;0000009164622;0000009161640;0000000000000;00002982;
20170321;OC1;*;J17 ;0000000000000;0000000000000;00029800;00000000;00000000;00000000;00000000;0000009959131;0000009959131;0000000000000;00000000;
20170321;OC1;*;J18 ;0000000000000;0000000000000;00000000;00000000;00000000;00000000;00000000;0000009099351;0000009096755;0000000000000;00002596;
20170321;OC1;*;J19 ;0000000000000;0000000000000;00000000;00000000;00000000;00000000;00000000;0000008327079;0000008317159;0000000000000;00009920;
20170321;OC1;*;J20 ;0000000000000;0000000000000;00000000;00000000;00000000;00000000;00000000;0000007550125;0000007534174;0000000000000;00015951;
20170321;OC1;*;J21 ;0000000000000;0000000000000;00000000;00000000;00000000;00000000;00000000;0000006831937;0000006811323;0000000000000;00020614;
20170321;OC1;*;K17 ;0000000000000;0000000000000;00000000;00000000;00000000;00000000;00000000;0000009881259;0000009881129;0000000000000;00000130;
20170321;OC1;*;M17 ;0000000000000;0000000000000;00000000;00000000;00000000;00000000;00000000;0000009790153;0000009790022;0000000000000;00000131;
20170321;OC1;*;N17 ;0000000000000;0000000000000;00000000;00000000;00000000;00000000;00000000;0000009710799;0000009710383;0000000000000;00000416;
20170321;OC1;*;N18 ;0000000000000;0000000000000;00000000;00000000;00000000;00000000;00000000;0000008905845;0000008901504;0000000000000;00004341;
20170321;OC1;*;N19 ;0000000000000;0000000000000;00000000;00000000;00000000;00000000;00000000;0000008133997;0000008123021;0000000000000;00010976;
20170321;OC1;*;N20 ;0000000000000;0000000000000;00000000;00000000;00000000;00000000;00000000;0000007364233;0000007347370;0000000000000;00016863;
20170321;OC1;*;N21 ;0000000000000;0000000000000;00000000;00000000;00000000;00000000;00000000;0000006657260;0000006642327;0000000000000;00014933;
20170321;OC1;*;N22 ;0000000000000;0000000000000;00000000;00000000;00000000;00000000;00000000;0000006014899;0000005998987;0000000000000;00015912;
20170321;OC1;*;N23 ;0000000000000;0000000000000;00000000;00000000;00000000;00000000;00000000;0000005436950;0000005420386;0000000000000;00016564;
20170321;OC1;*;N24 ;0000000000000;0000000000000;00000000;00000000;00000000;00000000;00000000;0000004919811;0000004904013;0000000000000;00015798;
20170321;OC1;*;Q17 ;0000000000000;0000000000000;00000000;00000000;00000000;00000000;00000000;0000009632414;0000009632262;0000000000000;00000152;
20170321;OC1;*;U17 ;0000000000000;0000000000000;00000000;00000000;00000000;00000000;00000000;0000009551801;0000009551714;0000000000000;00000087;
20170321;OC1;*;V17 ;0000000000000;0000000000000;00000000;00000000;00000000;00000000;00000000;0000009485800;0000009484770;0000000000000;00001030;
20170321;OC1;*;V18 ;0000000000000;0000000000000;00000000;00000000;00000000;00000000;00000000;0000008708434;0000008703197;0000000000000;00005237;
20170321;OC1;*;V19 ;0000000000000;0000000000000;00000000;00000000;00000000;00000000;00000000;0000007932009;0000007915427;0000000000000;00016582;
20170321;OC1;*;V20 ;0000000000000;0000000000000;00000000;00000000;00000000;00000000;00000000;0000007176503;0000007153912;0000000000000;00022591;
20170321;OC1;*;V21 ;0000000000000;0000000000000;00000000;00000000;00000000;00000000;00000000;0000006489706;0000006471582;0000000000000;00018124;
20170321;OC1;*;X17 ;0000000000000;0000000000000;00000000;00000000;00000000;00000000;00000000;0000009416567;0000009415350;0000000000000;00001217;
20170321;OC1;*;Z17 ;0000000000000;0000000000000;00000000;00000000;00000000;00000000;00000000;0000009353648;0000009352137;0000000000000;00001511;
20170321;OZ1;*;0000;0000000454495;0000000147731;00000000;00121800;00121000;00121800;00121000;0000000121320;0000000121416;0000000000000;00000000;
20170321;OZ1;*;J17 ;0000000000000;0000000000000;00000000;00000000;00000000;00000000;00000000;0000000121441;0000000121496;0000000000000;00000055;
20170321;OZ1;*;K17 ;0000000000000;0000000000000;00000000;00000000;00000000;00000000;00000000;0000000122399;0000000122456;0000000000000;00000057;
20170321;OZ2;*;0000;0000000102616;0000000033355;00000000;00119002;00119000;00122999;00122999;0000000122285;0000000121380;0000000000000;00002499;
20170321;OZ3;*;0000;0000000006111;0000000001986;00000000;00121500;00121000;00121500;00121500;0000000121257;0000000120626;0000000000000;00000500;
20170321;SCS;*;J703;0000000000000;0000000000000;00194220;00000000;00000000;00000000;00000000;0000000000000;0000000000000;0000000000000;00000000;
20170321;SCS;*;K702;0000000000000;0000000000000;00127785;00000000;00000000;00000000;00000000;0000000000000;0000000000000;0000000000000;00000000;
20170321;SCS;*;M701;0000000000000;0000000000000;00026000;00000000;00000000;00000000;00000000;0000000000000;0000000000000;0000000000000;00000000;
20170321;SCS;*;N703;0000000000000;0000000000000;00091470;00000000;00000000;00000000;00000000;0000000000000;0000000000000;0000000000000;00000000;
20170321;SFI;*;K17 ;0000000000000;0000000000000;00000000;00000000;00000000;00000000;00000000;0000000002142;0000000002138;0000000000000;00000004;
20170321;SFI;*;N17 ;0000000000000;0000000000000;00000000;00000000;00000000;00000000;00000000;0000000002164;0000000002159;0000000000000;00000005;
20170321;SFI;*;X17 ;0000000000000;0000000000000;00000000;00000000;00000000;00000000;00000000;0000000002129;0000000002119;0000000000000;00000010;
20170321;SJC;*;F18 ;0000000000000;0000000000000;00000000;00000000;00000000;00000000;00000000;0000000221175;0000000220128;0000000000000;00001047;
20170321;SJC;*;H18 ;0000000000000;0000000000000;00000000;00000000;00000000;00000000;00000000;0000000221781;0000000220679;0000000000000;00001102;
20170321;SJC;*;K17 ;0000002451784;0000000795285;00001194;00002200;00002200;00002220;00002203;0000000220789;0000000220348;0000000006118;00000441;
20170321;SJC;*;K18 ;0000000000000;0000000000000;00000000;00000000;00000000;00000000;00000000;0000000222388;0000000221285;0000000000000;00001103;
20170321;SJC;*;N17 ;0000001543793;0000000500760;00000198;00002222;00002220;00002232;00002232;0000000223049;0000000222553;0000000006881;00000496;
20170321;SJC;*;Q17 ;0000000000000;0000000000000;00000000;00000000;00000000;00000000;00000000;0000000223490;0000000222884;0000000000000;00000606;
20170321;SJC;*;U17 ;0000000000000;0000000000000;00000000;00000000;00000000;00000000;00000000;0000000221616;0000000220734;0000000000000;00000882;
20170321;SJC;*;X17 ;0000000061109;0000000019822;00000448;00002205;00002200;00002205;00002200;0000000220073;0000000219026;0000000014525;00001047;
20170321;TRY;*;J17 ;0000000000000;0000000000000;00000040;00000000;00000000;00000000;00000000;0000008488920;0000008484070;0000000003637;00004850;
20170321;TRY;*;K17 ;0000000000000;0000000000000;00000000;00000000;00000000;00000000;00000000;0000008472680;0000008466740;0000000000000;00005940;
20170321;TRY;*;M17 ;0000000000000;0000000000000;00000000;00000000;00000000;00000000;00000000;0000008458030;0000008449240;0000000000000;00008790;
20170321;T10;*;M17 ;0000055040068;0000017890482;00002781;00124126;00124126;00124374;00124297;0000001242812;0000001240000;0000000086511;00002812;
20170321;T10;*;U17 ;0000000000000;0000000000000;00000000;00000000;00000000;00000000;00000000;0000001237343;0000001234062;0000000000000;00003281;
20170321;WDO;*;F18 ;0000000000000;0000000000000;00000000;00000000;00000000;00000000;00000000;0000032658770;0000032553450;0000000000000;00105320;
20170321;WDO;*;F19 ;0000000000000;0000000000000;00000000;00000000;00000000;00000000;00000000;0000034680360;0000034586710;0000000000000;00093650;
20170321;WDO;*;F20 ;0000000000000;0000000000000;00000000;00000000;00000000;00000000;00000000;0000036849070;0000036781110;0000000000000;00067960;
20170321;WDO;*;F21 ;0000000000000;0000000000000;00000000;00000000;00000000;00000000;00000000;0000038975270;0000038920310;0000000000000;00054960;
20170321;WDO;*;F25 ;0000000000000;0000000000000;00000000;00000000;00000000;00000000;00000000;0000047746580;0000047739890;0000000000000;00006690;
20170321;WDO;*;G18 ;0000000000000;0000000000000;00000000;00000000;00000000;00000000;00000000;0000032846490;0000032740600;0000000000000;00105890;
20170321;WDO;*;H18 ;0000000000000;0000000000000;00000000;00000000;00000000;00000000;00000000;0000032992130;0000032889430;0000000000000;00102700;
20170321;WDO;*;J17 ;0019157989115;0006227202703;00039069;03081500;03070500;03104500;03098500;0000030960020;0000030859080;0000000010094;00100940;
20170321;WDO;*;J18 ;0000000000000;0000000000000;00000000;00000000;00000000;00000000;00000000;0000033159500;0000033050110;0000000000000;00109390;
20170321;WDO;*;J19 ;0000000000000;0000000000000;00000000;00000000;00000000;00000000;00000000;0000035217110;0000035131100;0000000000000;00086010;
20170321;WDO;*;K17 ;0000006371825;0000002071128;00000201;03100000;03090000;03123500;03120000;0000031143010;0000031042430;0000000010058;00100580;
20170321;WDO;*;M17 ;0000000000000;0000000000000;00000001;00000000;00000000;00000000;00000000;0000031380370;0000031277300;0000000010307;00103070;
20170321;WDO;*;N17 ;0000000000000;0000000000000;00000001;00000000;00000000;00000000;00000000;0000031594050;0000031491310;0000000010274;00102740;
20170321;WDO;*;N18 ;0000000000000;0000000000000;00000000;00000000;00000000;00000000;00000000;0000033667860;0000033559530;0000000000000;00108330;
20170321;WDO;*;N19 ;0000000000000;0000000000000;00000000;00000000;00000000;00000000;00000000;0000035743360;0000035645660;0000000000000;00097700;
20170321;WDO;*;N21 ;0000000000000;0000000000000;00000000;00000000;00000000;00000000;00000000;0000040082320;0000040026750;0000000000000;00055570;
20170321;WDO;*;Q17 ;0000000000000;0000000000000;00000000;00000000;00000000;00000000;00000000;0000031787510;0000031682150;0000000000000;00105360;
20170321;WDO;*;U17 ;0000000444220;0000000144391;00000000;03173000;03173000;03173000;03173000;0000032008610;0000031901020;0000000010759;00107590;
20170321;WDO;*;V17 ;0000000000000;0000000000000;00000000;00000000;00000000;00000000;00000000;0000032167730;0000032063030;0000000000000;00104700;
20170321;WDO;*;V18 ;0000000000000;0000000000000;00000000;00000000;00000000;00000000;00000000;0000034198210;0000034090850;0000000000000;00107360;
20170321;WDO;*;V19 ;0000000000000;0000000000000;00000000;00000000;00000000;00000000;00000000;0000036328460;0000036244840;0000000000000;00083620;
20170321;WDO;*;X17 ;0000000000000;0000000000000;00000000;00000000;00000000;00000000;00000000;0000032350300;0000032243260;0000000000000;00107040;
20170321;WDO;*;Z17 ;0000000000000;0000000000000;00000000;00000000;00000000;00000000;00000000;0000032511410;0000032407300;0000000000000;00104110;
20170321;WEU;*;J17 ;0000000000000;0000000000000;00000000;00000000;00000000;00000000;00000000;0000033453300;0000033138590;0000000000000;00314710;
20170321;WEU;*;K17 ;0000000000000;0000000000000;00000000;00000000;00000000;00000000;00000000;0000033688700;0000033372880;0000000000000;00315820;
20170321;WEU;*;M17 ;0000000000000;0000000000000;00000000;00000000;00000000;00000000;00000000;0000033988440;0000033669010;0000000000000;00319430;
20170321;WEU;*;N17 ;0000000000000;0000000000000;00000000;00000000;00000000;00000000;00000000;0000034275670;0000033953330;0000000000000;00322340;
20170321;WEU;*;V17 ;0000000000000;0000000000000;00000000;00000000;00000000;00000000;00000000;0000035067100;0000034739370;0000000000000;00327730;
20170321;WIN;*;G18 ;0000000000000;0000000000000;00000000;00000000;00000000;00000000;00000000;0000000067861;0000000070031;0000000000000;00002170;
20170321;WIN;*;J17 ;0014425687232;0004688993087;00064247;00065385;00063155;00065530;00063190;0000000063363;0000000065372;0000000040180;00002009;
20170321;WIN;*;J18 ;0000000000000;0000000000000;00000000;00000000;00000000;00000000;00000000;0000000068779;0000000070982;0000000000000;00002203;
20170321;WIN;*;M17 ;0000000103382;0000000033604;00000018;00064745;00064535;00064745;00064535;0000000064383;0000000066415;0000000040640;00002032;
20170321;WIN;*;M18 ;0000000000000;0000000000000;00000000;00000000;00000000;00000000;00000000;0000000069579;0000000071817;0000000000000;00002238;
20170321;WIN;*;Q17 ;0000000000000;0000000000000;00000000;00000000;00000000;00000000;00000000;0000000065361;0000000067434;0000000000000;00002073;
20170321;WIN;*;Q18 ;0000000000000;0000000000000;00000000;00000000;00000000;00000000;00000000;0000000070559;0000000072835;0000000000000;00002276;
20170321;WIN;*;V17 ;0000000000000;0000000000000;00000000;00000000;00000000;00000000;00000000;0000000066217;0000000068324;0000000000000;00002107;
20170321;WIN;*;V18 ;0000000000000;0000000000000;00000000;00000000;00000000;00000000;00000000;0000000071518;0000000073835;0000000000000;00002317;
20170321;WIN;*;Z17 ;0000000000000;0000000000000;00000000;00000000;00000000;00000000;00000000;0000000067026;0000000069163;0000000000000;00002137;
20170321;WIN;*;Z18 ;0000000000000;0000000000000;00000000;00000000;00000000;00000000;00000000;0000000072383;0000000074748;0000000000000;00002365;
20170321;WTI;*;J17 ;0000001936955;0000000628290;00000243;00004833;00004833;00004833;00004833;0000000004734;0000000004822;0000000027129;00000088;
20170321;WTI;*;K17 ;0000001965811;0000000637650;00000530;00004905;00004905;00004905;00004905;0000000004824;0000000004891;0000000020655;00000067;
20170321;WTI;*;M17 ;0000000000000;0000000000000;00000100;00000000;00000000;00000000;00000000;0000000004882;0000000004944;0000000019113;00000062;
20170321;ZAR;*;J17 ;0000000000000;0000000000000;00000123;00000000;00000000;00000000;00000000;0000024385790;0000024328950;0000000019894;00056840;
20170321;ZAR;*;K17 ;0000000861217;0000000279934;00000010;02460600;02460600;02460700;02460700;0000024406750;0000024371300;0000000012407;00035450;
20170321;ZAR;*;M17 ;0000000863583;0000000280703;00000000;02467300;02467300;02467400;02467400;0000024455940;0000024421910;0000000011910;00034030;
