Data;Código do Contrato;Pregão;Vencimento;Volume(R$);Volume(U$);Número de contas em Aberto;Preço de Abertura;Preço Mínimo;Preço Máximo;Último Preço;Preço de Ajuste Atual; Preço de Ajuste Anterior;Valor de Ajuste por Contrato;Variação
20170322;AUD;*;J17 ;0000004278600;0000001382915;00001839;02377000;02377000;02377000;02377000;0000023797680;0000023839160;0000000024888;00041480;
20170322;AUD;*;K17 ;0000000000000;0000000000000;00000000;00000000;00000000;00000000;00000000;0000023925490;0000023966110;0000000000000;00040620;
20170322;AUD;*;M17 ;0000001444500;0000000466886;00000510;02407500;02407500;02407500;02407500;0000024093270;0000024132320;0000000023430;00039050;
20170322;BGI;*;F18 ;0000000000000;0000000000000;00000002;00000000;00000000;00000000;00000000;0000000014152;0000000014228;0000000025080;00000076;
20170322;BGI;*;H17 ;0000020018403;0000006489158;00001408;00014220;00014061;00014220;00014061;0000000014061;0000000014205;0000000047520;00000144;
20170322;BGI;*;J17 ;0000003557400;0000001153165;00000119;00014000;00014000;00014000;00014000;0000000013911;0000000014004;0000000030690;00000093;
20170322;BGI;*;K17 ;0000134644963;0000043646460;00006321;00013888;00013800;00013920;00013815;0000000013814;0000000013906;0000000030360;00000092;
20170322;BGI;*;M17 ;0000000000000;0000000000000;00000004;00000000;00000000;00000000;00000000;0000000013907;0000000013996;0000000029370;00000089;
20170322;BGI;*;N17 ;0000000000000;0000000000000;00000002;00000000;00000000;00000000;00000000;0000000013991;0000000014076;0000000028050;00000085;
20170322;BGI;*;Q17 ;0000000000000;0000000000000;00000000;00000000;00000000;00000000;00000000;0000000014078;0000000014159;0000000000000;00000081;
20170322;BGI;*;U17 ;0000000000000;0000000000000;00000000;00000000;00000000;00000000;00000000;0000000014152;0000000014231;0000000000000;00000079;
20170322;BGI;*;V17 ;0000035878326;0000011630304;00001968;00014310;00014207;00014310;00014230;0000000014230;0000000014306;0000000025080;00000076;
20170322;BGI;*;X17 ;0000000047028;0000000015245;00000020;00014251;00014251;00014251;00014251;0000000014249;0000000014325;0000000025080;00000076;
20170322;BGI;*;Z17 ;0000000000000;0000000000000;00000038;00000000;00000000;00000000;00000000;0000000014235;0000000014311;0000000025080;00000076;
20170322;BRI;*;J17 ;0000000106230;0000000034335;00000722;00010623;00010623;00010623;00010623;0000000010621;0000000010534;0000000087000;00000087;
20170322;BRI;*;M17 ;0000000000000;0000000000000;00000000;00000000;00000000;00000000;00000000;0000000010796;0000000010708;0000000000000;00000088;
20170322;BSE;*;H17 ;0000000000000;0000000000000;00000000;00000000;00000000;00000000;00000000;0000000029225;0000000029551;0000000000000;00000326;
20170322;BSE;*;J17 ;0000000000000;0000000000000;00000000;00000000;00000000;00000000;00000000;0000000029427;0000000029755;0000000000000;00000328;
20170322;CAD;*;J17 ;0000006958800;0000002249200;00001685;02316000;02316000;02325000;02325000;0000023235650;0000023204530;0000000018672;00031120;
20170322;CAD;*;K17 ;0000000000000;0000000000000;00000000;00000000;00000000;00000000;00000000;0000023378930;0000023351720;0000000000000;00027210;
20170322;CAD;*;M17 ;0000003538980;0000001143857;00000360;02360000;02356600;02360000;02356600;0000023569860;0000023539420;0000000018264;00030440;
20170322;CCM;*;F18 ;0000000686520;0000000222542;00000150;00002910;00002900;00002950;00002900;0000000002911;0000000003009;0000000044100;00000098;
20170322;CCM;*;F19 ;0000000000000;0000000000000;00000000;00000000;00000000;00000000;00000000;0000000002546;0000000002634;0000000000000;00000088;
20170322;CCM;*;H18 ;0000000119340;0000000038685;00000057;00002900;00002900;00002960;00002940;0000000002911;0000000003009;0000000044100;00000098;
20170322;CCM;*;H19 ;0000000000000;0000000000000;00000000;00000000;00000000;00000000;00000000;0000000002437;0000000002521;0000000000000;00000084;
20170322;CCM;*;K17 ;0000041462712;0000013440537;00008863;00003002;00002865;00003002;00002875;0000000002871;0000000002997;0000000056700;00000126;
20170322;CCM;*;K18 ;0000000000000;0000000000000;00000000;00000000;00000000;00000000;00000000;0000000002652;0000000002741;0000000000000;00000089;
20170322;CCM;*;K19 ;0000000000000;0000000000000;00000000;00000000;00000000;00000000;00000000;0000000002333;0000000002414;0000000000000;00000081;
20170322;CCM;*;N17 ;0000000000000;0000000000000;00000000;00000000;00000000;00000000;00000000;0000000002815;0000000002924;0000000000000;00000109;
20170322;CCM;*;N18 ;0000000000000;0000000000000;00000000;00000000;00000000;00000000;00000000;0000000002533;0000000002619;0000000000000;00000086;
20170322;CCM;*;U17 ;0000044530560;0000014435009;00012563;00002850;00002747;00002850;00002758;0000000002758;0000000002850;0000000041400;00000092;
20170322;CCM;*;U18 ;0000000000000;0000000000000;00000000;00000000;00000000;00000000;00000000;0000000002418;0000000002500;0000000000000;00000082;
20170322;CCM;*;X17 ;0000000524785;0000000170114;00000454;00002884;00002800;00002884;00002805;0000000002836;0000000002931;0000000042750;00000095;
20170322;CCM;*;X18 ;0000000000000;0000000000000;00000000;00000000;00000000;00000000;00000000;0000000002480;0000000002565;0000000000000;00000085;
20170322;CHF;*;J17 ;0000000000000;0000000000000;00000184;00000000;00000000;00000000;00000000;0000031276940;0000031149970;0000000063485;00126970;
20170322;CHF;*;K17 ;0000000000000;0000000000000;00000000;00000000;00000000;00000000;00000000;0000031517690;0000031397330;0000000000000;00120360;
20170322;CHF;*;M17 ;0000000000000;0000000000000;00000000;00000000;00000000;00000000;00000000;0000031828140;0000031700320;0000000000000;00127820;
20170322;CLP;*;J17 ;0000000000000;0000000000000;00000062;00000000;00000000;00000000;00000000;0000046778000;0000046963000;0000000046250;00185000;
20170322;CLP;*;K17 ;0000000000000;0000000000000;00000000;00000000;00000000;00000000;00000000;0000047048000;0000047201000;0000000000000;00153000;
20170322;CLP;*;M17 ;0000000000000;0000000000000;00000775;00000000;00000000;00000000;00000000;0000047328000;0000047485000;0000000039250;00157000;
20170322;CNY;*;J17 ;0000000000000;0000000000000;00000175;00000000;00000000;00000000;00000000;0000045007240;0000044881030;0000000044173;00126210;
20170322;CNY;*;K17 ;0000000000000;0000000000000;00000000;00000000;00000000;00000000;00000000;0000045163040;0000045011860;0000000000000;00151180;
20170322;CNY;*;M17 ;0000000000000;0000000000000;00000000;00000000;00000000;00000000;00000000;0000045360390;0000045219780;0000000000000;00140610;
20170322;CR1;*;U7Z7;0000000000000;0000000000000;00000000;00000000;00000000;00000000;00000000;0000000000000;0000000000000;0000000000000;00000000;
20170322;DAP;*;F18 ;0000000000000;0000000000000;00000000;00000000;00000000;00000000;00000000;0000009562538;0000009563089;0000000000000;00000551;
20170322;DAP;*;J17 ;0000000000000;0000000000000;00000085;00000000;00000000;00000000;00000000;0000009940435;0000009940726;0000000000350;00000291;
20170322;DAP;*;K17 ;0000060188063;0000019453784;00026613;00000696;00000695;00000696;00000695;0000009908014;0000009906661;0000000001627;00001353;
20170322;DAP;*;K19 ;0000048789189;0000015769478;00044955;00000502;00000502;00000502;00000502;0000009012373;0000009013817;0000000001737;00001444;
20170322;DAP;*;K21 ;0000004878659;0000001576864;00011665;00000521;00000521;00000521;00000521;0000008113883;0000008118312;0000000005328;00004429;
20170322;DAP;*;K23 ;0000000000000;0000000000000;00011735;00000000;00000000;00000000;00000000;0000007310483;0000007307342;0000000003778;00003141;
20170322;DAP;*;M17 ;0000000000000;0000000000000;00000000;00000000;00000000;00000000;00000000;0000009850786;0000009850645;0000000000000;00000141;
20170322;DAP;*;Q18 ;0000045970409;0000014858402;00040535;00000520;00000520;00000520;00000520;0000009320143;0000009319105;0000000001248;00001038;
20170322;DAP;*;Q20 ;0000056901888;0000018391638;00003010;00000511;00000511;00000512;00000512;0000008439508;0000008446265;0000000008128;00006757;
20170322;DAP;*;Q22 ;0000001370766;0000000443054;00028830;00000525;00000525;00000525;00000525;0000007596268;0000007601301;0000000006054;00005033;
20170322;DAP;*;Q24 ;0000000000000;0000000000000;00005853;00000000;00000000;00000000;00000000;0000006864934;0000006875599;0000000012830;00010665;
20170322;DAP;*;Q26 ;0000000000000;0000000000000;00001355;00000000;00000000;00000000;00000000;0000006175049;0000006181479;0000000007735;00006430;
20170322;DAP;*;Q30 ;0000000000000;0000000000000;00000235;00000000;00000000;00000000;00000000;0000005104281;0000005118043;0000000016555;00013762;
20170322;DCO;*;F18 ;0000000000000;0000000000000;00000000;00000000;00000000;00000000;00000000;0000009885341;0000009866880;0000000000000;00018461;
20170322;DCO;*;F19 ;0000000000000;0000000000000;00000000;00000000;00000000;00000000;00000000;0000009635822;0000009609236;0000000000000;00026586;
20170322;DCO;*;F20 ;0000000000000;0000000000000;00000000;00000000;00000000;00000000;00000000;0000009289517;0000009272439;0000000000000;00017078;
20170322;DCO;*;F21 ;0000000000000;0000000000000;00000000;00000000;00000000;00000000;00000000;0000008892367;0000008870436;0000000000000;00021931;
20170322;DCO;*;F22 ;0000000000000;0000000000000;00000000;00000000;00000000;00000000;00000000;0000008487531;0000008474949;0000000000000;00012582;
20170322;DCO;*;F23 ;0000000000000;0000000000000;00000000;00000000;00000000;00000000;00000000;0000008080155;0000008064501;0000000000000;00015654;
20170322;DCO;*;F24 ;0000000000000;0000000000000;00000000;00000000;00000000;00000000;00000000;0000007672051;0000007655448;0000000000000;00016603;
20170322;DCO;*;F25 ;0000000000000;0000000000000;00000000;00000000;00000000;00000000;00000000;0000007267929;0000007252007;0000000000000;00015922;
20170322;DCO;*;F26 ;0000000000000;0000000000000;00000000;00000000;00000000;00000000;00000000;0000006862759;0000006844648;0000000000000;00018111;
20170322;DCO;*;F27 ;0000000000000;0000000000000;00000000;00000000;00000000;00000000;00000000;0000006463399;0000006448118;0000000000000;00015281;
20170322;DCO;*;F28 ;0000000000000;0000000000000;00000000;00000000;00000000;00000000;00000000;0000006109463;0000006093249;0000000000000;00016214;
20170322;DCO;*;F29 ;0000000000000;0000000000000;00000000;00000000;00000000;00000000;00000000;0000005766776;0000005750158;0000000000000;00016618;
20170322;DCO;*;F30 ;0000000000000;0000000000000;00000000;00000000;00000000;00000000;00000000;0000005448902;0000005435994;0000000000000;00012908;
20170322;DCO;*;G18 ;0000000000000;0000000000000;00000000;00000000;00000000;00000000;00000000;0000009870044;0000009850895;0000000000000;00019149;
20170322;DCO;*;H18 ;0000000000000;0000000000000;00000000;00000000;00000000;00000000;00000000;0000009853123;0000009832951;0000000000000;00020172;
20170322;DCO;*;J17 ;0000000000000;0000000000000;00000000;00000000;00000000;00000000;00000000;0000010040329;0000010026836;0000000000000;00013493;
20170322;DCO;*;J18 ;0000000000000;0000000000000;00000000;00000000;00000000;00000000;00000000;0000009832605;0000009812484;0000000000000;00020121;
20170322;DCO;*;J19 ;0000000000000;0000000000000;00000000;00000000;00000000;00000000;00000000;0000009563582;0000009537392;0000000000000;00026190;
20170322;DCO;*;J20 ;0000000000000;0000000000000;00000000;00000000;00000000;00000000;00000000;0000009202708;0000009183664;0000000000000;00019044;
20170322;DCO;*;J21 ;0000000000000;0000000000000;00000000;00000000;00000000;00000000;00000000;0000008789648;0000008767919;0000000000000;00021729;
20170322;DCO;*;K17 ;0000000000000;0000000000000;00000000;00000000;00000000;00000000;00000000;0000010021228;0000010007288;0000000000000;00013940;
20170322;DCO;*;M17 ;0000000000000;0000000000000;00000000;00000000;00000000;00000000;00000000;0000010005328;0000009990456;0000000000000;00014872;
20170322;DCO;*;N17 ;0000000000000;0000000000000;00000000;00000000;00000000;00000000;00000000;0000009992852;0000009976899;0000000000000;00015953;
20170322;DCO;*;N18 ;0000000000000;0000000000000;00000000;00000000;00000000;00000000;00000000;0000009773067;0000009751171;0000000000000;00021896;
20170322;DCO;*;N19 ;0000000000000;0000000000000;00000000;00000000;00000000;00000000;00000000;0000009477153;0000009453531;0000000000000;00023622;
20170322;DCO;*;N20 ;0000000000000;0000000000000;00000000;00000000;00000000;00000000;00000000;0000009101231;0000009083529;0000000000000;00017702;
20170322;DCO;*;N21 ;0000000000000;0000000000000;00000000;00000000;00000000;00000000;00000000;0000008694703;0000008676583;0000000000000;00018120;
20170322;DCO;*;Q17 ;0000000000000;0000000000000;00000000;00000000;00000000;00000000;00000000;0000009974399;0000009956941;0000000000000;00017458;
20170322;DCO;*;U17 ;0000000000000;0000000000000;00000000;00000000;00000000;00000000;00000000;0000009960314;0000009942269;0000000000000;00018045;
20170322;DCO;*;V17 ;0000000000000;0000000000000;00000000;00000000;00000000;00000000;00000000;0000009941072;0000009922570;0000000000000;00018502;
20170322;DCO;*;V18 ;0000000000000;0000000000000;00000000;00000000;00000000;00000000;00000000;0000009708078;0000009685356;0000000000000;00022722;
20170322;DCO;*;V19 ;0000000000000;0000000000000;00000000;00000000;00000000;00000000;00000000;0000009390850;0000009369628;0000000000000;00021222;
20170322;DCO;*;V20 ;0000000000000;0000000000000;00000000;00000000;00000000;00000000;00000000;0000009009634;0000008993936;0000000000000;00015698;
20170322;DCO;*;V21 ;0000000000000;0000000000000;00000000;00000000;00000000;00000000;00000000;0000008601090;0000008583778;0000000000000;00017312;
20170322;DCO;*;X17 ;0000000000000;0000000000000;00000000;00000000;00000000;00000000;00000000;0000009923435;0000009906022;0000000000000;00017413;
20170322;DCO;*;Z17 ;0000000000000;0000000000000;00000000;00000000;00000000;00000000;00000000;0000009906341;0000009888798;0000000000000;00017543;
20170322;DDI;*;F18 ;0000121601256;0000039303551;00270449;00000151;00000151;00000151;00000151;0000009886117;0000009868419;0000000027223;00017698;
20170322;DDI;*;F19 ;0000000000000;0000000000000;00115517;00000000;00000000;00000000;00000000;0000009637501;0000009610894;0000000040928;00026607;
20170322;DDI;*;F20 ;0000000000000;0000000000000;00094605;00000000;00000000;00000000;00000000;0000009294391;0000009277270;0000000026336;00017121;
20170322;DDI;*;F21 ;0000000000000;0000000000000;00109091;00000000;00000000;00000000;00000000;0000008898451;0000008876459;0000000033829;00021992;
20170322;DDI;*;F22 ;0000000000000;0000000000000;00038784;00000000;00000000;00000000;00000000;0000008494533;0000008481895;0000000019440;00012638;
20170322;DDI;*;F23 ;0000000000000;0000000000000;00030376;00000000;00000000;00000000;00000000;0000008087823;0000008072100;0000000024185;00015723;
20170322;DDI;*;F24 ;0000000000000;0000000000000;00027345;00000000;00000000;00000000;00000000;0000007680159;0000007663481;0000000025654;00016678;
20170322;DDI;*;F25 ;0000000000000;0000000000000;00018125;00000000;00000000;00000000;00000000;0000007276282;0000007260282;0000000024612;00016000;
20170322;DDI;*;F26 ;0000000000000;0000000000000;00014530;00000000;00000000;00000000;00000000;0000006871163;0000006852966;0000000027991;00018197;
20170322;DDI;*;F27 ;0000000000000;0000000000000;00010350;00000000;00000000;00000000;00000000;0000006471707;0000006456345;0000000023630;00015362;
20170322;DDI;*;F28 ;0000000000000;0000000000000;00000110;00000000;00000000;00000000;00000000;0000006117642;0000006101343;0000000025071;00016299;
20170322;DDI;*;F29 ;0000000000000;0000000000000;00000000;00000000;00000000;00000000;00000000;0000005778729;0000005761983;0000000000000;00016746;
20170322;DDI;*;F30 ;0000000000000;0000000000000;00000500;00000000;00000000;00000000;00000000;0000005460478;0000005447460;0000000020024;00013018;
20170322;DDI;*;G18 ;0000000000000;0000000000000;00019840;00000000;00000000;00000000;00000000;0000009870900;0000009851738;0000000029475;00019162;
20170322;DDI;*;H18 ;0000000000000;0000000000000;00005070;00000000;00000000;00000000;00000000;0000009854051;0000009833866;0000000031049;00020185;
20170322;DDI;*;J17 ;0000000154935;0000000050078;00578974;00002151;00002151;00002151;00002151;0000010040396;0000010026865;0000000020814;00013531;
20170322;DDI;*;J18 ;0000000000000;0000000000000;00065849;00000000;00000000;00000000;00000000;0000009833615;0000009813480;0000000030972;00020135;
20170322;DDI;*;J19 ;0000000000000;0000000000000;00043819;00000000;00000000;00000000;00000000;0000009565462;0000009539249;0000000040322;00026213;
20170322;DDI;*;J20 ;0000000000000;0000000000000;00025685;00000000;00000000;00000000;00000000;0000009207915;0000009188823;0000000029368;00019092;
20170322;DDI;*;J21 ;0000000000000;0000000000000;00005397;00000000;00000000;00000000;00000000;0000008795967;0000008774174;0000000033523;00021793;
20170322;DDI;*;K17 ;0000000000000;0000000000000;00444690;00000000;00000000;00000000;00000000;0000010021457;0000010007398;0000000021626;00014059;
20170322;DDI;*;M17 ;0000000000000;0000000000000;00159133;00000000;00000000;00000000;00000000;0000010005723;0000009990846;0000000022884;00014877;
20170322;DDI;*;N17 ;0000000000000;0000000000000;00384527;00000000;00000000;00000000;00000000;0000009993424;0000009977464;0000000024550;00015960;
20170322;DDI;*;N18 ;0000000000000;0000000000000;00043399;00000000;00000000;00000000;00000000;0000009774306;0000009752394;0000000033706;00021912;
20170322;DDI;*;N19 ;0000000000000;0000000000000;00056274;00000000;00000000;00000000;00000000;0000009481302;0000009457638;0000000036401;00023664;
20170322;DDI;*;N20 ;0000000000000;0000000000000;00034285;00000000;00000000;00000000;00000000;0000009106742;0000009088991;0000000027305;00017751;
20170322;DDI;*;N21 ;0000000000000;0000000000000;00004457;00000000;00000000;00000000;00000000;0000008701268;0000008683088;0000000027965;00018180;
20170322;DDI;*;Q17 ;0000000000000;0000000000000;00104794;00000000;00000000;00000000;00000000;0000009975129;0000009957663;0000000026867;00017466;
20170322;DDI;*;U17 ;0000000000000;0000000000000;00056870;00000000;00000000;00000000;00000000;0000009961212;0000009943159;0000000027770;00018053;
20170322;DDI;*;V17 ;0000000000000;0000000000000;00134217;00000000;00000000;00000000;00000000;0000009942137;0000009923624;0000000028477;00018513;
20170322;DDI;*;V18 ;0000000000000;0000000000000;00051748;00000000;00000000;00000000;00000000;0000009709539;0000009686799;0000000034979;00022740;
20170322;DDI;*;V19 ;0000000000000;0000000000000;00033364;00000000;00000000;00000000;00000000;0000009395374;0000009374109;0000000032710;00021265;
20170322;DDI;*;V20 ;0000000000000;0000000000000;00023660;00000000;00000000;00000000;00000000;0000009015450;0000008999704;0000000024221;00015746;
20170322;DDI;*;V21 ;0000000000000;0000000000000;00002072;00000000;00000000;00000000;00000000;0000008607893;0000008590519;0000000026725;00017374;
20170322;DDI;*;X17 ;0000000000000;0000000000000;00029189;00000000;00000000;00000000;00000000;0000009924661;0000009907235;0000000026805;00017426;
20170322;DDI;*;Z17 ;0000000000000;0000000000000;00030230;00000000;00000000;00000000;00000000;0000009907726;0000009890169;0000000027007;00017557;
20170322;DDM;*;K17 ;0000000000000;0000000000000;00000000;00000000;00000000;00000000;00000000;0000009911199;0000009912228;0000000000000;00001029;
20170322;DDM;*;K19 ;0000000000000;0000000000000;00000000;00000000;00000000;00000000;00000000;0000008909104;0000008910953;0000000000000;00001849;
20170322;DDM;*;K21 ;0000000000000;0000000000000;00000000;00000000;00000000;00000000;00000000;0000008033122;0000008034845;0000000000000;00001723;
20170322;DDM;*;K25 ;0000000000000;0000000000000;00000000;00000000;00000000;00000000;00000000;0000006516001;0000006522406;0000000000000;00006405;
20170322;DDM;*;Q18 ;0000000000000;0000000000000;00000000;00000000;00000000;00000000;00000000;0000009231014;0000009235140;0000000000000;00004126;
20170322;DDM;*;Q20 ;0000000000000;0000000000000;00000000;00000000;00000000;00000000;00000000;0000008344282;0000008346056;0000000000000;00001774;
20170322;DI1;*;F18 ;0010193013627;0003294551740;02639883;00010000;00009955;00010000;00009960;0000009295463;0000009296185;0000000000722;00000722;
20170322;DI1;*;F19 ;0017326446252;0005600195951;01715714;00009510;00009510;00009580;00009520;0000008518173;0000008525837;0000000007664;00007664;
20170322;DI1;*;F20 ;0005267163816;0001702435055;01239314;00009780;00009730;00009810;00009750;0000007729239;0000007745521;0000000016282;00016282;
20170322;DI1;*;F21 ;0012470197103;0004030575359;01491592;00009970;00009950;00010050;00009990;0000006989292;0000007006604;0000000017312;00017312;
20170322;DI1;*;F22 ;0000338765462;0000109494638;00091951;00010200;00010130;00010220;00010160;0000006311704;0000006331285;0000000019581;00019581;
20170322;DI1;*;F23 ;0002466015498;0000797057273;00679163;00010260;00010230;00010320;00010270;0000005700701;0000005721966;0000000021265;00021265;
20170322;DI1;*;F24 ;0000000257392;0000000083193;00047075;00010350;00010350;00010350;00010350;0000005154148;0000005178179;0000000024031;00024031;
20170322;DI1;*;F25 ;0001075264043;0000347543244;00533979;00010380;00010340;00010430;00010380;0000004658106;0000004678085;0000000019979;00019979;
20170322;DI1;*;F26 ;0000002736287;0000000884414;00061788;00010420;00010360;00010420;00010370;0000004212490;0000004231182;0000000018692;00018692;
20170322;DI1;*;F27 ;0000593676469;0000191886121;00320924;00010470;00010400;00010500;00010460;0000003799170;0000003826338;0000000027168;00027168;
20170322;DI1;*;F28 ;0000000000000;0000000000000;00000010;00000000;00000000;00000000;00000000;0000003434365;0000003461414;0000000027049;00027049;
20170322;DI1;*;F29 ;0000000000000;0000000000000;00003310;00000000;00000000;00000000;00000000;0000003105212;0000003131901;0000000026689;00026689;
20170322;DI1;*;F30 ;0000000000000;0000000000000;00000170;00000000;00000000;00000000;00000000;0000002805986;0000002832130;0000000026144;00026144;
20170322;DI1;*;G18 ;0000001383840;0000000447280;00018720;00009860;00009860;00009860;00009860;0000009225960;0000009227434;0000000001474;00001474;
20170322;DI1;*;H18 ;0000001375273;0000000444511;00009120;00009800;00009800;00009800;00009800;0000009168490;0000009170033;0000000001543;00001543;
20170322;DI1;*;J17 ;0004513568099;0001458860370;01887693;00012120;00012120;00012131;00012130;0000009963720;0000009963720;0000000000000;00000000;
20170322;DI1;*;J18 ;0001297130008;0000419254019;00581923;00009750;00009720;00009760;00009730;0000009103210;0000009104834;0000000001624;00001624;
20170322;DI1;*;J19 ;0000191888354;0000062021511;00304287;00009590;00009580;00009600;00009580;0000008324914;0000008333307;0000000008393;00008393;
20170322;DI1;*;J20 ;0000003768801;0000001218139;00073663;00009840;00009840;00009840;00009840;0000007537602;0000007556877;0000000019275;00019275;
20170322;DI1;*;J21 ;0000001704405;0000000550892;00025710;00010040;00010040;00010040;00010040;0000006816380;0000006839278;0000000022898;00022898;
20170322;DI1;*;K17 ;0010604143661;0003427435813;00263451;00011765;00011756;00011770;00011760;0000009885942;0000009885929;0000000000013;00000013;
20170322;DI1;*;M17 ;0000469178582;0000151646331;00243389;00011490;00011490;00011491;00011491;0000009794960;0000009794927;0000000000033;00000033;
20170322;DI1;*;N17 ;0020346326216;0006576271443;02768584;00011135;00011110;00011140;00011120;0000009715541;0000009715649;0000000000108;00000108;
20170322;DI1;*;N18 ;0002604126077;0000841696912;00700908;00009600;00009580;00009630;00009600;0000008908670;0000008911539;0000000002869;00002869;
20170322;DI1;*;N19 ;0000701621464;0000226775741;00445572;00009670;00009610;00009690;00009630;0000008131278;0000008140371;0000000009093;00009093;
20170322;DI1;*;N20 ;0002418368290;0000781656902;00994361;00009930;00009880;00009960;00009890;0000007353028;0000007371077;0000000018049;00018049;
20170322;DI1;*;N21 ;0000006980149;0000002256100;00055245;00010100;00010060;00010100;00010090;0000006646172;0000006664664;0000000018492;00018492;
20170322;DI1;*;N22 ;0000000000000;0000000000000;00004150;00000000;00000000;00000000;00000000;0000006002033;0000006022513;0000000020480;00020480;
20170322;DI1;*;N23 ;0000000000000;0000000000000;00003135;00000000;00000000;00000000;00000000;0000005422136;0000005444666;0000000022530;00022530;
20170322;DI1;*;N24 ;0000000000000;0000000000000;00001550;00000000;00000000;00000000;00000000;0000004905292;0000004927541;0000000022249;00022249;
20170322;DI1;*;Q17 ;0000097811787;0000031614398;00124668;00010920;00010915;00010920;00010915;0000009637558;0000009637355;0000000000203;00000203;
20170322;DI1;*;U17 ;0000957102439;0000309351446;00042508;00010650;00010640;00010650;00010640;0000009557503;0000009556845;0000000000658;00000658;
20170322;DI1;*;V17 ;0003488691728;0001127603261;00695419;00010435;00010410;00010440;00010420;0000009490763;0000009490888;0000000000125;00000125;
20170322;DI1;*;V18 ;0000572578474;0000185066897;00597163;00009560;00009530;00009580;00009540;0000008709892;0000008714326;0000000004434;00004434;
20170322;DI1;*;V19 ;0000183853091;0000059424381;00057503;00009720;00009680;00009720;00009700;0000007925101;0000007938528;0000000013427;00013427;
20170322;DI1;*;V20 ;0000041887783;0000013538829;00046193;00009980;00009960;00009980;00009960;0000007164527;0000007183441;0000000018914;00018914;
20170322;DI1;*;V21 ;0000000323639;0000000104606;00015457;00010130;00010130;00010130;00010130;0000006472798;0000006497182;0000000024384;00024384;
20170322;DI1;*;X17 ;0000544099132;0000175861900;00028002;00010240;00010240;00010240;00010240;0000009421473;0000009421739;0000000000266;00000266;
20170322;DI1;*;Z17 ;0000199801711;0000064579240;00022590;00010080;00010080;00010080;00010080;0000009358453;0000009358902;0000000000449;00000449;
20170322;DOL;*;F18 ;0000000000000;0000000000000;00003870;00000000;00000000;00000000;00000000;0000032719880;0000032658770;0000000030555;00061110;
20170322;DOL;*;F19 ;0000000000000;0000000000000;00000000;00000000;00000000;00000000;00000000;0000034807670;0000034680360;0000000000000;00127310;
20170322;DOL;*;F20 ;0000000000000;0000000000000;00000000;00000000;00000000;00000000;00000000;0000036994830;0000036849070;0000000000000;00145760;
20170322;DOL;*;F21 ;0000000000000;0000000000000;00003100;00000000;00000000;00000000;00000000;0000039168610;0000038975270;0000000096670;00193340;
20170322;DOL;*;F25 ;0000000000000;0000000000000;00000000;00000000;00000000;00000000;00000000;0000048057040;0000047746580;0000000000000;00310460;
20170322;DOL;*;G18 ;0000000000000;0000000000000;00000000;00000000;00000000;00000000;00000000;0000032915620;0000032846490;0000000000000;00069130;
20170322;DOL;*;H18 ;0000000000000;0000000000000;00000000;00000000;00000000;00000000;00000000;0000033065410;0000032992130;0000000000000;00073280;
20170322;DOL;*;J17 ;0048296345875;0015610183223;00541954;03112000;03090500;03119000;03095500;0000031001750;0000030960020;0000000020865;00041730;
20170322;DOL;*;J18 ;0000000000000;0000000000000;00000000;00000000;00000000;00000000;00000000;0000033233460;0000033159500;0000000000000;00073960;
20170322;DOL;*;J19 ;0000000000000;0000000000000;00000050;00000000;00000000;00000000;00000000;0000035349490;0000035217110;0000000066190;00132380;
20170322;DOL;*;K17 ;0000021074250;0000006811549;00016950;03133000;03110000;03133000;03120000;0000031186720;0000031143010;0000000021855;00043710;
20170322;DOL;*;M17 ;0000033832750;0000010935308;00004770;03151000;03145000;03151000;03145000;0000031426980;0000031380370;0000000023305;00046610;
20170322;DOL;*;N17 ;0000029327125;0000009479015;00032770;03170500;03170500;03170500;03170500;0000031644940;0000031594050;0000000025445;00050890;
20170322;DOL;*;N18 ;0000000000000;0000000000000;00000620;00000000;00000000;00000000;00000000;0000033754370;0000033667860;0000000043255;00086510;
20170322;DOL;*;N19 ;0000000000000;0000000000000;00000400;00000000;00000000;00000000;00000000;0000035872870;0000035743360;0000000064755;00129510;
20170322;DOL;*;N21 ;0000000000000;0000000000000;00000000;00000000;00000000;00000000;00000000;0000040278000;0000040082320;0000000000000;00195680;
20170322;DOL;*;Q17 ;0000000000000;0000000000000;00002905;00000000;00000000;00000000;00000000;0000031842590;0000031787510;0000000027540;00055080;
20170322;DOL;*;U17 ;0000000000000;0000000000000;00000860;00000000;00000000;00000000;00000000;0000032064520;0000032008610;0000000027955;00055910;
20170322;DOL;*;V17 ;0000000000000;0000000000000;00001035;00000000;00000000;00000000;00000000;0000032228160;0000032167730;0000000030215;00060430;
20170322;DOL;*;V18 ;0000000000000;0000000000000;00000000;00000000;00000000;00000000;00000000;0000034295950;0000034198210;0000000000000;00097740;
20170322;DOL;*;V19 ;0000000000000;0000000000000;00000000;00000000;00000000;00000000;00000000;0000036472560;0000036328460;0000000000000;00144100;
20170322;DOL;*;X17 ;0000000000000;0000000000000;00000090;00000000;00000000;00000000;00000000;0000032408120;0000032350300;0000000028910;00057820;
20170322;DOL;*;Z17 ;0000000000000;0000000000000;00000000;00000000;00000000;00000000;00000000;0000032570680;0000032511410;0000000000000;00059270;
20170322;DR1;*;J7K7;0000000000000;0000000000000;00000000;00018400;00018400;00018550;00018550;0000000000000;0000000000000;0000000000000;00000000;
20170322;ETH;*;H17 ;0000003045900;0000000987358;00000779;00161000;00161000;00162000;00162000;0000000160000;0000000159000;0000000030000;00001000;
20170322;ETH;*;J17 ;0000000000000;0000000000000;00000050;00000000;00000000;00000000;00000000;0000000147250;0000000147250;0000000000000;00000000;
20170322;ETH;*;K17 ;0000000000000;0000000000000;00000105;00000000;00000000;00000000;00000000;0000000148000;0000000148000;0000000000000;00000000;
20170322;ETH;*;M17 ;0000000000000;0000000000000;00000200;00000000;00000000;00000000;00000000;0000000155000;0000000155000;0000000000000;00000000;
20170322;ETH;*;N17 ;0000000000000;0000000000000;00000185;00000000;00000000;00000000;00000000;0000000156000;0000000156000;0000000000000;00000000;
20170322;ETH;*;Q17 ;0000000000000;0000000000000;00000185;00000000;00000000;00000000;00000000;0000000157000;0000000157000;0000000000000;00000000;
20170322;ETH;*;U17 ;0000000000000;0000000000000;00000000;00000000;00000000;00000000;00000000;0000000163000;0000000163000;0000000000000;00000000;
20170322;ETH;*;V17 ;0000000000000;0000000000000;00000000;00000000;00000000;00000000;00000000;0000000163000;0000000163000;0000000000000;00000000;
20170322;ETH;*;X17 ;0000000000000;0000000000000;00000000;00000000;00000000;00000000;00000000;0000000163000;0000000163000;0000000000000;00000000;
20170322;ETH;*;Z17 ;0000000000000;0000000000000;00000000;00000000;00000000;00000000;00000000;0000000165000;0000000165000;0000000000000;00000000;
20170322;EUR;*;J17 ;0000004195925;0000001356193;00011998;03356700;03356700;03356900;03356900;0000033487830;0000033453300;0000000017265;00034530;
20170322;EUR;*;K17 ;0000000000000;0000000000000;00000180;00000000;00000000;00000000;00000000;0000033725350;0000033688700;0000000018325;00036650;
20170322;EUR;*;M17 ;0000001701700;0000000550018;00000735;03403400;03403400;03403400;03403400;0000034028480;0000033988440;0000000020020;00040040;
20170322;EUR;*;N17 ;0000000000000;0000000000000;00003190;00000000;00000000;00000000;00000000;0000034319930;0000034275670;0000000022130;00044260;
20170322;EUR;*;V17 ;0000000000000;0000000000000;00000000;00000000;00000000;00000000;00000000;0000035122970;0000035067100;0000000000000;00055870;
20170322;FRC;*;F18 ;0000000000000;0000000000000;00000000;00000211;00000204;00000211;00000205;0000000000205;0000000000211;0000000000003;00000006;
20170322;FRC;*;F19 ;0000000000000;0000000000000;00000000;00000240;00000236;00000240;00000236;0000000000236;0000000000244;0000000000004;00000008;
20170322;FRC;*;F20 ;0000000000000;0000000000000;00000000;00000290;00000288;00000290;00000288;0000000000288;0000000000290;0000000000001;00000002;
20170322;FRC;*;F21 ;0000000000000;0000000000000;00000000;00000340;00000335;00000340;00000337;0000000000337;0000000000340;0000000000001;00000003;
20170322;FRC;*;F22 ;0000000000000;0000000000000;00000000;00000372;00000372;00000377;00000377;0000000000377;0000000000378;0000000000000;00000001;
20170322;FRC;*;F23 ;0000000000000;0000000000000;00000000;00000000;00000000;00000000;00000000;0000000000414;0000000000415;0000000000000;00000001;
20170322;FRC;*;F24 ;0000000000000;0000000000000;00000000;00000000;00000000;00000000;00000000;0000000000449;0000000000450;0000000000000;00000001;
20170322;FRC;*;F25 ;0000000000000;0000000000000;00000000;00000483;00000483;00000483;00000483;0000000000483;0000000000485;0000000000001;00000002;
20170322;FRC;*;F26 ;0000000000000;0000000000000;00000000;00000000;00000000;00000000;00000000;0000000000520;0000000000522;0000000000000;00000002;
20170322;FRC;*;F27 ;0000000000000;0000000000000;00000000;00000554;00000554;00000554;00000554;0000000000557;0000000000559;0000000000001;00000002;
20170322;FRC;*;F28 ;0000000000000;0000000000000;00000000;00000000;00000000;00000000;00000000;0000000000588;0000000000590;0000000000000;00000002;
20170322;FRC;*;F29 ;0000000000000;0000000000000;00000000;00000000;00000000;00000000;00000000;0000000000619;0000000000621;0000000000000;00000002;
20170322;FRC;*;F30 ;0000000000000;0000000000000;00000000;00000000;00000000;00000000;00000000;0000000000648;0000000000650;0000000000000;00000002;
20170322;FRC;*;G18 ;0000000000000;0000000000000;00000000;00000211;00000203;00000211;00000203;0000000000203;0000000000211;0000000000004;00000008;
20170322;FRC;*;H18 ;0000000000000;0000000000000;00000000;00000000;00000000;00000000;00000000;0000000000205;0000000000213;0000000000000;00000008;
20170322;FRC;*;J18 ;0000000000000;0000000000000;00000000;00000215;00000208;00000215;00000208;0000000000208;0000000000215;0000000000003;00000007;
20170322;FRC;*;J19 ;0000000000000;0000000000000;00000000;00000253;00000253;00000253;00000253;0000000000246;0000000000253;0000000000003;00000007;
20170322;FRC;*;J20 ;0000000000000;0000000000000;00000000;00000300;00000300;00000300;00000300;0000000000298;0000000000300;0000000000001;00000002;
20170322;FRC;*;J21 ;0000000000000;0000000000000;00000000;00000000;00000000;00000000;00000000;0000000000349;0000000000352;0000000000000;00000003;
20170322;FRC;*;K17 ;0000000000000;0000000000000;00000000;00000243;00000234;00000243;00000235;0000000000235;0000000000241;0000000000003;00000006;
20170322;FRC;*;M17 ;0000000000000;0000000000000;00000000;00000220;00000211;00000220;00000211;0000000000211;0000000000220;0000000000004;00000009;
20170322;FRC;*;N17 ;0000000000000;0000000000000;00000000;00000198;00000186;00000198;00000196;0000000000186;0000000000196;0000000000005;00000010;
20170322;FRC;*;N18 ;0000000000000;0000000000000;00000000;00000215;00000215;00000216;00000216;0000000000215;0000000000223;0000000000004;00000008;
20170322;FRC;*;N19 ;0000000000000;0000000000000;00000000;00000259;00000259;00000259;00000259;0000000000259;0000000000265;0000000000003;00000006;
20170322;FRC;*;N20 ;0000000000000;0000000000000;00000000;00000312;00000311;00000312;00000311;0000000000311;0000000000313;0000000000001;00000002;
20170322;FRC;*;N21 ;0000000000000;0000000000000;00000000;00000000;00000000;00000000;00000000;0000000000357;0000000000359;0000000000000;00000002;
20170322;FRC;*;Q17 ;0000000000000;0000000000000;00000000;00000196;00000196;00000196;00000196;0000000000196;0000000000209;0000000000006;00000013;
20170322;FRC;*;U17 ;0000000000000;0000000000000;00000000;00000190;00000190;00000190;00000190;0000000000190;0000000000201;0000000000005;00000011;
20170322;FRC;*;V17 ;0000000000000;0000000000000;00000000;00000202;00000196;00000206;00000196;0000000000196;0000000000206;0000000000005;00000010;
20170322;FRC;*;V18 ;0000000000000;0000000000000;00000000;00000231;00000225;00000231;00000225;0000000000225;0000000000231;0000000000003;00000006;
20170322;FRC;*;V19 ;0000000000000;0000000000000;00000000;00000275;00000275;00000275;00000275;0000000000271;0000000000275;0000000000002;00000004;
20170322;FRC;*;V20 ;0000000000000;0000000000000;00000000;00000000;00000000;00000000;00000000;0000000000320;0000000000322;0000000000000;00000002;
20170322;FRC;*;V21 ;0000000000000;0000000000000;00000000;00000000;00000000;00000000;00000000;0000000000365;0000000000367;0000000000000;00000002;
20170322;FRC;*;X17 ;0000000000000;0000000000000;00000000;00000205;00000198;00000205;00000198;0000000000198;0000000000205;0000000000003;00000007;
20170322;FRC;*;Z17 ;0000000000000;0000000000000;00000000;00000204;00000202;00000204;00000202;0000000000199;0000000000206;0000000000003;00000007;
20170322;FRO;*;F18 ;0000000000000;0000000000000;00000000;00000000;00000000;00000000;00000000;0000000000206;0000000000213;0000000000000;00000007;
20170322;FRO;*;F19 ;0000000000000;0000000000000;00000000;00000000;00000000;00000000;00000000;0000000000237;0000000000245;0000000000000;00000008;
20170322;FRO;*;F20 ;0000000000000;0000000000000;00000000;00000000;00000000;00000000;00000000;0000000000290;0000000000292;0000000000000;00000002;
20170322;FRO;*;F21 ;0000000000000;0000000000000;00000000;00000000;00000000;00000000;00000000;0000000000339;0000000000342;0000000000000;00000003;
20170322;FRO;*;F22 ;0000000000000;0000000000000;00000000;00000000;00000000;00000000;00000000;0000000000379;0000000000380;0000000000000;00000001;
20170322;FRO;*;F23 ;0000000000000;0000000000000;00000000;00000000;00000000;00000000;00000000;0000000000416;0000000000417;0000000000000;00000001;
20170322;FRO;*;F24 ;0000000000000;0000000000000;00000000;00000000;00000000;00000000;00000000;0000000000451;0000000000452;0000000000000;00000001;
20170322;FRO;*;F25 ;0000000000000;0000000000000;00000000;00000000;00000000;00000000;00000000;0000000000485;0000000000487;0000000000000;00000002;
20170322;FRO;*;F26 ;0000000000000;0000000000000;00000000;00000000;00000000;00000000;00000000;0000000000522;0000000000524;0000000000000;00000002;
20170322;FRO;*;F27 ;0000000000000;0000000000000;00000000;00000000;00000000;00000000;00000000;0000000000559;0000000000561;0000000000000;00000002;
20170322;FRO;*;F28 ;0000000000000;0000000000000;00000000;00000000;00000000;00000000;00000000;0000000000590;0000000000592;0000000000000;00000002;
20170322;FRO;*;F29 ;0000000000000;0000000000000;00000000;00000000;00000000;00000000;00000000;0000000000622;0000000000624;0000000000000;00000002;
20170322;FRO;*;F30 ;0000000000000;0000000000000;00000000;00000000;00000000;00000000;00000000;0000000000651;0000000000653;0000000000000;00000002;
20170322;FRO;*;G18 ;0000000000000;0000000000000;00000000;00000000;00000000;00000000;00000000;0000000000204;0000000000212;0000000000000;00000008;
20170322;FRO;*;H18 ;0000000000000;0000000000000;00000000;00000000;00000000;00000000;00000000;0000000000206;0000000000214;0000000000000;00000008;
20170322;FRO;*;J18 ;0000000000000;0000000000000;00000000;00000000;00000000;00000000;00000000;0000000000209;0000000000216;0000000000000;00000007;
20170322;FRO;*;J19 ;0000000000000;0000000000000;00000000;00000000;00000000;00000000;00000000;0000000000247;0000000000254;0000000000000;00000007;
20170322;FRO;*;J20 ;0000000000000;0000000000000;00000000;00000000;00000000;00000000;00000000;0000000000300;0000000000302;0000000000000;00000002;
20170322;FRO;*;J21 ;0000000000000;0000000000000;00000000;00000000;00000000;00000000;00000000;0000000000351;0000000000354;0000000000000;00000003;
20170322;FRO;*;K17 ;0000000000000;0000000000000;00000000;00000000;00000000;00000000;00000000;0000000000236;0000000000242;0000000000000;00000006;
20170322;FRO;*;M17 ;0000000000000;0000000000000;00000000;00000000;00000000;00000000;00000000;0000000000213;0000000000222;0000000000000;00000009;
20170322;FRO;*;N17 ;0000000000000;0000000000000;00000000;00000000;00000000;00000000;00000000;0000000000188;0000000000198;0000000000000;00000010;
20170322;FRO;*;N18 ;0000000000000;0000000000000;00000000;00000000;00000000;00000000;00000000;0000000000216;0000000000224;0000000000000;00000008;
20170322;FRO;*;N19 ;0000000000000;0000000000000;00000000;00000000;00000000;00000000;00000000;0000000000261;0000000000267;0000000000000;00000006;
20170322;FRO;*;N20 ;0000000000000;0000000000000;00000000;00000000;00000000;00000000;00000000;0000000000313;0000000000315;0000000000000;00000002;
20170322;FRO;*;N21 ;0000000000000;0000000000000;00000000;00000000;00000000;00000000;00000000;0000000000359;0000000000361;0000000000000;00000002;
20170322;FRO;*;Q17 ;0000000000000;0000000000000;00000000;00000000;00000000;00000000;00000000;0000000000198;0000000000211;0000000000000;00000013;
20170322;FRO;*;U17 ;0000000000000;0000000000000;00000000;00000000;00000000;00000000;00000000;0000000000192;0000000000203;0000000000000;00000011;
20170322;FRO;*;V17 ;0000000000000;0000000000000;00000000;00000000;00000000;00000000;00000000;0000000000198;0000000000208;0000000000000;00000010;
20170322;FRO;*;V18 ;0000000000000;0000000000000;00000000;00000000;00000000;00000000;00000000;0000000000226;0000000000232;0000000000000;00000006;
20170322;FRO;*;V19 ;0000000000000;0000000000000;00000000;00000000;00000000;00000000;00000000;0000000000273;0000000000277;0000000000000;00000004;
20170322;FRO;*;V20 ;0000000000000;0000000000000;00000000;00000000;00000000;00000000;00000000;0000000000322;0000000000324;0000000000000;00000002;
20170322;FRO;*;V21 ;0000000000000;0000000000000;00000000;00000000;00000000;00000000;00000000;0000000000367;0000000000369;0000000000000;00000002;
20170322;FRO;*;X17 ;0000000000000;0000000000000;00000000;00000000;00000000;00000000;00000000;0000000000200;0000000000207;0000000000000;00000007;
20170322;FRO;*;Z17 ;0000000000000;0000000000000;00000000;00000000;00000000;00000000;00000000;0000000000201;0000000000208;0000000000000;00000007;
20170322;FRP;*;FRP0;0000000000000;0000000000000;00000000;00000890;00000860;00000890;00000880;0000000000000;0000000000000;0000000000000;00000000;
20170322;FRP;*;FRP1;0000000000000;0000000000000;00000000;00000850;00000850;00000850;00000850;0000000000000;0000000000000;0000000000000;00000000;
20170322;GBP;*;J17 ;0000000000000;0000000000000;00000886;00000000;00000000;00000000;00000000;0000038718020;0000038635680;0000000028819;00082340;
20170322;GBP;*;K17 ;0000000000000;0000000000000;00000005;00000000;00000000;00000000;00000000;0000038971740;0000038886690;0000000029767;00085050;
20170322;GBP;*;M17 ;0000029106332;0000009407651;00000420;03927200;03922400;03927200;03922500;0000039298010;0000039209470;0000000030989;00088540;
20170322;HSI;*;H17 ;0000000000000;0000000000000;00000000;00000000;00000000;00000000;00000000;0000000024302;0000000024610;0000000000000;00000308;
20170322;HSI;*;J17 ;0000000000000;0000000000000;00000000;00000000;00000000;00000000;00000000;0000000024310;0000000024616;0000000000000;00000306;
20170322;IAP;*;J17 ;0000000000000;0000000000000;00000000;00000000;00000000;00000000;00000000;0000000481982;0000000481998;0000000000400;00000016;
20170322;IAP;*;K17 ;0000000000000;0000000000000;00000000;00000000;00000000;00000000;00000000;0000000484146;0000000484174;0000000000000;00000028;
20170322;IAP;*;K19 ;0000000000000;0000000000000;00000000;00000000;00000000;00000000;00000000;0000000527127;0000000526760;0000000000000;00000367;
20170322;IAP;*;K21 ;0000000000000;0000000000000;00000000;00000000;00000000;00000000;00000000;0000000579620;0000000578156;0000000000000;00001464;
20170322;IAP;*;M17 ;0000000000000;0000000000000;00000000;00000000;00000000;00000000;00000000;0000000485902;0000000485895;0000000000000;00000007;
20170322;IAP;*;Q18 ;0000000000000;0000000000000;00000000;00000000;00000000;00000000;00000000;0000000509416;0000000509212;0000000000000;00000204;
20170322;IAP;*;Q20 ;0000000000000;0000000000000;00000000;00000000;00000000;00000000;00000000;0000000560356;0000000559380;0000000000000;00000976;
20170322;IAP;*;Q22 ;0000000000000;0000000000000;00000000;00000000;00000000;00000000;00000000;0000000615799;0000000614063;0000000000000;00001736;
20170322;ICF;*;H17 ;0000000000000;0000000000000;00000000;00000000;00000000;00000000;00000000;0000000016775;0000000017175;0000000123396;00000400;
20170322;ICF;*;H18 ;0000000000000;0000000000000;00000000;00000000;00000000;00000000;00000000;0000000018440;0000000018835;0000000000000;00000395;
20170322;ICF;*;K17 ;0000000000000;0000000000000;00000102;00000000;00000000;00000000;00000000;0000000016950;0000000017350;0000000123396;00000400;
20170322;ICF;*;N17 ;0000000000000;0000000000000;00000100;00000000;00000000;00000000;00000000;0000000017180;0000000017585;0000000124938;00000405;
20170322;ICF;*;U17 ;0000018626410;0000006037930;00004540;00017800;00017420;00017830;00017490;0000000017455;0000000017900;0000000137278;00000445;
20170322;ICF;*;U18 ;0000002512990;0000000814610;00000396;00018650;00018330;00018650;00018330;0000000018260;0000000018650;0000000120311;00000390;
20170322;ICF;*;U19 ;0000000000000;0000000000000;00000168;00000000;00000000;00000000;00000000;0000000018995;0000000019450;0000000140362;00000455;
20170322;ICF;*;Z17 ;0000000220725;0000000071550;00000192;00017850;00017850;00018000;00018000;0000000018015;0000000018420;0000000124938;00000405;
20170322;ICF;*;Z18 ;0000000000000;0000000000000;00000029;00000000;00000000;00000000;00000000;0000000018405;0000000018805;0000000123396;00000400;
20170322;IGM;*;K17 ;0000000000000;0000000000000;00000000;00000000;00000000;00000000;00000000;0000000668062;0000000668133;0000000001420;00000071;
20170322;IGM;*;K19 ;0000000000000;0000000000000;00000000;00000000;00000000;00000000;00000000;0000000718825;0000000718223;0000000000000;00000602;
20170322;IGM;*;K21 ;0000000000000;0000000000000;00000000;00000000;00000000;00000000;00000000;0000000791736;0000000789409;0000000000000;00002327;
20170322;IGM;*;Q18 ;0000000000000;0000000000000;00000000;00000000;00000000;00000000;00000000;0000000695850;0000000695892;0000000000000;00000042;
20170322;IGM;*;Q20 ;0000000000000;0000000000000;00000000;00000000;00000000;00000000;00000000;0000000763182;0000000761426;0000000000000;00001756;
20170322;IND;*;G18 ;0000000000000;0000000000000;00000000;00000000;00000000;00000000;00000000;0000000068402;0000000067861;0000000000000;00000541;
20170322;IND;*;J17 ;0006152202075;0001988494158;00264530;00062895;00062650;00064145;00063750;0000000063858;0000000063363;0000000049500;00000495;
20170322;IND;*;J18 ;0000000000000;0000000000000;00000000;00000000;00000000;00000000;00000000;0000000069331;0000000068779;0000000000000;00000552;
20170322;IND;*;M17 ;0000034877000;0000011272827;00043155;00064000;00064000;00064800;00064800;0000000064898;0000000064383;0000000051500;00000515;
20170322;IND;*;M18 ;0000000000000;0000000000000;00001080;00000000;00000000;00000000;00000000;0000000070143;0000000069579;0000000056400;00000564;
20170322;IND;*;Q17 ;0000000000000;0000000000000;00002200;00000000;00000000;00000000;00000000;0000000065868;0000000065361;0000000050700;00000507;
20170322;IND;*;Q18 ;0000000000000;0000000000000;00000000;00000000;00000000;00000000;00000000;0000000071139;0000000070559;0000000000000;00000580;
20170322;IND;*;V17 ;0000000000000;0000000000000;00001550;00000000;00000000;00000000;00000000;0000000066758;0000000066217;0000000054100;00000541;
20170322;IND;*;V18 ;0000000000000;0000000000000;00000000;00000000;00000000;00000000;00000000;0000000072118;0000000071518;0000000000000;00000600;
20170322;IND;*;Z17 ;0000078521500;0000025379456;00013225;00067600;00067300;00067600;00067300;0000000067553;0000000067026;0000000052700;00000527;
20170322;IND;*;Z18 ;0000000000000;0000000000000;00000035;00000000;00000000;00000000;00000000;0000000073008;0000000072383;0000000062500;00000625;
20170322;IR1;*;J7M7;0000000000000;0000000000000;00000000;00001031;00001031;00001040;00001040;0000000000000;0000000000000;0000000000000;00000000;
20170322;IR1;*;J7V7;0000000000000;0000000000000;00000000;00002900;00002900;00002900;00002900;0000000000000;0000000000000;0000000000000;00000000;
20170322;ISP;*;M17 ;0000186385685;0000060418712;00002930;00234000;00233375;00234725;00234250;0000000234225;0000000234100;0000000019280;00000125;
20170322;ISP;*;U17 ;0000000000000;0000000000000;00000001;00000000;00000000;00000000;00000000;0000000233900;0000000233775;0000000019280;00000125;
20170322;ISP;*;Z17 ;0000000000000;0000000000000;00000000;00000000;00000000;00000000;00000000;0000000233675;0000000233575;0000000000000;00000100;
20170322;JPY;*;J17 ;0000002097675;0000000678003;00000756;02802700;02790000;02802700;02790000;0000027956700;0000027675400;0000000140650;00281300;
20170322;JPY;*;K17 ;0000000000000;0000000000000;00000160;00000000;00000000;00000000;00000000;0000028146900;0000027862500;0000000142200;00284400;
20170322;JPY;*;M17 ;0000003550500;0000001147581;00000979;02842400;02839900;02842400;02839900;0000028391600;0000028102400;0000000144600;00289200;
20170322;JPY;*;N17 ;0000029402965;0000009503528;00000423;02868500;02868500;02868600;02868600;0000028626600;0000028331200;0000000147700;00295400;
20170322;JSE;*;M17 ;0000000000000;0000000000000;00000000;00000000;00000000;00000000;00000000;0000000045338;0000000045992;0000000000000;00000654;
20170322;JSE;*;U17 ;0000000000000;0000000000000;00000000;00000000;00000000;00000000;00000000;0000000045683;0000000046337;0000000000000;00000654;
20170322;MIX;*;M17 ;0000000000000;0000000000000;00000000;00000000;00000000;00000000;00000000;0000000002094;0000000002076;0000000000000;00000018;
20170322;MIX;*;U17 ;0000000000000;0000000000000;00000000;00000000;00000000;00000000;00000000;0000000002076;0000000002077;0000000000000;00000001;
20170322;MXN;*;J17 ;0000001211250;0000000391496;00000670;01615000;01615000;01615000;01615000;0000016201830;0000016183560;0000000013702;00018270;
20170322;MXN;*;K17 ;0000002331547;0000000753595;00000019;01636100;01636100;01636200;01636200;0000016224210;0000016204830;0000000014535;00019380;
20170322;MXN;*;M17 ;0000002338027;0000000755689;00000000;01640700;01640700;01640800;01640800;0000016272260;0000016251530;0000000015547;00020730;
20170322;NZD;*;J17 ;0000000000000;0000000000000;00000150;00000000;00000000;00000000;00000000;0000021881780;0000021803860;0000000058440;00077920;
20170322;NZD;*;K17 ;0000000000000;0000000000000;00000000;00000000;00000000;00000000;00000000;0000021998150;0000021916900;0000000000000;00081250;
20170322;NZD;*;M17 ;0000000000000;0000000000000;00000000;00000000;00000000;00000000;00000000;0000022148560;0000022066190;0000000000000;00082370;
20170322;OC1;*;F18 ;0000000000000;0000000000000;00000000;00000000;00000000;00000000;00000000;0000009294421;0000009295079;0000000000000;00000658;
20170322;OC1;*;F19 ;0000000000000;0000000000000;00000000;00000000;00000000;00000000;00000000;0000008515981;0000008523643;0000000000000;00007662;
20170322;OC1;*;F20 ;0000000000000;0000000000000;00000000;00000000;00000000;00000000;00000000;0000007726124;0000007742398;0000000000000;00016274;
20170322;OC1;*;F21 ;0000000000000;0000000000000;00000000;00000000;00000000;00000000;00000000;0000006985230;0000007002770;0000000000000;00017540;
20170322;OC1;*;F22 ;0000000000000;0000000000000;00000000;00000000;00000000;00000000;00000000;0000006307071;0000006326635;0000000000000;00019564;
20170322;OC1;*;F23 ;0000000000000;0000000000000;00000000;00000000;00000000;00000000;00000000;0000005695646;0000005716890;0000000000000;00021244;
20170322;OC1;*;F24 ;0000000000000;0000000000000;00000000;00000000;00000000;00000000;00000000;0000005148797;0000005172800;0000000000000;00024003;
20170322;OC1;*;F25 ;0000000000000;0000000000000;00000000;00000000;00000000;00000000;00000000;0000004652549;0000004672501;0000000000000;00019952;
20170322;OC1;*;F26 ;0000000000000;0000000000000;00000000;00000000;00000000;00000000;00000000;0000004206815;0000004225479;0000000000000;00018664;
20170322;OC1;*;F27 ;0000000000000;0000000000000;00000000;00000000;00000000;00000000;00000000;0000003793475;0000003820598;0000000000000;00027123;
20170322;OC1;*;F28 ;0000000000000;0000000000000;00000000;00000000;00000000;00000000;00000000;0000003428693;0000003455693;0000000000000;00027000;
20170322;OC1;*;F29 ;0000000000000;0000000000000;00000000;00000000;00000000;00000000;00000000;0000003099613;0000003126250;0000000000000;00026637;
20170322;OC1;*;F30 ;0000000000000;0000000000000;00000000;00000000;00000000;00000000;00000000;0000002800500;0000002826590;0000000000000;00026090;
20170322;OC1;*;G18 ;0000000000000;0000000000000;00000000;00000000;00000000;00000000;00000000;0000009224809;0000009226283;0000000000000;00001474;
20170322;OC1;*;H18 ;0000000000000;0000000000000;00000000;00000000;00000000;00000000;00000000;0000009167250;0000009168793;0000000000000;00001543;
20170322;OC1;*;J17 ;0000000000000;0000000000000;00029800;00000000;00000000;00000000;00000000;0000009963664;0000009963663;0000000000001;00000001;
20170322;OC1;*;J18 ;0000000000000;0000000000000;00000000;00000000;00000000;00000000;00000000;0000009101867;0000009103492;0000000000000;00001625;
20170322;OC1;*;J19 ;0000000000000;0000000000000;00000000;00000000;00000000;00000000;00000000;0000008322478;0000008330869;0000000000000;00008391;
20170322;OC1;*;J20 ;0000000000000;0000000000000;00000000;00000000;00000000;00000000;00000000;0000007534296;0000007553561;0000000000000;00019265;
20170322;OC1;*;J21 ;0000000000000;0000000000000;00000000;00000000;00000000;00000000;00000000;0000006812165;0000006835046;0000000000000;00022881;
20170322;OC1;*;K17 ;0000000000000;0000000000000;00000000;00000000;00000000;00000000;00000000;0000009885769;0000009885756;0000000000000;00000013;
20170322;OC1;*;M17 ;0000000000000;0000000000000;00000000;00000000;00000000;00000000;00000000;0000009794642;0000009794608;0000000000000;00000034;
20170322;OC1;*;N17 ;0000000000000;0000000000000;00000000;00000000;00000000;00000000;00000000;0000009715110;0000009715218;0000000000000;00000108;
20170322;OC1;*;N18 ;0000000000000;0000000000000;00000000;00000000;00000000;00000000;00000000;0000008907029;0000008909898;0000000000000;00002869;
20170322;OC1;*;N19 ;0000000000000;0000000000000;00000000;00000000;00000000;00000000;00000000;0000008128609;0000008137699;0000000000000;00009090;
20170322;OC1;*;N20 ;0000000000000;0000000000000;00000000;00000000;00000000;00000000;00000000;0000007349546;0000007367584;0000000000000;00018038;
20170322;OC1;*;N21 ;0000000000000;0000000000000;00000000;00000000;00000000;00000000;00000000;0000006641812;0000006660290;0000000000000;00018478;
20170322;OC1;*;N22 ;0000000000000;0000000000000;00000000;00000000;00000000;00000000;00000000;0000005997175;0000006017636;0000000000000;00020461;
20170322;OC1;*;N23 ;0000000000000;0000000000000;00000000;00000000;00000000;00000000;00000000;0000005416919;0000005439424;0000000000000;00022505;
20170322;OC1;*;N24 ;0000000000000;0000000000000;00000000;00000000;00000000;00000000;00000000;0000004899829;0000004922050;0000000000000;00022221;
20170322;OC1;*;Q17 ;0000000000000;0000000000000;00000000;00000000;00000000;00000000;00000000;0000009636999;0000009636798;0000000000000;00000201;
20170322;OC1;*;U17 ;0000000000000;0000000000000;00000000;00000000;00000000;00000000;00000000;0000009556805;0000009556148;0000000000000;00000657;
20170322;OC1;*;V17 ;0000000000000;0000000000000;00000000;00000000;00000000;00000000;00000000;0000009489992;0000009490117;0000000000000;00000125;
20170322;OC1;*;V18 ;0000000000000;0000000000000;00000000;00000000;00000000;00000000;00000000;0000008707964;0000008712397;0000000000000;00004433;
20170322;OC1;*;V19 ;0000000000000;0000000000000;00000000;00000000;00000000;00000000;00000000;0000007922198;0000007935619;0000000000000;00013421;
20170322;OC1;*;V20 ;0000000000000;0000000000000;00000000;00000000;00000000;00000000;00000000;0000007160868;0000007179769;0000000000000;00018901;
20170322;OC1;*;V21 ;0000000000000;0000000000000;00000000;00000000;00000000;00000000;00000000;0000006468296;0000006492659;0000000000000;00024363;
20170322;OC1;*;X17 ;0000000000000;0000000000000;00000000;00000000;00000000;00000000;00000000;0000009420586;0000009420852;0000000000000;00000266;
20170322;OC1;*;Z17 ;0000000000000;0000000000000;00000000;00000000;00000000;00000000;00000000;0000009357455;0000009357905;0000000000000;00000450;
20170322;OZ1;*;0000;0000001194122;0000000385960;00000000;00122600;00122000;00123200;00122600;0000000122597;0000000121320;0000000000000;00001600;
20170322;OZ1;*;J17 ;0000000000000;0000000000000;00000000;00000000;00000000;00000000;00000000;0000000122991;0000000121441;0000000000000;00001550;
20170322;OZ1;*;K17 ;0000000000000;0000000000000;00000000;00000000;00000000;00000000;00000000;0000000123961;0000000122399;0000000000000;00001562;
20170322;OZ2;*;0000;0000000077237;0000000024964;00000000;00123500;00122600;00123500;00122600;0000000122722;0000000122285;0000000000000;00000399;
20170322;OZ3;*;0000;0000000005356;0000000001731;00000000;00121811;00121500;00121811;00121500;0000000121500;0000000121257;0000000000000;00000000;
20170322;SCS;*;J703;0000000000000;0000000000000;00194220;00000000;00000000;00000000;00000000;0000000000000;0000000000000;0000000000000;00000000;
20170322;SCS;*;K702;0000000000000;0000000000000;00127785;00000000;00000000;00000000;00000000;0000000000000;0000000000000;0000000000000;00000000;
20170322;SCS;*;M701;0000000000000;0000000000000;00026000;00000000;00000000;00000000;00000000;0000000000000;0000000000000;0000000000000;00000000;
20170322;SCS;*;N703;0000000000000;0000000000000;00091470;00000000;00000000;00000000;00000000;0000000000000;0000000000000;0000000000000;00000000;
20170322;SFI;*;K17 ;0000000000000;0000000000000;00000000;00000000;00000000;00000000;00000000;0000000002138;0000000002142;0000000000000;00000004;
20170322;SFI;*;N17 ;0000000000000;0000000000000;00000000;00000000;00000000;00000000;00000000;0000000002161;0000000002164;0000000000000;00000003;
20170322;SFI;*;X17 ;0000000000000;0000000000000;00000000;00000000;00000000;00000000;00000000;0000000002130;0000000002129;0000000000000;00000001;
20170322;SJC;*;F18 ;0000000000000;0000000000000;00000000;00000000;00000000;00000000;00000000;0000000221285;0000000221175;0000000000000;00000110;
20170322;SJC;*;H18 ;0000000000000;0000000000000;00000000;00000000;00000000;00000000;00000000;0000000221726;0000000221781;0000000000000;00000055;
20170322;SJC;*;K17 ;0000001862206;0000000603652;00001184;00002200;00002194;00002207;00002207;0000000220403;0000000220789;0000000005358;00000386;
20170322;SJC;*;K18 ;0000000000000;0000000000000;00000000;00000000;00000000;00000000;00000000;0000000222277;0000000222388;0000000000000;00000111;
20170322;SJC;*;N17 ;0000002499003;0000000810076;00000198;00002220;00002215;00002230;00002230;0000000222718;0000000223049;0000000004594;00000331;
20170322;SJC;*;Q17 ;0000000000000;0000000000000;00000000;00000000;00000000;00000000;00000000;0000000223159;0000000223490;0000000000000;00000331;
20170322;SJC;*;U17 ;0000000000000;0000000000000;00000000;00000000;00000000;00000000;00000000;0000000221561;0000000221616;0000000000000;00000055;
20170322;SJC;*;X17 ;0000000000000;0000000000000;00000450;00000000;00000000;00000000;00000000;0000000220183;0000000220073;0000000001527;00000110;
20170322;TRY;*;J17 ;0000000000000;0000000000000;00000040;00000000;00000000;00000000;00000000;0000008545590;0000008488920;0000000042502;00056670;
20170322;TRY;*;K17 ;0000000000000;0000000000000;00000000;00000000;00000000;00000000;00000000;0000008525170;0000008472680;0000000000000;00052490;
20170322;TRY;*;M17 ;0000000000000;0000000000000;00000000;00000000;00000000;00000000;00000000;0000008509450;0000008458030;0000000000000;00051420;
20170322;T10;*;M17 ;0000040501926;0000013090897;00002824;00124671;00124501;00124734;00124547;0000001245312;0000001242812;0000000077347;00002500;
20170322;T10;*;U17 ;0000000000000;0000000000000;00000000;00000000;00000000;00000000;00000000;0000001240000;0000001237343;0000000000000;00002657;
20170322;WDO;*;F18 ;0000000000000;0000000000000;00000000;00000000;00000000;00000000;00000000;0000032719880;0000032658770;0000000000000;00061110;
20170322;WDO;*;F19 ;0000000000000;0000000000000;00000000;00000000;00000000;00000000;00000000;0000034807670;0000034680360;0000000000000;00127310;
20170322;WDO;*;F20 ;0000000000000;0000000000000;00000000;00000000;00000000;00000000;00000000;0000036994830;0000036849070;0000000000000;00145760;
20170322;WDO;*;F21 ;0000000000000;0000000000000;00000000;00000000;00000000;00000000;00000000;0000039168610;0000038975270;0000000000000;00193340;
20170322;WDO;*;F25 ;0000000000000;0000000000000;00000000;00000000;00000000;00000000;00000000;0000048057040;0000047746580;0000000000000;00310460;
20170322;WDO;*;G18 ;0000000000000;0000000000000;00000000;00000000;00000000;00000000;00000000;0000032915620;0000032846490;0000000000000;00069130;
20170322;WDO;*;H18 ;0000000000000;0000000000000;00000000;00000000;00000000;00000000;00000000;0000033065410;0000032992130;0000000000000;00073280;
20170322;WDO;*;J17 ;0018527569540;0005988418999;00043016;03112000;03091000;03118500;03096500;0000031001750;0000030960020;0000000004173;00041730;
20170322;WDO;*;J18 ;0000000000000;0000000000000;00000000;00000000;00000000;00000000;00000000;0000033233460;0000033159500;0000000000000;00073960;
20170322;WDO;*;J19 ;0000000000000;0000000000000;00000000;00000000;00000000;00000000;00000000;0000035349490;0000035217110;0000000000000;00132380;
20170322;WDO;*;K17 ;0000002873480;0000000928757;00000242;03124000;03110000;03133000;03120000;0000031186720;0000031143010;0000000004371;00043710;
20170322;WDO;*;M17 ;0000000850500;0000000274896;00000001;03150000;03150000;03150000;03150000;0000031426980;0000031380370;0000000004661;00046610;
20170322;WDO;*;N17 ;0000000190230;0000000061486;00000001;03170500;03170500;03170500;03170500;0000031644940;0000031594050;0000000005089;00050890;
20170322;WDO;*;N18 ;0000000000000;0000000000000;00000000;00000000;00000000;00000000;00000000;0000033754370;0000033667860;0000000000000;00086510;
20170322;WDO;*;N19 ;0000000000000;0000000000000;00000000;00000000;00000000;00000000;00000000;0000035872870;0000035743360;0000000000000;00129510;
20170322;WDO;*;N21 ;0000000000000;0000000000000;00000000;00000000;00000000;00000000;00000000;0000040278000;0000040082320;0000000000000;00195680;
20170322;WDO;*;Q17 ;0000000000000;0000000000000;00000000;00000000;00000000;00000000;00000000;0000031842590;0000031787510;0000000000000;00055080;
20170322;WDO;*;U17 ;0000001571150;0000000507822;00000014;03205000;03205000;03207000;03207000;0000032064520;0000032008610;0000000005591;00055910;
20170322;WDO;*;V17 ;0000000000000;0000000000000;00000000;00000000;00000000;00000000;00000000;0000032228160;0000032167730;0000000000000;00060430;
20170322;WDO;*;V18 ;0000000000000;0000000000000;00000000;00000000;00000000;00000000;00000000;0000034295950;0000034198210;0000000000000;00097740;
20170322;WDO;*;V19 ;0000000000000;0000000000000;00000000;00000000;00000000;00000000;00000000;0000036472560;0000036328460;0000000000000;00144100;
20170322;WDO;*;X17 ;0000000000000;0000000000000;00000000;00000000;00000000;00000000;00000000;0000032408120;0000032350300;0000000000000;00057820;
20170322;WDO;*;Z17 ;0000000000000;0000000000000;00000000;00000000;00000000;00000000;00000000;0000032570680;0000032511410;0000000000000;00059270;
20170322;WEU;*;J17 ;0000000000000;0000000000000;00000000;00000000;00000000;00000000;00000000;0000033487830;0000033453300;0000000000000;00034530;
20170322;WEU;*;K17 ;0000000000000;0000000000000;00000000;00000000;00000000;00000000;00000000;0000033725350;0000033688700;0000000000000;00036650;
20170322;WEU;*;M17 ;0000000000000;0000000000000;00000000;00000000;00000000;00000000;00000000;0000034028480;0000033988440;0000000000000;00040040;
20170322;WEU;*;N17 ;0000000000000;0000000000000;00000000;00000000;00000000;00000000;00000000;0000034319930;0000034275670;0000000000000;00044260;
20170322;WEU;*;V17 ;0000000000000;0000000000000;00000000;00000000;00000000;00000000;00000000;0000035122970;0000035067100;0000000000000;00055870;
20170322;WIN;*;G18 ;0000000000000;0000000000000;00000000;00000000;00000000;00000000;00000000;0000000068402;0000000067861;0000000000000;00000541;
20170322;WIN;*;J17 ;0017174245674;0005551002189;00081010;00062880;00062630;00064150;00063780;0000000063858;0000000063363;0000000009900;00000495;
20170322;WIN;*;J18 ;0000000000000;0000000000000;00000000;00000000;00000000;00000000;00000000;0000000069331;0000000068779;0000000000000;00000552;
20170322;WIN;*;M17 ;0000000000000;0000000000000;00000017;00000000;00000000;00000000;00000000;0000000064898;0000000064383;0000000010300;00000515;
20170322;WIN;*;M18 ;0000000000000;0000000000000;00000000;00000000;00000000;00000000;00000000;0000000070143;0000000069579;0000000000000;00000564;
20170322;WIN;*;Q17 ;0000000000000;0000000000000;00000000;00000000;00000000;00000000;00000000;0000000065868;0000000065361;0000000000000;00000507;
20170322;WIN;*;Q18 ;0000000000000;0000000000000;00000000;00000000;00000000;00000000;00000000;0000000071139;0000000070559;0000000000000;00000580;
20170322;WIN;*;V17 ;0000000000000;0000000000000;00000000;00000000;00000000;00000000;00000000;0000000066758;0000000066217;0000000000000;00000541;
20170322;WIN;*;V18 ;0000000000000;0000000000000;00000000;00000000;00000000;00000000;00000000;0000000072118;0000000071518;0000000000000;00000600;
20170322;WIN;*;Z17 ;0000000000000;0000000000000;00000000;00000000;00000000;00000000;00000000;0000000067553;0000000067026;0000000000000;00000527;
20170322;WIN;*;Z18 ;0000000000000;0000000000000;00000000;00000000;00000000;00000000;00000000;0000000073008;0000000072383;0000000000000;00000625;
20170322;WTI;*;K17 ;0000000014715;0000000004770;00000660;00004770;00004770;00004770;00004770;0000000004804;0000000004824;0000000006169;00000020;
20170322;WTI;*;M17 ;0000000014869;0000000004820;00000100;00004820;00004820;00004820;00004820;0000000004858;0000000004882;0000000007403;00000024;
20170322;ZAR;*;J17 ;0000000000000;0000000000000;00000123;00000000;00000000;00000000;00000000;0000024636600;0000024385790;0000000087783;00250810;
20170322;ZAR;*;K17 ;0000000000000;0000000000000;00000000;00000000;00000000;00000000;00000000;0000024661170;0000024406750;0000000000000;00254420;
20170322;ZAR;*;M17 ;0000000000000;0000000000000;00000010;00000000;00000000;00000000;00000000;0000024705680;0000024455940;0000000087409;00249740;
