Data;Código do Contrato;Pregão;Vencimento;Volume(R$);Volume(U$);Número de contas em Aberto;Preço de Abertura;Preço Mínimo;Preço Máximo;Último Preço;Preço de Ajuste Atual; Preço de Ajuste Anterior;Valor de Ajuste por Contrato;Variação
20170523;AUD;*;M17 ;0000000146520;0000000044870;00001285;02442000;02442000;02442000;02442000;0000024494680;0000024598870;0000000062514;00104190;
20170523;AUD;*;N17 ;0000001628178;0000000498615;00000011;02467000;02466900;02467000;02466900;0000024653440;0000024759340;0000000063540;00105900;
20170523;AUD;*;Q17 ;0000002379606;0000000728733;00000665;02477600;02477600;02481100;02481100;0000024795150;0000024898530;0000000062028;00103380;
20170523;AUD;*;U17 ;0000000000000;0000000000000;00000000;00000000;00000000;00000000;00000000;0000024948380;0000025057360;0000000000000;00108980;
20170523;BGI;*;F18 ;0000000000000;0000000000000;00000000;00000000;00000000;00000000;00000000;0000000013177;0000000013110;0000000000000;00000067;
20170523;BGI;*;K17 ;0000013757508;0000004207060;00002803;00013308;00013307;00013420;00013350;0000000013350;0000000013308;0000000013860;00000042;
20170523;BGI;*;K18 ;0000001209133;0000000369754;00000076;00013577;00013570;00013577;00013570;0000000013580;0000000013511;0000000022770;00000069;
20170523;BGI;*;M17 ;0000028431466;0000008694372;00001946;00012856;00012800;00013048;00012970;0000000012970;0000000012856;0000000037620;00000114;
20170523;BGI;*;N17 ;0000001544400;0000000472279;00000293;00012999;00012995;00013001;00013001;0000000013075;0000000013004;0000000023430;00000071;
20170523;BGI;*;Q17 ;0000000864415;0000000264339;00000102;00013000;00013000;00013199;00013100;0000000013125;0000000013091;0000000011220;00000034;
20170523;BGI;*;U17 ;0000000000000;0000000000000;00000005;00000000;00000000;00000000;00000000;0000000013184;0000000013117;0000000022110;00000067;
20170523;BGI;*;V17 ;0000037756082;0000011545849;00003935;00013163;00013061;00013290;00013230;0000000013230;0000000013163;0000000022110;00000067;
20170523;BGI;*;V18 ;0000001870275;0000000571932;00000025;00014180;00014150;00014180;00014150;0000000014222;0000000014150;0000000023760;00000072;
20170523;BGI;*;X17 ;0000000087318;0000000026702;00000057;00013230;00013230;00013230;00013230;0000000013297;0000000013230;0000000022110;00000067;
20170523;BGI;*;Z17 ;0000000000000;0000000000000;00000002;00000000;00000000;00000000;00000000;0000000013337;0000000013272;0000000021450;00000065;
20170523;BRI;*;M17 ;0000000420280;0000000128707;00000772;00010507;00010507;00010507;00010507;0000000010508;0000000010346;0000000162000;00000162;
20170523;BRI;*;Q17 ;0000000000000;0000000000000;00000045;00000000;00000000;00000000;00000000;0000000010669;0000000010505;0000000164000;00000164;
20170523;BSE;*;K17 ;0000000000000;0000000000000;00000000;00000000;00000000;00000000;00000000;0000000030380;0000000030593;0000000000000;00000213;
20170523;BSE;*;M17 ;0000000000000;0000000000000;00000000;00000000;00000000;00000000;00000000;0000000030643;0000000030858;0000000000000;00000215;
20170523;CAD;*;M17 ;0000000290040;0000000088822;00000233;02417000;02417000;02417000;02417000;0000024222770;0000024368990;0000000087732;00146220;
20170523;CAD;*;N17 ;0000000000000;0000000000000;00000000;00000000;00000000;00000000;00000000;0000024421330;0000024556000;0000000000000;00134670;
20170523;CAD;*;Q17 ;0000000737250;0000000225776;00000680;02457500;02457500;02457500;02457500;0000024584440;0000024717260;0000000079692;00132820;
20170523;CAD;*;U17 ;0000000000000;0000000000000;00000000;00000000;00000000;00000000;00000000;0000024765570;0000024901360;0000000000000;00135790;
20170523;CCM;*;F18 ;0000001165509;0000000356414;00000434;00002980;00002960;00002985;00002966;0000000002930;0000000002982;0000000023400;00000052;
20170523;CCM;*;H18 ;0000000000000;0000000000000;00000198;00000000;00000000;00000000;00000000;0000000002983;0000000003045;0000000027900;00000062;
20170523;CCM;*;K18 ;0000000000000;0000000000000;00000000;00000000;00000000;00000000;00000000;0000000002924;0000000002985;0000000000000;00000061;
20170523;CCM;*;N17 ;0000000000000;0000000000000;00000000;00000000;00000000;00000000;00000000;0000000002786;0000000002836;0000000000000;00000050;
20170523;CCM;*;N18 ;0000000000000;0000000000000;00000000;00000000;00000000;00000000;00000000;0000000002909;0000000002974;0000000000000;00000065;
20170523;CCM;*;U17 ;0000028193854;0000008621710;00020026;00002763;00002710;00002763;00002721;0000000002726;0000000002775;0000000022050;00000049;
20170523;CCM;*;U18 ;0000000000000;0000000000000;00000000;00000000;00000000;00000000;00000000;0000000002896;0000000002962;0000000000000;00000066;
20170523;CCM;*;X17 ;0000001555749;0000000475750;00000965;00002820;00002790;00002840;00002805;0000000002764;0000000002813;0000000022050;00000049;
20170523;CCM;*;X18 ;0000000000000;0000000000000;00000000;00000000;00000000;00000000;00000000;0000000002973;0000000003039;0000000000000;00000066;
20170523;CHF;*;M17 ;0000005217250;0000001597737;00000169;03366500;03350000;03366500;03350000;0000033580880;0000033837080;0000000128100;00256200;
20170523;CHF;*;N17 ;0000000000000;0000000000000;00000000;00000000;00000000;00000000;00000000;0000033871100;0000034148380;0000000000000;00277280;
20170523;CHF;*;Q17 ;0000000000000;0000000000000;00000000;00000000;00000000;00000000;00000000;0000034149390;0000034414010;0000000000000;00264620;
20170523;CHF;*;U17 ;0000000000000;0000000000000;00000000;00000000;00000000;00000000;00000000;0000034452460;0000034727940;0000000000000;00275480;
20170523;CLP;*;M17 ;0000000000000;0000000000000;00000532;00000000;00000000;00000000;00000000;0000048534000;0000049086000;0000000138000;00552000;
20170523;CLP;*;N17 ;0000000000000;0000000000000;00000000;00000000;00000000;00000000;00000000;0000048816000;0000049401000;0000000000000;00585000;
20170523;CLP;*;Q17 ;0000000000000;0000000000000;00000000;00000000;00000000;00000000;00000000;0000049053000;0000049643000;0000000000000;00590000;
20170523;CLP;*;U17 ;0000000000000;0000000000000;00000000;00000000;00000000;00000000;00000000;0000049317000;0000049840000;0000000000000;00523000;
20170523;CNY;*;M17 ;0000000000000;0000000000000;00000000;00000000;00000000;00000000;00000000;0000047514940;0000047767680;0000000000000;00252740;
20170523;CNY;*;N17 ;0000000000000;0000000000000;00000090;00000000;00000000;00000000;00000000;0000047732400;0000048007400;0000000096250;00275000;
20170523;CNY;*;Q17 ;0000000000000;0000000000000;00000000;00000000;00000000;00000000;00000000;0000047889820;0000048157610;0000000000000;00267790;
20170523;DAP;*;F18 ;0000000000000;0000000000000;00005310;00000000;00000000;00000000;00000000;0000009684696;0000009678777;0000000007154;00005919;
20170523;DAP;*;F19 ;0000000000000;0000000000000;00000000;00000000;00000000;00000000;00000000;0000009210348;0000009178873;0000000000000;00031475;
20170523;DAP;*;K19 ;0000626708390;0000191923927;00041695;00000535;00000520;00000536;00000520;0000009054035;0000009011922;0000000050901;00042113;
20170523;DAP;*;K21 ;0000001452388;0000000444781;00012930;00000576;00000576;00000576;00000576;0000008016867;0000007947950;0000000083298;00068917;
20170523;DAP;*;K23 ;0000000861868;0000000263939;00012744;00000585;00000585;00000585;00000585;0000007138660;0000007070617;0000000082242;00068043;
20170523;DAP;*;M17 ;0000000000000;0000000000000;00000000;00000000;00000000;00000000;00000000;0000009967589;0000009967558;0000000000000;00000031;
20170523;DAP;*;N17 ;0000000000000;0000000000000;00002500;00000000;00000000;00000000;00000000;0000009905487;0000009900697;0000000005789;00004790;
20170523;DAP;*;Q17 ;0000000000000;0000000000000;00000000;00000000;00000000;00000000;00000000;0000009853857;0000009852943;0000000000000;00000914;
20170523;DAP;*;Q18 ;0000239916967;0000073472459;00055820;00000518;00000510;00000518;00000510;0000009407198;0000009381972;0000000030490;00025226;
20170523;DAP;*;Q20 ;0000003048674;0000000933630;00005785;00000553;00000553;00000553;00000553;0000008407706;0000008348759;0000000071248;00058947;
20170523;DAP;*;Q22 ;0000013931460;0000004266387;00016336;00000585;00000585;00000585;00000585;0000007436229;0000007366838;0000000083871;00069391;
20170523;DAP;*;Q24 ;0000000000000;0000000000000;00008370;00000000;00000000;00000000;00000000;0000006712723;0000006621770;0000000109933;00090953;
20170523;DAP;*;Q26 ;0000000000000;0000000000000;00002215;00000000;00000000;00000000;00000000;0000005981973;0000005888876;0000000112524;00093097;
20170523;DAP;*;Q30 ;0000000000000;0000000000000;00000235;00000000;00000000;00000000;00000000;0000004840524;0000004733040;0000000129914;00107484;
20170523;DCO;*;F18 ;0000000000000;0000000000000;00000000;00000000;00000000;00000000;00000000;0000009799395;0000009846297;0000000000000;00046902;
20170523;DCO;*;F19 ;0000000000000;0000000000000;00000000;00000000;00000000;00000000;00000000;0000009547020;0000009592167;0000000000000;00045147;
20170523;DCO;*;F20 ;0000000000000;0000000000000;00000000;00000000;00000000;00000000;00000000;0000009256731;0000009296075;0000000000000;00039344;
20170523;DCO;*;F21 ;0000000000000;0000000000000;00000000;00000000;00000000;00000000;00000000;0000008907478;0000008949698;0000000000000;00042220;
20170523;DCO;*;F22 ;0000000000000;0000000000000;00000000;00000000;00000000;00000000;00000000;0000008523090;0000008570885;0000000000000;00047795;
20170523;DCO;*;F23 ;0000000000000;0000000000000;00000000;00000000;00000000;00000000;00000000;0000008133479;0000008189191;0000000000000;00055712;
20170523;DCO;*;F24 ;0000000000000;0000000000000;00000000;00000000;00000000;00000000;00000000;0000007741061;0000007795714;0000000000000;00054653;
20170523;DCO;*;F25 ;0000000000000;0000000000000;00000000;00000000;00000000;00000000;00000000;0000007357201;0000007405045;0000000000000;00047844;
20170523;DCO;*;F26 ;0000000000000;0000000000000;00000000;00000000;00000000;00000000;00000000;0000006938114;0000006990148;0000000000000;00052034;
20170523;DCO;*;F27 ;0000000000000;0000000000000;00000000;00000000;00000000;00000000;00000000;0000006557384;0000006604757;0000000000000;00047373;
20170523;DCO;*;F28 ;0000000000000;0000000000000;00000000;00000000;00000000;00000000;00000000;0000006204612;0000006251217;0000000000000;00046605;
20170523;DCO;*;F29 ;0000000000000;0000000000000;00000000;00000000;00000000;00000000;00000000;0000005862278;0000005907655;0000000000000;00045377;
20170523;DCO;*;F30 ;0000000000000;0000000000000;00000000;00000000;00000000;00000000;00000000;0000005548202;0000005588240;0000000000000;00040038;
20170523;DCO;*;G18 ;0000000000000;0000000000000;00000000;00000000;00000000;00000000;00000000;0000009780557;0000009827083;0000000000000;00046526;
20170523;DCO;*;H18 ;0000000000000;0000000000000;00000000;00000000;00000000;00000000;00000000;0000009762177;0000009808291;0000000000000;00046114;
20170523;DCO;*;J18 ;0000000000000;0000000000000;00000000;00000000;00000000;00000000;00000000;0000009739211;0000009786126;0000000000000;00046915;
20170523;DCO;*;J19 ;0000000000000;0000000000000;00000000;00000000;00000000;00000000;00000000;0000009478733;0000009523763;0000000000000;00045030;
20170523;DCO;*;J20 ;0000000000000;0000000000000;00000000;00000000;00000000;00000000;00000000;0000009175154;0000009214368;0000000000000;00039214;
20170523;DCO;*;J21 ;0000000000000;0000000000000;00000000;00000000;00000000;00000000;00000000;0000008816427;0000008860121;0000000000000;00043694;
20170523;DCO;*;J22 ;0000000000000;0000000000000;00000000;00000000;00000000;00000000;00000000;0000008422786;0000008471630;0000000000000;00048844;
20170523;DCO;*;K18 ;0000000000000;0000000000000;00000000;00000000;00000000;00000000;00000000;0000009720419;0000009766352;0000000000000;00045933;
20170523;DCO;*;M17 ;0000000000000;0000000000000;00000000;00000000;00000000;00000000;00000000;0000009931695;0000009984880;0000000000000;00053185;
20170523;DCO;*;N17 ;0000000000000;0000000000000;00000000;00000000;00000000;00000000;00000000;0000009919900;0000009972693;0000000000000;00052793;
20170523;DCO;*;N18 ;0000000000000;0000000000000;00000000;00000000;00000000;00000000;00000000;0000009680894;0000009726839;0000000000000;00045945;
20170523;DCO;*;N19 ;0000000000000;0000000000000;00000000;00000000;00000000;00000000;00000000;0000009414770;0000009458487;0000000000000;00043717;
20170523;DCO;*;N20 ;0000000000000;0000000000000;00000000;00000000;00000000;00000000;00000000;0000009096594;0000009132674;0000000000000;00036080;
20170523;DCO;*;N21 ;0000000000000;0000000000000;00000000;00000000;00000000;00000000;00000000;0000008720930;0000008769275;0000000000000;00048345;
20170523;DCO;*;Q17 ;0000000000000;0000000000000;00000000;00000000;00000000;00000000;00000000;0000009900282;0000009951257;0000000000000;00050975;
20170523;DCO;*;U17 ;0000000000000;0000000000000;00000000;00000000;00000000;00000000;00000000;0000009883813;0000009933892;0000000000000;00050079;
20170523;DCO;*;V17 ;0000000000000;0000000000000;00000000;00000000;00000000;00000000;00000000;0000009861868;0000009911360;0000000000000;00049492;
20170523;DCO;*;V18 ;0000000000000;0000000000000;00000000;00000000;00000000;00000000;00000000;0000009614522;0000009659376;0000000000000;00044854;
20170523;DCO;*;V19 ;0000000000000;0000000000000;00000000;00000000;00000000;00000000;00000000;0000009343044;0000009386210;0000000000000;00043166;
20170523;DCO;*;V20 ;0000000000000;0000000000000;00000000;00000000;00000000;00000000;00000000;0000008999996;0000009046023;0000000000000;00046027;
20170523;DCO;*;V21 ;0000000000000;0000000000000;00000000;00000000;00000000;00000000;00000000;0000008626639;0000008676505;0000000000000;00049866;
20170523;DCO;*;X17 ;0000000000000;0000000000000;00000000;00000000;00000000;00000000;00000000;0000009843634;0000009890537;0000000000000;00046903;
20170523;DCO;*;Z17 ;0000000000000;0000000000000;00000000;00000000;00000000;00000000;00000000;0000009823440;0000009868559;0000000000000;00045119;
20170523;DDI;*;F18 ;0000000000000;0000000000000;00386263;00000000;00000000;00000000;00000000;0000009800591;0000009847501;0000000077080;00046910;
20170523;DDI;*;F19 ;0000000000000;0000000000000;00116849;00000000;00000000;00000000;00000000;0000009550004;0000009595175;0000000074222;00045171;
20170523;DDI;*;F20 ;0000000000000;0000000000000;00100214;00000000;00000000;00000000;00000000;0000009261274;0000009300652;0000000064703;00039378;
20170523;DDI;*;F21 ;0000000000000;0000000000000;00090911;00000000;00000000;00000000;00000000;0000008913309;0000008955578;0000000069454;00042269;
20170523;DDI;*;F22 ;0000000000000;0000000000000;00036024;00000000;00000000;00000000;00000000;0000008529900;0000008577763;0000000078646;00047863;
20170523;DDI;*;F23 ;0000000000000;0000000000000;00030736;00000000;00000000;00000000;00000000;0000008141021;0000008196827;0000000091697;00055806;
20170523;DDI;*;F24 ;0000000000000;0000000000000;00037855;00000000;00000000;00000000;00000000;0000007749110;0000007803867;0000000089973;00054757;
20170523;DDI;*;F25 ;0000000000000;0000000000000;00020550;00000000;00000000;00000000;00000000;0000007365574;0000007417763;0000000085754;00052189;
20170523;DDI;*;F26 ;0000000000000;0000000000000;00015330;00000000;00000000;00000000;00000000;0000006950757;0000007002969;0000000085792;00052212;
20170523;DDI;*;F27 ;0000000000000;0000000000000;00010950;00000000;00000000;00000000;00000000;0000006569996;0000006617540;0000000078121;00047544;
20170523;DDI;*;F28 ;0000000000000;0000000000000;00000110;00000000;00000000;00000000;00000000;0000006217074;0000006263856;0000000076869;00046782;
20170523;DDI;*;F29 ;0000000000000;0000000000000;00000000;00000000;00000000;00000000;00000000;0000005874451;0000005920006;0000000000000;00045555;
20170523;DDI;*;F30 ;0000000000000;0000000000000;00000500;00000000;00000000;00000000;00000000;0000005560045;0000005600243;0000000066051;00040198;
20170523;DDI;*;G18 ;0000000000000;0000000000000;00029410;00000000;00000000;00000000;00000000;0000009781907;0000009828443;0000000076465;00046536;
20170523;DDI;*;H18 ;0000000000000;0000000000000;00014520;00000000;00000000;00000000;00000000;0000009763670;0000009809795;0000000075790;00046125;
20170523;DDI;*;J18 ;0000000000000;0000000000000;00092786;00000000;00000000;00000000;00000000;0000009740866;0000009787795;0000000077111;00046929;
20170523;DDI;*;J19 ;0000000000000;0000000000000;00049706;00000000;00000000;00000000;00000000;0000009482118;0000009527177;0000000074038;00045059;
20170523;DDI;*;J20 ;0000000000000;0000000000000;00028195;00000000;00000000;00000000;00000000;0000009180039;0000009219289;0000000064493;00039250;
20170523;DDI;*;J21 ;0000000000000;0000000000000;00005297;00000000;00000000;00000000;00000000;0000008822515;0000008866262;0000000071882;00043747;
20170523;DDI;*;J22 ;0000000000000;0000000000000;00000120;00000000;00000000;00000000;00000000;0000008429784;0000008478702;0000000080379;00048918;
20170523;DDI;*;K18 ;0000000000000;0000000000000;00012680;00000000;00000000;00000000;00000000;0000009722225;0000009768172;0000000075497;00045947;
20170523;DDI;*;M17 ;0000008172232;0000002502674;00341297;00002130;00002130;00002130;00002130;0000009931744;0000009984929;0000000087390;00053185;
20170523;DDI;*;N17 ;0000000000000;0000000000000;00605865;00000000;00000000;00000000;00000000;0000009920124;0000009972918;0000000086748;00052794;
20170523;DDI;*;N18 ;0000063725804;0000019515466;00063021;00000279;00000279;00000279;00000279;0000009683003;0000009728965;0000000075522;00045962;
20170523;DDI;*;N19 ;0000000000000;0000000000000;00057544;00000000;00000000;00000000;00000000;0000009418558;0000009462306;0000000071884;00043748;
20170523;DDI;*;N20 ;0000000000000;0000000000000;00041305;00000000;00000000;00000000;00000000;0000009101815;0000009137929;0000000059340;00036114;
20170523;DDI;*;N21 ;0000000000000;0000000000000;00004950;00000000;00000000;00000000;00000000;0000008727273;0000008775681;0000000079541;00048408;
20170523;DDI;*;Q17 ;0000008146684;0000002494850;00270314;00000436;00000436;00000436;00000436;0000009900663;0000009951640;0000000083762;00050977;
20170523;DDI;*;U17 ;0000000000000;0000000000000;00076555;00000000;00000000;00000000;00000000;0000009884361;0000009934444;0000000082293;00050083;
20170523;DDI;*;V17 ;0000081066610;0000024825936;00215507;00000367;00000367;00000367;00000367;0000009862581;0000009912078;0000000081330;00049497;
20170523;DDI;*;V18 ;0000000000000;0000000000000;00057148;00000000;00000000;00000000;00000000;0000009617070;0000009661944;0000000073734;00044874;
20170523;DDI;*;V19 ;0000000000000;0000000000000;00031804;00000000;00000000;00000000;00000000;0000009347221;0000009390421;0000000070984;00043200;
20170523;DDI;*;V20 ;0000000000000;0000000000000;00024040;00000000;00000000;00000000;00000000;0000009005520;0000009051598;0000000075713;00046078;
20170523;DDI;*;V21 ;0000000000000;0000000000000;00002042;00000000;00000000;00000000;00000000;0000008633226;0000008683161;0000000082050;00049935;
20170523;DDI;*;X17 ;0000000000000;0000000000000;00061510;00000000;00000000;00000000;00000000;0000009844506;0000009891414;0000000077076;00046908;
20170523;DDI;*;Z17 ;0000000000000;0000000000000;00056500;00000000;00000000;00000000;00000000;0000009824469;0000009869595;0000000074148;00045126;
20170523;DDM;*;K19 ;0000000000000;0000000000000;00000000;00000000;00000000;00000000;00000000;0000009077083;0000009047381;0000000000000;00029702;
20170523;DDM;*;K21 ;0000000000000;0000000000000;00000000;00000000;00000000;00000000;00000000;0000008046569;0000008018195;0000000000000;00028374;
20170523;DDM;*;K25 ;0000000000000;0000000000000;00000000;00000000;00000000;00000000;00000000;0000006577434;0000006367794;0000000000000;00209640;
20170523;DDM;*;Q18 ;0000000000000;0000000000000;00000000;00000000;00000000;00000000;00000000;0000009423693;0000009413085;0000000000000;00010608;
20170523;DDM;*;Q20 ;0000000000000;0000000000000;00000000;00000000;00000000;00000000;00000000;0000008418065;0000008387240;0000000000000;00030825;
20170523;DI1;*;F18 ;0026621074075;0008152469552;03085834;00009710;00009585;00009780;00009605;0000009458391;0000009451534;0000000006857;00006857;
20170523;DI1;*;F19 ;0053691718400;0016442616035;01776766;00010230;00009860;00010290;00009870;0000008600019;0000008557913;0000000042106;00042106;
20170523;DI1;*;F20 ;0017066044691;0005226325930;01200311;00011030;00010510;00011110;00010530;0000007698471;0000007615745;0000000082726;00082726;
20170523;DI1;*;F21 ;0024751245561;0007579851032;01358550;00011520;00010950;00011670;00010980;0000006862002;0000006747466;0000000114536;00114536;
20170523;DI1;*;F22 ;0000197903752;0000060606282;00084916;00011860;00011200;00011860;00011240;0000006114256;0000005987001;0000000127255;00127255;
20170523;DI1;*;F23 ;0003910662611;0001197605993;00635705;00011930;00011350;00012100;00011400;0000005451861;0000005316959;0000000134902;00134902;
20170523;DI1;*;F24 ;0000002393429;0000000732967;00057080;00012070;00011720;00012070;00011720;0000004870261;0000004733062;0000000137199;00137199;
20170523;DI1;*;F25 ;0002391788131;0000732464057;00567414;00012140;00011530;00012250;00011570;0000004339820;0000004203512;0000000136308;00136308;
20170523;DI1;*;F26 ;0000007258477;0000002222845;00062773;00012000;00011650;00012000;00011650;0000003863627;0000003732319;0000000131308;00131308;
20170523;DI1;*;F27 ;0001401648440;0000429242494;00399333;00012270;00011670;00012340;00011720;0000003439622;0000003315234;0000000124388;00124388;
20170523;DI1;*;F28 ;0000000000000;0000000000000;00000010;00000000;00000000;00000000;00000000;0000003078495;0000002955841;0000000122654;00122654;
20170523;DI1;*;F29 ;0000000000000;0000000000000;00003465;00000000;00000000;00000000;00000000;0000002754868;0000002635101;0000000119767;00119767;
20170523;DI1;*;F30 ;0000000000000;0000000000000;00000620;00000000;00000000;00000000;00000000;0000002449938;0000002334576;0000000115362;00115362;
20170523;DI1;*;G18 ;0000029093639;0000008909671;00020815;00009570;00009570;00009570;00009570;0000009385045;0000009375414;0000000009631;00009631;
20170523;DI1;*;H18 ;0000000931876;0000000285379;00009960;00009650;00009650;00009650;00009650;0000009320720;0000009309525;0000000011195;00011195;
20170523;DI1;*;J18 ;0001602499033;0000490751220;00717027;00009725;00009525;00009725;00009530;0000009255028;0000009241881;0000000013147;00013147;
20170523;DI1;*;J19 ;0002480794032;0000759721330;00521703;00010420;00010030;00010420;00010060;0000008382023;0000008331986;0000000050037;00050037;
20170523;DI1;*;J20 ;0000005228439;0000001601163;00075008;00010950;00010720;00010950;00010720;0000007490207;0000007399360;0000000090847;00090847;
20170523;DI1;*;J21 ;0000003003394;0000000919763;00030020;00011100;00011100;00011100;00011100;0000006673289;0000006555223;0000000118066;00118066;
20170523;DI1;*;J22 ;0000000000000;0000000000000;00000700;00000000;00000000;00000000;00000000;0000005943925;0000005814218;0000000129707;00129707;
20170523;DI1;*;K18 ;0000001836605;0000000562444;00012420;00009570;00009570;00009570;00009570;0000009187955;0000009172020;0000000015935;00015935;
20170523;DI1;*;M17 ;0000806133436;0000246871267;00470327;00011130;00011130;00011131;00011130;0000009970696;0000009970697;0000000000001;00000001;
20170523;DI1;*;N17 ;0024012485327;0007353612215;03844681;00010548;00010473;00010550;00010473;0000009889942;0000009889289;0000000000653;00000653;
20170523;DI1;*;N18 ;0006956457862;0002130353973;00736773;00009880;00009600;00009920;00009610;0000009039676;0000009017477;0000000022199;00022199;
20170523;DI1;*;N19 ;0001096188032;0000335697933;00497805;00010660;00010210;00010710;00010210;0000008158782;0000008097476;0000000061306;00061306;
20170523;DI1;*;N20 ;0003677350821;0001126156312;01233860;00011370;00010770;00011430;00010780;0000007276996;0000007178384;0000000098612;00098612;
20170523;DI1;*;N21 ;0000050057983;0000015329817;00060113;00011790;00011100;00011790;00011120;0000006479714;0000006358821;0000000120893;00120893;
20170523;DI1;*;N22 ;0000000289098;0000000088534;00004185;00011370;00011370;00011370;00011370;0000005779331;0000005647693;0000000131638;00131638;
20170523;DI1;*;N23 ;0000000000000;0000000000000;00003260;00000000;00000000;00000000;00000000;0000005156605;0000005019898;0000000136707;00136707;
20170523;DI1;*;N24 ;0000000000000;0000000000000;00001655;00000000;00000000;00000000;00000000;0000004605787;0000004468503;0000000137284;00137284;
20170523;DI1;*;Q17 ;0002697262161;0000826012789;00245728;00010400;00010330;00010400;00010350;0000009810320;0000009809182;0000000001138;00001138;
20170523;DI1;*;U17 ;0000652797540;0000199913499;00116240;00010150;00010095;00010150;00010095;0000009728960;0000009725867;0000000003093;00003093;
20170523;DI1;*;V17 ;0010246486672;0003137896329;01385946;00010100;00009920;00010100;00009935;0000009659950;0000009656150;0000000003800;00003800;
20170523;DI1;*;V18 ;0000578051766;0000177023264;00595052;00010010;00009720;00010040;00009750;0000008816010;0000008784928;0000000031082;00031082;
20170523;DI1;*;V19 ;0000004744705;0000001453024;00076504;00010710;00010430;00010710;00010430;0000007925206;0000007853247;0000000071959;00071959;
20170523;DI1;*;V20 ;0000003873527;0000001186234;00046290;00011350;00010960;00011350;00010960;0000007058970;0000006952343;0000000106627;00106627;
20170523;DI1;*;V21 ;0000000314742;0000000096387;00012057;00011240;00011240;00011240;00011240;0000006292632;0000006168186;0000000124446;00124446;
20170523;DI1;*;X17 ;0000669674810;0000205082014;00094385;00009870;00009805;00009870;00009805;0000009589247;0000009585164;0000000004083;00004083;
20170523;DI1;*;Z17 ;0000335136367;0000102632562;00076270;00009745;00009700;00009765;00009700;0000009522812;0000009517441;0000000005371;00005371;
20170523;DOL;*;F18 ;0000063100000;0000019323819;00007625;03411000;03410000;03411000;03410000;0000034051970;0000034239780;0000000093905;00187810;
20170523;DOL;*;F19 ;0000000000000;0000000000000;00000000;00000000;00000000;00000000;00000000;0000036493150;0000036846160;0000000000000;00353010;
20170523;DOL;*;F20 ;0000000000000;0000000000000;00000000;00000000;00000000;00000000;00000000;0000039534250;0000040133610;0000000000000;00599360;
20170523;DOL;*;F21 ;0000000000000;0000000000000;00003100;00000000;00000000;00000000;00000000;0000042686970;0000043617440;0000000465235;00930470;
20170523;DOL;*;F25 ;0000000000000;0000000000000;00000000;00000000;00000000;00000000;00000000;0000055775320;0000057991970;0000000000000;02216650;
20170523;DOL;*;G18 ;0000000000000;0000000000000;00000000;00000000;00000000;00000000;00000000;0000034252670;0000034450970;0000000000000;00198300;
20170523;DOL;*;H18 ;0000000000000;0000000000000;00000000;00000000;00000000;00000000;00000000;0000034424750;0000034628970;0000000000000;00204220;
20170523;DOL;*;J18 ;0000000000000;0000000000000;00000180;00000000;00000000;00000000;00000000;0000034588130;0000034804200;0000000108035;00216070;
20170523;DOL;*;J19 ;0000000000000;0000000000000;00000050;00000000;00000000;00000000;00000000;0000037176090;0000037577070;0000000200490;00400980;
20170523;DOL;*;J20 ;0000000000000;0000000000000;00000000;00000000;00000000;00000000;00000000;0000040277080;0000040945910;0000000000000;00668830;
20170523;DOL;*;J22 ;0000000000000;0000000000000;00000000;00000000;00000000;00000000;00000000;0000046606910;0000047923140;0000000000000;01316230;
20170523;DOL;*;K18 ;0000000000000;0000000000000;00000000;00000000;00000000;00000000;00000000;0000034773950;0000034998990;0000000000000;00225040;
20170523;DOL;*;M17 ;0060156802250;0018422491042;00512069;03285000;03264000;03295000;03277500;0000032734620;0000032909930;0000000087655;00175310;
20170523;DOL;*;N17 ;0000440863250;0000135010489;00057232;03295500;03290000;03304000;03295000;0000032963290;0000033140910;0000000088810;00177620;
20170523;DOL;*;N18 ;0000000000000;0000000000000;00000620;00000000;00000000;00000000;00000000;0000035201760;0000035455930;0000000127085;00254170;
20170523;DOL;*;N19 ;0000000000000;0000000000000;00000400;00000000;00000000;00000000;00000000;0000037937290;0000038402060;0000000232385;00464770;
20170523;DOL;*;N21 ;0000000000000;0000000000000;00000000;00000000;00000000;00000000;00000000;0000044261890;0000045353570;0000000000000;01091680;
20170523;DOL;*;Q17 ;0000010757750;0000003294466;00008440;03308000;03308000;03317000;03317000;0000033165640;0000033340270;0000000087315;00174630;
20170523;DOL;*;U17 ;0000000000000;0000000000000;00001430;00000000;00000000;00000000;00000000;0000033387920;0000033567770;0000000089925;00179850;
20170523;DOL;*;V17 ;0000002522500;0000000772493;00003940;03368500;03360500;03368500;03360500;0000033552350;0000033734010;0000000090830;00181660;
20170523;DOL;*;V18 ;0000000000000;0000000000000;00000035;00000000;00000000;00000000;00000000;0000035849070;0000036143780;0000000147355;00294710;
20170523;DOL;*;V19 ;0000000000000;0000000000000;00000000;00000000;00000000;00000000;00000000;0000038759590;0000039295520;0000000000000;00535930;
20170523;DOL;*;X17 ;0000000000000;0000000000000;00000100;00000000;00000000;00000000;00000000;0000033737790;0000033912990;0000000087600;00175200;
20170523;DOL;*;Z17 ;0000000000000;0000000000000;00000005;00000000;00000000;00000000;00000000;0000033904010;0000034078960;0000000087475;00174950;
20170523;DR1;*;M7N7;0000000000000;0000000000000;00000000;00022850;00022700;00023000;00022700;0000000000000;0000000000000;0000000000000;00000000;
20170523;ETH;*;F18 ;0000000000000;0000000000000;00000000;00000000;00000000;00000000;00000000;0000000168700;0000000168700;0000000000000;00000000;
20170523;ETH;*;K17 ;0000000000000;0000000000000;00000162;00000000;00000000;00000000;00000000;0000000147000;0000000147000;0000000000000;00000000;
20170523;ETH;*;M17 ;0000000000000;0000000000000;00000335;00000000;00000000;00000000;00000000;0000000145500;0000000145500;0000000000000;00000000;
20170523;ETH;*;N17 ;0000000000000;0000000000000;00000244;00000000;00000000;00000000;00000000;0000000146000;0000000146000;0000000000000;00000000;
20170523;ETH;*;Q17 ;0000002175000;0000000665117;00000475;00145000;00145000;00145000;00145000;0000000145000;0000000145000;0000000000000;00000000;
20170523;ETH;*;U17 ;0000000000000;0000000000000;00000000;00000000;00000000;00000000;00000000;0000000150000;0000000150000;0000000000000;00000000;
20170523;ETH;*;V17 ;0000002325000;0000000710987;00000280;00155000;00155000;00155000;00155000;0000000155000;0000000155000;0000000000000;00000000;
20170523;ETH;*;X17 ;0000002463585;0000000753367;00000102;00161950;00161000;00161950;00161000;0000000163000;0000000163000;0000000000000;00000000;
20170523;ETH;*;Z17 ;0000002430000;0000000743097;00000082;00162000;00162000;00162000;00162000;0000000165000;0000000165000;0000000000000;00000000;
20170523;EUR;*;M17 ;0000003665750;0000001122604;00012339;03678000;03661000;03678000;03661000;0000036626800;0000036992210;0000000182705;00365410;
20170523;EUR;*;N17 ;0000003706500;0000001135083;00003230;03706500;03706500;03706500;03706500;0000036930920;0000037300330;0000000184705;00369410;
20170523;EUR;*;Q17 ;0000000929825;0000000284751;00000567;03719300;03719300;03719300;03719300;0000037205290;0000037573790;0000000184250;00368500;
20170523;EUR;*;U17 ;0000000000000;0000000000000;00000000;00000000;00000000;00000000;00000000;0000037511680;0000037887720;0000000000000;00376040;
20170523;EUR;*;V17 ;0000000000000;0000000000000;00000000;00000000;00000000;00000000;00000000;0000037756260;0000038134280;0000000000000;00378020;
20170523;FRC;*;F18 ;0000000000000;0000000000000;00000000;00000240;00000224;00000240;00000224;0000000000224;0000000000234;0000000000005;00000010;
20170523;FRC;*;F19 ;0000000000000;0000000000000;00000000;00000250;00000245;00000250;00000250;0000000000248;0000000000252;0000000000002;00000004;
20170523;FRC;*;F20 ;0000000000000;0000000000000;00000000;00000275;00000275;00000277;00000276;0000000000276;0000000000280;0000000000002;00000004;
20170523;FRC;*;F21 ;0000000000000;0000000000000;00000000;00000315;00000310;00000315;00000313;0000000000313;0000000000315;0000000000001;00000002;
20170523;FRC;*;F22 ;0000000000000;0000000000000;00000000;00000352;00000352;00000352;00000352;0000000000353;0000000000352;0000000000000;00000001;
20170523;FRC;*;F23 ;0000000000000;0000000000000;00000000;00000385;00000385;00000388;00000387;0000000000388;0000000000385;0000000000001;00000003;
20170523;FRC;*;F24 ;0000000000000;0000000000000;00000000;00000418;00000418;00000421;00000421;0000000000421;0000000000418;0000000000001;00000003;
20170523;FRC;*;F25 ;0000000000000;0000000000000;00000000;00000000;00000000;00000000;00000000;0000000000452;0000000000449;0000000000000;00000003;
20170523;FRC;*;F26 ;0000000000000;0000000000000;00000000;00000000;00000000;00000000;00000000;0000000000492;0000000000489;0000000000000;00000003;
20170523;FRC;*;F27 ;0000000000000;0000000000000;00000000;00000000;00000000;00000000;00000000;0000000000526;0000000000523;0000000000000;00000003;
20170523;FRC;*;F28 ;0000000000000;0000000000000;00000000;00000000;00000000;00000000;00000000;0000000000556;0000000000553;0000000000000;00000003;
20170523;FRC;*;F29 ;0000000000000;0000000000000;00000000;00000000;00000000;00000000;00000000;0000000000587;0000000000584;0000000000000;00000003;
20170523;FRC;*;F30 ;0000000000000;0000000000000;00000000;00000000;00000000;00000000;00000000;0000000000616;0000000000613;0000000000000;00000003;
20170523;FRC;*;G18 ;0000000000000;0000000000000;00000000;00000000;00000000;00000000;00000000;0000000000225;0000000000234;0000000000000;00000009;
20170523;FRC;*;H18 ;0000000000000;0000000000000;00000000;00000000;00000000;00000000;00000000;0000000000227;0000000000235;0000000000000;00000008;
20170523;FRC;*;J18 ;0000000000000;0000000000000;00000000;00000238;00000238;00000238;00000238;0000000000231;0000000000238;0000000000003;00000007;
20170523;FRC;*;J19 ;0000000000000;0000000000000;00000000;00000000;00000000;00000000;00000000;0000000000255;0000000000259;0000000000000;00000004;
20170523;FRC;*;J20 ;0000000000000;0000000000000;00000000;00000285;00000285;00000285;00000285;0000000000285;0000000000289;0000000000002;00000004;
20170523;FRC;*;J21 ;0000000000000;0000000000000;00000000;00000323;00000323;00000323;00000323;0000000000323;0000000000324;0000000000000;00000001;
20170523;FRC;*;J22 ;0000000000000;0000000000000;00000000;00000000;00000000;00000000;00000000;0000000000363;0000000000362;0000000000000;00000001;
20170523;FRC;*;K18 ;0000000000000;0000000000000;00000000;00000232;00000232;00000235;00000235;0000000000232;0000000000238;0000000000003;00000006;
20170523;FRC;*;N17 ;0000000000000;0000000000000;00000000;00000130;00000127;00000136;00000132;0000000000132;0000000000136;0000000000002;00000004;
20170523;FRC;*;N18 ;0000000000000;0000000000000;00000000;00000234;00000234;00000236;00000234;0000000000234;0000000000239;0000000000002;00000005;
20170523;FRC;*;N19 ;0000000000000;0000000000000;00000000;00000260;00000260;00000260;00000260;0000000000258;0000000000262;0000000000002;00000004;
20170523;FRC;*;N20 ;0000000000000;0000000000000;00000000;00000292;00000292;00000292;00000292;0000000000292;0000000000296;0000000000002;00000004;
20170523;FRC;*;N21 ;0000000000000;0000000000000;00000000;00000000;00000000;00000000;00000000;0000000000333;0000000000333;0000000000000;00000000;
20170523;FRC;*;Q17 ;0000000000000;0000000000000;00000000;00000185;00000185;00000197;00000185;0000000000185;0000000000197;0000000000006;00000012;
20170523;FRC;*;U17 ;0000000000000;0000000000000;00000000;00000191;00000188;00000191;00000188;0000000000188;0000000000199;0000000000005;00000011;
20170523;FRC;*;V17 ;0000000000000;0000000000000;00000000;00000215;00000205;00000215;00000205;0000000000205;0000000000215;0000000000005;00000010;
20170523;FRC;*;V18 ;0000000000000;0000000000000;00000000;00000245;00000242;00000245;00000244;0000000000242;0000000000247;0000000000002;00000005;
20170523;FRC;*;V19 ;0000000000000;0000000000000;00000000;00000000;00000000;00000000;00000000;0000000000264;0000000000268;0000000000000;00000004;
20170523;FRC;*;V20 ;0000000000000;0000000000000;00000000;00000304;00000304;00000304;00000304;0000000000304;0000000000305;0000000000000;00000001;
20170523;FRC;*;V21 ;0000000000000;0000000000000;00000000;00000000;00000000;00000000;00000000;0000000000342;0000000000341;0000000000000;00000001;
20170523;FRC;*;X17 ;0000000000000;0000000000000;00000000;00000218;00000209;00000218;00000210;0000000000209;0000000000222;0000000000006;00000013;
20170523;FRC;*;Z17 ;0000000000000;0000000000000;00000000;00000215;00000215;00000215;00000215;0000000000215;0000000000230;0000000000007;00000015;
20170523;FRO;*;F18 ;0000000000000;0000000000000;00000000;00000000;00000000;00000000;00000000;0000000000226;0000000000236;0000000000000;00000010;
20170523;FRO;*;F19 ;0000000000000;0000000000000;00000000;00000000;00000000;00000000;00000000;0000000000250;0000000000254;0000000000000;00000004;
20170523;FRO;*;F20 ;0000000000000;0000000000000;00000000;00000000;00000000;00000000;00000000;0000000000278;0000000000282;0000000000000;00000004;
20170523;FRO;*;F21 ;0000000000000;0000000000000;00000000;00000000;00000000;00000000;00000000;0000000000315;0000000000317;0000000000000;00000002;
20170523;FRO;*;F22 ;0000000000000;0000000000000;00000000;00000000;00000000;00000000;00000000;0000000000355;0000000000354;0000000000000;00000001;
20170523;FRO;*;F23 ;0000000000000;0000000000000;00000000;00000000;00000000;00000000;00000000;0000000000390;0000000000387;0000000000000;00000003;
20170523;FRO;*;F24 ;0000000000000;0000000000000;00000000;00000000;00000000;00000000;00000000;0000000000423;0000000000420;0000000000000;00000003;
20170523;FRO;*;F25 ;0000000000000;0000000000000;00000000;00000000;00000000;00000000;00000000;0000000000454;0000000000452;0000000000000;00000002;
20170523;FRO;*;F26 ;0000000000000;0000000000000;00000000;00000000;00000000;00000000;00000000;0000000000495;0000000000492;0000000000000;00000003;
20170523;FRO;*;F27 ;0000000000000;0000000000000;00000000;00000000;00000000;00000000;00000000;0000000000529;0000000000526;0000000000000;00000003;
20170523;FRO;*;F28 ;0000000000000;0000000000000;00000000;00000000;00000000;00000000;00000000;0000000000559;0000000000556;0000000000000;00000003;
20170523;FRO;*;F29 ;0000000000000;0000000000000;00000000;00000000;00000000;00000000;00000000;0000000000590;0000000000587;0000000000000;00000003;
20170523;FRO;*;F30 ;0000000000000;0000000000000;00000000;00000000;00000000;00000000;00000000;0000000000619;0000000000616;0000000000000;00000003;
20170523;FRO;*;G18 ;0000000000000;0000000000000;00000000;00000000;00000000;00000000;00000000;0000000000227;0000000000236;0000000000000;00000009;
20170523;FRO;*;H18 ;0000000000000;0000000000000;00000000;00000000;00000000;00000000;00000000;0000000000229;0000000000237;0000000000000;00000008;
20170523;FRO;*;J18 ;0000000000000;0000000000000;00000000;00000000;00000000;00000000;00000000;0000000000233;0000000000240;0000000000000;00000007;
20170523;FRO;*;J19 ;0000000000000;0000000000000;00000000;00000000;00000000;00000000;00000000;0000000000257;0000000000261;0000000000000;00000004;
20170523;FRO;*;J20 ;0000000000000;0000000000000;00000000;00000000;00000000;00000000;00000000;0000000000287;0000000000291;0000000000000;00000004;
20170523;FRO;*;J21 ;0000000000000;0000000000000;00000000;00000000;00000000;00000000;00000000;0000000000325;0000000000326;0000000000000;00000001;
20170523;FRO;*;J22 ;0000000000000;0000000000000;00000000;00000000;00000000;00000000;00000000;0000000000365;0000000000364;0000000000000;00000001;
20170523;FRO;*;K18 ;0000000000000;0000000000000;00000000;00000000;00000000;00000000;00000000;0000000000234;0000000000240;0000000000000;00000006;
20170523;FRO;*;N17 ;0000000000000;0000000000000;00000000;00000000;00000000;00000000;00000000;0000000000134;0000000000138;0000000000000;00000004;
20170523;FRO;*;N18 ;0000000000000;0000000000000;00000000;00000000;00000000;00000000;00000000;0000000000236;0000000000241;0000000000000;00000005;
20170523;FRO;*;N19 ;0000000000000;0000000000000;00000000;00000000;00000000;00000000;00000000;0000000000260;0000000000264;0000000000000;00000004;
20170523;FRO;*;N20 ;0000000000000;0000000000000;00000000;00000000;00000000;00000000;00000000;0000000000294;0000000000298;0000000000000;00000004;
20170523;FRO;*;N21 ;0000000000000;0000000000000;00000000;00000000;00000000;00000000;00000000;0000000000335;0000000000335;0000000000000;00000000;
20170523;FRO;*;Q17 ;0000000000000;0000000000000;00000000;00000000;00000000;00000000;00000000;0000000000187;0000000000199;0000000000000;00000012;
20170523;FRO;*;U17 ;0000000000000;0000000000000;00000000;00000000;00000000;00000000;00000000;0000000000190;0000000000201;0000000000000;00000011;
20170523;FRO;*;V17 ;0000000000000;0000000000000;00000000;00000000;00000000;00000000;00000000;0000000000207;0000000000217;0000000000000;00000010;
20170523;FRO;*;V18 ;0000000000000;0000000000000;00000000;00000000;00000000;00000000;00000000;0000000000244;0000000000249;0000000000000;00000005;
20170523;FRO;*;V19 ;0000000000000;0000000000000;00000000;00000000;00000000;00000000;00000000;0000000000266;0000000000270;0000000000000;00000004;
20170523;FRO;*;V20 ;0000000000000;0000000000000;00000000;00000000;00000000;00000000;00000000;0000000000306;0000000000307;0000000000000;00000001;
20170523;FRO;*;V21 ;0000000000000;0000000000000;00000000;00000000;00000000;00000000;00000000;0000000000344;0000000000343;0000000000000;00000001;
20170523;FRO;*;X17 ;0000000000000;0000000000000;00000000;00000000;00000000;00000000;00000000;0000000000211;0000000000224;0000000000000;00000013;
20170523;FRO;*;Z17 ;0000000000000;0000000000000;00000000;00000000;00000000;00000000;00000000;0000000000217;0000000000232;0000000000000;00000015;
20170523;FRP;*;FRP0;0000000000000;0000000000000;00000000;00000880;00000750;00000920;00000890;0000000000000;0000000000000;0000000000000;00000000;
20170523;FRP;*;FRP1;0000000000000;0000000000000;00000000;00000750;00000750;00000750;00000750;0000000000000;0000000000000;0000000000000;00000000;
20170523;GBP;*;M17 ;0000000000000;0000000000000;00000806;00000000;00000000;00000000;00000000;0000042458570;0000042778800;0000000112080;00320230;
20170523;GBP;*;N17 ;0000000000000;0000000000000;00000012;00000000;00000000;00000000;00000000;0000042786350;0000043109780;0000000113200;00323430;
20170523;GBP;*;Q17 ;0000000000000;0000000000000;00000000;00000000;00000000;00000000;00000000;0000043080720;0000043401800;0000000000000;00321080;
20170523;GBP;*;U17 ;0000000000000;0000000000000;00000000;00000000;00000000;00000000;00000000;0000043408230;0000043736530;0000000000000;00328300;
20170523;HSI;*;K17 ;0000000000000;0000000000000;00000000;00000000;00000000;00000000;00000000;0000000025402;0000000025341;0000000000000;00000061;
20170523;HSI;*;M17 ;0000000000000;0000000000000;00000000;00000000;00000000;00000000;00000000;0000000025198;0000000025132;0000000000000;00000066;
20170523;IAP;*;K19 ;0000000000000;0000000000000;00000000;00000000;00000000;00000000;00000000;0000000529399;0000000530594;0000000000000;00001195;
20170523;IAP;*;K21 ;0000000000000;0000000000000;00000000;00000000;00000000;00000000;00000000;0000000589147;0000000594885;0000000000000;00005738;
20170523;IAP;*;M17 ;0000000000000;0000000000000;00000000;00000000;00000000;00000000;00000000;0000000485291;0000000485310;0000000000475;00000019;
20170523;IAP;*;N17 ;0000000000000;0000000000000;00000000;00000000;00000000;00000000;00000000;0000000486438;0000000486475;0000000000000;00000037;
20170523;IAP;*;Q17 ;0000000000000;0000000000000;00000000;00000000;00000000;00000000;00000000;0000000487563;0000000487620;0000000000000;00000057;
20170523;IAP;*;Q18 ;0000000000000;0000000000000;00000000;00000000;00000000;00000000;00000000;0000000509887;0000000510224;0000000000000;00000337;
20170523;IAP;*;Q20 ;0000000000000;0000000000000;00000000;00000000;00000000;00000000;00000000;0000000568155;0000000572381;0000000000000;00004226;
20170523;IAP;*;Q22 ;0000000000000;0000000000000;00000000;00000000;00000000;00000000;00000000;0000000630383;0000000639695;0000000000000;00009312;
20170523;ICF;*;H18 ;0000000000000;0000000000000;00000000;00000000;00000000;00000000;00000000;0000000016670;0000000016710;0000000000000;00000040;
20170523;ICF;*;K17 ;0000000000000;0000000000000;00000000;00000000;00000000;00000000;00000000;0000000015135;0000000015180;0000000014715;00000045;
20170523;ICF;*;N17 ;0000000000000;0000000000000;00000077;00000000;00000000;00000000;00000000;0000000015355;0000000015400;0000000014715;00000045;
20170523;ICF;*;U17 ;0000006171267;0000001887180;00005896;00015875;00015780;00015950;00015830;0000000015800;0000000015840;0000000013080;00000040;
20170523;ICF;*;U18 ;0000016265494;0000004974005;00001016;00017000;00016915;00017120;00017025;0000000016920;0000000016955;0000000011445;00000035;
20170523;ICF;*;U19 ;0000000000000;0000000000000;00000377;00000000;00000000;00000000;00000000;0000000017305;0000000017300;0000000001635;00000005;
20170523;ICF;*;Z17 ;0000001072593;0000000328000;00000282;00016400;00016400;00016400;00016400;0000000016220;0000000016260;0000000013080;00000040;
20170523;ICF;*;Z18 ;0000000000000;0000000000000;00000032;00000000;00000000;00000000;00000000;0000000016795;0000000016835;0000000013080;00000040;
20170523;IGM;*;K19 ;0000000000000;0000000000000;00000000;00000000;00000000;00000000;00000000;0000000716304;0000000718630;0000000000000;00002326;
20170523;IGM;*;K21 ;0000000000000;0000000000000;00000000;00000000;00000000;00000000;00000000;0000000797848;0000000809620;0000000000000;00011772;
20170523;IGM;*;Q18 ;0000000000000;0000000000000;00000000;00000000;00000000;00000000;00000000;0000000689190;0000000690366;0000000023520;00001176;
20170523;IGM;*;Q20 ;0000000000000;0000000000000;00000000;00000000;00000000;00000000;00000000;0000000766415;0000000774540;0000000000000;00008125;
20170523;IND;*;G18 ;0000000000000;0000000000000;00000000;00000000;00000000;00000000;00000000;0000000066451;0000000065330;0000000000000;00001121;
20170523;IND;*;G19 ;0000000000000;0000000000000;00000000;00000000;00000000;00000000;00000000;0000000072519;0000000071606;0000000000000;00000913;
20170523;IND;*;J18 ;0000000000000;0000000000000;00000000;00000000;00000000;00000000;00000000;0000000067367;0000000066264;0000000000000;00001103;
20170523;IND;*;M17 ;0005215037300;0001597059258;00265269;00062010;00061510;00063195;00063150;0000000063010;0000000061881;0000000112900;00001129;
20170523;IND;*;M18 ;0000000000000;0000000000000;00001080;00000000;00000000;00000000;00000000;0000000068238;0000000067163;0000000107500;00001075;
20170523;IND;*;Q17 ;0000019140000;0000005861456;00029715;00063800;00063800;00063800;00063800;0000000063971;0000000062836;0000000113500;00001135;
20170523;IND;*;Q18 ;0000000000000;0000000000000;00000000;00000000;00000000;00000000;00000000;0000000069324;0000000068284;0000000000000;00001040;
20170523;IND;*;V17 ;0000000000000;0000000000000;00001880;00000000;00000000;00000000;00000000;0000000064900;0000000063761;0000000113900;00001139;
20170523;IND;*;V18 ;0000000000000;0000000000000;00000000;00000000;00000000;00000000;00000000;0000000070388;0000000069386;0000000000000;00001002;
20170523;IND;*;Z17 ;0000066309000;0000020306547;00014745;00064500;00064500;00065400;00065400;0000000065685;0000000064547;0000000113800;00001138;
20170523;IND;*;Z18 ;0000000000000;0000000000000;00000150;00000000;00000000;00000000;00000000;0000000071359;0000000070403;0000000095600;00000956;
20170523;IR1;*;M7Z7;0000000000000;0000000000000;00000000;00002622;00002595;00002622;00002595;0000000000000;0000000000000;0000000000000;00000000;
20170523;ISP;*;M17 ;0000057595166;0000017612662;00004026;00239625;00239325;00239925;00239850;0000000239800;0000000239270;0000000086657;00000530;
20170523;ISP;*;M18 ;0000000000000;0000000000000;00000000;00000000;00000000;00000000;00000000;0000000239070;0000000238540;0000000000000;00000530;
20170523;ISP;*;U17 ;0000000000000;0000000000000;00000006;00000000;00000000;00000000;00000000;0000000239520;0000000238980;0000000088292;00000540;
20170523;ISP;*;Z17 ;0000000000000;0000000000000;00000000;00000000;00000000;00000000;00000000;0000000239210;0000000238670;0000000000000;00000540;
20170523;JPY;*;M17 ;0000000000000;0000000000000;00000546;00000000;00000000;00000000;00000000;0000029303000;0000029606400;0000000151700;00303400;
20170523;JPY;*;N17 ;0000004450905;0000001363050;00000260;02967200;02967200;02967300;02967300;0000029536400;0000029843300;0000000153450;00306900;
20170523;JPY;*;Q17 ;0000004477530;0000001371204;00001629;02985000;02985000;02985100;02985100;0000029747300;0000030053100;0000000152900;00305800;
20170523;JPY;*;U17 ;0000000000000;0000000000000;00000000;00000000;00000000;00000000;00000000;0000029984300;0000030296200;0000000000000;00311900;
20170523;JSE;*;M17 ;0000000000000;0000000000000;00000000;00000000;00000000;00000000;00000000;0000000048292;0000000048267;0000000000000;00000025;
20170523;JSE;*;U17 ;0000000000000;0000000000000;00000000;00000000;00000000;00000000;00000000;0000000048716;0000000048706;0000000000000;00000010;
20170523;MIX;*;M17 ;0000000000000;0000000000000;00000000;00000000;00000000;00000000;00000000;0000000001969;0000000001953;0000000000000;00000016;
20170523;MIX;*;U17 ;0000000000000;0000000000000;00000000;00000000;00000000;00000000;00000000;0000000001957;0000000001953;0000000000000;00000004;
20170523;MXN;*;M17 ;0000000000000;0000000000000;00000597;00000000;00000000;00000000;00000000;0000017540640;0000017594630;0000000040492;00053990;
20170523;MXN;*;N17 ;0000000000000;0000000000000;00000019;00000000;00000000;00000000;00000000;0000017568630;0000017623170;0000000040905;00054540;
20170523;MXN;*;Q17 ;0000000000000;0000000000000;00000000;00000000;00000000;00000000;00000000;0000017592170;0000017644720;0000000000000;00052550;
20170523;NZD;*;M17 ;0000000000000;0000000000000;00000000;00000000;00000000;00000000;00000000;0000022957460;0000023005040;0000000000000;00047580;
20170523;NZD;*;N17 ;0000000000000;0000000000000;00000000;00000000;00000000;00000000;00000000;0000023099820;0000023157430;0000000000000;00057610;
20170523;NZD;*;Q17 ;0000000000000;0000000000000;00000000;00000000;00000000;00000000;00000000;0000023227730;0000023282640;0000000000000;00054910;
20170523;OC1;*;F18 ;0000000000000;0000000000000;00000000;00000000;00000000;00000000;00000000;0000009457501;0000009450646;0000000000000;00006855;
20170523;OC1;*;F19 ;0000000000000;0000000000000;00000000;00000000;00000000;00000000;00000000;0000008597767;0000008555679;0000000000000;00042088;
20170523;OC1;*;F20 ;0000000000000;0000000000000;00000000;00000000;00000000;00000000;00000000;0000007695028;0000007612175;0000000000000;00082853;
20170523;OC1;*;F21 ;0000000000000;0000000000000;00000000;00000000;00000000;00000000;00000000;0000006857555;0000006742895;0000000000000;00114660;
20170523;OC1;*;F22 ;0000000000000;0000000000000;00000000;00000000;00000000;00000000;00000000;0000006109210;0000005981836;0000000000000;00127374;
20170523;OC1;*;F23 ;0000000000000;0000000000000;00000000;00000000;00000000;00000000;00000000;0000005446394;0000005311386;0000000000000;00135008;
20170523;OC1;*;F24 ;0000000000000;0000000000000;00000000;00000000;00000000;00000000;00000000;0000004864234;0000004727230;0000000000000;00137004;
20170523;OC1;*;F25 ;0000000000000;0000000000000;00000000;00000000;00000000;00000000;00000000;0000004333631;0000004197257;0000000000000;00136374;
20170523;OC1;*;F26 ;0000000000000;0000000000000;00000000;00000000;00000000;00000000;00000000;0000003857393;0000003726035;0000000000000;00131358;
20170523;OC1;*;F27 ;0000000000000;0000000000000;00000000;00000000;00000000;00000000;00000000;0000003433435;0000003309011;0000000000000;00124424;
20170523;OC1;*;F28 ;0000000000000;0000000000000;00000000;00000000;00000000;00000000;00000000;0000003072383;0000002949717;0000000000000;00122666;
20170523;OC1;*;F29 ;0000000000000;0000000000000;00000000;00000000;00000000;00000000;00000000;0000002748888;0000002629133;0000000000000;00119755;
20170523;OC1;*;F30 ;0000000000000;0000000000000;00000000;00000000;00000000;00000000;00000000;0000002444169;0000002328839;0000000000000;00115330;
20170523;OC1;*;G18 ;0000000000000;0000000000000;00000000;00000000;00000000;00000000;00000000;0000009384034;0000009374406;0000000000000;00009628;
20170523;OC1;*;H18 ;0000000000000;0000000000000;00000000;00000000;00000000;00000000;00000000;0000009319614;0000009308422;0000000000000;00011192;
20170523;OC1;*;J18 ;0000000000000;0000000000000;00000000;00000000;00000000;00000000;00000000;0000009253809;0000009240666;0000000000000;00013143;
20170523;OC1;*;J19 ;0000000000000;0000000000000;00000000;00000000;00000000;00000000;00000000;0000008379499;0000008329347;0000000000000;00050152;
20170523;OC1;*;J20 ;0000000000000;0000000000000;00000000;00000000;00000000;00000000;00000000;0000007486544;0000007395567;0000000000000;00090977;
20170523;OC1;*;J21 ;0000000000000;0000000000000;00000000;00000000;00000000;00000000;00000000;0000006668676;0000006550488;0000000000000;00118188;
20170523;OC1;*;J22 ;0000000000000;0000000000000;00000000;00000000;00000000;00000000;00000000;0000005938759;0000005808936;0000000000000;00129823;
20170523;OC1;*;K18 ;0000000000000;0000000000000;00000000;00000000;00000000;00000000;00000000;0000009186626;0000009170695;0000000000000;00015931;
20170523;OC1;*;M17 ;0000000000000;0000000000000;00000000;00000000;00000000;00000000;00000000;0000009970647;0000009970647;0000000000000;00000000;
20170523;OC1;*;N17 ;0000000000000;0000000000000;00000000;00000000;00000000;00000000;00000000;0000009889753;0000009889100;0000000000000;00000653;
20170523;OC1;*;N18 ;0000000000000;0000000000000;00000000;00000000;00000000;00000000;00000000;0000009038136;0000009015854;0000000000000;00022282;
20170523;OC1;*;N19 ;0000000000000;0000000000000;00000000;00000000;00000000;00000000;00000000;0000008156002;0000008094574;0000000000000;00061428;
20170523;OC1;*;N20 ;0000000000000;0000000000000;00000000;00000000;00000000;00000000;00000000;0000007273141;0000007174399;0000000000000;00098742;
20170523;OC1;*;N21 ;0000000000000;0000000000000;00000000;00000000;00000000;00000000;00000000;0000006474953;0000006353936;0000000000000;00121017;
20170523;OC1;*;N22 ;0000000000000;0000000000000;00000000;00000000;00000000;00000000;00000000;0000005774055;0000005642304;0000000000000;00131751;
20170523;OC1;*;N23 ;0000000000000;0000000000000;00000000;00000000;00000000;00000000;00000000;0000005150982;0000005014176;0000000000000;00136806;
20170523;OC1;*;N24 ;0000000000000;0000000000000;00000000;00000000;00000000;00000000;00000000;0000004599662;0000004462585;0000000000000;00137077;
20170523;OC1;*;Q17 ;0000000000000;0000000000000;00000000;00000000;00000000;00000000;00000000;0000009810008;0000009808855;0000000000000;00001153;
20170523;OC1;*;U17 ;0000000000000;0000000000000;00000000;00000000;00000000;00000000;00000000;0000009728505;0000009725414;0000000000000;00003091;
20170523;OC1;*;V17 ;0000000000000;0000000000000;00000000;00000000;00000000;00000000;00000000;0000009659373;0000009655574;0000000000000;00003799;
20170523;OC1;*;V18 ;0000000000000;0000000000000;00000000;00000000;00000000;00000000;00000000;0000008814163;0000008782985;0000000000000;00031178;
20170523;OC1;*;V19 ;0000000000000;0000000000000;00000000;00000000;00000000;00000000;00000000;0000007922172;0000007850085;0000000000000;00072087;
20170523;OC1;*;V20 ;0000000000000;0000000000000;00000000;00000000;00000000;00000000;00000000;0000007054923;0000006948167;0000000000000;00106756;
20170523;OC1;*;V21 ;0000000000000;0000000000000;00000000;00000000;00000000;00000000;00000000;0000006287719;0000006163152;0000000000000;00124567;
20170523;OC1;*;X17 ;0000000000000;0000000000000;00000000;00000000;00000000;00000000;00000000;0000009588582;0000009584460;0000000000000;00004122;
20170523;OC1;*;Z17 ;0000000000000;0000000000000;00000000;00000000;00000000;00000000;00000000;0000009522033;0000009516665;0000000000000;00005368;
20170523;OZ1;*;0000;0000001107955;0000000339301;00000000;00130001;00130001;00130700;00130500;0000000130478;0000000132546;0000000000000;00002490;
20170523;OZ1;*;M17 ;0000000000000;0000000000000;00000000;00000000;00000000;00000000;00000000;0000000130829;0000000133381;0000000000000;00002552;
20170523;OZ1;*;N17 ;0000000000000;0000000000000;00000000;00000000;00000000;00000000;00000000;0000000131901;0000000134483;0000000000000;00002582;
20170523;OZ2;*;0000;0000000028962;0000000008869;00000000;00130700;00130700;00133000;00133000;0000000131777;0000000132556;0000000000000;00002000;
20170523;OZ3;*;0000;0000000001199;0000000000367;00000000;00130000;00130000;00130000;00130000;0000000130000;0000000130852;0000000000000;00001000;
20170523;SCS;*;F802;0000000000000;0000000000000;00041080;00000000;00000000;00000000;00000000;0000000000000;0000000000000;0000000000000;00000000;
20170523;SCS;*;M701;0000000000000;0000000000000;00088700;00000000;00000000;00000000;00000000;0000000000000;0000000000000;0000000000000;00000000;
20170523;SCS;*;N703;0000000000000;0000000000000;00138770;00000000;00000000;00000000;00000000;0000000000000;0000000000000;0000000000000;00000000;
20170523;SCS;*;Q701;0000000000000;0000000000000;00107090;00000000;00000000;00000000;00000000;0000000000000;0000000000000;0000000000000;00000000;
20170523;SCS;*;V702;0000000000000;0000000000000;00099615;00000000;00000000;00000000;00000000;0000000000000;0000000000000;0000000000000;00000000;
20170523;SFI;*;K18 ;0000000000000;0000000000000;00000000;00000000;00000000;00000000;00000000;0000000002051;0000000002064;0000000000000;00000013;
20170523;SFI;*;N17 ;0000000000000;0000000000000;00000000;00000000;00000000;00000000;00000000;0000000002028;0000000002046;0000000000000;00000018;
20170523;SFI;*;X17 ;0000000000000;0000000000000;00000000;00000000;00000000;00000000;00000000;0000000002021;0000000002038;0000000000000;00000017;
20170523;SJC;*;F18 ;0000000000000;0000000000000;00000000;00000000;00000000;00000000;00000000;0000000210703;0000000212357;0000000000000;00001654;
20170523;SJC;*;H18 ;0000000000000;0000000000000;00000000;00000000;00000000;00000000;00000000;0000000211475;0000000212908;0000000000000;00001433;
20170523;SJC;*;K18 ;0000000000000;0000000000000;00000000;00000000;00000000;00000000;00000000;0000000212467;0000000213790;0000000000000;00001323;
20170523;SJC;*;N17 ;0000002098613;0000000641758;00002173;00002110;00002090;00002110;00002092;0000000209050;0000000210869;0000000026767;00001819;
20170523;SJC;*;N18 ;0000000000000;0000000000000;00000000;00000000;00000000;00000000;00000000;0000000213845;0000000215168;0000000000000;00001323;
20170523;SJC;*;Q17 ;0000000371889;0000000113724;00000121;00002106;00002106;00002106;00002106;0000000209491;0000000211254;0000000025943;00001763;
20170523;SJC;*;U17 ;0000000000000;0000000000000;00000010;00000000;00000000;00000000;00000000;0000000208995;0000000210758;0000000025943;00001763;
20170523;SJC;*;X17 ;0000000278312;0000000085108;00001206;00002112;00002089;00002112;00002089;0000000209105;0000000210813;0000000025133;00001708;
20170523;TRY;*;M17 ;0000000000000;0000000000000;00000066;00000000;00000000;00000000;00000000;0000009130750;0000009207640;0000000057667;00076890;
20170523;TRY;*;N17 ;0000000000000;0000000000000;00000050;00000000;00000000;00000000;00000000;0000009108920;0000009191280;0000000061770;00082360;
20170523;TRY;*;Q17 ;0000000000000;0000000000000;00000000;00000000;00000000;00000000;00000000;0000009096260;0000009170510;0000000000000;00074250;
20170523;T10;*;M17 ;0000063464907;0000019435569;00001427;00126250;00125797;00126327;00125797;0000001258593;0000001261250;0000000086761;00002657;
20170523;T10;*;U17 ;0000041938277;0000012843228;00000000;00125914;00125914;00125914;00125914;0000001255625;0000001258281;0000000086729;00002656;
20170523;WDO;*;F18 ;0000000000000;0000000000000;00000000;00000000;00000000;00000000;00000000;0000034051970;0000034239780;0000000000000;00187810;
20170523;WDO;*;F19 ;0000000000000;0000000000000;00000000;00000000;00000000;00000000;00000000;0000036493150;0000036846160;0000000000000;00353010;
20170523;WDO;*;F20 ;0000000000000;0000000000000;00000000;00000000;00000000;00000000;00000000;0000039534250;0000040133610;0000000000000;00599360;
20170523;WDO;*;F21 ;0000000000000;0000000000000;00000000;00000000;00000000;00000000;00000000;0000042686970;0000043617440;0000000000000;00930470;
20170523;WDO;*;F25 ;0000000000000;0000000000000;00000000;00000000;00000000;00000000;00000000;0000055775320;0000057991970;0000000000000;02216650;
20170523;WDO;*;G18 ;0000000000000;0000000000000;00000000;00000000;00000000;00000000;00000000;0000034252670;0000034450970;0000000000000;00198300;
20170523;WDO;*;H18 ;0000000000000;0000000000000;00000000;00000000;00000000;00000000;00000000;0000034424750;0000034628970;0000000000000;00204220;
20170523;WDO;*;J18 ;0000000000000;0000000000000;00000000;00000000;00000000;00000000;00000000;0000034588130;0000034804200;0000000000000;00216070;
20170523;WDO;*;J19 ;0000000000000;0000000000000;00000000;00000000;00000000;00000000;00000000;0000037176090;0000037577070;0000000000000;00400980;
20170523;WDO;*;J20 ;0000000000000;0000000000000;00000000;00000000;00000000;00000000;00000000;0000040277080;0000040945910;0000000000000;00668830;
20170523;WDO;*;J22 ;0000000000000;0000000000000;00000000;00000000;00000000;00000000;00000000;0000046606910;0000047923140;0000000000000;01316230;
20170523;WDO;*;K18 ;0000000000000;0000000000000;00000000;00000000;00000000;00000000;00000000;0000034773950;0000034998990;0000000000000;00225040;
20170523;WDO;*;M17 ;0018037019785;0005523678503;00029323;03282500;03264000;03295000;03279500;0000032734620;0000032909930;0000000017531;00175310;
20170523;WDO;*;N17 ;0000010036905;0000003073714;00000132;03320000;03290000;03320000;03300000;0000032963290;0000033140910;0000000017762;00177620;
20170523;WDO;*;N18 ;0000000000000;0000000000000;00000000;00000000;00000000;00000000;00000000;0000035201760;0000035455930;0000000000000;00254170;
20170523;WDO;*;N19 ;0000000000000;0000000000000;00000000;00000000;00000000;00000000;00000000;0000037937290;0000038402060;0000000000000;00464770;
20170523;WDO;*;N21 ;0000000000000;0000000000000;00000000;00000000;00000000;00000000;00000000;0000044261890;0000045353570;0000000000000;01091680;
20170523;WDO;*;Q17 ;0000000000000;0000000000000;00000000;00000000;00000000;00000000;00000000;0000033165640;0000033340270;0000000000000;00174630;
20170523;WDO;*;U17 ;0000000000000;0000000000000;00000077;00000000;00000000;00000000;00000000;0000033387920;0000033567770;0000000017985;00179850;
20170523;WDO;*;V17 ;0000000000000;0000000000000;00000000;00000000;00000000;00000000;00000000;0000033552350;0000033734010;0000000000000;00181660;
20170523;WDO;*;V18 ;0000000000000;0000000000000;00000000;00000000;00000000;00000000;00000000;0000035849070;0000036143780;0000000000000;00294710;
20170523;WDO;*;V19 ;0000000000000;0000000000000;00000000;00000000;00000000;00000000;00000000;0000038759590;0000039295520;0000000000000;00535930;
20170523;WDO;*;X17 ;0000000000000;0000000000000;00000024;00000000;00000000;00000000;00000000;0000033737790;0000033912990;0000000017520;00175200;
20170523;WDO;*;Z17 ;0000000000000;0000000000000;00000012;00000000;00000000;00000000;00000000;0000033904010;0000034078960;0000000017495;00174950;
20170523;WD1;*;M7N7;0000000000000;0000000000000;00000000;00022910;00022900;00022910;00022900;0000000000000;0000000000000;0000000000000;00000000;
20170523;WEU;*;M17 ;0000000000000;0000000000000;00000000;00000000;00000000;00000000;00000000;0000036626800;0000036992210;0000000000000;00365410;
20170523;WEU;*;N17 ;0000000000000;0000000000000;00000000;00000000;00000000;00000000;00000000;0000036930920;0000037300330;0000000000000;00369410;
20170523;WEU;*;Q17 ;0000000000000;0000000000000;00000000;00000000;00000000;00000000;00000000;0000037205290;0000037573790;0000000000000;00368500;
20170523;WEU;*;U17 ;0000000000000;0000000000000;00000000;00000000;00000000;00000000;00000000;0000037511680;0000037887720;0000000000000;00376040;
20170523;WEU;*;V17 ;0000000000000;0000000000000;00000000;00000000;00000000;00000000;00000000;0000037756260;0000038134280;0000000000000;00378020;
20170523;WIN;*;G18 ;0000000000000;0000000000000;00000000;00000000;00000000;00000000;00000000;0000000066451;0000000065330;0000000000000;00001121;
20170523;WIN;*;G19 ;0000000000000;0000000000000;00000000;00000000;00000000;00000000;00000000;0000000072519;0000000071606;0000000000000;00000913;
20170523;WIN;*;J18 ;0000000000000;0000000000000;00000000;00000000;00000000;00000000;00000000;0000000067367;0000000066264;0000000000000;00001103;
20170523;WIN;*;M17 ;0012796893302;0003918935904;00097320;00062000;00061510;00063195;00063160;0000000063010;0000000061881;0000000022580;00001129;
20170523;WIN;*;M18 ;0000000000000;0000000000000;00000000;00000000;00000000;00000000;00000000;0000000068238;0000000067163;0000000000000;00001075;
20170523;WIN;*;Q17 ;0000000000000;0000000000000;00000015;00000000;00000000;00000000;00000000;0000000063971;0000000062836;0000000022700;00001135;
20170523;WIN;*;Q18 ;0000000000000;0000000000000;00000000;00000000;00000000;00000000;00000000;0000000069324;0000000068284;0000000000000;00001040;
20170523;WIN;*;V17 ;0000000000000;0000000000000;00000000;00000000;00000000;00000000;00000000;0000000064900;0000000063761;0000000000000;00001139;
20170523;WIN;*;V18 ;0000000000000;0000000000000;00000000;00000000;00000000;00000000;00000000;0000000070388;0000000069386;0000000000000;00001002;
20170523;WIN;*;Z17 ;0000000000000;0000000000000;00000000;00000000;00000000;00000000;00000000;0000000065685;0000000064547;0000000000000;00001138;
20170523;WIN;*;Z18 ;0000000000000;0000000000000;00000000;00000000;00000000;00000000;00000000;0000000071359;0000000070403;0000000000000;00000956;
20170523;WTI;*;N17 ;0000000000000;0000000000000;00000645;00000000;00000000;00000000;00000000;0000000005147;0000000005113;0000000011118;00000034;
20170523;WTI;*;Q17 ;0000000000000;0000000000000;00000000;00000000;00000000;00000000;00000000;0000000005172;0000000005140;0000000000000;00000032;
20170523;ZAR;*;M17 ;0000000000000;0000000000000;00000144;00000000;00000000;00000000;00000000;0000024984650;0000024821210;0000000057204;00163440;
20170523;ZAR;*;N17 ;0000002615858;0000000801083;00000161;02491200;02491200;02491300;02491300;0000025018290;0000024882500;0000000047526;00135790;
20170523;ZAR;*;Q17 ;0000002615907;0000000801098;00000000;02491300;02491300;02491400;02491400;0000025049190;0000024915020;0000000046959;00134170;
