Data;Código do Contrato;Pregão;Vencimento;Volume(R$);Volume(U$);Número de contas em Aberto;Preço de Abertura;Preço Mínimo;Preço Máximo;Último Preço;Preço de Ajuste Atual; Preço de Ajuste Anterior;Valor de Ajuste por Contrato;Variação
20170524;AUD;*;M17 ;0000000000000;0000000000000;00001286;00000000;00000000;00000000;00000000;0000024498730;0000024494680;0000000002430;00004050;
20170524;AUD;*;N17 ;0000000000000;0000000000000;00000000;00000000;00000000;00000000;00000000;0000024656660;0000024653440;0000000000000;00003220;
20170524;AUD;*;Q17 ;0000000000000;0000000000000;00000671;00000000;00000000;00000000;00000000;0000024799470;0000024795150;0000000002592;00004320;
20170524;AUD;*;U17 ;0000000000000;0000000000000;00000000;00000000;00000000;00000000;00000000;0000024952880;0000024948380;0000000000000;00004500;
20170524;BGI;*;F18 ;0000000000000;0000000000000;00000000;00000000;00000000;00000000;00000000;0000000013116;0000000013177;0000000000000;00000061;
20170524;BGI;*;K17 ;0000007684403;0000002356890;00002740;00013370;00013335;00013450;00013335;0000000013350;0000000013350;0000000000000;00000000;
20170524;BGI;*;K18 ;0000000044814;0000000013745;00000053;00013580;00013580;00013580;00013580;0000000013517;0000000013580;0000000020790;00000063;
20170524;BGI;*;M17 ;0000017034840;0000005224770;00001754;00012960;00012910;00013100;00012915;0000000012915;0000000012970;0000000018150;00000055;
20170524;BGI;*;N17 ;0000001032629;0000000316719;00000294;00013050;00013000;00013120;00013000;0000000013045;0000000013075;0000000009900;00000030;
20170524;BGI;*;Q17 ;0000007291049;0000002236244;00000103;00013100;00013050;00013134;00013050;0000000013064;0000000013125;0000000020130;00000061;
20170524;BGI;*;U17 ;0000000087149;0000000026730;00000005;00013184;00013184;00013225;00013225;0000000013123;0000000013184;0000000020130;00000061;
20170524;BGI;*;V17 ;0000031919362;0000009790014;00004038;00013220;00013122;00013345;00013169;0000000013169;0000000013230;0000000020130;00000061;
20170524;BGI;*;V18 ;0000000000000;0000000000000;00000065;00000000;00000000;00000000;00000000;0000000014156;0000000014222;0000000021780;00000066;
20170524;BGI;*;X17 ;0000000043725;0000000013411;00000057;00013250;00013250;00013250;00013250;0000000013236;0000000013297;0000000020130;00000061;
20170524;BGI;*;Z17 ;0000000000000;0000000000000;00000002;00000000;00000000;00000000;00000000;0000000013277;0000000013337;0000000019800;00000060;
20170524;BRI;*;M17 ;0000002966620;0000000909197;00000772;00010595;00010595;00010597;00010597;0000000010597;0000000010508;0000000089000;00000089;
20170524;BRI;*;Q17 ;0000000000000;0000000000000;00000045;00000000;00000000;00000000;00000000;0000000010759;0000000010669;0000000090000;00000090;
20170524;BSE;*;K17 ;0000000000000;0000000000000;00000000;00000000;00000000;00000000;00000000;0000000030309;0000000030380;0000000000000;00000071;
20170524;BSE;*;M17 ;0000000000000;0000000000000;00000000;00000000;00000000;00000000;00000000;0000000030572;0000000030643;0000000000000;00000071;
20170524;CAD;*;M17 ;0000000147600;0000000045236;00000235;02460000;02460000;02460000;02460000;0000024377570;0000024222770;0000000092880;00154800;
20170524;CAD;*;N17 ;0000000000000;0000000000000;00000000;00000000;00000000;00000000;00000000;0000024560630;0000024421330;0000000000000;00139300;
20170524;CAD;*;Q17 ;0000000000000;0000000000000;00000675;00000000;00000000;00000000;00000000;0000024726640;0000024584440;0000000085320;00142200;
20170524;CAD;*;U17 ;0000000000000;0000000000000;00000000;00000000;00000000;00000000;00000000;0000024907860;0000024765570;0000000000000;00142290;
20170524;CCM;*;F18 ;0000000476064;0000000146014;00000437;00002960;00002929;00002960;00002929;0000000002902;0000000002930;0000000012600;00000028;
20170524;CCM;*;H18 ;0000000000000;0000000000000;00000198;00000000;00000000;00000000;00000000;0000000002973;0000000002983;0000000004500;00000010;
20170524;CCM;*;K18 ;0000000000000;0000000000000;00000000;00000000;00000000;00000000;00000000;0000000002914;0000000002924;0000000000000;00000010;
20170524;CCM;*;N17 ;0000000000000;0000000000000;00000000;00000000;00000000;00000000;00000000;0000000002760;0000000002786;0000000000000;00000026;
20170524;CCM;*;N18 ;0000000000000;0000000000000;00000000;00000000;00000000;00000000;00000000;0000000002896;0000000002909;0000000000000;00000013;
20170524;CCM;*;U17 ;0000031042021;0000009520924;00020189;00002710;00002691;00002732;00002691;0000000002701;0000000002726;0000000011250;00000025;
20170524;CCM;*;U18 ;0000000000000;0000000000000;00000000;00000000;00000000;00000000;00000000;0000000002879;0000000002896;0000000000000;00000017;
20170524;CCM;*;X17 ;0000000362947;0000000111320;00000885;00002790;00002780;00002792;00002780;0000000002738;0000000002764;0000000011700;00000026;
20170524;CCM;*;X18 ;0000000000000;0000000000000;00000000;00000000;00000000;00000000;00000000;0000000002953;0000000002973;0000000000000;00000020;
20170524;CHF;*;M17 ;0000000333450;0000000102194;00000169;03287000;03287000;03382000;03382000;0000033577610;0000033580880;0000000001635;00003270;
20170524;CHF;*;N17 ;0000000000000;0000000000000;00000000;00000000;00000000;00000000;00000000;0000033877510;0000033871100;0000000000000;00006410;
20170524;CHF;*;Q17 ;0000000000000;0000000000000;00000000;00000000;00000000;00000000;00000000;0000034158920;0000034149390;0000000000000;00009530;
20170524;CHF;*;U17 ;0000000000000;0000000000000;00000000;00000000;00000000;00000000;00000000;0000034456050;0000034452460;0000000000000;00003590;
20170524;CLP;*;M17 ;0000000000000;0000000000000;00000532;00000000;00000000;00000000;00000000;0000048685000;0000048534000;0000000037750;00151000;
20170524;CLP;*;N17 ;0000000000000;0000000000000;00000000;00000000;00000000;00000000;00000000;0000049014000;0000048816000;0000000000000;00198000;
20170524;CLP;*;Q17 ;0000000000000;0000000000000;00000000;00000000;00000000;00000000;00000000;0000049255000;0000049053000;0000000000000;00202000;
20170524;CLP;*;U17 ;0000000000000;0000000000000;00000000;00000000;00000000;00000000;00000000;0000049517000;0000049317000;0000000000000;00200000;
20170524;CNY;*;M17 ;0000000000000;0000000000000;00000000;00000000;00000000;00000000;00000000;0000047498550;0000047514940;0000000000000;00016390;
20170524;CNY;*;N17 ;0000000000000;0000000000000;00000090;00000000;00000000;00000000;00000000;0000047754340;0000047732400;0000000007679;00021940;
20170524;CNY;*;Q17 ;0000000000000;0000000000000;00000000;00000000;00000000;00000000;00000000;0000047910250;0000047889820;0000000000000;00020430;
20170524;DAP;*;F18 ;0000000000000;0000000000000;00005310;00000000;00000000;00000000;00000000;0000009682492;0000009687249;0000000005750;00004757;
20170524;DAP;*;F19 ;0000000000000;0000000000000;00000000;00000000;00000000;00000000;00000000;0000009220766;0000009212776;0000000000000;00007990;
20170524;DAP;*;K19 ;0000183644317;0000056282545;00039165;00000512;00000510;00000512;00000512;0000009072721;0000009056422;0000000019703;00016299;
20170524;DAP;*;K21 ;0000013164855;0000004034710;00012918;00000558;00000558;00000558;00000558;0000008054747;0000008018980;0000000043237;00035767;
20170524;DAP;*;K23 ;0000018704662;0000005732527;00012744;00000569;00000569;00000569;00000569;0000007184543;0000007140542;0000000053191;00044001;
20170524;DAP;*;M17 ;0000000000000;0000000000000;00000000;00000000;00000000;00000000;00000000;0000009967745;0000009970216;0000000000000;00002471;
20170524;DAP;*;N17 ;0000000000000;0000000000000;00002500;00000000;00000000;00000000;00000000;0000009904962;0000009908098;0000000003791;00003136;
20170524;DAP;*;Q17 ;0000000000000;0000000000000;00000000;00000000;00000000;00000000;00000000;0000009852486;0000009856454;0000000000000;00003968;
20170524;DAP;*;Q18 ;0000027296008;0000008365567;00055363;00000507;00000507;00000512;00000511;0000009407965;0000009409678;0000000002070;00001713;
20170524;DAP;*;Q20 ;0000000000000;0000000000000;00005785;00000000;00000000;00000000;00000000;0000008424908;0000008409922;0000000018116;00014986;
20170524;DAP;*;Q22 ;0000029862515;0000009152139;00016206;00000573;00000569;00000574;00000574;0000007478280;0000007438189;0000000048464;00040091;
20170524;DAP;*;Q24 ;0000001224421;0000000375255;00008370;00000560;00000560;00000561;00000561;0000006755498;0000006714492;0000000049570;00041006;
20170524;DAP;*;Q26 ;0000000000000;0000000000000;00002215;00000000;00000000;00000000;00000000;0000006009397;0000005983550;0000000031245;00025847;
20170524;DAP;*;Q30 ;0000000000000;0000000000000;00000235;00000000;00000000;00000000;00000000;0000004853672;0000004841800;0000000014351;00011872;
20170524;DCO;*;F18 ;0000000000000;0000000000000;00000000;00000000;00000000;00000000;00000000;0000009870984;0000009866252;0000000000000;00004732;
20170524;DCO;*;F19 ;0000000000000;0000000000000;00000000;00000000;00000000;00000000;00000000;0000009612211;0000009612155;0000000000000;00000056;
20170524;DCO;*;F20 ;0000000000000;0000000000000;00000000;00000000;00000000;00000000;00000000;0000009307634;0000009319886;0000000000000;00012252;
20170524;DCO;*;F21 ;0000000000000;0000000000000;00000000;00000000;00000000;00000000;00000000;0000008955050;0000008968250;0000000000000;00013200;
20170524;DCO;*;F22 ;0000000000000;0000000000000;00000000;00000000;00000000;00000000;00000000;0000008568277;0000008581240;0000000000000;00012963;
20170524;DCO;*;F23 ;0000000000000;0000000000000;00000000;00000000;00000000;00000000;00000000;0000008164459;0000008188970;0000000000000;00024511;
20170524;DCO;*;F24 ;0000000000000;0000000000000;00000000;00000000;00000000;00000000;00000000;0000007757895;0000007793875;0000000000000;00035980;
20170524;DCO;*;F25 ;0000000000000;0000000000000;00000000;00000000;00000000;00000000;00000000;0000007370464;0000007407396;0000000000000;00036932;
20170524;DCO;*;F26 ;0000000000000;0000000000000;00000000;00000000;00000000;00000000;00000000;0000006947212;0000006985450;0000000000000;00038238;
20170524;DCO;*;F27 ;0000000000000;0000000000000;00000000;00000000;00000000;00000000;00000000;0000006562225;0000006602122;0000000000000;00039897;
20170524;DCO;*;F28 ;0000000000000;0000000000000;00000000;00000000;00000000;00000000;00000000;0000006209367;0000006246944;0000000000000;00037577;
20170524;DCO;*;F29 ;0000000000000;0000000000000;00000000;00000000;00000000;00000000;00000000;0000005866902;0000005902274;0000000000000;00035372;
20170524;DCO;*;F30 ;0000000000000;0000000000000;00000000;00000000;00000000;00000000;00000000;0000005548738;0000005586055;0000000000000;00037317;
20170524;DCO;*;G18 ;0000000000000;0000000000000;00000000;00000000;00000000;00000000;00000000;0000009853198;0000009847286;0000000000000;00005912;
20170524;DCO;*;H18 ;0000000000000;0000000000000;00000000;00000000;00000000;00000000;00000000;0000009835705;0000009828780;0000000000000;00006925;
20170524;DCO;*;J18 ;0000000000000;0000000000000;00000000;00000000;00000000;00000000;00000000;0000009812312;0000009805658;0000000000000;00006654;
20170524;DCO;*;J19 ;0000000000000;0000000000000;00000000;00000000;00000000;00000000;00000000;0000009542402;0000009543403;0000000000000;00001001;
20170524;DCO;*;J20 ;0000000000000;0000000000000;00000000;00000000;00000000;00000000;00000000;0000009224927;0000009237752;0000000000000;00012825;
20170524;DCO;*;J21 ;0000000000000;0000000000000;00000000;00000000;00000000;00000000;00000000;0000008863013;0000008876578;0000000000000;00013565;
20170524;DCO;*;J22 ;0000000000000;0000000000000;00000000;00000000;00000000;00000000;00000000;0000008469211;0000008480251;0000000000000;00011040;
20170524;DCO;*;K18 ;0000000000000;0000000000000;00000000;00000000;00000000;00000000;00000000;0000009791038;0000009786738;0000000000000;00004300;
20170524;DCO;*;M17 ;0000000000000;0000000000000;00000000;00000000;00000000;00000000;00000000;0000009999556;0000009999455;0000000000000;00000101;
20170524;DCO;*;N17 ;0000000000000;0000000000000;00000000;00000000;00000000;00000000;00000000;0000009987682;0000009987580;0000000000000;00000102;
20170524;DCO;*;N18 ;0000000000000;0000000000000;00000000;00000000;00000000;00000000;00000000;0000009752651;0000009746943;0000000000000;00005708;
20170524;DCO;*;N19 ;0000000000000;0000000000000;00000000;00000000;00000000;00000000;00000000;0000009476397;0000009479003;0000000000000;00002606;
20170524;DCO;*;N20 ;0000000000000;0000000000000;00000000;00000000;00000000;00000000;00000000;0000009144487;0000009158656;0000000000000;00014169;
20170524;DCO;*;N21 ;0000000000000;0000000000000;00000000;00000000;00000000;00000000;00000000;0000008766244;0000008780429;0000000000000;00014185;
20170524;DCO;*;Q17 ;0000000000000;0000000000000;00000000;00000000;00000000;00000000;00000000;0000009968856;0000009967828;0000000000000;00001028;
20170524;DCO;*;U17 ;0000000000000;0000000000000;00000000;00000000;00000000;00000000;00000000;0000009953000;0000009951246;0000000000000;00001754;
20170524;DCO;*;V17 ;0000000000000;0000000000000;00000000;00000000;00000000;00000000;00000000;0000009933131;0000009929152;0000000000000;00003979;
20170524;DCO;*;V18 ;0000000000000;0000000000000;00000000;00000000;00000000;00000000;00000000;0000009684409;0000009680118;0000000000000;00004291;
20170524;DCO;*;V19 ;0000000000000;0000000000000;00000000;00000000;00000000;00000000;00000000;0000009400410;0000009406788;0000000000000;00006378;
20170524;DCO;*;V20 ;0000000000000;0000000000000;00000000;00000000;00000000;00000000;00000000;0000009047877;0000009061399;0000000000000;00013522;
20170524;DCO;*;V21 ;0000000000000;0000000000000;00000000;00000000;00000000;00000000;00000000;0000008670359;0000008685495;0000000000000;00015136;
20170524;DCO;*;X17 ;0000000000000;0000000000000;00000000;00000000;00000000;00000000;00000000;0000009915744;0000009910793;0000000000000;00004951;
20170524;DCO;*;Z17 ;0000000000000;0000000000000;00000000;00000000;00000000;00000000;00000000;0000009895523;0000009890461;0000000000000;00005062;
20170524;DDI;*;F18 ;0000000000000;0000000000000;00383093;00000000;00000000;00000000;00000000;0000009872191;0000009867450;0000000007740;00004741;
20170524;DDI;*;F19 ;0000000000000;0000000000000;00115529;00000000;00000000;00000000;00000000;0000009615231;0000009615153;0000000000127;00000078;
20170524;DDI;*;F20 ;0000000000000;0000000000000;00099925;00000000;00000000;00000000;00000000;0000009312223;0000009324453;0000000019967;00012230;
20170524;DDI;*;F21 ;0000000000000;0000000000000;00091031;00000000;00000000;00000000;00000000;0000008960939;0000008974115;0000000021512;00013176;
20170524;DDI;*;F22 ;0000000000000;0000000000000;00035724;00000000;00000000;00000000;00000000;0000008575155;0000008588090;0000000021118;00012935;
20170524;DDI;*;F23 ;0000000000000;0000000000000;00030636;00000000;00000000;00000000;00000000;0000008172054;0000008196558;0000000040007;00024504;
20170524;DDI;*;F24 ;0000000000000;0000000000000;00037555;00000000;00000000;00000000;00000000;0000007765975;0000007801974;0000000058775;00035999;
20170524;DDI;*;F25 ;0000000000000;0000000000000;00020550;00000000;00000000;00000000;00000000;0000007378864;0000007415821;0000000060339;00036957;
20170524;DDI;*;F26 ;0000000000000;0000000000000;00015330;00000000;00000000;00000000;00000000;0000006959884;0000006998174;0000000062516;00038290;
20170524;DDI;*;F27 ;0000000000000;0000000000000;00010950;00000000;00000000;00000000;00000000;0000006574853;0000006614816;0000000065247;00039963;
20170524;DDI;*;F28 ;0000000000000;0000000000000;00000110;00000000;00000000;00000000;00000000;0000006221846;0000006259486;0000000061454;00037640;
20170524;DDI;*;F29 ;0000000000000;0000000000000;00000000;00000000;00000000;00000000;00000000;0000005879092;0000005914526;0000000000000;00035434;
20170524;DDI;*;F30 ;0000000000000;0000000000000;00000500;00000000;00000000;00000000;00000000;0000005560581;0000005597975;0000000061053;00037394;
20170524;DDI;*;G18 ;0000000000000;0000000000000;00029410;00000000;00000000;00000000;00000000;0000009854563;0000009848638;0000000009673;00005925;
20170524;DDI;*;H18 ;0000000000000;0000000000000;00014520;00000000;00000000;00000000;00000000;0000009837216;0000009830277;0000000011329;00006939;
20170524;DDI;*;J18 ;0000000000000;0000000000000;00092786;00000000;00000000;00000000;00000000;0000009813987;0000009807317;0000000010890;00006670;
20170524;DDI;*;J19 ;0000000000000;0000000000000;00049706;00000000;00000000;00000000;00000000;0000009545828;0000009546804;0000000001593;00000976;
20170524;DDI;*;J20 ;0000000000000;0000000000000;00028195;00000000;00000000;00000000;00000000;0000009229860;0000009242664;0000000020905;00012804;
20170524;DDI;*;J21 ;0000000000000;0000000000000;00005297;00000000;00000000;00000000;00000000;0000008869162;0000008882701;0000000022105;00013539;
20170524;DDI;*;J22 ;0000000000000;0000000000000;00000120;00000000;00000000;00000000;00000000;0000008476282;0000008487291;0000000017974;00011009;
20170524;DDI;*;K18 ;0000000000000;0000000000000;00012740;00000000;00000000;00000000;00000000;0000009792865;0000009788549;0000000007046;00004316;
20170524;DDI;*;M17 ;0000000000000;0000000000000;00328734;00000000;00000000;00000000;00000000;0000009999600;0000009999497;0000000000168;00000103;
20170524;DDI;*;N17 ;0000301199922;0000092310497;00612265;00000234;00000234;00000234;00000234;0000009987904;0000009987798;0000000000173;00000106;
20170524;DDI;*;N18 ;0006397970400;0001960823317;00057961;00000185;00000185;00000185;00000185;0000009754786;0000009749059;0000000009350;00005727;
20170524;DDI;*;N19 ;0000000000000;0000000000000;00057504;00000000;00000000;00000000;00000000;0000009480231;0000009482810;0000000004210;00002579;
20170524;DDI;*;N20 ;0000000000000;0000000000000;00041105;00000000;00000000;00000000;00000000;0000009149759;0000009163907;0000000023099;00014148;
20170524;DDI;*;N21 ;0000000000000;0000000000000;00004950;00000000;00000000;00000000;00000000;0000008772648;0000008786810;0000000023122;00014162;
20170524;DDI;*;Q17 ;0000000000000;0000000000000;00287184;00000000;00000000;00000000;00000000;0000009969237;0000009968204;0000000001686;00001033;
20170524;DDI;*;U17 ;0000000000000;0000000000000;00078175;00000000;00000000;00000000;00000000;0000009953550;0000009951791;0000000002871;00001759;
20170524;DDI;*;V17 ;0000000000000;0000000000000;00218572;00000000;00000000;00000000;00000000;0000009933849;0000009929863;0000000006507;00003986;
20170524;DDI;*;V18 ;0000000000000;0000000000000;00057358;00000000;00000000;00000000;00000000;0000009686989;0000009682677;0000000007040;00004312;
20170524;DDI;*;V19 ;0000000000000;0000000000000;00031804;00000000;00000000;00000000;00000000;0000009404634;0000009410987;0000000010372;00006353;
20170524;DDI;*;V20 ;0000000000000;0000000000000;00024040;00000000;00000000;00000000;00000000;0000009053456;0000009066955;0000000022039;00013499;
20170524;DDI;*;V21 ;0000000000000;0000000000000;00002042;00000000;00000000;00000000;00000000;0000008677009;0000008692121;0000000024673;00015112;
20170524;DDI;*;X17 ;0000000000000;0000000000000;00063410;00000000;00000000;00000000;00000000;0000009916623;0000009911664;0000000008096;00004959;
20170524;DDI;*;Z17 ;0000000000000;0000000000000;00061800;00000000;00000000;00000000;00000000;0000009896562;0000009891491;0000000008279;00005071;
20170524;DDM;*;K19 ;0000000000000;0000000000000;00000000;00000000;00000000;00000000;00000000;0000009083872;0000009084086;0000000000000;00000214;
20170524;DDM;*;K21 ;0000000000000;0000000000000;00000000;00000000;00000000;00000000;00000000;0000008084227;0000008052777;0000000000000;00031450;
20170524;DDM;*;K25 ;0000000000000;0000000000000;00000000;00000000;00000000;00000000;00000000;0000006466473;0000006582508;0000000000000;00116035;
20170524;DDM;*;Q18 ;0000000000000;0000000000000;00000000;00000000;00000000;00000000;00000000;0000009430868;0000009430963;0000000000000;00000095;
20170524;DDM;*;Q20 ;0000000000000;0000000000000;00000000;00000000;00000000;00000000;00000000;0000008447823;0000008424560;0000000000000;00023263;
20170524;DI1;*;F18 ;0023918753463;0007330519925;03028610;00009625;00009520;00009625;00009585;0000009464439;0000009462352;0000000002087;00002087;
20170524;DI1;*;F19 ;0042477058610;0013018191980;01752892;00009840;00009620;00009880;00009740;0000008630786;0000008603621;0000000027165;00027165;
20170524;DI1;*;F20 ;0018563547192;0005689278615;01215611;00010640;00010180;00010640;00010330;0000007765269;0000007701695;0000000063574;00063574;
20170524;DI1;*;F21 ;0025783100738;0007901897312;01393949;00010990;00010560;00011020;00010750;0000006945476;0000006864876;0000000080600;00080600;
20170524;DI1;*;F22 ;0000332403245;0000101873562;00083761;00011170;00010800;00011170;00010960;0000006216491;0000006116817;0000000099674;00099674;
20170524;DI1;*;F23 ;0003455874857;0001059142130;00634066;00011450;00010930;00011470;00011120;0000005570479;0000005454144;0000000116335;00116335;
20170524;DI1;*;F24 ;0000003250055;0000000996063;00057080;00011200;00011110;00011200;00011110;0000004997691;0000004872301;0000000125390;00125390;
20170524;DI1;*;F25 ;0003447511681;0001056579019;00553314;00011590;00011080;00011590;00011290;0000004473714;0000004341638;0000000132076;00132076;
20170524;DI1;*;F26 ;0000030577396;0000009371233;00062713;00011520;00011110;00011520;00011300;0000004001660;0000003865245;0000000136415;00136415;
20170524;DI1;*;F27 ;0001810766767;0000554956256;00398427;00011700;00011170;00011720;00011410;0000003579796;0000003441063;0000000138733;00138733;
20170524;DI1;*;F28 ;0000000000000;0000000000000;00000010;00000000;00000000;00000000;00000000;0000003217140;0000003079784;0000000137356;00137356;
20170524;DI1;*;F29 ;0000000000000;0000000000000;00003465;00000000;00000000;00000000;00000000;0000002890680;0000002756022;0000000134658;00134658;
20170524;DI1;*;F30 ;0000000000000;0000000000000;00000620;00000000;00000000;00000000;00000000;0000002581189;0000002450964;0000000130225;00130225;
20170524;DI1;*;G18 ;0000001878577;0000000575738;00021125;00009480;00009480;00009500;00009500;0000009392297;0000009388975;0000000003322;00003322;
20170524;DI1;*;H18 ;0000001399980;0000000429060;00009970;00009480;00009480;00009480;00009480;0000009329241;0000009324624;0000000004617;00004617;
20170524;DI1;*;J18 ;0001974313271;0000605079307;00716293;00009450;00009425;00009500;00009495;0000009265169;0000009258904;0000000006265;00006265;
20170524;DI1;*;J19 ;0000803059455;0000246118317;00501181;00009990;00009770;00009990;00009880;0000008418911;0000008385533;0000000033378;00033378;
20170524;DI1;*;J20 ;0000007913287;0000002425231;00075053;00010500;00010360;00010540;00010450;0000007563007;0000007493344;0000000069663;00069663;
20170524;DI1;*;J21 ;0000002689330;0000000824215;00030065;00010900;00010900;00010900;00010900;0000006761380;0000006676084;0000000085296;00085296;
20170524;DI1;*;J22 ;0000092453080;0000028334635;00000700;00011050;00011050;00011050;00011050;0000006050362;0000005946414;0000000103948;00103948;
20170524;DI1;*;K18 ;0000063933420;0000019594048;00012420;00009400;00009400;00009425;00009425;0000009197663;0000009191803;0000000005860;00005860;
20170524;DI1;*;M17 ;0002469786314;0000756929821;00468998;00011130;00011130;00011155;00011130;0000009974905;0000009974872;0000000000033;00000033;
20170524;DI1;*;N17 ;0015843183796;0004855552973;03776213;00010440;00010421;00010440;00010433;0000009894351;0000009894084;0000000000267;00000267;
20170524;DI1;*;N18 ;0004612974507;0001413765211;00722130;00009610;00009450;00009630;00009530;0000009054732;0000009043462;0000000011270;00011270;
20170524;DI1;*;N19 ;0000833647852;0000255492921;00497092;00010230;00009910;00010240;00010010;0000008205297;0000008162199;0000000043098;00043098;
20170524;DI1;*;N20 ;0004041997547;0001238774571;01238173;00010840;00010410;00010840;00010550;0000007355514;0000007280044;0000000075470;00075470;
20170524;DI1;*;N21 ;0000030877138;0000009463097;00059882;00011120;00010700;00011120;00010880;0000006572479;0000006482428;0000000090051;00090051;
20170524;DI1;*;N22 ;0000087944422;0000026952840;00004190;00011080;00011070;00011080;00011070;0000005889867;0000005781751;0000000108116;00108116;
20170524;DI1;*;N23 ;0000000000000;0000000000000;00003260;00000000;00000000;00000000;00000000;0000005280003;0000005158765;0000000121238;00121238;
20170524;DI1;*;N24 ;0000000000000;0000000000000;00001655;00000000;00000000;00000000;00000000;0000004736761;0000004607716;0000000129045;00129045;
20170524;DI1;*;Q17 ;0001237118079;0000379146795;00259693;00010335;00010320;00010370;00010325;0000009814663;0000009814429;0000000000234;00000234;
20170524;DI1;*;U17 ;0000323160989;0000099041034;00117110;00010030;00010030;00010060;00010050;0000009733794;0000009733034;0000000000760;00000760;
20170524;DI1;*;V17 ;0008625093545;0002643382741;01368658;00009900;00009850;00009950;00009900;0000009664854;0000009663996;0000000000858;00000858;
20170524;DI1;*;V18 ;0000755519004;0000231548317;00594678;00009630;00009550;00009660;00009650;0000008838820;0000008819702;0000000019118;00019118;
20170524;DI1;*;V19 ;0000005578900;0000001709798;00076554;00010220;00010130;00010220;00010150;0000007982475;0000007928525;0000000053950;00053950;
20170524;DI1;*;V20 ;0000004982768;0000001527098;00046330;00010800;00010620;00010800;00010770;0000007140153;0000007061926;0000000078227;00078227;
20170524;DI1;*;V21 ;0000000000000;0000000000000;00012062;00000000;00000000;00000000;00000000;0000006390254;0000006295267;0000000094987;00094987;
20170524;DI1;*;X17 ;0000001439125;0000000441057;00095750;00009770;00009770;00009770;00009770;0000009594711;0000009593263;0000000001448;00001448;
20170524;DI1;*;Z17 ;0000115767916;0000035480069;00077940;00009690;00009650;00009690;00009655;0000009528907;0000009526800;0000000002107;00002107;
20170524;DOL;*;F18 ;0000170750625;0000052330940;00007995;03414000;03413000;03416500;03413500;0000034060820;0000034051970;0000000004425;00008850;
20170524;DOL;*;F19 ;0000000000000;0000000000000;00000000;00000000;00000000;00000000;00000000;0000036378580;0000036493150;0000000000000;00114570;
20170524;DOL;*;F20 ;0000000000000;0000000000000;00000000;00000000;00000000;00000000;00000000;0000039159150;0000039534250;0000000000000;00375100;
20170524;DOL;*;F21 ;0000000000000;0000000000000;00003100;00000000;00000000;00000000;00000000;0000042129660;0000042686970;0000000278655;00557310;
20170524;DOL;*;F25 ;0000000000000;0000000000000;00000000;00000000;00000000;00000000;00000000;0000053858920;0000055775320;0000000000000;01916400;
20170524;DOL;*;G18 ;0000000000000;0000000000000;00000000;00000000;00000000;00000000;00000000;0000034261150;0000034252670;0000000000000;00008480;
20170524;DOL;*;H18 ;0000000000000;0000000000000;00000000;00000000;00000000;00000000;00000000;0000034432000;0000034424750;0000000000000;00007250;
20170524;DOL;*;J18 ;0000000000000;0000000000000;00000180;00000000;00000000;00000000;00000000;0000034588240;0000034588130;0000000000055;00000110;
20170524;DOL;*;J19 ;0000000000000;0000000000000;00000050;00000000;00000000;00000000;00000000;0000037024910;0000037176090;0000000075590;00151180;
20170524;DOL;*;J20 ;0000000000000;0000000000000;00000000;00000000;00000000;00000000;00000000;0000039850800;0000040277080;0000000000000;00426280;
20170524;DOL;*;J22 ;0000000000000;0000000000000;00000000;00000000;00000000;00000000;00000000;0000045746770;0000046606910;0000000000000;00860140;
20170524;DOL;*;K18 ;0000000000000;0000000000000;00000000;00000000;00000000;00000000;00000000;0000034767110;0000034773950;0000000000000;00006840;
20170524;DOL;*;M17 ;0066318394000;0020324985136;00561009;03279000;03255000;03294500;03282000;0000032734830;0000032734620;0000000000105;00000210;
20170524;DOL;*;N17 ;0000827219250;0000253522710;00061721;03280000;03280000;03315000;03305000;0000032962750;0000032963290;0000000000270;00000540;
20170524;DOL;*;N18 ;0000000000000;0000000000000;00000620;00000000;00000000;00000000;00000000;0000035178600;0000035201760;0000000011580;00023160;
20170524;DOL;*;N19 ;0000000000000;0000000000000;00000400;00000000;00000000;00000000;00000000;0000037727760;0000037937290;0000000104765;00209530;
20170524;DOL;*;N21 ;0000000000000;0000000000000;00000000;00000000;00000000;00000000;00000000;0000043585080;0000044261890;0000000000000;00676810;
20170524;DOL;*;Q17 ;0000009094375;0000002787206;00008485;03307000;03307000;03307500;03307500;0000033168280;0000033165640;0000000001320;00002640;
20170524;DOL;*;U17 ;0000000000000;0000000000000;00001430;00000000;00000000;00000000;00000000;0000033391220;0000033387920;0000000001650;00003300;
20170524;DOL;*;V17 ;0000000000000;0000000000000;00003940;00000000;00000000;00000000;00000000;0000033562840;0000033552350;0000000005245;00010490;
20170524;DOL;*;V18 ;0000000000000;0000000000000;00000035;00000000;00000000;00000000;00000000;0000035787460;0000035849070;0000000030805;00061610;
20170524;DOL;*;V19 ;0000000000000;0000000000000;00000000;00000000;00000000;00000000;00000000;0000038471640;0000038759590;0000000000000;00287950;
20170524;DOL;*;X17 ;0000000000000;0000000000000;00000100;00000000;00000000;00000000;00000000;0000033749580;0000033737790;0000000005895;00011790;
20170524;DOL;*;Z17 ;0000000000000;0000000000000;00000005;00000000;00000000;00000000;00000000;0000033913890;0000033904010;0000000004940;00009880;
20170524;DR1;*;M7N7;0000000000000;0000000000000;00000000;00022800;00022750;00022920;00022760;0000000000000;0000000000000;0000000000000;00000000;
20170524;ETH;*;F18 ;0000000000000;0000000000000;00000000;00000000;00000000;00000000;00000000;0000000168700;0000000168700;0000000000000;00000000;
20170524;ETH;*;K17 ;0000000000000;0000000000000;00000162;00000000;00000000;00000000;00000000;0000000147000;0000000147000;0000000000000;00000000;
20170524;ETH;*;K18 ;0000000000000;0000000000000;00000000;00000000;00000000;00000000;00000000;0000000150050;0000000169500;0000000000000;00019450;
20170524;ETH;*;M17 ;0000000000000;0000000000000;00000335;00000000;00000000;00000000;00000000;0000000145500;0000000145500;0000000000000;00000000;
20170524;ETH;*;N17 ;0000000000000;0000000000000;00000244;00000000;00000000;00000000;00000000;0000000146000;0000000146000;0000000000000;00000000;
20170524;ETH;*;Q17 ;0000000000000;0000000000000;00000525;00000000;00000000;00000000;00000000;0000000145000;0000000145000;0000000000000;00000000;
20170524;ETH;*;U17 ;0000000000000;0000000000000;00000000;00000000;00000000;00000000;00000000;0000000150000;0000000150000;0000000000000;00000000;
20170524;ETH;*;V17 ;0000000000000;0000000000000;00000330;00000000;00000000;00000000;00000000;0000000155000;0000000155000;0000000000000;00000000;
20170524;ETH;*;X17 ;0000000000000;0000000000000;00000102;00000000;00000000;00000000;00000000;0000000163000;0000000163000;0000000000000;00000000;
20170524;ETH;*;Z17 ;0000000000000;0000000000000;00000117;00000000;00000000;00000000;00000000;0000000165000;0000000165000;0000000000000;00000000;
20170524;EUR;*;M17 ;0000000924125;0000000283222;00012359;03696500;03696500;03696500;03696500;0000036664820;0000036626800;0000000019010;00038020;
20170524;EUR;*;N17 ;0000000000000;0000000000000;00003230;00000000;00000000;00000000;00000000;0000036968440;0000036930920;0000000018760;00037520;
20170524;EUR;*;Q17 ;0000000000000;0000000000000;00000572;00000000;00000000;00000000;00000000;0000037247070;0000037205290;0000000020890;00041780;
20170524;EUR;*;U17 ;0000000000000;0000000000000;00000000;00000000;00000000;00000000;00000000;0000037554170;0000037511680;0000000000000;00042490;
20170524;EUR;*;V17 ;0000000000000;0000000000000;00000000;00000000;00000000;00000000;00000000;0000037807230;0000037756260;0000000000000;00050970;
20170524;FRC;*;F18 ;0000000000000;0000000000000;00000000;00000217;00000214;00000217;00000217;0000000000216;0000000000224;0000000000004;00000008;
20170524;FRC;*;F19 ;0000000000000;0000000000000;00000000;00000245;00000244;00000249;00000249;0000000000248;0000000000248;0000000000000;00000000;
20170524;FRC;*;F20 ;0000000000000;0000000000000;00000000;00000276;00000276;00000281;00000281;0000000000281;0000000000276;0000000000002;00000005;
20170524;FRC;*;F21 ;0000000000000;0000000000000;00000000;00000316;00000313;00000318;00000318;0000000000318;0000000000313;0000000000002;00000005;
20170524;FRC;*;F22 ;0000000000000;0000000000000;00000000;00000357;00000357;00000357;00000357;0000000000357;0000000000353;0000000000002;00000004;
20170524;FRC;*;F23 ;0000000000000;0000000000000;00000000;00000394;00000394;00000394;00000394;0000000000394;0000000000388;0000000000003;00000006;
20170524;FRC;*;F24 ;0000000000000;0000000000000;00000000;00000430;00000430;00000430;00000430;0000000000430;0000000000421;0000000000004;00000009;
20170524;FRC;*;F25 ;0000000000000;0000000000000;00000000;00000000;00000000;00000000;00000000;0000000000461;0000000000452;0000000000000;00000009;
20170524;FRC;*;F26 ;0000000000000;0000000000000;00000000;00000000;00000000;00000000;00000000;0000000000501;0000000000492;0000000000000;00000009;
20170524;FRC;*;F27 ;0000000000000;0000000000000;00000000;00000000;00000000;00000000;00000000;0000000000535;0000000000526;0000000000000;00000009;
20170524;FRC;*;F28 ;0000000000000;0000000000000;00000000;00000000;00000000;00000000;00000000;0000000000565;0000000000556;0000000000000;00000009;
20170524;FRC;*;F29 ;0000000000000;0000000000000;00000000;00000000;00000000;00000000;00000000;0000000000596;0000000000587;0000000000000;00000009;
20170524;FRC;*;F30 ;0000000000000;0000000000000;00000000;00000000;00000000;00000000;00000000;0000000000625;0000000000616;0000000000000;00000009;
20170524;FRC;*;G18 ;0000000000000;0000000000000;00000000;00000216;00000216;00000216;00000216;0000000000216;0000000000225;0000000000004;00000009;
20170524;FRC;*;H18 ;0000000000000;0000000000000;00000000;00000218;00000218;00000218;00000218;0000000000218;0000000000227;0000000000004;00000009;
20170524;FRC;*;J18 ;0000000000000;0000000000000;00000000;00000223;00000223;00000223;00000223;0000000000223;0000000000231;0000000000004;00000008;
20170524;FRC;*;J19 ;0000000000000;0000000000000;00000000;00000250;00000250;00000250;00000250;0000000000256;0000000000255;0000000000000;00000001;
20170524;FRC;*;J20 ;0000000000000;0000000000000;00000000;00000280;00000280;00000280;00000280;0000000000290;0000000000285;0000000000002;00000005;
20170524;FRC;*;J21 ;0000000000000;0000000000000;00000000;00000000;00000000;00000000;00000000;0000000000328;0000000000323;0000000000000;00000005;
20170524;FRC;*;J22 ;0000000000000;0000000000000;00000000;00000000;00000000;00000000;00000000;0000000000367;0000000000363;0000000000000;00000004;
20170524;FRC;*;K18 ;0000000000000;0000000000000;00000000;00000227;00000227;00000227;00000227;0000000000227;0000000000232;0000000000002;00000005;
20170524;FRC;*;N17 ;0000000000000;0000000000000;00000000;00000130;00000120;00000133;00000133;0000000000132;0000000000132;0000000000000;00000000;
20170524;FRC;*;N18 ;0000000000000;0000000000000;00000000;00000228;00000228;00000228;00000228;0000000000228;0000000000234;0000000000003;00000006;
20170524;FRC;*;N19 ;0000000000000;0000000000000;00000000;00000253;00000253;00000253;00000253;0000000000260;0000000000258;0000000000001;00000002;
20170524;FRC;*;N20 ;0000000000000;0000000000000;00000000;00000287;00000287;00000293;00000293;0000000000297;0000000000292;0000000000002;00000005;
20170524;FRC;*;N21 ;0000000000000;0000000000000;00000000;00000338;00000338;00000338;00000338;0000000000338;0000000000333;0000000000002;00000005;
20170524;FRC;*;Q17 ;0000000000000;0000000000000;00000000;00000180;00000178;00000183;00000180;0000000000180;0000000000185;0000000000002;00000005;
20170524;FRC;*;U17 ;0000000000000;0000000000000;00000000;00000184;00000181;00000184;00000181;0000000000181;0000000000188;0000000000003;00000007;
20170524;FRC;*;V17 ;0000000000000;0000000000000;00000000;00000201;00000194;00000201;00000194;0000000000194;0000000000205;0000000000005;00000011;
20170524;FRC;*;V18 ;0000000000000;0000000000000;00000000;00000000;00000000;00000000;00000000;0000000000239;0000000000242;0000000000000;00000003;
20170524;FRC;*;V19 ;0000000000000;0000000000000;00000000;00000265;00000265;00000265;00000265;0000000000267;0000000000264;0000000000001;00000003;
20170524;FRC;*;V20 ;0000000000000;0000000000000;00000000;00000000;00000000;00000000;00000000;0000000000309;0000000000304;0000000000000;00000005;
20170524;FRC;*;V21 ;0000000000000;0000000000000;00000000;00000000;00000000;00000000;00000000;0000000000347;0000000000342;0000000000000;00000005;
20170524;FRC;*;X17 ;0000000000000;0000000000000;00000000;00000202;00000197;00000202;00000199;0000000000197;0000000000209;0000000000006;00000012;
20170524;FRC;*;Z17 ;0000000000000;0000000000000;00000000;00000205;00000205;00000205;00000205;0000000000205;0000000000215;0000000000005;00000010;
20170524;FRO;*;F18 ;0000000000000;0000000000000;00000000;00000000;00000000;00000000;00000000;0000000000218;0000000000226;0000000000000;00000008;
20170524;FRO;*;F19 ;0000000000000;0000000000000;00000000;00000000;00000000;00000000;00000000;0000000000250;0000000000250;0000000000000;00000000;
20170524;FRO;*;F20 ;0000000000000;0000000000000;00000000;00000000;00000000;00000000;00000000;0000000000283;0000000000278;0000000000000;00000005;
20170524;FRO;*;F21 ;0000000000000;0000000000000;00000000;00000000;00000000;00000000;00000000;0000000000320;0000000000315;0000000000000;00000005;
20170524;FRO;*;F22 ;0000000000000;0000000000000;00000000;00000000;00000000;00000000;00000000;0000000000359;0000000000355;0000000000000;00000004;
20170524;FRO;*;F23 ;0000000000000;0000000000000;00000000;00000000;00000000;00000000;00000000;0000000000396;0000000000390;0000000000000;00000006;
20170524;FRO;*;F24 ;0000000000000;0000000000000;00000000;00000000;00000000;00000000;00000000;0000000000432;0000000000423;0000000000000;00000009;
20170524;FRO;*;F25 ;0000000000000;0000000000000;00000000;00000000;00000000;00000000;00000000;0000000000463;0000000000454;0000000000000;00000009;
20170524;FRO;*;F26 ;0000000000000;0000000000000;00000000;00000000;00000000;00000000;00000000;0000000000504;0000000000495;0000000000000;00000009;
20170524;FRO;*;F27 ;0000000000000;0000000000000;00000000;00000000;00000000;00000000;00000000;0000000000538;0000000000529;0000000000000;00000009;
20170524;FRO;*;F28 ;0000000000000;0000000000000;00000000;00000000;00000000;00000000;00000000;0000000000568;0000000000559;0000000000000;00000009;
20170524;FRO;*;F29 ;0000000000000;0000000000000;00000000;00000000;00000000;00000000;00000000;0000000000599;0000000000590;0000000000000;00000009;
20170524;FRO;*;F30 ;0000000000000;0000000000000;00000000;00000000;00000000;00000000;00000000;0000000000628;0000000000619;0000000000000;00000009;
20170524;FRO;*;G18 ;0000000000000;0000000000000;00000000;00000000;00000000;00000000;00000000;0000000000218;0000000000227;0000000000000;00000009;
20170524;FRO;*;H18 ;0000000000000;0000000000000;00000000;00000000;00000000;00000000;00000000;0000000000220;0000000000229;0000000000000;00000009;
20170524;FRO;*;J18 ;0000000000000;0000000000000;00000000;00000000;00000000;00000000;00000000;0000000000225;0000000000233;0000000000000;00000008;
20170524;FRO;*;J19 ;0000000000000;0000000000000;00000000;00000000;00000000;00000000;00000000;0000000000258;0000000000257;0000000000000;00000001;
20170524;FRO;*;J20 ;0000000000000;0000000000000;00000000;00000000;00000000;00000000;00000000;0000000000292;0000000000287;0000000000000;00000005;
20170524;FRO;*;J21 ;0000000000000;0000000000000;00000000;00000000;00000000;00000000;00000000;0000000000330;0000000000325;0000000000000;00000005;
20170524;FRO;*;J22 ;0000000000000;0000000000000;00000000;00000000;00000000;00000000;00000000;0000000000369;0000000000365;0000000000000;00000004;
20170524;FRO;*;K18 ;0000000000000;0000000000000;00000000;00000000;00000000;00000000;00000000;0000000000229;0000000000234;0000000000000;00000005;
20170524;FRO;*;N17 ;0000000000000;0000000000000;00000000;00000000;00000000;00000000;00000000;0000000000134;0000000000134;0000000000000;00000000;
20170524;FRO;*;N18 ;0000000000000;0000000000000;00000000;00000000;00000000;00000000;00000000;0000000000230;0000000000236;0000000000000;00000006;
20170524;FRO;*;N19 ;0000000000000;0000000000000;00000000;00000000;00000000;00000000;00000000;0000000000262;0000000000260;0000000000000;00000002;
20170524;FRO;*;N20 ;0000000000000;0000000000000;00000000;00000000;00000000;00000000;00000000;0000000000299;0000000000294;0000000000000;00000005;
20170524;FRO;*;N21 ;0000000000000;0000000000000;00000000;00000000;00000000;00000000;00000000;0000000000340;0000000000335;0000000000000;00000005;
20170524;FRO;*;Q17 ;0000000000000;0000000000000;00000000;00000000;00000000;00000000;00000000;0000000000182;0000000000187;0000000000000;00000005;
20170524;FRO;*;U17 ;0000000000000;0000000000000;00000000;00000000;00000000;00000000;00000000;0000000000183;0000000000190;0000000000000;00000007;
20170524;FRO;*;V17 ;0000000000000;0000000000000;00000000;00000000;00000000;00000000;00000000;0000000000196;0000000000207;0000000000000;00000011;
20170524;FRO;*;V18 ;0000000000000;0000000000000;00000000;00000000;00000000;00000000;00000000;0000000000241;0000000000244;0000000000000;00000003;
20170524;FRO;*;V19 ;0000000000000;0000000000000;00000000;00000000;00000000;00000000;00000000;0000000000269;0000000000266;0000000000000;00000003;
20170524;FRO;*;V20 ;0000000000000;0000000000000;00000000;00000000;00000000;00000000;00000000;0000000000311;0000000000306;0000000000000;00000005;
20170524;FRO;*;V21 ;0000000000000;0000000000000;00000000;00000000;00000000;00000000;00000000;0000000000349;0000000000344;0000000000000;00000005;
20170524;FRO;*;X17 ;0000000000000;0000000000000;00000000;00000000;00000000;00000000;00000000;0000000000199;0000000000211;0000000000000;00000012;
20170524;FRO;*;Z17 ;0000000000000;0000000000000;00000000;00000000;00000000;00000000;00000000;0000000000207;0000000000217;0000000000000;00000010;
20170524;FRP;*;FRP0;0000000000000;0000000000000;00000000;00000620;00000610;00000810;00000810;0000000000000;0000000000000;0000000000000;00000000;
20170524;FRP;*;FRP1;0000000000000;0000000000000;00000000;00000620;00000620;00000620;00000620;0000000000000;0000000000000;0000000000000;00000000;
20170524;GBP;*;M17 ;0000000000000;0000000000000;00000806;00000000;00000000;00000000;00000000;0000042392290;0000042458570;0000000023198;00066280;
20170524;GBP;*;N17 ;0000000000000;0000000000000;00000012;00000000;00000000;00000000;00000000;0000042718230;0000042786350;0000000023842;00068120;
20170524;GBP;*;Q17 ;0000000000000;0000000000000;00000000;00000000;00000000;00000000;00000000;0000043016410;0000043080720;0000000000000;00064310;
20170524;GBP;*;U17 ;0000000000000;0000000000000;00000000;00000000;00000000;00000000;00000000;0000043343490;0000043408230;0000000000000;00064740;
20170524;HSI;*;K17 ;0000000000000;0000000000000;00000000;00000000;00000000;00000000;00000000;0000000025420;0000000025402;0000000000000;00000018;
20170524;HSI;*;M17 ;0000000000000;0000000000000;00000000;00000000;00000000;00000000;00000000;0000000025216;0000000025198;0000000000000;00000018;
20170524;IAP;*;K19 ;0000000000000;0000000000000;00000000;00000000;00000000;00000000;00000000;0000000527915;0000000529399;0000000000000;00001484;
20170524;IAP;*;K21 ;0000000000000;0000000000000;00000000;00000000;00000000;00000000;00000000;0000000583998;0000000589147;0000000000000;00005149;
20170524;IAP;*;M17 ;0000000000000;0000000000000;00000000;00000000;00000000;00000000;00000000;0000000485158;0000000485291;0000000003325;00000133;
20170524;IAP;*;N17 ;0000000000000;0000000000000;00000000;00000000;00000000;00000000;00000000;0000000486263;0000000486438;0000000000000;00000175;
20170524;IAP;*;Q17 ;0000000000000;0000000000000;00000000;00000000;00000000;00000000;00000000;0000000487339;0000000487563;0000000000000;00000224;
20170524;IAP;*;Q18 ;0000000000000;0000000000000;00000000;00000000;00000000;00000000;00000000;0000000509105;0000000509887;0000000000000;00000782;
20170524;IAP;*;Q20 ;0000000000000;0000000000000;00000000;00000000;00000000;00000000;00000000;0000000563132;0000000568155;0000000000000;00005023;
20170524;IAP;*;Q22 ;0000000000000;0000000000000;00000000;00000000;00000000;00000000;00000000;0000000621753;0000000630383;0000000000000;00008630;
20170524;ICF;*;H18 ;0000000000000;0000000000000;00000000;00000000;00000000;00000000;00000000;0000000016460;0000000016670;0000000000000;00000210;
20170524;ICF;*;N17 ;0000000000000;0000000000000;00000077;00000000;00000000;00000000;00000000;0000000015130;0000000015355;0000000073359;00000225;
20170524;ICF;*;U17 ;0000010177257;0000003121475;00005861;00015800;00015530;00015850;00015580;0000000015575;0000000015800;0000000073359;00000225;
20170524;ICF;*;U18 ;0000001703624;0000000522520;00001251;00016920;00016740;00016950;00016750;0000000016725;0000000016920;0000000063577;00000195;
20170524;ICF;*;U19 ;0000000000000;0000000000000;00000377;00000000;00000000;00000000;00000000;0000000017090;0000000017305;0000000070098;00000215;
20170524;ICF;*;Z17 ;0000000000000;0000000000000;00000282;00000000;00000000;00000000;00000000;0000000016005;0000000016220;0000000070098;00000215;
20170524;ICF;*;Z18 ;0000000000000;0000000000000;00000032;00000000;00000000;00000000;00000000;0000000016610;0000000016795;0000000060317;00000185;
20170524;IGM;*;K19 ;0000000000000;0000000000000;00000000;00000000;00000000;00000000;00000000;0000000713131;0000000716304;0000000000000;00003173;
20170524;IGM;*;K21 ;0000000000000;0000000000000;00000000;00000000;00000000;00000000;00000000;0000000790598;0000000797848;0000000000000;00007250;
20170524;IGM;*;Q18 ;0000000000000;0000000000000;00000000;00000000;00000000;00000000;00000000;0000000688104;0000000689190;0000000021720;00001086;
20170524;IGM;*;Q20 ;0000000000000;0000000000000;00000000;00000000;00000000;00000000;00000000;0000000760460;0000000766415;0000000000000;00005955;
20170524;IND;*;G18 ;0000000000000;0000000000000;00000000;00000000;00000000;00000000;00000000;0000000067026;0000000066451;0000000000000;00000575;
20170524;IND;*;G19 ;0000000000000;0000000000000;00000000;00000000;00000000;00000000;00000000;0000000072973;0000000072519;0000000000000;00000454;
20170524;IND;*;J18 ;0000000000000;0000000000000;00000000;00000000;00000000;00000000;00000000;0000000067941;0000000067367;0000000000000;00000574;
20170524;IND;*;M17 ;0006146738200;0001883826719;00260807;00062885;00062725;00064375;00063780;0000000063546;0000000063010;0000000053600;00000536;
20170524;IND;*;M18 ;0000000000000;0000000000000;00001080;00000000;00000000;00000000;00000000;0000000068800;0000000068238;0000000056200;00000562;
20170524;IND;*;Q17 ;0000036685000;0000011243066;00030015;00063800;00063800;00063800;00063800;0000000064513;0000000063971;0000000054200;00000542;
20170524;IND;*;Q18 ;0000000000000;0000000000000;00000000;00000000;00000000;00000000;00000000;0000000069859;0000000069324;0000000000000;00000535;
20170524;IND;*;V17 ;0000000000000;0000000000000;00001880;00000000;00000000;00000000;00000000;0000000065445;0000000064900;0000000054500;00000545;
20170524;IND;*;V18 ;0000000000000;0000000000000;00000000;00000000;00000000;00000000;00000000;0000000070896;0000000070388;0000000000000;00000508;
20170524;IND;*;Z17 ;0000125540000;0000038474976;00015365;00066400;00066400;00067000;00067000;0000000066230;0000000065685;0000000054500;00000545;
20170524;IND;*;Z18 ;0000000000000;0000000000000;00000150;00000000;00000000;00000000;00000000;0000000071839;0000000071359;0000000048000;00000480;
20170524;ISP;*;M17 ;0000163603693;0000050179025;00004026;00239850;00239700;00240475;00240475;0000000240190;0000000239800;0000000063577;00000390;
20170524;ISP;*;M18 ;0000000000000;0000000000000;00000000;00000000;00000000;00000000;00000000;0000000239450;0000000239070;0000000000000;00000380;
20170524;ISP;*;U17 ;0000000391085;0000000119950;00000006;00239900;00239900;00239900;00239900;0000000239900;0000000239520;0000000061947;00000380;
20170524;ISP;*;Z17 ;0000000000000;0000000000000;00000000;00000000;00000000;00000000;00000000;0000000239590;0000000239210;0000000000000;00000380;
20170524;JPY;*;M17 ;0000000000000;0000000000000;00000546;00000000;00000000;00000000;00000000;0000029294400;0000029303000;0000000004300;00008600;
20170524;JPY;*;N17 ;0000000000000;0000000000000;00000230;00000000;00000000;00000000;00000000;0000029526700;0000029536400;0000000004850;00009700;
20170524;JPY;*;Q17 ;0000000000000;0000000000000;00001659;00000000;00000000;00000000;00000000;0000029740400;0000029747300;0000000003450;00006900;
20170524;JPY;*;U17 ;0000000000000;0000000000000;00000000;00000000;00000000;00000000;00000000;0000029978300;0000029984300;0000000000000;00006000;
20170524;JSE;*;M17 ;0000000000000;0000000000000;00000000;00000000;00000000;00000000;00000000;0000000048057;0000000048292;0000000000000;00000235;
20170524;JSE;*;U17 ;0000000000000;0000000000000;00000000;00000000;00000000;00000000;00000000;0000000048485;0000000048716;0000000000000;00000231;
20170524;MIX;*;M17 ;0000000000000;0000000000000;00000000;00000000;00000000;00000000;00000000;0000000001955;0000000001969;0000000000000;00000014;
20170524;MIX;*;U17 ;0000000000000;0000000000000;00000000;00000000;00000000;00000000;00000000;0000000001960;0000000001957;0000000000000;00000003;
20170524;MXN;*;M17 ;0000000000000;0000000000000;00000597;00000000;00000000;00000000;00000000;0000017671840;0000017540640;0000000098400;00131200;
20170524;MXN;*;N17 ;0000011110995;0000003405251;00000019;01763700;01763600;01763700;01763600;0000017699320;0000017568630;0000000098017;00130690;
20170524;MXN;*;Q17 ;0000000000000;0000000000000;00000000;00000000;00000000;00000000;00000000;0000017724980;0000017592170;0000000000000;00132810;
20170524;NZD;*;M17 ;0000000000000;0000000000000;00000000;00000000;00000000;00000000;00000000;0000023006840;0000022957460;0000000000000;00049380;
20170524;NZD;*;N17 ;0000000000000;0000000000000;00000000;00000000;00000000;00000000;00000000;0000023146020;0000023099820;0000000000000;00046200;
20170524;NZD;*;Q17 ;0000000000000;0000000000000;00000000;00000000;00000000;00000000;00000000;0000023276100;0000023227730;0000000000000;00048370;
20170524;OC1;*;F18 ;0000000000000;0000000000000;00000000;00000000;00000000;00000000;00000000;0000009463553;0000009461468;0000000000000;00002085;
20170524;OC1;*;F19 ;0000000000000;0000000000000;00000000;00000000;00000000;00000000;00000000;0000008628652;0000008601374;0000000000000;00027278;
20170524;OC1;*;F20 ;0000000000000;0000000000000;00000000;00000000;00000000;00000000;00000000;0000007761973;0000007698256;0000000000000;00063717;
20170524;OC1;*;F21 ;0000000000000;0000000000000;00000000;00000000;00000000;00000000;00000000;0000006941190;0000006860432;0000000000000;00080758;
20170524;OC1;*;F22 ;0000000000000;0000000000000;00000000;00000000;00000000;00000000;00000000;0000006211604;0000006111773;0000000000000;00099831;
20170524;OC1;*;F23 ;0000000000000;0000000000000;00000000;00000000;00000000;00000000;00000000;0000005564877;0000005448679;0000000000000;00116198;
20170524;OC1;*;F24 ;0000000000000;0000000000000;00000000;00000000;00000000;00000000;00000000;0000004991781;0000004866275;0000000000000;00125506;
20170524;OC1;*;F25 ;0000000000000;0000000000000;00000000;00000000;00000000;00000000;00000000;0000004467616;0000004335449;0000000000000;00132167;
20170524;OC1;*;F26 ;0000000000000;0000000000000;00000000;00000000;00000000;00000000;00000000;0000003995488;0000003859011;0000000000000;00136477;
20170524;OC1;*;F27 ;0000000000000;0000000000000;00000000;00000000;00000000;00000000;00000000;0000003573641;0000003434875;0000000000000;00138766;
20170524;OC1;*;F28 ;0000000000000;0000000000000;00000000;00000000;00000000;00000000;00000000;0000003211034;0000003073672;0000000000000;00137362;
20170524;OC1;*;F29 ;0000000000000;0000000000000;00000000;00000000;00000000;00000000;00000000;0000002884682;0000002750041;0000000000000;00134641;
20170524;OC1;*;F30 ;0000000000000;0000000000000;00000000;00000000;00000000;00000000;00000000;0000002575378;0000002445194;0000000000000;00130184;
20170524;OC1;*;G18 ;0000000000000;0000000000000;00000000;00000000;00000000;00000000;00000000;0000009391290;0000009387971;0000000000000;00003319;
20170524;OC1;*;H18 ;0000000000000;0000000000000;00000000;00000000;00000000;00000000;00000000;0000009328138;0000009323524;0000000000000;00004614;
20170524;OC1;*;J18 ;0000000000000;0000000000000;00000000;00000000;00000000;00000000;00000000;0000009263953;0000009257691;0000000000000;00006262;
20170524;OC1;*;J19 ;0000000000000;0000000000000;00000000;00000000;00000000;00000000;00000000;0000008416517;0000008383014;0000000000000;00033503;
20170524;OC1;*;J20 ;0000000000000;0000000000000;00000000;00000000;00000000;00000000;00000000;0000007559497;0000007489685;0000000000000;00069812;
20170524;OC1;*;J21 ;0000000000000;0000000000000;00000000;00000000;00000000;00000000;00000000;0000006756930;0000006671474;0000000000000;00085456;
20170524;OC1;*;J22 ;0000000000000;0000000000000;00000000;00000000;00000000;00000000;00000000;0000006045352;0000005941250;0000000000000;00104102;
20170524;OC1;*;K18 ;0000000000000;0000000000000;00000000;00000000;00000000;00000000;00000000;0000009196336;0000009190480;0000000000000;00005856;
20170524;OC1;*;M17 ;0000000000000;0000000000000;00000000;00000000;00000000;00000000;00000000;0000009974862;0000009974830;0000000000000;00000032;
20170524;OC1;*;N17 ;0000000000000;0000000000000;00000000;00000000;00000000;00000000;00000000;0000009894169;0000009893902;0000000000000;00000267;
20170524;OC1;*;N18 ;0000000000000;0000000000000;00000000;00000000;00000000;00000000;00000000;0000009053192;0000009041927;0000000000000;00011265;
20170524;OC1;*;N19 ;0000000000000;0000000000000;00000000;00000000;00000000;00000000;00000000;0000008202500;0000008159423;0000000000000;00043077;
20170524;OC1;*;N20 ;0000000000000;0000000000000;00000000;00000000;00000000;00000000;00000000;0000007351609;0000007276192;0000000000000;00075417;
20170524;OC1;*;N21 ;0000000000000;0000000000000;00000000;00000000;00000000;00000000;00000000;0000006567880;0000006477669;0000000000000;00090211;
20170524;OC1;*;N22 ;0000000000000;0000000000000;00000000;00000000;00000000;00000000;00000000;0000005884743;0000005776477;0000000000000;00108266;
20170524;OC1;*;N23 ;0000000000000;0000000000000;00000000;00000000;00000000;00000000;00000000;0000005274227;0000005153143;0000000000000;00121084;
20170524;OC1;*;N24 ;0000000000000;0000000000000;00000000;00000000;00000000;00000000;00000000;0000004730741;0000004601592;0000000000000;00129149;
20170524;OC1;*;Q17 ;0000000000000;0000000000000;00000000;00000000;00000000;00000000;00000000;0000009814358;0000009814123;0000000000000;00000235;
20170524;OC1;*;U17 ;0000000000000;0000000000000;00000000;00000000;00000000;00000000;00000000;0000009733346;0000009732586;0000000000000;00000760;
20170524;OC1;*;V17 ;0000000000000;0000000000000;00000000;00000000;00000000;00000000;00000000;0000009664282;0000009663425;0000000000000;00000857;
20170524;OC1;*;V18 ;0000000000000;0000000000000;00000000;00000000;00000000;00000000;00000000;0000008836970;0000008817861;0000000000000;00019109;
20170524;OC1;*;V19 ;0000000000000;0000000000000;00000000;00000000;00000000;00000000;00000000;0000007979415;0000007925495;0000000000000;00053920;
20170524;OC1;*;V20 ;0000000000000;0000000000000;00000000;00000000;00000000;00000000;00000000;0000007136051;0000007057883;0000000000000;00078168;
20170524;OC1;*;V21 ;0000000000000;0000000000000;00000000;00000000;00000000;00000000;00000000;0000006385502;0000006290357;0000000000000;00095145;
20170524;OC1;*;X17 ;0000000000000;0000000000000;00000000;00000000;00000000;00000000;00000000;0000009594050;0000009592604;0000000000000;00001446;
20170524;OC1;*;Z17 ;0000000000000;0000000000000;00000000;00000000;00000000;00000000;00000000;0000009528133;0000009526027;0000000000000;00002106;
20170524;OZ1;*;0000;0000000914059;0000000280137;00000000;00130900;00130000;00131500;00131500;0000000130711;0000000130478;0000000000000;00001000;
20170524;OZ1;*;M17 ;0000000000000;0000000000000;00000000;00000000;00000000;00000000;00000000;0000000131776;0000000130829;0000000000000;00000947;
20170524;OZ1;*;N17 ;0000000000000;0000000000000;00000000;00000000;00000000;00000000;00000000;0000000132853;0000000131901;0000000000000;00000952;
20170524;OZ2;*;0000;0000000047047;0000000014419;00000000;00130000;00130000;00132900;00132900;0000000130819;0000000131777;0000000000000;00000100;
20170524;OZ3;*;0000;0000000001355;0000000000415;00000000;00131000;00131000;00131000;00131000;0000000131000;0000000130000;0000000000000;00001000;
20170524;SCS;*;F802;0000000000000;0000000000000;00056080;00000000;00000000;00000000;00000000;0000000000000;0000000000000;0000000000000;00000000;
20170524;SCS;*;M701;0000000000000;0000000000000;00088700;00000000;00000000;00000000;00000000;0000000000000;0000000000000;0000000000000;00000000;
20170524;SCS;*;N703;0000000000000;0000000000000;00138770;00000000;00000000;00000000;00000000;0000000000000;0000000000000;0000000000000;00000000;
20170524;SCS;*;Q701;0000000000000;0000000000000;00121090;00000000;00000000;00000000;00000000;0000000000000;0000000000000;0000000000000;00000000;
20170524;SCS;*;V702;0000000000000;0000000000000;00110615;00000000;00000000;00000000;00000000;0000000000000;0000000000000;0000000000000;00000000;
20170524;SFI;*;K18 ;0000000000000;0000000000000;00000000;00000000;00000000;00000000;00000000;0000000002050;0000000002051;0000000000000;00000001;
20170524;SFI;*;N17 ;0000000000000;0000000000000;00000000;00000000;00000000;00000000;00000000;0000000002028;0000000002028;0000000000000;00000000;
20170524;SFI;*;X17 ;0000000000000;0000000000000;00000000;00000000;00000000;00000000;00000000;0000000002020;0000000002021;0000000000000;00000001;
20170524;SJC;*;F18 ;0000000000000;0000000000000;00000000;00000000;00000000;00000000;00000000;0000000210593;0000000210703;0000000000000;00000110;
20170524;SJC;*;H18 ;0000000000000;0000000000000;00000000;00000000;00000000;00000000;00000000;0000000211365;0000000211475;0000000000000;00000110;
20170524;SJC;*;K18 ;0000000000000;0000000000000;00000000;00000000;00000000;00000000;00000000;0000000212412;0000000212467;0000000000000;00000055;
20170524;SJC;*;N17 ;0000001288742;0000000395271;00002144;00002094;00002089;00002096;00002091;0000000209050;0000000209050;0000000000000;00000000;
20170524;SJC;*;N18 ;0000000000000;0000000000000;00000000;00000000;00000000;00000000;00000000;0000000213790;0000000213845;0000000000000;00000055;
20170524;SJC;*;Q17 ;0000000000000;0000000000000;00000124;00000000;00000000;00000000;00000000;0000000209491;0000000209491;0000000000000;00000000;
20170524;SJC;*;U17 ;0000000000000;0000000000000;00000010;00000000;00000000;00000000;00000000;0000000208940;0000000208995;0000000000806;00000055;
20170524;SJC;*;X17 ;0000000184379;0000000056551;00001208;00002097;00002094;00002097;00002094;0000000208995;0000000209105;0000000001613;00000110;
20170524;TRY;*;M17 ;0000000000000;0000000000000;00000066;00000000;00000000;00000000;00000000;0000009163510;0000009130750;0000000024570;00032760;
20170524;TRY;*;N17 ;0000003496432;0000001071572;00000050;00914100;00914100;00914100;00914100;0000009139080;0000009108920;0000000022620;00030160;
20170524;TRY;*;Q17 ;0000000000000;0000000000000;00000000;00000000;00000000;00000000;00000000;0000009124460;0000009096260;0000000000000;00028200;
20170524;T10;*;M17 ;0000005349949;0000001639630;00001315;00126075;00126075;00126187;00126187;0000001260625;0000001258593;0000000066302;00002032;
20170524;T10;*;U17 ;0000006147010;0000001883910;00000102;00125594;00125594;00125594;00125594;0000001257656;0000001255625;0000000066269;00002031;
20170524;WDO;*;F18 ;0000000000000;0000000000000;00000000;00000000;00000000;00000000;00000000;0000034060820;0000034051970;0000000000000;00008850;
20170524;WDO;*;F19 ;0000000000000;0000000000000;00000000;00000000;00000000;00000000;00000000;0000036378580;0000036493150;0000000000000;00114570;
20170524;WDO;*;F20 ;0000000000000;0000000000000;00000000;00000000;00000000;00000000;00000000;0000039159150;0000039534250;0000000000000;00375100;
20170524;WDO;*;F21 ;0000000000000;0000000000000;00000000;00000000;00000000;00000000;00000000;0000042129660;0000042686970;0000000000000;00557310;
20170524;WDO;*;F25 ;0000000000000;0000000000000;00000000;00000000;00000000;00000000;00000000;0000053858920;0000055775320;0000000000000;01916400;
20170524;WDO;*;G18 ;0000000000000;0000000000000;00000000;00000000;00000000;00000000;00000000;0000034261150;0000034252670;0000000000000;00008480;
20170524;WDO;*;H18 ;0000000000000;0000000000000;00000000;00000000;00000000;00000000;00000000;0000034432000;0000034424750;0000000000000;00007250;
20170524;WDO;*;J18 ;0000000000000;0000000000000;00000000;00000000;00000000;00000000;00000000;0000034588240;0000034588130;0000000000000;00000110;
20170524;WDO;*;J19 ;0000000000000;0000000000000;00000000;00000000;00000000;00000000;00000000;0000037024910;0000037176090;0000000000000;00151180;
20170524;WDO;*;J20 ;0000000000000;0000000000000;00000000;00000000;00000000;00000000;00000000;0000039850800;0000040277080;0000000000000;00426280;
20170524;WDO;*;J22 ;0000000000000;0000000000000;00000000;00000000;00000000;00000000;00000000;0000045746770;0000046606910;0000000000000;00860140;
20170524;WDO;*;K18 ;0000000000000;0000000000000;00000000;00000000;00000000;00000000;00000000;0000034767110;0000034773950;0000000000000;00006840;
20170524;WDO;*;M17 ;0023942336610;0007337747590;00030356;03280000;03255000;03294000;03282500;0000032734830;0000032734620;0000000000021;00000210;
20170524;WDO;*;N17 ;0000015395540;0000004718361;00000462;03280000;03280000;03312500;03311000;0000032962750;0000032963290;0000000000054;00000540;
20170524;WDO;*;N18 ;0000000000000;0000000000000;00000000;00000000;00000000;00000000;00000000;0000035178600;0000035201760;0000000000000;00023160;
20170524;WDO;*;N19 ;0000000000000;0000000000000;00000000;00000000;00000000;00000000;00000000;0000037727760;0000037937290;0000000000000;00209530;
20170524;WDO;*;N21 ;0000000000000;0000000000000;00000000;00000000;00000000;00000000;00000000;0000043585080;0000044261890;0000000000000;00676810;
20170524;WDO;*;Q17 ;0000003327500;0000001019798;00000000;03330000;03320000;03330000;03330000;0000033168280;0000033165640;0000000000264;00002640;
20170524;WDO;*;U17 ;0000000199490;0000000061139;00000077;03325000;03324500;03325000;03325000;0000033391220;0000033387920;0000000000330;00003300;
20170524;WDO;*;V17 ;0000000000000;0000000000000;00000000;00000000;00000000;00000000;00000000;0000033562840;0000033552350;0000000000000;00010490;
20170524;WDO;*;V18 ;0000000000000;0000000000000;00000000;00000000;00000000;00000000;00000000;0000035787460;0000035849070;0000000000000;00061610;
20170524;WDO;*;V19 ;0000000000000;0000000000000;00000000;00000000;00000000;00000000;00000000;0000038471640;0000038759590;0000000000000;00287950;
20170524;WDO;*;X17 ;0000000000000;0000000000000;00000024;00000000;00000000;00000000;00000000;0000033749580;0000033737790;0000000001179;00011790;
20170524;WDO;*;Z17 ;0000000000000;0000000000000;00000012;00000000;00000000;00000000;00000000;0000033913890;0000033904010;0000000000988;00009880;
20170524;WD1;*;M7N7;0000000000000;0000000000000;00000000;00022900;00022900;00022900;00022900;0000000000000;0000000000000;0000000000000;00000000;
20170524;WEU;*;M17 ;0000000000000;0000000000000;00000000;00000000;00000000;00000000;00000000;0000036664820;0000036626800;0000000000000;00038020;
20170524;WEU;*;N17 ;0000000000000;0000000000000;00000000;00000000;00000000;00000000;00000000;0000036968440;0000036930920;0000000000000;00037520;
20170524;WEU;*;Q17 ;0000000000000;0000000000000;00000000;00000000;00000000;00000000;00000000;0000037247070;0000037205290;0000000000000;00041780;
20170524;WEU;*;U17 ;0000000000000;0000000000000;00000000;00000000;00000000;00000000;00000000;0000037554170;0000037511680;0000000000000;00042490;
20170524;WEU;*;V17 ;0000000000000;0000000000000;00000000;00000000;00000000;00000000;00000000;0000037807230;0000037756260;0000000000000;00050970;
20170524;WIN;*;G18 ;0000000000000;0000000000000;00000000;00000000;00000000;00000000;00000000;0000000067026;0000000066451;0000000000000;00000575;
20170524;WIN;*;G19 ;0000000000000;0000000000000;00000000;00000000;00000000;00000000;00000000;0000000072973;0000000072519;0000000000000;00000454;
20170524;WIN;*;J18 ;0000000000000;0000000000000;00000000;00000000;00000000;00000000;00000000;0000000067941;0000000067367;0000000000000;00000574;
20170524;WIN;*;M17 ;0015386931098;0004715722547;00098202;00062890;00062725;00064375;00063780;0000000063546;0000000063010;0000000010720;00000536;
20170524;WIN;*;M18 ;0000000000000;0000000000000;00000000;00000000;00000000;00000000;00000000;0000000068800;0000000068238;0000000000000;00000562;
20170524;WIN;*;Q17 ;0000000013020;0000000003990;00000015;00065100;00065100;00065100;00065100;0000000064513;0000000063971;0000000010840;00000542;
20170524;WIN;*;Q18 ;0000000000000;0000000000000;00000000;00000000;00000000;00000000;00000000;0000000069859;0000000069324;0000000000000;00000535;
20170524;WIN;*;V17 ;0000000000000;0000000000000;00000000;00000000;00000000;00000000;00000000;0000000065445;0000000064900;0000000000000;00000545;
20170524;WIN;*;V18 ;0000000000000;0000000000000;00000000;00000000;00000000;00000000;00000000;0000000070896;0000000070388;0000000000000;00000508;
20170524;WIN;*;Z17 ;0000000000000;0000000000000;00000000;00000000;00000000;00000000;00000000;0000000066230;0000000065685;0000000000000;00000545;
20170524;WIN;*;Z18 ;0000000000000;0000000000000;00000000;00000000;00000000;00000000;00000000;0000000071839;0000000071359;0000000000000;00000480;
20170524;WTI;*;N17 ;0000000000000;0000000000000;00000645;00000000;00000000;00000000;00000000;0000000005136;0000000005147;0000000003586;00000011;
20170524;WTI;*;Q17 ;0000000000000;0000000000000;00000000;00000000;00000000;00000000;00000000;0000000005159;0000000005172;0000000000000;00000013;
20170524;ZAR;*;M17 ;0000000000000;0000000000000;00000144;00000000;00000000;00000000;00000000;0000025285070;0000024984650;0000000105147;00300420;
20170524;ZAR;*;N17 ;0000010728018;0000003287878;00000131;02533200;02533100;02533200;02533100;0000025329120;0000025018290;0000000108790;00310830;
20170524;ZAR;*;Q17 ;0000000000000;0000000000000;00000030;00000000;00000000;00000000;00000000;0000025356670;0000025049190;0000000107618;00307480;
