Data;Código do Contrato;Pregão;Vencimento;Volume(R$);Volume(U$);Número de contas em Aberto;Preço de Abertura;Preço Mínimo;Preço Máximo;Último Preço;Preço de Ajuste Atual; Preço de Ajuste Anterior;Valor de Ajuste por Contrato;Variação
20170525;AUD;*;M17 ;0000000000000;0000000000000;00001286;00000000;00000000;00000000;00000000;0000024549190;0000024498730;0000000030276;00050460;
20170525;AUD;*;N17 ;0000000000000;0000000000000;00000000;00000000;00000000;00000000;00000000;0000024709190;0000024656660;0000000000000;00052530;
20170525;AUD;*;Q17 ;0000001490520;0000000454095;00000671;02484200;02484200;02484200;02484200;0000024852120;0000024799470;0000000031590;00052650;
20170525;AUD;*;U17 ;0000000000000;0000000000000;00000000;00000000;00000000;00000000;00000000;0000025013810;0000024952880;0000000000000;00060930;
20170525;BGI;*;F18 ;0000000000000;0000000000000;00000000;00000000;00000000;00000000;00000000;0000000013148;0000000013116;0000000000000;00000032;
20170525;BGI;*;K17 ;0000018915253;0000005756140;00002725;00013341;00013335;00013389;00013368;0000000013363;0000000013350;0000000004290;00000013;
20170525;BGI;*;K18 ;0000002272109;0000000691430;00000053;00013500;00013500;00013518;00013518;0000000013550;0000000013517;0000000010890;00000033;
20170525;BGI;*;M17 ;0000007474285;0000002274515;00001728;00012950;00012878;00012990;00012971;0000000012971;0000000012915;0000000018480;00000056;
20170525;BGI;*;N17 ;0000005490134;0000001670714;00000304;00012981;00012900;00013010;00013005;0000000013067;0000000013045;0000000007260;00000022;
20170525;BGI;*;Q17 ;0000000215820;0000000065677;00000247;00013050;00013050;00013100;00013100;0000000013125;0000000013064;0000000020130;00000061;
20170525;BGI;*;U17 ;0000000086618;0000000026359;00000005;00013123;00013123;00013125;00013125;0000000013155;0000000013123;0000000010560;00000032;
20170525;BGI;*;V17 ;0000040549076;0000012339575;00004063;00013189;00013120;00013201;00013201;0000000013201;0000000013169;0000000010560;00000032;
20170525;BGI;*;V18 ;0000000000000;0000000000000;00000065;00000000;00000000;00000000;00000000;0000000014191;0000000014156;0000000011550;00000035;
20170525;BGI;*;X17 ;0000000043692;0000000013296;00000057;00013240;00013240;00013240;00013240;0000000013268;0000000013236;0000000010560;00000032;
20170525;BGI;*;Z17 ;0000000000000;0000000000000;00000002;00000000;00000000;00000000;00000000;0000000013310;0000000013277;0000000010890;00000033;
20170525;BRI;*;M17 ;0000000000000;0000000000000;00000751;00000000;00000000;00000000;00000000;0000000010590;0000000010597;0000000007000;00000007;
20170525;BRI;*;Q17 ;0000000000000;0000000000000;00000045;00000000;00000000;00000000;00000000;0000000010752;0000000010759;0000000007000;00000007;
20170525;BSE;*;K17 ;0000000000000;0000000000000;00000000;00000000;00000000;00000000;00000000;0000000030750;0000000030309;0000000000000;00000441;
20170525;BSE;*;M17 ;0000000000000;0000000000000;00000000;00000000;00000000;00000000;00000000;0000000031016;0000000030572;0000000000000;00000444;
20170525;BSE;*;N17 ;0000000000000;0000000000000;00000000;00000000;00000000;00000000;00000000;0000000031231;0000000030700;0000000000000;00000531;
20170525;CAD;*;M17 ;0000015431676;0000004701339;00000234;02449400;02449400;02449500;02449500;0000024414960;0000024377570;0000000022434;00037390;
20170525;CAD;*;N17 ;0000000000000;0000000000000;00000000;00000000;00000000;00000000;00000000;0000024603450;0000024560630;0000000000000;00042820;
20170525;CAD;*;Q17 ;0000000000000;0000000000000;00000675;00000000;00000000;00000000;00000000;0000024769610;0000024726640;0000000025782;00042970;
20170525;CAD;*;U17 ;0000000000000;0000000000000;00000000;00000000;00000000;00000000;00000000;0000024956520;0000024907860;0000000000000;00048660;
20170525;CCM;*;F18 ;0000004116357;0000001252657;00000449;00002911;00002911;00002949;00002930;0000000002930;0000000002902;0000000012600;00000028;
20170525;CCM;*;H18 ;0000000054000;0000000016433;00000198;00003000;00003000;00003000;00003000;0000000002993;0000000002973;0000000009000;00000020;
20170525;CCM;*;K18 ;0000000000000;0000000000000;00000000;00000000;00000000;00000000;00000000;0000000002934;0000000002914;0000000000000;00000020;
20170525;CCM;*;N17 ;0000000000000;0000000000000;00000000;00000000;00000000;00000000;00000000;0000000002755;0000000002760;0000000000000;00000005;
20170525;CCM;*;N18 ;0000000000000;0000000000000;00000000;00000000;00000000;00000000;00000000;0000000002909;0000000002896;0000000000000;00000013;
20170525;CCM;*;U17 ;0000025902319;0000007882389;00019672;00002691;00002681;00002710;00002693;0000000002696;0000000002701;0000000002250;00000005;
20170525;CCM;*;U18 ;0000000000000;0000000000000;00000000;00000000;00000000;00000000;00000000;0000000002885;0000000002879;0000000000000;00000006;
20170525;CCM;*;X17 ;0000002882731;0000000877250;00000891;00002780;00002778;00002800;00002800;0000000002800;0000000002738;0000000027900;00000062;
20170525;CCM;*;X18 ;0000000000000;0000000000000;00000000;00000000;00000000;00000000;00000000;0000000002958;0000000002953;0000000000000;00000005;
20170525;CHF;*;M17 ;0000000000000;0000000000000;00000169;00000000;00000000;00000000;00000000;0000033853140;0000033577610;0000000137765;00275530;
20170525;CHF;*;N17 ;0000000000000;0000000000000;00000000;00000000;00000000;00000000;00000000;0000034158570;0000033877510;0000000000000;00281060;
20170525;CHF;*;Q17 ;0000000000000;0000000000000;00000000;00000000;00000000;00000000;00000000;0000034444820;0000034158920;0000000000000;00285900;
20170525;CHF;*;U17 ;0000000000000;0000000000000;00000000;00000000;00000000;00000000;00000000;0000034751890;0000034456050;0000000000000;00295840;
20170525;CLP;*;M17 ;0000056350000;0000017167317;00000532;04900000;04900000;04900000;04900000;0000049180000;0000048685000;0000000123750;00495000;
20170525;CLP;*;N17 ;0000044689500;0000013614885;00000000;04965500;04965500;04965500;04965500;0000049468000;0000049014000;0000000113500;00454000;
20170525;CLP;*;Q17 ;0000000000000;0000000000000;00000000;00000000;00000000;00000000;00000000;0000049715000;0000049255000;0000000000000;00460000;
20170525;CLP;*;U17 ;0000057103250;0000017396798;00000000;04965500;04965500;04965500;04965500;0000049995000;0000049517000;0000000119500;00478000;
20170525;CNY;*;M17 ;0000000000000;0000000000000;00000000;00000000;00000000;00000000;00000000;0000047933600;0000047498550;0000000000000;00435050;
20170525;CNY;*;N17 ;0000000000000;0000000000000;00000090;00000000;00000000;00000000;00000000;0000048206360;0000047754340;0000000158207;00452020;
20170525;CNY;*;Q17 ;0000000000000;0000000000000;00000000;00000000;00000000;00000000;00000000;0000048372860;0000047910250;0000000000000;00462610;
20170525;CR1;*;U7Z7;0000000000000;0000000000000;00000000;00000000;00000000;00000000;00000000;0000000000000;0000000000000;0000000000000;00000000;
20170525;DAP;*;F18 ;0000000000000;0000000000000;00005310;00000000;00000000;00000000;00000000;0000009683848;0000009684524;0000000000817;00000676;
20170525;DAP;*;F19 ;0000000000000;0000000000000;00000000;00000000;00000000;00000000;00000000;0000009216878;0000009222701;0000000000000;00005823;
20170525;DAP;*;K19 ;0000209241570;0000063746518;00037774;00000518;00000518;00000519;00000518;0000009061041;0000009074625;0000000016424;00013584;
20170525;DAP;*;K21 ;0000005849149;0000001781973;00012879;00000560;00000560;00000560;00000560;0000008056495;0000008056438;0000000000068;00000057;
20170525;DAP;*;K23 ;0000005654631;0000001722712;00012780;00000568;00000568;00000570;00000570;0000007186129;0000007186051;0000000000094;00000078;
20170525;DAP;*;M17 ;0000000000000;0000000000000;00000000;00000000;00000000;00000000;00000000;0000009969702;0000009969837;0000000000000;00000135;
20170525;DAP;*;N17 ;0000059898620;0000018248422;00002500;00000670;00000670;00000670;00000670;0000009906590;0000009907041;0000000000545;00000451;
20170525;DAP;*;Q17 ;0000000000000;0000000000000;00000000;00000000;00000000;00000000;00000000;0000009853757;0000009854554;0000000000000;00000797;
20170525;DAP;*;Q18 ;0000035270668;0000010745390;00055363;00000512;00000512;00000512;00000512;0000009409829;0000009409940;0000000000134;00000111;
20170525;DAP;*;Q20 ;0000000000000;0000000000000;00005785;00000000;00000000;00000000;00000000;0000008424121;0000008426676;0000000003089;00002555;
20170525;DAP;*;Q22 ;0000028505792;0000008684436;00016074;00000570;00000570;00000573;00000573;0000007476257;0000007479850;0000000004344;00003593;
20170525;DAP;*;Q24 ;0000000000000;0000000000000;00008370;00000000;00000000;00000000;00000000;0000006756959;0000006756916;0000000000051;00000043;
20170525;DAP;*;Q26 ;0000011547657;0000003518053;00002215;00000577;00000577;00000577;00000577;0000005995046;0000006010658;0000000018876;00015612;
20170525;DAP;*;Q30 ;0000000000000;0000000000000;00000235;00000000;00000000;00000000;00000000;0000004854728;0000004854691;0000000000044;00000037;
20170525;DCO;*;F18 ;0000000000000;0000000000000;00000000;00000000;00000000;00000000;00000000;0000009941758;0000009882692;0000000000000;00059066;
20170525;DCO;*;F19 ;0000000000000;0000000000000;00000000;00000000;00000000;00000000;00000000;0000009675021;0000009623612;0000000000000;00051409;
20170525;DCO;*;F20 ;0000000000000;0000000000000;00000000;00000000;00000000;00000000;00000000;0000009361309;0000009318674;0000000000000;00042635;
20170525;DCO;*;F21 ;0000000000000;0000000000000;00000000;00000000;00000000;00000000;00000000;0000009000090;0000008965672;0000000000000;00034418;
20170525;DCO;*;F22 ;0000000000000;0000000000000;00000000;00000000;00000000;00000000;00000000;0000008613891;0000008578440;0000000000000;00035451;
20170525;DCO;*;F23 ;0000000000000;0000000000000;00000000;00000000;00000000;00000000;00000000;0000008207126;0000008174143;0000000000000;00032983;
20170525;DCO;*;F24 ;0000000000000;0000000000000;00000000;00000000;00000000;00000000;00000000;0000007791029;0000007767097;0000000000000;00023932;
20170525;DCO;*;F25 ;0000000000000;0000000000000;00000000;00000000;00000000;00000000;00000000;0000007392193;0000007379206;0000000000000;00012987;
20170525;DCO;*;F26 ;0000000000000;0000000000000;00000000;00000000;00000000;00000000;00000000;0000006964791;0000006955452;0000000000000;00009339;
20170525;DCO;*;F27 ;0000000000000;0000000000000;00000000;00000000;00000000;00000000;00000000;0000006575494;0000006570008;0000000000000;00005486;
20170525;DCO;*;F28 ;0000000000000;0000000000000;00000000;00000000;00000000;00000000;00000000;0000006222453;0000006216732;0000000000000;00005721;
20170525;DCO;*;F29 ;0000000000000;0000000000000;00000000;00000000;00000000;00000000;00000000;0000005875594;0000005873861;0000000000000;00001733;
20170525;DCO;*;F30 ;0000000000000;0000000000000;00000000;00000000;00000000;00000000;00000000;0000005557164;0000005555319;0000000000000;00001845;
20170525;DCO;*;G18 ;0000000000000;0000000000000;00000000;00000000;00000000;00000000;00000000;0000009923588;0000009864885;0000000000000;00058703;
20170525;DCO;*;H18 ;0000000000000;0000000000000;00000000;00000000;00000000;00000000;00000000;0000009905240;0000009847371;0000000000000;00057869;
20170525;DCO;*;J18 ;0000000000000;0000000000000;00000000;00000000;00000000;00000000;00000000;0000009881814;0000009823950;0000000000000;00057864;
20170525;DCO;*;J19 ;0000000000000;0000000000000;00000000;00000000;00000000;00000000;00000000;0000009601546;0000009553720;0000000000000;00047826;
20170525;DCO;*;J20 ;0000000000000;0000000000000;00000000;00000000;00000000;00000000;00000000;0000009275147;0000009235869;0000000000000;00039278;
20170525;DCO;*;J21 ;0000000000000;0000000000000;00000000;00000000;00000000;00000000;00000000;0000008913133;0000008873525;0000000000000;00039608;
20170525;DCO;*;J22 ;0000000000000;0000000000000;00000000;00000000;00000000;00000000;00000000;0000008512530;0000008479256;0000000000000;00033274;
20170525;DCO;*;K18 ;0000000000000;0000000000000;00000000;00000000;00000000;00000000;00000000;0000009859502;0000009802651;0000000000000;00056851;
20170525;DCO;*;M17 ;0000000000000;0000000000000;00000000;00000000;00000000;00000000;00000000;0000010070750;0000010011416;0000000000000;00059334;
20170525;DCO;*;N17 ;0000000000000;0000000000000;00000000;00000000;00000000;00000000;00000000;0000010059612;0000009999528;0000000000000;00060084;
20170525;DCO;*;N18 ;0000000000000;0000000000000;00000000;00000000;00000000;00000000;00000000;0000009817562;0000009764219;0000000000000;00053343;
20170525;DCO;*;N19 ;0000000000000;0000000000000;00000000;00000000;00000000;00000000;00000000;0000009530927;0000009487637;0000000000000;00043290;
20170525;DCO;*;N20 ;0000000000000;0000000000000;00000000;00000000;00000000;00000000;00000000;0000009192803;0000009155333;0000000000000;00037470;
20170525;DCO;*;N21 ;0000000000000;0000000000000;00000000;00000000;00000000;00000000;00000000;0000008815203;0000008776642;0000000000000;00038561;
20170525;DCO;*;Q17 ;0000000000000;0000000000000;00000000;00000000;00000000;00000000;00000000;0000010040777;0000009980680;0000000000000;00060097;
20170525;DCO;*;U17 ;0000000000000;0000000000000;00000000;00000000;00000000;00000000;00000000;0000010026193;0000009964805;0000000000000;00061388;
20170525;DCO;*;V17 ;0000000000000;0000000000000;00000000;00000000;00000000;00000000;00000000;0000010004697;0000009944913;0000000000000;00059784;
20170525;DCO;*;V18 ;0000000000000;0000000000000;00000000;00000000;00000000;00000000;00000000;0000009748510;0000009695896;0000000000000;00052614;
20170525;DCO;*;V19 ;0000000000000;0000000000000;00000000;00000000;00000000;00000000;00000000;0000009449821;0000009411560;0000000000000;00038261;
20170525;DCO;*;V20 ;0000000000000;0000000000000;00000000;00000000;00000000;00000000;00000000;0000009096192;0000009058609;0000000000000;00037583;
20170525;DCO;*;V21 ;0000000000000;0000000000000;00000000;00000000;00000000;00000000;00000000;0000008717826;0000008680643;0000000000000;00037183;
20170525;DCO;*;X17 ;0000000000000;0000000000000;00000000;00000000;00000000;00000000;00000000;0000009987571;0000009927505;0000000000000;00060066;
20170525;DCO;*;Z17 ;0000000000000;0000000000000;00000000;00000000;00000000;00000000;00000000;0000009966336;0000009907260;0000000000000;00059076;
20170525;DDI;*;F18 ;0000000000000;0000000000000;00385083;00000000;00000000;00000000;00000000;0000009942977;0000009883893;0000000096392;00059084;
20170525;DDI;*;F19 ;0000000000000;0000000000000;00115119;00000000;00000000;00000000;00000000;0000009678075;0000009626629;0000000083931;00051446;
20170525;DDI;*;F20 ;0000000000000;0000000000000;00100275;00000000;00000000;00000000;00000000;0000009365946;0000009323262;0000000069636;00042684;
20170525;DDI;*;F21 ;0000000000000;0000000000000;00090541;00000000;00000000;00000000;00000000;0000009006034;0000008971561;0000000056240;00034473;
20170525;DDI;*;F22 ;0000000000000;0000000000000;00035824;00000000;00000000;00000000;00000000;0000008620838;0000008585320;0000000057945;00035518;
20170525;DDI;*;F23 ;0000000000000;0000000000000;00030276;00000000;00000000;00000000;00000000;0000008214797;0000008181741;0000000053929;00033056;
20170525;DDI;*;F24 ;0000000000000;0000000000000;00037455;00000000;00000000;00000000;00000000;0000007799175;0000007775181;0000000039145;00023994;
20170525;DDI;*;F25 ;0000000000000;0000000000000;00020550;00000000;00000000;00000000;00000000;0000007400639;0000007387611;0000000021254;00013028;
20170525;DDI;*;F26 ;0000000000000;0000000000000;00015330;00000000;00000000;00000000;00000000;0000006977523;0000006968134;0000000015317;00009389;
20170525;DDI;*;F27 ;0000000000000;0000000000000;00010950;00000000;00000000;00000000;00000000;0000006588169;0000006582647;0000000009008;00005522;
20170525;DDI;*;F28 ;0000000000000;0000000000000;00000110;00000000;00000000;00000000;00000000;0000006234981;0000006229221;0000000009397;00005760;
20170525;DDI;*;F29 ;0000000000000;0000000000000;00000000;00000000;00000000;00000000;00000000;0000005887817;0000005886061;0000000000000;00001756;
20170525;DDI;*;F30 ;0000000000000;0000000000000;00000500;00000000;00000000;00000000;00000000;0000005569040;0000005567173;0000000003045;00001867;
20170525;DDI;*;G18 ;0000000000000;0000000000000;00029410;00000000;00000000;00000000;00000000;0000009924967;0000009866245;0000000095802;00058722;
20170525;DDI;*;H18 ;0000000000000;0000000000000;00015920;00000000;00000000;00000000;00000000;0000009906766;0000009848877;0000000094443;00057889;
20170525;DDI;*;J18 ;0000000000000;0000000000000;00093986;00000000;00000000;00000000;00000000;0000009883506;0000009825621;0000000094436;00057885;
20170525;DDI;*;J19 ;0000000000000;0000000000000;00049706;00000000;00000000;00000000;00000000;0000009605010;0000009557144;0000000078090;00047866;
20170525;DDI;*;J20 ;0000000000000;0000000000000;00028195;00000000;00000000;00000000;00000000;0000009280130;0000009240801;0000000064163;00039329;
20170525;DDI;*;J21 ;0000000000000;0000000000000;00005297;00000000;00000000;00000000;00000000;0000008919347;0000008879676;0000000064721;00039671;
20170525;DDI;*;J22 ;0000000000000;0000000000000;00000120;00000000;00000000;00000000;00000000;0000008519670;0000008486330;0000000054392;00033340;
20170525;DDI;*;K18 ;0000000000000;0000000000000;00013240;00000000;00000000;00000000;00000000;0000009861349;0000009804473;0000000092790;00056876;
20170525;DDI;*;M17 ;0000000000000;0000000000000;00351020;00000000;00000000;00000000;00000000;0000010070789;0000010011454;0000000096802;00059335;
20170525;DDI;*;N17 ;0000000000000;0000000000000;00599028;00000000;00000000;00000000;00000000;0000010059831;0000009999744;0000000098028;00060087;
20170525;DDI;*;N18 ;0000000000000;0000000000000;00096089;00000000;00000000;00000000;00000000;0000009819721;0000009766349;0000000087073;00053372;
20170525;DDI;*;N19 ;0000000000000;0000000000000;00057504;00000000;00000000;00000000;00000000;0000009534800;0000009491469;0000000070692;00043331;
20170525;DDI;*;N20 ;0000000000000;0000000000000;00041435;00000000;00000000;00000000;00000000;0000009198125;0000009160605;0000000061212;00037520;
20170525;DDI;*;N21 ;0000000000000;0000000000000;00004850;00000000;00000000;00000000;00000000;0000008821674;0000008783047;0000000063018;00038627;
20170525;DDI;*;Q17 ;0000000000000;0000000000000;00328824;00000000;00000000;00000000;00000000;0000010041158;0000009981055;0000000098055;00060103;
20170525;DDI;*;U17 ;0000000000000;0000000000000;00081335;00000000;00000000;00000000;00000000;0000010026746;0000009965349;0000000100166;00061397;
20170525;DDI;*;V17 ;0000000000000;0000000000000;00231342;00000000;00000000;00000000;00000000;0000010005420;0000009945625;0000000097552;00059795;
20170525;DDI;*;V18 ;0000000000000;0000000000000;00057358;00000000;00000000;00000000;00000000;0000009751119;0000009698472;0000000085890;00052647;
20170525;DDI;*;V19 ;0000000000000;0000000000000;00031754;00000000;00000000;00000000;00000000;0000009454084;0000009415782;0000000062487;00038302;
20170525;DDI;*;V20 ;0000000000000;0000000000000;00024040;00000000;00000000;00000000;00000000;0000009101827;0000009064188;0000000061406;00037639;
20170525;DDI;*;V21 ;0000000000000;0000000000000;00002042;00000000;00000000;00000000;00000000;0000008724544;0000008687295;0000000060769;00037249;
20170525;DDI;*;X17 ;0000000000000;0000000000000;00071510;00000000;00000000;00000000;00000000;0000009988458;0000009928378;0000000098017;00060080;
20170525;DDI;*;Z17 ;0000000000000;0000000000000;00062800;00000000;00000000;00000000;00000000;0000009967385;0000009908293;0000000096405;00059092;
20170525;DDM;*;K19 ;0000000000000;0000000000000;00000000;00000000;00000000;00000000;00000000;0000009092305;0000009090867;0000000000000;00001438;
20170525;DDM;*;K21 ;0000000000000;0000000000000;00000000;00000000;00000000;00000000;00000000;0000008088967;0000008090453;0000000000000;00001486;
20170525;DDM;*;K25 ;0000000000000;0000000000000;00000000;00000000;00000000;00000000;00000000;0000006516452;0000006471453;0000000000000;00044999;
20170525;DDM;*;Q18 ;0000000000000;0000000000000;00000000;00000000;00000000;00000000;00000000;0000009436956;0000009438131;0000000000000;00001175;
20170525;DDM;*;Q20 ;0000000000000;0000000000000;00000000;00000000;00000000;00000000;00000000;0000008457238;0000008454329;0000000000000;00002909;
20170525;DI1;*;F18 ;0017791543220;0005420284920;03032733;00009590;00009500;00009590;00009500;0000009468643;0000009468403;0000000000240;00000240;
20170525;DI1;*;F19 ;0021759311056;0006629085747;01705441;00009720;00009580;00009740;00009590;0000008636454;0000008634401;0000000002053;00002053;
20170525;DI1;*;F20 ;0009346450389;0002847444062;01225477;00010300;00010190;00010360;00010200;0000007760956;0000007768521;0000000007565;00007565;
20170525;DI1;*;F21 ;0013368213547;0004072694841;01424499;00010700;00010610;00010780;00010640;0000006946016;0000006948385;0000000002369;00002369;
20170525;DI1;*;F22 ;0000148667440;0000045292298;00083701;00011020;00010860;00011020;00010880;0000006218789;0000006219094;0000000000305;00000305;
20170525;DI1;*;F23 ;0002581879133;0000786582724;00634460;00011130;00010980;00011170;00011010;0000005569994;0000005572812;0000000002818;00002818;
20170525;DI1;*;F24 ;0000083493429;0000025436701;00057080;00011100;00011090;00011130;00011130;0000004993874;0000004999784;0000000005910;00005910;
20170525;DI1;*;F25 ;0001858089722;0000566076567;00559365;00011270;00011140;00011330;00011190;0000004466455;0000004475588;0000000009133;00009133;
20170525;DI1;*;F26 ;0000010017563;0000003051902;00062713;00011340;00011190;00011340;00011210;0000003997182;0000004003336;0000000006154;00006154;
20170525;DI1;*;F27 ;0000825886332;0000251610508;00400348;00011350;00011250;00011420;00011300;0000003578241;0000003581295;0000000003054;00003054;
20170525;DI1;*;F28 ;0000000000000;0000000000000;00000010;00000000;00000000;00000000;00000000;0000003215454;0000003218487;0000000003033;00003033;
20170525;DI1;*;F29 ;0000000000000;0000000000000;00003465;00000000;00000000;00000000;00000000;0000002888911;0000002891891;0000000002980;00002980;
20170525;DI1;*;F30 ;0000000000000;0000000000000;00000620;00000000;00000000;00000000;00000000;0000002579387;0000002582270;0000000002883;00002883;
20170525;DI1;*;G18 ;0000252790198;0000077013831;00021140;00009475;00009475;00009480;00009475;0000009397449;0000009396230;0000000001219;00001219;
20170525;DI1;*;H18 ;0000001400774;0000000426753;00009985;00009450;00009450;00009450;00009450;0000009334101;0000009333148;0000000000953;00000953;
20170525;DI1;*;J18 ;0003717598724;0001132585524;00719109;00009445;00009385;00009475;00009385;0000009269558;0000009269049;0000000000509;00000509;
20170525;DI1;*;J19 ;0000270045441;0000082270729;00496307;00009870;00009750;00009870;00009750;0000008424854;0000008422437;0000000002417;00002417;
20170525;DI1;*;J20 ;0000005664879;0000001725834;00075103;00010380;00010370;00010390;00010380;0000007557192;0000007566174;0000000008982;00008982;
20170525;DI1;*;J21 ;0000002697887;0000000821925;00030105;00010820;00010820;00010820;00010820;0000006761776;0000006764212;0000000002436;00002436;
20170525;DI1;*;J22 ;0000082945814;0000025269868;00001535;00010940;00010940;00010940;00010940;0000006052065;0000006052896;0000000000831;00000831;
20170525;DI1;*;K18 ;0000007819156;0000002382146;00013090;00009450;00009450;00009450;00009450;0000009202273;0000009201515;0000000000758;00000758;
20170525;DI1;*;M17 ;0000318332729;0000096981699;00473837;00011140;00011129;00011140;00011129;0000009979048;0000009979082;0000000000034;00000034;
20170525;DI1;*;N17 ;0045408271787;0013833862962;03777600;00010410;00010380;00010460;00010380;0000009898438;0000009898495;0000000000057;00000057;
20170525;DI1;*;N18 ;0004403611295;0001341582773;00712541;00009580;00009410;00009580;00009410;0000009059796;0000009058524;0000000001272;00001272;
20170525;DI1;*;N19 ;0000545781618;0000166275170;00496457;00010030;00009900;00010040;00009900;0000008208389;0000008208733;0000000000344;00000344;
20170525;DI1;*;N20 ;0000925235069;0000281877611;01245428;00010540;00010450;00010600;00010460;0000007348158;0000007358594;0000000010436;00010436;
20170525;DI1;*;N21 ;0000008222525;0000002505034;00059847;00010840;00010770;00010860;00010770;0000006572741;0000006575232;0000000002491;00002491;
20170525;DI1;*;N22 ;0000064815316;0000019746319;00005305;00010970;00010970;00010980;00010980;0000005890953;0000005892334;0000000001381;00001381;
20170525;DI1;*;N23 ;0000000529001;0000000161163;00003260;00011050;00011050;00011050;00011050;0000005277873;0000005282214;0000000004341;00004341;
20170525;DI1;*;N24 ;0000000000000;0000000000000;00001655;00000000;00000000;00000000;00000000;0000004731227;0000004738745;0000000007518;00007518;
20170525;DI1;*;Q17 ;0001646590022;0000501642098;00264743;00010310;00010285;00010330;00010290;0000009819070;0000009818773;0000000000297;00000297;
20170525;DI1;*;U17 ;0000731285787;0000222789967;00118495;00010050;00010050;00010055;00010050;0000009737494;0000009737871;0000000000377;00000377;
20170525;DI1;*;V17 ;0009302815206;0002834150380;01403909;00009900;00009845;00009910;00009850;0000009669260;0000009668902;0000000000358;00000358;
20170525;DI1;*;V18 ;0000280837055;0000085558450;00594773;00009590;00009490;00009600;00009490;0000008845287;0000008842522;0000000002765;00002765;
20170525;DI1;*;V19 ;0000029845628;0000009092624;00076584;00010130;00010080;00010160;00010140;0000007977034;0000007985818;0000000008784;00008784;
20170525;DI1;*;V20 ;0000258405706;0000078724624;00046365;00010610;00010560;00010660;00010570;0000007137398;0000007143143;0000000005745;00005745;
20170525;DI1;*;V21 ;0000000000000;0000000000000;00012062;00000000;00000000;00000000;00000000;0000006391370;0000006392930;0000000001560;00001560;
20170525;DI1;*;X17 ;0000412245057;0000125592572;00095765;00009755;00009730;00009760;00009730;0000009599257;0000009598729;0000000000528;00000528;
20170525;DI1;*;Z17 ;0000493824500;0000150446167;00077545;00009630;00009630;00009640;00009635;0000009533340;0000009532898;0000000000442;00000442;
20170525;DOL;*;F18 ;0000000000000;0000000000000;00007905;00000000;00000000;00000000;00000000;0000034263560;0000034060820;0000000101370;00202740;
20170525;DOL;*;F19 ;0000000000000;0000000000000;00000000;00000000;00000000;00000000;00000000;0000036564300;0000036378580;0000000000000;00185720;
20170525;DOL;*;F20 ;0000000000000;0000000000000;00000000;00000000;00000000;00000000;00000000;0000039376780;0000039159150;0000000000000;00217630;
20170525;DOL;*;F21 ;0000000000000;0000000000000;00003100;00000000;00000000;00000000;00000000;0000042305960;0000042129660;0000000088150;00176300;
20170525;DOL;*;F25 ;0000000000000;0000000000000;00000000;00000000;00000000;00000000;00000000;0000054064220;0000053858920;0000000000000;00205300;
20170525;DOL;*;G18 ;0000000000000;0000000000000;00000000;00000000;00000000;00000000;00000000;0000034460600;0000034261150;0000000000000;00199450;
20170525;DOL;*;H18 ;0000000000000;0000000000000;00000000;00000000;00000000;00000000;00000000;0000034630850;0000034432000;0000000000000;00198850;
20170525;DOL;*;J18 ;0000000000000;0000000000000;00000180;00000000;00000000;00000000;00000000;0000034790110;0000034588240;0000000100935;00201870;
20170525;DOL;*;J19 ;0000000000000;0000000000000;00000050;00000000;00000000;00000000;00000000;0000037199680;0000037024910;0000000087385;00174770;
20170525;DOL;*;J20 ;0000000000000;0000000000000;00000000;00000000;00000000;00000000;00000000;0000040067970;0000039850800;0000000000000;00217170;
20170525;DOL;*;J22 ;0000000000000;0000000000000;00000000;00000000;00000000;00000000;00000000;0000045932800;0000045746770;0000000000000;00186030;
20170525;DOL;*;K18 ;0000000000000;0000000000000;00000000;00000000;00000000;00000000;00000000;0000034965920;0000034767110;0000000000000;00198810;
20170525;DOL;*;M17 ;0050209311000;0015296524190;00552384;03283000;03267500;03302000;03279500;0000032928990;0000032734830;0000000097080;00194160;
20170525;DOL;*;N17 ;0000716165375;0000218183456;00063242;03305000;03302000;03324500;03302000;0000033161010;0000032962750;0000000099130;00198260;
20170525;DOL;*;N18 ;0000000000000;0000000000000;00000620;00000000;00000000;00000000;00000000;0000035365880;0000035178600;0000000093640;00187280;
20170525;DOL;*;N19 ;0000000000000;0000000000000;00000400;00000000;00000000;00000000;00000000;0000037901590;0000037727760;0000000086915;00173830;
20170525;DOL;*;N21 ;0000000000000;0000000000000;00000000;00000000;00000000;00000000;00000000;0000043793360;0000043585080;0000000000000;00208280;
20170525;DOL;*;Q17 ;0000010840750;0000003302690;00008485;03331000;03331000;03342000;03338000;0000033367000;0000033168280;0000000099360;00198720;
20170525;DOL;*;U17 ;0000000841375;0000000256329;00001430;03365500;03365500;03365500;03365500;0000033598240;0000033391220;0000000103510;00207020;
20170525;DOL;*;V17 ;0000340229750;0000103652739;00003940;03373000;03373000;03377000;03377000;0000033763370;0000033562840;0000000100265;00200530;
20170525;DOL;*;V18 ;0000000000000;0000000000000;00000035;00000000;00000000;00000000;00000000;0000035970490;0000035787460;0000000091515;00183030;
20170525;DOL;*;V19 ;0000000000000;0000000000000;00000000;00000000;00000000;00000000;00000000;0000038670680;0000038471640;0000000000000;00199040;
20170525;DOL;*;X17 ;0000000000000;0000000000000;00000100;00000000;00000000;00000000;00000000;0000033951940;0000033749580;0000000101180;00202360;
20170525;DOL;*;Z17 ;0000000000000;0000000000000;00000005;00000000;00000000;00000000;00000000;0000034114570;0000033913890;0000000100340;00200680;
20170525;DR1;*;M7N7;0000000000000;0000000000000;00000000;00022800;00022800;00023300;00022950;0000000000000;0000000000000;0000000000000;00000000;
20170525;ETH;*;F18 ;0000000000000;0000000000000;00000000;00000000;00000000;00000000;00000000;0000000168700;0000000168700;0000000000000;00000000;
20170525;ETH;*;K17 ;0000000000000;0000000000000;00000162;00000000;00000000;00000000;00000000;0000000147000;0000000147000;0000000000000;00000000;
20170525;ETH;*;K18 ;0000000000000;0000000000000;00000000;00000000;00000000;00000000;00000000;0000000150050;0000000150050;0000000000000;00000000;
20170525;ETH;*;M17 ;0000000000000;0000000000000;00000335;00000000;00000000;00000000;00000000;0000000144750;0000000145500;0000000022500;00000750;
20170525;ETH;*;N17 ;0000000000000;0000000000000;00000244;00000000;00000000;00000000;00000000;0000000145250;0000000146000;0000000022500;00000750;
20170525;ETH;*;Q17 ;0000000000000;0000000000000;00000525;00000000;00000000;00000000;00000000;0000000147750;0000000145000;0000000082500;00002750;
20170525;ETH;*;U17 ;0000000000000;0000000000000;00000000;00000000;00000000;00000000;00000000;0000000150000;0000000150000;0000000000000;00000000;
20170525;ETH;*;V17 ;0000000000000;0000000000000;00000330;00000000;00000000;00000000;00000000;0000000155000;0000000155000;0000000000000;00000000;
20170525;ETH;*;X17 ;0000000000000;0000000000000;00000102;00000000;00000000;00000000;00000000;0000000163000;0000000163000;0000000000000;00000000;
20170525;ETH;*;Z17 ;0000000000000;0000000000000;00000117;00000000;00000000;00000000;00000000;0000000165000;0000000165000;0000000000000;00000000;
20170525;EUR;*;M17 ;0001679876700;0000511783055;00012354;03686000;03686000;03695700;03688000;0000036907220;0000036664820;0000000121200;00242400;
20170525;EUR;*;N17 ;0001689084375;0000514588221;00003230;03722500;03722500;03722500;03722500;0000037215920;0000036968440;0000000123740;00247480;
20170525;EUR;*;Q17 ;0000000937925;0000000285744;00000572;03751700;03751700;03751700;03751700;0000037495040;0000037247070;0000000123985;00247970;
20170525;EUR;*;U17 ;0000000000000;0000000000000;00000000;00000000;00000000;00000000;00000000;0000037812040;0000037554170;0000000000000;00257870;
20170525;EUR;*;V17 ;0000000000000;0000000000000;00000000;00000000;00000000;00000000;00000000;0000038056820;0000037807230;0000000000000;00249590;
20170525;FRC;*;F18 ;0000000000000;0000000000000;00000000;00000217;00000215;00000221;00000215;0000000000215;0000000000216;0000000000000;00000001;
20170525;FRC;*;F19 ;0000000000000;0000000000000;00000000;00000249;00000249;00000255;00000252;0000000000252;0000000000248;0000000000002;00000004;
20170525;FRC;*;F20 ;0000000000000;0000000000000;00000000;00000288;00000284;00000288;00000287;0000000000287;0000000000281;0000000000003;00000006;
20170525;FRC;*;F21 ;0000000000000;0000000000000;00000000;00000320;00000320;00000325;00000324;0000000000324;0000000000318;0000000000003;00000006;
20170525;FRC;*;F22 ;0000000000000;0000000000000;00000000;00000361;00000360;00000364;00000362;0000000000361;0000000000357;0000000000002;00000004;
20170525;FRC;*;F23 ;0000000000000;0000000000000;00000000;00000401;00000399;00000401;00000399;0000000000399;0000000000394;0000000000002;00000005;
20170525;FRC;*;F24 ;0000000000000;0000000000000;00000000;00000437;00000436;00000437;00000436;0000000000436;0000000000430;0000000000003;00000006;
20170525;FRC;*;F25 ;0000000000000;0000000000000;00000000;00000465;00000465;00000468;00000468;0000000000469;0000000000461;0000000000004;00000008;
20170525;FRC;*;F26 ;0000000000000;0000000000000;00000000;00000000;00000000;00000000;00000000;0000000000509;0000000000501;0000000000000;00000008;
20170525;FRC;*;F27 ;0000000000000;0000000000000;00000000;00000000;00000000;00000000;00000000;0000000000543;0000000000535;0000000000000;00000008;
20170525;FRC;*;F28 ;0000000000000;0000000000000;00000000;00000000;00000000;00000000;00000000;0000000000573;0000000000565;0000000000000;00000008;
20170525;FRC;*;F29 ;0000000000000;0000000000000;00000000;00000000;00000000;00000000;00000000;0000000000604;0000000000596;0000000000000;00000008;
20170525;FRC;*;F30 ;0000000000000;0000000000000;00000000;00000000;00000000;00000000;00000000;0000000000633;0000000000625;0000000000000;00000008;
20170525;FRC;*;G18 ;0000000000000;0000000000000;00000000;00000000;00000000;00000000;00000000;0000000000216;0000000000216;0000000000000;00000000;
20170525;FRC;*;H18 ;0000000000000;0000000000000;00000000;00000221;00000218;00000221;00000218;0000000000218;0000000000218;0000000000000;00000000;
20170525;FRC;*;J18 ;0000000000000;0000000000000;00000000;00000226;00000223;00000226;00000223;0000000000224;0000000000223;0000000000000;00000001;
20170525;FRC;*;J19 ;0000000000000;0000000000000;00000000;00000000;00000000;00000000;00000000;0000000000261;0000000000256;0000000000000;00000005;
20170525;FRC;*;J20 ;0000000000000;0000000000000;00000000;00000296;00000296;00000296;00000296;0000000000296;0000000000290;0000000000003;00000006;
20170525;FRC;*;J21 ;0000000000000;0000000000000;00000000;00000332;00000332;00000332;00000332;0000000000332;0000000000328;0000000000002;00000004;
20170525;FRC;*;J22 ;0000000000000;0000000000000;00000000;00000000;00000000;00000000;00000000;0000000000371;0000000000367;0000000000000;00000004;
20170525;FRC;*;K18 ;0000000000000;0000000000000;00000000;00000228;00000228;00000228;00000228;0000000000228;0000000000227;0000000000000;00000001;
20170525;FRC;*;N17 ;0000000000000;0000000000000;00000000;00000129;00000120;00000137;00000120;0000000000123;0000000000132;0000000000004;00000009;
20170525;FRC;*;N18 ;0000000000000;0000000000000;00000000;00000230;00000230;00000233;00000232;0000000000232;0000000000228;0000000000002;00000004;
20170525;FRC;*;N19 ;0000000000000;0000000000000;00000000;00000266;00000266;00000266;00000266;0000000000266;0000000000260;0000000000003;00000006;
20170525;FRC;*;N20 ;0000000000000;0000000000000;00000000;00000000;00000000;00000000;00000000;0000000000303;0000000000297;0000000000000;00000006;
20170525;FRC;*;N21 ;0000000000000;0000000000000;00000000;00000345;00000345;00000345;00000345;0000000000342;0000000000338;0000000000002;00000004;
20170525;FRC;*;Q17 ;0000000000000;0000000000000;00000000;00000180;00000174;00000186;00000174;0000000000174;0000000000180;0000000000003;00000006;
20170525;FRC;*;U17 ;0000000000000;0000000000000;00000000;00000182;00000172;00000182;00000172;0000000000172;0000000000181;0000000000004;00000009;
20170525;FRC;*;V17 ;0000000000000;0000000000000;00000000;00000199;00000191;00000200;00000191;0000000000191;0000000000194;0000000000001;00000003;
20170525;FRC;*;V18 ;0000000000000;0000000000000;00000000;00000242;00000242;00000242;00000242;0000000000242;0000000000239;0000000000001;00000003;
20170525;FRC;*;V19 ;0000000000000;0000000000000;00000000;00000276;00000276;00000276;00000276;0000000000276;0000000000267;0000000000004;00000009;
20170525;FRC;*;V20 ;0000000000000;0000000000000;00000000;00000311;00000311;00000311;00000311;0000000000315;0000000000309;0000000000003;00000006;
20170525;FRC;*;V21 ;0000000000000;0000000000000;00000000;00000000;00000000;00000000;00000000;0000000000351;0000000000347;0000000000000;00000004;
20170525;FRC;*;X17 ;0000000000000;0000000000000;00000000;00000204;00000194;00000204;00000194;0000000000194;0000000000197;0000000000001;00000003;
20170525;FRC;*;Z17 ;0000000000000;0000000000000;00000000;00000209;00000204;00000209;00000204;0000000000204;0000000000205;0000000000000;00000001;
20170525;FRO;*;F18 ;0000000000000;0000000000000;00000000;00000000;00000000;00000000;00000000;0000000000217;0000000000218;0000000000000;00000001;
20170525;FRO;*;F19 ;0000000000000;0000000000000;00000000;00000000;00000000;00000000;00000000;0000000000254;0000000000250;0000000000000;00000004;
20170525;FRO;*;F20 ;0000000000000;0000000000000;00000000;00000000;00000000;00000000;00000000;0000000000289;0000000000283;0000000000000;00000006;
20170525;FRO;*;F21 ;0000000000000;0000000000000;00000000;00000000;00000000;00000000;00000000;0000000000326;0000000000320;0000000000000;00000006;
20170525;FRO;*;F22 ;0000000000000;0000000000000;00000000;00000000;00000000;00000000;00000000;0000000000363;0000000000359;0000000000000;00000004;
20170525;FRO;*;F23 ;0000000000000;0000000000000;00000000;00000000;00000000;00000000;00000000;0000000000401;0000000000396;0000000000000;00000005;
20170525;FRO;*;F24 ;0000000000000;0000000000000;00000000;00000000;00000000;00000000;00000000;0000000000438;0000000000432;0000000000000;00000006;
20170525;FRO;*;F25 ;0000000000000;0000000000000;00000000;00000000;00000000;00000000;00000000;0000000000471;0000000000463;0000000000000;00000008;
20170525;FRO;*;F26 ;0000000000000;0000000000000;00000000;00000000;00000000;00000000;00000000;0000000000512;0000000000504;0000000000000;00000008;
20170525;FRO;*;F27 ;0000000000000;0000000000000;00000000;00000000;00000000;00000000;00000000;0000000000546;0000000000538;0000000000000;00000008;
20170525;FRO;*;F28 ;0000000000000;0000000000000;00000000;00000000;00000000;00000000;00000000;0000000000576;0000000000568;0000000000000;00000008;
20170525;FRO;*;F29 ;0000000000000;0000000000000;00000000;00000000;00000000;00000000;00000000;0000000000607;0000000000599;0000000000000;00000008;
20170525;FRO;*;F30 ;0000000000000;0000000000000;00000000;00000000;00000000;00000000;00000000;0000000000636;0000000000628;0000000000000;00000008;
20170525;FRO;*;G18 ;0000000000000;0000000000000;00000000;00000000;00000000;00000000;00000000;0000000000218;0000000000218;0000000000000;00000000;
20170525;FRO;*;H18 ;0000000000000;0000000000000;00000000;00000000;00000000;00000000;00000000;0000000000220;0000000000220;0000000000000;00000000;
20170525;FRO;*;J18 ;0000000000000;0000000000000;00000000;00000000;00000000;00000000;00000000;0000000000226;0000000000225;0000000000000;00000001;
20170525;FRO;*;J19 ;0000000000000;0000000000000;00000000;00000000;00000000;00000000;00000000;0000000000263;0000000000258;0000000000000;00000005;
20170525;FRO;*;J20 ;0000000000000;0000000000000;00000000;00000000;00000000;00000000;00000000;0000000000298;0000000000292;0000000000000;00000006;
20170525;FRO;*;J21 ;0000000000000;0000000000000;00000000;00000000;00000000;00000000;00000000;0000000000334;0000000000330;0000000000000;00000004;
20170525;FRO;*;J22 ;0000000000000;0000000000000;00000000;00000000;00000000;00000000;00000000;0000000000373;0000000000369;0000000000000;00000004;
20170525;FRO;*;K18 ;0000000000000;0000000000000;00000000;00000000;00000000;00000000;00000000;0000000000230;0000000000229;0000000000000;00000001;
20170525;FRO;*;N17 ;0000000000000;0000000000000;00000000;00000000;00000000;00000000;00000000;0000000000124;0000000000134;0000000000000;00000010;
20170525;FRO;*;N18 ;0000000000000;0000000000000;00000000;00000000;00000000;00000000;00000000;0000000000234;0000000000230;0000000000000;00000004;
20170525;FRO;*;N19 ;0000000000000;0000000000000;00000000;00000000;00000000;00000000;00000000;0000000000268;0000000000262;0000000000000;00000006;
20170525;FRO;*;N20 ;0000000000000;0000000000000;00000000;00000000;00000000;00000000;00000000;0000000000305;0000000000299;0000000000000;00000006;
20170525;FRO;*;N21 ;0000000000000;0000000000000;00000000;00000000;00000000;00000000;00000000;0000000000344;0000000000340;0000000000000;00000004;
20170525;FRO;*;Q17 ;0000000000000;0000000000000;00000000;00000000;00000000;00000000;00000000;0000000000176;0000000000182;0000000000000;00000006;
20170525;FRO;*;U17 ;0000000000000;0000000000000;00000000;00000000;00000000;00000000;00000000;0000000000174;0000000000183;0000000000000;00000009;
20170525;FRO;*;V17 ;0000000000000;0000000000000;00000000;00000000;00000000;00000000;00000000;0000000000193;0000000000196;0000000000000;00000003;
20170525;FRO;*;V18 ;0000000000000;0000000000000;00000000;00000000;00000000;00000000;00000000;0000000000244;0000000000241;0000000000000;00000003;
20170525;FRO;*;V19 ;0000000000000;0000000000000;00000000;00000000;00000000;00000000;00000000;0000000000278;0000000000269;0000000000000;00000009;
20170525;FRO;*;V20 ;0000000000000;0000000000000;00000000;00000000;00000000;00000000;00000000;0000000000317;0000000000311;0000000000000;00000006;
20170525;FRO;*;V21 ;0000000000000;0000000000000;00000000;00000000;00000000;00000000;00000000;0000000000353;0000000000349;0000000000000;00000004;
20170525;FRO;*;X17 ;0000000000000;0000000000000;00000000;00000000;00000000;00000000;00000000;0000000000196;0000000000199;0000000000000;00000003;
20170525;FRO;*;Z17 ;0000000000000;0000000000000;00000000;00000000;00000000;00000000;00000000;0000000000206;0000000000207;0000000000000;00000001;
20170525;FRP;*;FRP0;0000000000000;0000000000000;00000000;00000350;00000340;00000380;00000380;0000000000000;0000000000000;0000000000000;00000000;
20170525;FRP;*;FRP1;0000000000000;0000000000000;00000000;00000370;00000370;00000370;00000370;0000000000000;0000000000000;0000000000000;00000000;
20170525;GBP;*;M17 ;0000032802000;0000009993298;00000806;04260000;04260000;04260000;04260000;0000042609930;0000042392290;0000000076174;00217640;
20170525;GBP;*;N17 ;0000034863038;0000010621203;00000012;04289400;04289400;04293700;04293700;0000042941100;0000042718230;0000000078004;00222870;
20170525;GBP;*;Q17 ;0000001813969;0000000552635;00000000;04318900;04318900;04319000;04319000;0000043240070;0000043016410;0000000078281;00223660;
20170525;GBP;*;U17 ;0000000000000;0000000000000;00000000;00000000;00000000;00000000;00000000;0000043578310;0000043343490;0000000000000;00234820;
20170525;HSI;*;K17 ;0000000000000;0000000000000;00000000;00000000;00000000;00000000;00000000;0000000025633;0000000025420;0000000000000;00000213;
20170525;HSI;*;M17 ;0000000000000;0000000000000;00000000;00000000;00000000;00000000;00000000;0000000025424;0000000025216;0000000000000;00000208;
20170525;IAP;*;K19 ;0000000000000;0000000000000;00000000;00000000;00000000;00000000;00000000;0000000527249;0000000527915;0000000000000;00000666;
20170525;IAP;*;K21 ;0000000000000;0000000000000;00000000;00000000;00000000;00000000;00000000;0000000584218;0000000583998;0000000000000;00000220;
20170525;IAP;*;M17 ;0000000000000;0000000000000;00000000;00000000;00000000;00000000;00000000;0000000485148;0000000485158;0000000000250;00000010;
20170525;IAP;*;N17 ;0000000000000;0000000000000;00000000;00000000;00000000;00000000;00000000;0000000486226;0000000486263;0000000000000;00000037;
20170525;IAP;*;Q17 ;0000000000000;0000000000000;00000000;00000000;00000000;00000000;00000000;0000000487296;0000000487339;0000000000000;00000043;
20170525;IAP;*;Q18 ;0000000000000;0000000000000;00000000;00000000;00000000;00000000;00000000;0000000508861;0000000509105;0000000000000;00000244;
20170525;IAP;*;Q20 ;0000000000000;0000000000000;00000000;00000000;00000000;00000000;00000000;0000000563578;0000000563132;0000000000000;00000446;
20170525;IAP;*;Q22 ;0000000000000;0000000000000;00000000;00000000;00000000;00000000;00000000;0000000621633;0000000621753;0000000000000;00000120;
20170525;ICF;*;H18 ;0000000000000;0000000000000;00000000;00000000;00000000;00000000;00000000;0000000016545;0000000016460;0000000000000;00000085;
20170525;ICF;*;N17 ;0000000000000;0000000000000;00000077;00000000;00000000;00000000;00000000;0000000015230;0000000015130;0000000032861;00000100;
20170525;ICF;*;U17 ;0000009514114;0000002895260;00005872;00015600;00015445;00015730;00015620;0000000015650;0000000015575;0000000024645;00000075;
20170525;ICF;*;U18 ;0000001818823;0000000553490;00001264;00016680;00016680;00016830;00016790;0000000016785;0000000016725;0000000019716;00000060;
20170525;ICF;*;U19 ;0000000000000;0000000000000;00000377;00000000;00000000;00000000;00000000;0000000017130;0000000017090;0000000013144;00000040;
20170525;ICF;*;Z17 ;0000000000000;0000000000000;00000282;00000000;00000000;00000000;00000000;0000000016095;0000000016005;0000000029574;00000090;
20170525;ICF;*;Z18 ;0000000000000;0000000000000;00000032;00000000;00000000;00000000;00000000;0000000016660;0000000016610;0000000016430;00000050;
20170525;IGM;*;K19 ;0000000000000;0000000000000;00000000;00000000;00000000;00000000;00000000;0000000713126;0000000713131;0000000000000;00000005;
20170525;IGM;*;K21 ;0000000000000;0000000000000;00000000;00000000;00000000;00000000;00000000;0000000790742;0000000790598;0000000000000;00000144;
20170525;IGM;*;Q18 ;0000000000000;0000000000000;00000000;00000000;00000000;00000000;00000000;0000000687881;0000000688104;0000000004460;00000223;
20170525;IGM;*;Q20 ;0000000000000;0000000000000;00000000;00000000;00000000;00000000;00000000;0000000761635;0000000760460;0000000000000;00001175;
20170525;IND;*;G18 ;0000000000000;0000000000000;00000000;00000000;00000000;00000000;00000000;0000000066969;0000000067026;0000000000000;00000057;
20170525;IND;*;G19 ;0000000000000;0000000000000;00000000;00000000;00000000;00000000;00000000;0000000072902;0000000072973;0000000000000;00000071;
20170525;IND;*;J18 ;0000000000000;0000000000000;00000000;00000000;00000000;00000000;00000000;0000000067888;0000000067941;0000000000000;00000053;
20170525;IND;*;M17 ;0005251733225;0001599967470;00264186;00063610;00063005;00064285;00063700;0000000063501;0000000063546;0000000004500;00000045;
20170525;IND;*;M18 ;0000000000000;0000000000000;00001080;00000000;00000000;00000000;00000000;0000000068743;0000000068800;0000000005700;00000057;
20170525;IND;*;Q17 ;0000002247000;0000000684560;00030015;00064200;00064200;00064200;00064200;0000000064467;0000000064513;0000000004600;00000046;
20170525;IND;*;Q18 ;0000000000000;0000000000000;00000000;00000000;00000000;00000000;00000000;0000000069794;0000000069859;0000000000000;00000065;
20170525;IND;*;V17 ;0000000000000;0000000000000;00001880;00000000;00000000;00000000;00000000;0000000065395;0000000065445;0000000005000;00000050;
20170525;IND;*;V18 ;0000000000000;0000000000000;00000000;00000000;00000000;00000000;00000000;0000000070824;0000000070896;0000000000000;00000072;
20170525;IND;*;Z17 ;0000006012000;0000001831587;00016470;00066800;00066800;00066800;00066800;0000000066181;0000000066230;0000000004900;00000049;
20170525;IND;*;Z18 ;0000000000000;0000000000000;00000150;00000000;00000000;00000000;00000000;0000000071770;0000000071839;0000000006900;00000069;
20170525;ISP;*;M17 ;0000168072142;0000051146387;00004031;00240800;00240700;00241725;00241350;0000000241275;0000000240190;0000000178270;00001085;
20170525;ISP;*;M18 ;0000000000000;0000000000000;00000000;00000000;00000000;00000000;00000000;0000000240545;0000000239450;0000000000000;00001095;
20170525;ISP;*;U17 ;0000001582954;0000000481712;00000007;00240800;00240800;00240875;00240875;0000000240995;0000000239900;0000000179913;00001095;
20170525;ISP;*;Z17 ;0000000000000;0000000000000;00000000;00000000;00000000;00000000;00000000;0000000240685;0000000239590;0000000000000;00001095;
20170525;JPY;*;M17 ;0000000000000;0000000000000;00000546;00000000;00000000;00000000;00000000;0000029462000;0000029294400;0000000083800;00167600;
20170525;JPY;*;N17 ;0000000000000;0000000000000;00000230;00000000;00000000;00000000;00000000;0000029698500;0000029526700;0000000085900;00171800;
20170525;JPY;*;Q17 ;0000003741875;0000001139981;00001659;02993500;02993500;02993500;02993500;0000029912600;0000029740400;0000000086100;00172200;
20170525;JPY;*;U17 ;0000000000000;0000000000000;00000000;00000000;00000000;00000000;00000000;0000030157500;0000029978300;0000000000000;00179200;
20170525;JSE;*;M17 ;0000000000000;0000000000000;00000000;00000000;00000000;00000000;00000000;0000000047805;0000000048057;0000000000000;00000252;
20170525;JSE;*;U17 ;0000000000000;0000000000000;00000000;00000000;00000000;00000000;00000000;0000000048237;0000000048485;0000000000000;00000248;
20170525;MIX;*;M17 ;0000000000000;0000000000000;00000000;00000000;00000000;00000000;00000000;0000000001951;0000000001955;0000000000000;00000004;
20170525;MIX;*;U17 ;0000000000000;0000000000000;00000000;00000000;00000000;00000000;00000000;0000000001952;0000000001960;0000000000000;00000008;
20170525;MXN;*;M17 ;0000000000000;0000000000000;00000597;00000000;00000000;00000000;00000000;0000017744290;0000017671840;0000000054337;00072450;
20170525;MXN;*;N17 ;0000002555887;0000000778664;00000103;01793700;01793600;01793700;01793600;0000017773540;0000017699320;0000000055665;00074220;
20170525;MXN;*;Q17 ;0000002560095;0000000779946;00000000;01796500;01796500;01796600;01796600;0000017798120;0000017724980;0000000054855;00073140;
20170525;NZD;*;M17 ;0000000000000;0000000000000;00000000;00000000;00000000;00000000;00000000;0000023123360;0000023006840;0000000000000;00116520;
20170525;NZD;*;N17 ;0000000000000;0000000000000;00000000;00000000;00000000;00000000;00000000;0000023272490;0000023146020;0000000000000;00126470;
20170525;NZD;*;Q17 ;0000000000000;0000000000000;00000000;00000000;00000000;00000000;00000000;0000023403100;0000023276100;0000000000000;00127000;
20170525;OC1;*;F18 ;0000000000000;0000000000000;00000000;00000000;00000000;00000000;00000000;0000009467763;0000009467523;0000000000000;00000240;
20170525;OC1;*;F19 ;0000000000000;0000000000000;00000000;00000000;00000000;00000000;00000000;0000008634324;0000008632272;0000000000000;00002052;
20170525;OC1;*;F20 ;0000000000000;0000000000000;00000000;00000000;00000000;00000000;00000000;0000007757669;0000007765229;0000000000000;00007560;
20170525;OC1;*;F21 ;0000000000000;0000000000000;00000000;00000000;00000000;00000000;00000000;0000006941736;0000006944102;0000000000000;00002366;
20170525;OC1;*;F22 ;0000000000000;0000000000000;00000000;00000000;00000000;00000000;00000000;0000006213904;0000006214210;0000000000000;00000306;
20170525;OC1;*;F23 ;0000000000000;0000000000000;00000000;00000000;00000000;00000000;00000000;0000005564396;0000005567211;0000000000000;00002815;
20170525;OC1;*;F24 ;0000000000000;0000000000000;00000000;00000000;00000000;00000000;00000000;0000004987973;0000004993875;0000000000000;00005902;
20170525;OC1;*;F25 ;0000000000000;0000000000000;00000000;00000000;00000000;00000000;00000000;0000004460373;0000004469490;0000000000000;00009117;
20170525;OC1;*;F26 ;0000000000000;0000000000000;00000000;00000000;00000000;00000000;00000000;0000003991021;0000003997164;0000000000000;00006143;
20170525;OC1;*;F27 ;0000000000000;0000000000000;00000000;00000000;00000000;00000000;00000000;0000003572092;0000003575140;0000000000000;00003048;
20170525;OC1;*;F28 ;0000000000000;0000000000000;00000000;00000000;00000000;00000000;00000000;0000003209354;0000003212381;0000000000000;00003027;
20170525;OC1;*;F29 ;0000000000000;0000000000000;00000000;00000000;00000000;00000000;00000000;0000002882919;0000002885892;0000000000000;00002973;
20170525;OC1;*;F30 ;0000000000000;0000000000000;00000000;00000000;00000000;00000000;00000000;0000002573581;0000002576458;0000000000000;00002877;
20170525;OC1;*;G18 ;0000000000000;0000000000000;00000000;00000000;00000000;00000000;00000000;0000009396447;0000009395230;0000000000000;00001217;
20170525;OC1;*;H18 ;0000000000000;0000000000000;00000000;00000000;00000000;00000000;00000000;0000009333003;0000009332051;0000000000000;00000952;
20170525;OC1;*;J18 ;0000000000000;0000000000000;00000000;00000000;00000000;00000000;00000000;0000009268347;0000009267839;0000000000000;00000508;
20170525;OC1;*;J19 ;0000000000000;0000000000000;00000000;00000000;00000000;00000000;00000000;0000008422463;0000008420048;0000000000000;00002415;
20170525;OC1;*;J20 ;0000000000000;0000000000000;00000000;00000000;00000000;00000000;00000000;0000007553691;0000007562668;0000000000000;00008977;
20170525;OC1;*;J21 ;0000000000000;0000000000000;00000000;00000000;00000000;00000000;00000000;0000006757331;0000006759765;0000000000000;00002434;
20170525;OC1;*;J22 ;0000000000000;0000000000000;00000000;00000000;00000000;00000000;00000000;0000006047058;0000006047888;0000000000000;00000830;
20170525;OC1;*;K18 ;0000000000000;0000000000000;00000000;00000000;00000000;00000000;00000000;0000009200951;0000009200194;0000000000000;00000757;
20170525;OC1;*;M17 ;0000000000000;0000000000000;00000000;00000000;00000000;00000000;00000000;0000009979012;0000009979046;0000000000000;00000034;
20170525;OC1;*;N17 ;0000000000000;0000000000000;00000000;00000000;00000000;00000000;00000000;0000009898272;0000009898320;0000000000000;00000048;
20170525;OC1;*;N18 ;0000000000000;0000000000000;00000000;00000000;00000000;00000000;00000000;0000009058261;0000009056990;0000000000000;00001271;
20170525;OC1;*;N19 ;0000000000000;0000000000000;00000000;00000000;00000000;00000000;00000000;0000008205596;0000008205941;0000000000000;00000345;
20170525;OC1;*;N20 ;0000000000000;0000000000000;00000000;00000000;00000000;00000000;00000000;0000007344264;0000007354693;0000000000000;00010429;
20170525;OC1;*;N21 ;0000000000000;0000000000000;00000000;00000000;00000000;00000000;00000000;0000006568146;0000006570635;0000000000000;00002489;
20170525;OC1;*;N22 ;0000000000000;0000000000000;00000000;00000000;00000000;00000000;00000000;0000005885833;0000005887212;0000000000000;00001379;
20170525;OC1;*;N23 ;0000000000000;0000000000000;00000000;00000000;00000000;00000000;00000000;0000005272104;0000005276440;0000000000000;00004336;
20170525;OC1;*;N24 ;0000000000000;0000000000000;00000000;00000000;00000000;00000000;00000000;0000004725219;0000004732726;0000000000000;00007507;
20170525;OC1;*;Q17 ;0000000000000;0000000000000;00000000;00000000;00000000;00000000;00000000;0000009818771;0000009818475;0000000000000;00000296;
20170525;OC1;*;U17 ;0000000000000;0000000000000;00000000;00000000;00000000;00000000;00000000;0000009737052;0000009737429;0000000000000;00000377;
20170525;OC1;*;V17 ;0000000000000;0000000000000;00000000;00000000;00000000;00000000;00000000;0000009668695;0000009668336;0000000000000;00000359;
20170525;OC1;*;V18 ;0000000000000;0000000000000;00000000;00000000;00000000;00000000;00000000;0000008843441;0000008840677;0000000000000;00002764;
20170525;OC1;*;V19 ;0000000000000;0000000000000;00000000;00000000;00000000;00000000;00000000;0000007973982;0000007982762;0000000000000;00008780;
20170525;OC1;*;V20 ;0000000000000;0000000000000;00000000;00000000;00000000;00000000;00000000;0000007133304;0000007139045;0000000000000;00005741;
20170525;OC1;*;V21 ;0000000000000;0000000000000;00000000;00000000;00000000;00000000;00000000;0000006386622;0000006388181;0000000000000;00001559;
20170525;OC1;*;X17 ;0000000000000;0000000000000;00000000;00000000;00000000;00000000;00000000;0000009598602;0000009598075;0000000000000;00000527;
20170525;OC1;*;Z17 ;0000000000000;0000000000000;00000000;00000000;00000000;00000000;00000000;0000009532572;0000009532130;0000000000000;00000442;
20170525;OZ1;*;0000;0000000098651;0000000030055;00000000;00131000;00131000;00132000;00132000;0000000131667;0000000130711;0000000000000;00000500;
20170525;OZ1;*;M17 ;0000000000000;0000000000000;00000000;00000000;00000000;00000000;00000000;0000000132222;0000000131776;0000000000000;00000446;
20170525;OZ1;*;N17 ;0000000000000;0000000000000;00000000;00000000;00000000;00000000;00000000;0000000133303;0000000132853;0000000000000;00000450;
20170525;OZ2;*;0000;0000000043301;0000000013192;00000000;00130850;00130850;00132000;00131300;0000000131349;0000000130819;0000000000000;00001600;
20170525;OZ3;*;0000;0000000005982;0000000001822;00000000;00130500;00130500;00131000;00131000;0000000130975;0000000131000;0000000000000;00000000;
20170525;SCS;*;F802;0000000000000;0000000000000;00077520;00000000;00000000;00000000;00000000;0000000000000;0000000000000;0000000000000;00000000;
20170525;SCS;*;M701;0000000000000;0000000000000;00088700;00000000;00000000;00000000;00000000;0000000000000;0000000000000;0000000000000;00000000;
20170525;SCS;*;N703;0000000000000;0000000000000;00138770;00000000;00000000;00000000;00000000;0000000000000;0000000000000;0000000000000;00000000;
20170525;SCS;*;Q701;0000000000000;0000000000000;00123620;00000000;00000000;00000000;00000000;0000000000000;0000000000000;0000000000000;00000000;
20170525;SCS;*;V702;0000000000000;0000000000000;00126645;00000000;00000000;00000000;00000000;0000000000000;0000000000000;0000000000000;00000000;
20170525;SFI;*;K18 ;0000000000000;0000000000000;00000000;00000000;00000000;00000000;00000000;0000000002034;0000000002050;0000000000000;00000016;
20170525;SFI;*;N17 ;0000000000000;0000000000000;00000000;00000000;00000000;00000000;00000000;0000000002009;0000000002028;0000000000000;00000019;
20170525;SFI;*;X17 ;0000000000000;0000000000000;00000000;00000000;00000000;00000000;00000000;0000000002001;0000000002020;0000000000000;00000019;
20170525;SJC;*;F18 ;0000000000000;0000000000000;00000000;00000000;00000000;00000000;00000000;0000000208719;0000000210593;0000000000000;00001874;
20170525;SJC;*;H18 ;0000000000000;0000000000000;00000000;00000000;00000000;00000000;00000000;0000000209656;0000000211365;0000000000000;00001709;
20170525;SJC;*;K18 ;0000000000000;0000000000000;00000000;00000000;00000000;00000000;00000000;0000000210758;0000000212412;0000000000000;00001654;
20170525;SJC;*;N17 ;0000001996158;0000000607455;00002127;00002091;00002071;00002091;00002071;0000000207121;0000000209050;0000000028524;00001929;
20170525;SJC;*;N18 ;0000000000000;0000000000000;00000000;00000000;00000000;00000000;00000000;0000000212136;0000000213790;0000000000000;00001654;
20170525;SJC;*;Q17 ;0000000775970;0000000236137;00000124;00002110;00002091;00002110;00002091;0000000207562;0000000209491;0000000028524;00001929;
20170525;SJC;*;U17 ;0000000000000;0000000000000;00000010;00000000;00000000;00000000;00000000;0000000206955;0000000208940;0000000029353;00001985;
20170525;SJC;*;X17 ;0000000677722;0000000206239;00001204;00002084;00002073;00002084;00002073;0000000207066;0000000208995;0000000028524;00001929;
20170525;TRY;*;M17 ;0000000000000;0000000000000;00000066;00000000;00000000;00000000;00000000;0000009199060;0000009163510;0000000026662;00035550;
20170525;TRY;*;N17 ;0000000000000;0000000000000;00000000;00000000;00000000;00000000;00000000;0000009175740;0000009139080;0000000000000;00036660;
20170525;TRY;*;Q17 ;0000000000000;0000000000000;00000000;00000000;00000000;00000000;00000000;0000009156110;0000009124460;0000000000000;00031650;
20170525;T10;*;M17 ;0000273918217;0000083450590;00001305;00126150;00126150;00126250;00126250;0000001261718;0000001260625;0000000035876;00001093;
20170525;T10;*;U17 ;0000280189173;0000085361069;00000117;00125703;00125703;00125969;00125906;0000001258593;0000001257656;0000000030756;00000937;
20170525;WDO;*;F18 ;0000000000000;0000000000000;00000000;00000000;00000000;00000000;00000000;0000034263560;0000034060820;0000000000000;00202740;
20170525;WDO;*;F19 ;0000000000000;0000000000000;00000000;00000000;00000000;00000000;00000000;0000036564300;0000036378580;0000000000000;00185720;
20170525;WDO;*;F20 ;0000000000000;0000000000000;00000000;00000000;00000000;00000000;00000000;0000039376780;0000039159150;0000000000000;00217630;
20170525;WDO;*;F21 ;0000000000000;0000000000000;00000000;00000000;00000000;00000000;00000000;0000042305960;0000042129660;0000000000000;00176300;
20170525;WDO;*;F25 ;0000000000000;0000000000000;00000000;00000000;00000000;00000000;00000000;0000054064220;0000053858920;0000000000000;00205300;
20170525;WDO;*;G18 ;0000000000000;0000000000000;00000000;00000000;00000000;00000000;00000000;0000034460600;0000034261150;0000000000000;00199450;
20170525;WDO;*;H18 ;0000000000000;0000000000000;00000000;00000000;00000000;00000000;00000000;0000034630850;0000034432000;0000000000000;00198850;
20170525;WDO;*;J18 ;0000000000000;0000000000000;00000000;00000000;00000000;00000000;00000000;0000034790110;0000034588240;0000000000000;00201870;
20170525;WDO;*;J19 ;0000000000000;0000000000000;00000000;00000000;00000000;00000000;00000000;0000037199680;0000037024910;0000000000000;00174770;
20170525;WDO;*;J20 ;0000000000000;0000000000000;00000000;00000000;00000000;00000000;00000000;0000040067970;0000039850800;0000000000000;00217170;
20170525;WDO;*;J22 ;0000000000000;0000000000000;00000000;00000000;00000000;00000000;00000000;0000045932800;0000045746770;0000000000000;00186030;
20170525;WDO;*;K18 ;0000000000000;0000000000000;00000000;00000000;00000000;00000000;00000000;0000034965920;0000034767110;0000000000000;00198810;
20170525;WDO;*;M17 ;0016839293710;0005130177221;00034467;03285000;03267000;03302000;03278000;0000032928990;0000032734830;0000000019416;00194160;
20170525;WDO;*;N17 ;0000005495250;0000001674156;00000390;03294000;03294000;03323500;03303500;0000033161010;0000032962750;0000000019826;00198260;
20170525;WDO;*;N18 ;0000000000000;0000000000000;00000000;00000000;00000000;00000000;00000000;0000035365880;0000035178600;0000000000000;00187280;
20170525;WDO;*;N19 ;0000000000000;0000000000000;00000000;00000000;00000000;00000000;00000000;0000037901590;0000037727760;0000000000000;00173830;
20170525;WDO;*;N21 ;0000000000000;0000000000000;00000000;00000000;00000000;00000000;00000000;0000043793360;0000043585080;0000000000000;00208280;
20170525;WDO;*;Q17 ;0000000066470;0000000020250;00000060;03315000;03315000;03332000;03332000;0000033367000;0000033168280;0000000019872;00198720;
20170525;WDO;*;U17 ;0000000000000;0000000000000;00000079;00000000;00000000;00000000;00000000;0000033598240;0000033391220;0000000020702;00207020;
20170525;WDO;*;V17 ;0000000000000;0000000000000;00000000;00000000;00000000;00000000;00000000;0000033763370;0000033562840;0000000000000;00200530;
20170525;WDO;*;V18 ;0000000000000;0000000000000;00000000;00000000;00000000;00000000;00000000;0000035970490;0000035787460;0000000000000;00183030;
20170525;WDO;*;V19 ;0000000000000;0000000000000;00000000;00000000;00000000;00000000;00000000;0000038670680;0000038471640;0000000000000;00199040;
20170525;WDO;*;X17 ;0000000000000;0000000000000;00000024;00000000;00000000;00000000;00000000;0000033951940;0000033749580;0000000020236;00202360;
20170525;WDO;*;Z17 ;0000000000000;0000000000000;00000012;00000000;00000000;00000000;00000000;0000034114570;0000033913890;0000000020068;00200680;
20170525;WD1;*;M7N7;0000000000000;0000000000000;00000000;00022700;00022700;00023000;00023000;0000000000000;0000000000000;0000000000000;00000000;
20170525;WEU;*;M17 ;0000000147240;0000000044857;00000000;03681000;03681000;03681000;03681000;0000036907220;0000036664820;0000000024240;00242400;
20170525;WEU;*;N17 ;0000000000000;0000000000000;00000000;00000000;00000000;00000000;00000000;0000037215920;0000036968440;0000000000000;00247480;
20170525;WEU;*;Q17 ;0000000000000;0000000000000;00000000;00000000;00000000;00000000;00000000;0000037495040;0000037247070;0000000000000;00247970;
20170525;WEU;*;U17 ;0000000000000;0000000000000;00000000;00000000;00000000;00000000;00000000;0000037812040;0000037554170;0000000000000;00257870;
20170525;WEU;*;V17 ;0000000000000;0000000000000;00000000;00000000;00000000;00000000;00000000;0000038056820;0000037807230;0000000000000;00249590;
20170525;WIN;*;G18 ;0000000000000;0000000000000;00000000;00000000;00000000;00000000;00000000;0000000066969;0000000067026;0000000000000;00000057;
20170525;WIN;*;G19 ;0000000000000;0000000000000;00000000;00000000;00000000;00000000;00000000;0000000072902;0000000072973;0000000000000;00000071;
20170525;WIN;*;J18 ;0000000000000;0000000000000;00000000;00000000;00000000;00000000;00000000;0000000067888;0000000067941;0000000000000;00000053;
20170525;WIN;*;M17 ;0015399182194;0004691439859;00100668;00063610;00063000;00064290;00063685;0000000063501;0000000063546;0000000000900;00000045;
20170525;WIN;*;M18 ;0000000000000;0000000000000;00000000;00000000;00000000;00000000;00000000;0000000068743;0000000068800;0000000000000;00000057;
20170525;WIN;*;Q17 ;0000000025967;0000000007911;00000016;00065020;00064815;00065020;00064815;0000000064467;0000000064513;0000000000920;00000046;
20170525;WIN;*;Q18 ;0000000000000;0000000000000;00000000;00000000;00000000;00000000;00000000;0000000069794;0000000069859;0000000000000;00000065;
20170525;WIN;*;V17 ;0000000000000;0000000000000;00000000;00000000;00000000;00000000;00000000;0000000065395;0000000065445;0000000000000;00000050;
20170525;WIN;*;V18 ;0000000000000;0000000000000;00000000;00000000;00000000;00000000;00000000;0000000070824;0000000070896;0000000000000;00000072;
20170525;WIN;*;Z17 ;0000000000000;0000000000000;00000000;00000000;00000000;00000000;00000000;0000000066181;0000000066230;0000000000000;00000049;
20170525;WIN;*;Z18 ;0000000000000;0000000000000;00000000;00000000;00000000;00000000;00000000;0000000071770;0000000071839;0000000000000;00000069;
20170525;WTI;*;N17 ;0000000764511;0000000232650;00000645;00005055;00004885;00005102;00004885;0000000004890;0000000005136;0000000080838;00000246;
20170525;WTI;*;Q17 ;0000000000000;0000000000000;00000000;00000000;00000000;00000000;00000000;0000000004914;0000000005159;0000000000000;00000245;
20170525;ZAR;*;M17 ;0000000000000;0000000000000;00000144;00000000;00000000;00000000;00000000;0000025425200;0000025285070;0000000049045;00140130;
20170525;ZAR;*;N17 ;0000001772540;0000000540013;00000252;02532200;02532200;02532200;02532200;0000025458630;0000025329120;0000000045328;00129510;
20170525;ZAR;*;Q17 ;0000000000000;0000000000000;00000030;00000000;00000000;00000000;00000000;0000025483020;0000025356670;0000000044222;00126350;
