Data;Código do Contrato;Pregão;Vencimento;Volume(R$);Volume(U$);Número de contas em Aberto;Preço de Abertura;Preço Mínimo;Preço Máximo;Último Preço;Preço de Ajuste Atual; Preço de Ajuste Anterior;Valor de Ajuste por Contrato;Variação
20170427;AUD;*;K17 ;0000174908208;0000055066652;00001092;02368300;02368000;02370800;02370800;0000023741090;0000023783870;0000000025668;00042780;
20170427;AUD;*;M17 ;0000185126886;0000058283816;00000616;02384400;02384400;02397100;02397000;0000023919960;0000023964700;0000000026844;00044740;
20170427;AUD;*;N17 ;0000000000000;0000000000000;00000011;00000000;00000000;00000000;00000000;0000024070200;0000024118260;0000000028836;00048060;
20170427;BGI;*;F18 ;0000000000000;0000000000000;00000000;00000000;00000000;00000000;00000000;0000000013965;0000000013940;0000000000000;00000025;
20170427;BGI;*;J17 ;0000001140694;0000000359489;00000328;00013795;00013795;00013830;00013830;0000000013845;0000000013800;0000000014850;00000045;
20170427;BGI;*;K17 ;0000012465126;0000003928375;00004835;00013531;00013515;00013565;00013550;0000000013544;0000000013538;0000000001980;00000006;
20170427;BGI;*;M17 ;0000001352023;0000000426089;00000184;00013599;00013540;00013673;00013673;0000000013673;0000000013620;0000000017490;00000053;
20170427;BGI;*;N17 ;0000000180767;0000000056969;00000011;00013693;00013693;00013695;00013695;0000000013707;0000000013693;0000000004620;00000014;
20170427;BGI;*;Q17 ;0000000726165;0000000228850;00000010;00013800;00013750;00013800;00013750;0000000013725;0000000013770;0000000014850;00000045;
20170427;BGI;*;U17 ;0000000045652;0000000014387;00000000;00013834;00013834;00013834;00013834;0000000013855;0000000013834;0000000006930;00000021;
20170427;BGI;*;V17 ;0000046206118;0000014561822;00002164;00013910;00013860;00013950;00013950;0000000013925;0000000013900;0000000008250;00000025;
20170427;BGI;*;X17 ;0000000000000;0000000000000;00000082;00000000;00000000;00000000;00000000;0000000013995;0000000013970;0000000008250;00000025;
20170427;BGI;*;Z17 ;0000000000000;0000000000000;00000038;00000000;00000000;00000000;00000000;0000000014102;0000000014077;0000000008250;00000025;
20170427;BRI;*;M17 ;0000000545480;0000000171734;00000710;00010917;00010902;00010917;00010902;0000000010902;0000000010936;0000000034000;00000034;
20170427;BRI;*;Q17 ;0000000000000;0000000000000;00000000;00000000;00000000;00000000;00000000;0000000011066;0000000011099;0000000000000;00000033;
20170427;BSE;*;J17 ;0000000000000;0000000000000;00000000;00000000;00000000;00000000;00000000;0000000030029;0000000030140;0000000000000;00000111;
20170427;BSE;*;K17 ;0000000000000;0000000000000;00000000;00000000;00000000;00000000;00000000;0000000030237;0000000030349;0000000000000;00000112;
20170427;BSE;*;M17 ;0000000000000;0000000000000;00000000;00000000;00000000;00000000;00000000;0000000030500;0000000030300;0000000000000;00000200;
20170427;CAD;*;K17 ;0000035093880;0000011048667;00000253;02350000;02332000;02350000;02332000;0000023336090;0000023395330;0000000035544;00059240;
20170427;CAD;*;M17 ;0000035377740;0000011138035;00000663;02369000;02351000;02369000;02351000;0000023535710;0000023594710;0000000035400;00059000;
20170427;CAD;*;N17 ;0000000000000;0000000000000;00000000;00000000;00000000;00000000;00000000;0000023707970;0000023766470;0000000000000;00058500;
20170427;CCM;*;F18 ;0000000146025;0000000046020;00000358;00002950;00002950;00002950;00002950;0000000002952;0000000002946;0000000002700;00000006;
20170427;CCM;*;H18 ;0000000000000;0000000000000;00000243;00000000;00000000;00000000;00000000;0000000003030;0000000003030;0000000000000;00000000;
20170427;CCM;*;K17 ;0000012593223;0000003968744;00006473;00002805;00002796;00002830;00002820;0000000002821;0000000002810;0000000004950;00000011;
20170427;CCM;*;K18 ;0000000000000;0000000000000;00000000;00000000;00000000;00000000;00000000;0000000002690;0000000002684;0000000000000;00000006;
20170427;CCM;*;N17 ;0000000000000;0000000000000;00000000;00000000;00000000;00000000;00000000;0000000002771;0000000002762;0000000000000;00000009;
20170427;CCM;*;N18 ;0000000000000;0000000000000;00000000;00000000;00000000;00000000;00000000;0000000002671;0000000002666;0000000000000;00000005;
20170427;CCM;*;U17 ;0000019195501;0000006049447;00017935;00002700;00002679;00002720;00002719;0000000002718;0000000002712;0000000002700;00000006;
20170427;CCM;*;U18 ;0000000000000;0000000000000;00000000;00000000;00000000;00000000;00000000;0000000002653;0000000002648;0000000000000;00000005;
20170427;CCM;*;X17 ;0000000024921;0000000007854;00000749;00002769;00002769;00002769;00002769;0000000002771;0000000002765;0000000002700;00000006;
20170427;CCM;*;X18 ;0000000000000;0000000000000;00000000;00000000;00000000;00000000;00000000;0000000002724;0000000002719;0000000000000;00000005;
20170427;CHF;*;K17 ;0000013589125;0000004278288;00000086;03204500;03197000;03204500;03197000;0000031992860;0000032047690;0000000027415;00054830;
20170427;CHF;*;M17 ;0000013729250;0000004322403;00000114;03237000;03230000;03237000;03230000;0000032308330;0000032341410;0000000016540;00033080;
20170427;CHF;*;N17 ;0000000000000;0000000000000;00000000;00000000;00000000;00000000;00000000;0000032597940;0000032625730;0000000000000;00027790;
20170427;CLP;*;K17 ;0000043074900;0000013561345;00000360;04786100;04786100;04786100;04786100;0000047866000;0000047882000;0000000004000;00016000;
20170427;CLP;*;M17 ;0000043308900;0000013635016;00000737;04812100;04812100;04812100;04812100;0000048229000;0000048211000;0000000004500;00018000;
20170427;CLP;*;N17 ;0000000000000;0000000000000;00000000;00000000;00000000;00000000;00000000;0000048492000;0000048472000;0000000000000;00020000;
20170427;CNY;*;K17 ;0000000000000;0000000000000;00000000;00000000;00000000;00000000;00000000;0000046062690;0000046189990;0000000000000;00127300;
20170427;CNY;*;M17 ;0000000000000;0000000000000;00000000;00000000;00000000;00000000;00000000;0000046280580;0000046386940;0000000000000;00106360;
20170427;CNY;*;N17 ;0000000000000;0000000000000;00000090;00000000;00000000;00000000;00000000;0000046454510;0000046611350;0000000054894;00156840;
20170427;CR1;*;U7H8;0000000000000;0000000000000;00000000;00000000;00000000;00000000;00000000;0000000000000;0000000000000;0000000000000;00000000;
20170427;CR1;*;U7Z7;0000000000000;0000000000000;00000000;00000000;00000000;00000000;00000000;0000000000000;0000000000000;0000000000000;00000000;
20170427;DAP;*;F18 ;0000000000000;0000000000000;00000300;00000000;00000000;00000000;00000000;0000009627480;0000009628611;0000000001364;00001131;
20170427;DAP;*;K17 ;0000000000000;0000000000000;00041760;00000000;00000000;00000000;00000000;0000009961537;0000009961460;0000000000092;00000077;
20170427;DAP;*;K19 ;0000353394225;0000111259713;00041155;00000485;00000484;00000485;00000484;0000009086064;0000009085593;0000000000568;00000471;
20170427;DAP;*;K21 ;0000002456645;0000000773430;00011786;00000522;00000522;00000522;00000522;0000008143793;0000008151074;0000000008782;00007281;
20170427;DAP;*;K23 ;0000000000000;0000000000000;00012745;00000000;00000000;00000000;00000000;0000007300247;0000007305310;0000000006106;00005063;
20170427;DAP;*;M17 ;0000000000000;0000000000000;00000000;00000000;00000000;00000000;00000000;0000009918538;0000009918255;0000000000000;00000283;
20170427;DAP;*;N17 ;0000000000000;0000000000000;00000000;00000000;00000000;00000000;00000000;0000009860869;0000009860580;0000000000000;00000289;
20170427;DAP;*;Q18 ;0000153891928;0000048450061;00053240;00000506;00000506;00000506;00000506;0000009381397;0000009382651;0000000001512;00001254;
20170427;DAP;*;Q20 ;0000028674864;0000009027757;00003490;00000510;00000510;00000510;00000510;0000008495830;0000008499624;0000000004576;00003794;
20170427;DAP;*;Q22 ;0000009147380;0000002879885;00016023;00000538;00000538;00000538;00000538;0000007591409;0000007599954;0000000010306;00008545;
20170427;DAP;*;Q24 ;0000000000000;0000000000000;00008060;00000000;00000000;00000000;00000000;0000006846214;0000006856517;0000000012427;00010303;
20170427;DAP;*;Q26 ;0000149187979;0000046969108;00001340;00000541;00000541;00000544;00000544;0000006129377;0000006135511;0000000007398;00006134;
20170427;DAP;*;Q30 ;0000000000000;0000000000000;00000235;00000000;00000000;00000000;00000000;0000004970053;0000004976902;0000000008261;00006849;
20170427;DCO;*;F18 ;0000000000000;0000000000000;00000000;00000000;00000000;00000000;00000000;0000009842116;0000009863674;0000000000000;00021558;
20170427;DCO;*;F19 ;0000000000000;0000000000000;00000000;00000000;00000000;00000000;00000000;0000009596699;0000009618201;0000000000000;00021502;
20170427;DCO;*;F20 ;0000000000000;0000000000000;00000000;00000000;00000000;00000000;00000000;0000009296464;0000009317624;0000000000000;00021160;
20170427;DCO;*;F21 ;0000000000000;0000000000000;00000000;00000000;00000000;00000000;00000000;0000008929989;0000008953154;0000000000000;00023165;
20170427;DCO;*;F22 ;0000000000000;0000000000000;00000000;00000000;00000000;00000000;00000000;0000008562589;0000008583766;0000000000000;00021177;
20170427;DCO;*;F23 ;0000000000000;0000000000000;00000000;00000000;00000000;00000000;00000000;0000008167777;0000008193874;0000000000000;00026097;
20170427;DCO;*;F24 ;0000000000000;0000000000000;00000000;00000000;00000000;00000000;00000000;0000007799879;0000007810678;0000000000000;00010799;
20170427;DCO;*;F25 ;0000000000000;0000000000000;00000000;00000000;00000000;00000000;00000000;0000007394074;0000007415027;0000000000000;00020953;
20170427;DCO;*;F26 ;0000000000000;0000000000000;00000000;00000000;00000000;00000000;00000000;0000006984487;0000007000776;0000000000000;00016289;
20170427;DCO;*;F27 ;0000000000000;0000000000000;00000000;00000000;00000000;00000000;00000000;0000006600132;0000006610642;0000000000000;00010510;
20170427;DCO;*;F28 ;0000000000000;0000000000000;00000000;00000000;00000000;00000000;00000000;0000006247547;0000006255915;0000000000000;00008368;
20170427;DCO;*;F29 ;0000000000000;0000000000000;00000000;00000000;00000000;00000000;00000000;0000005904756;0000005910385;0000000000000;00005629;
20170427;DCO;*;F30 ;0000000000000;0000000000000;00000000;00000000;00000000;00000000;00000000;0000005586018;0000005592729;0000000000000;00006711;
20170427;DCO;*;G18 ;0000000000000;0000000000000;00000000;00000000;00000000;00000000;00000000;0000009824255;0000009846365;0000000000000;00022110;
20170427;DCO;*;H18 ;0000000000000;0000000000000;00000000;00000000;00000000;00000000;00000000;0000009807843;0000009829943;0000000000000;00022100;
20170427;DCO;*;J18 ;0000000000000;0000000000000;00000000;00000000;00000000;00000000;00000000;0000009788301;0000009810653;0000000000000;00022352;
20170427;DCO;*;J19 ;0000000000000;0000000000000;00000000;00000000;00000000;00000000;00000000;0000009532121;0000009552714;0000000000000;00020593;
20170427;DCO;*;J20 ;0000000000000;0000000000000;00000000;00000000;00000000;00000000;00000000;0000009216543;0000009237814;0000000000000;00021271;
20170427;DCO;*;J21 ;0000000000000;0000000000000;00000000;00000000;00000000;00000000;00000000;0000008840615;0000008865542;0000000000000;00024927;
20170427;DCO;*;J22 ;0000000000000;0000000000000;00000000;00000000;00000000;00000000;00000000;0000008460237;0000008481043;0000000000000;00020806;
20170427;DCO;*;K17 ;0000000000000;0000000000000;00000000;00000000;00000000;00000000;00000000;0000009970131;0000009992239;0000000000000;00022108;
20170427;DCO;*;K18 ;0000000000000;0000000000000;00000000;00000000;00000000;00000000;00000000;0000009768089;0000009790235;0000000000000;00022146;
20170427;DCO;*;M17 ;0000000000000;0000000000000;00000000;00000000;00000000;00000000;00000000;0000009958947;0000009980058;0000000000000;00021111;
20170427;DCO;*;N17 ;0000000000000;0000000000000;00000000;00000000;00000000;00000000;00000000;0000009946870;0000009968334;0000000000000;00021464;
20170427;DCO;*;N18 ;0000000000000;0000000000000;00000000;00000000;00000000;00000000;00000000;0000009725219;0000009747435;0000000000000;00022216;
20170427;DCO;*;N19 ;0000000000000;0000000000000;00000000;00000000;00000000;00000000;00000000;0000009462939;0000009481230;0000000000000;00018291;
20170427;DCO;*;N20 ;0000000000000;0000000000000;00000000;00000000;00000000;00000000;00000000;0000009123214;0000009143207;0000000000000;00019993;
20170427;DCO;*;N21 ;0000000000000;0000000000000;00000000;00000000;00000000;00000000;00000000;0000008756546;0000008779804;0000000000000;00023258;
20170427;DCO;*;Q17 ;0000000000000;0000000000000;00000000;00000000;00000000;00000000;00000000;0000009928778;0000009951018;0000000000000;00022240;
20170427;DCO;*;U17 ;0000000000000;0000000000000;00000000;00000000;00000000;00000000;00000000;0000009914657;0000009937399;0000000000000;00022742;
20170427;DCO;*;V17 ;0000000000000;0000000000000;00000000;00000000;00000000;00000000;00000000;0000009896194;0000009917627;0000000000000;00021433;
20170427;DCO;*;V18 ;0000000000000;0000000000000;00000000;00000000;00000000;00000000;00000000;0000009670478;0000009692671;0000000000000;00022193;
20170427;DCO;*;V19 ;0000000000000;0000000000000;00000000;00000000;00000000;00000000;00000000;0000009382748;0000009402195;0000000000000;00019447;
20170427;DCO;*;V20 ;0000000000000;0000000000000;00000000;00000000;00000000;00000000;00000000;0000009031783;0000009058008;0000000000000;00026225;
20170427;DCO;*;V21 ;0000000000000;0000000000000;00000000;00000000;00000000;00000000;00000000;0000008667689;0000008688539;0000000000000;00020850;
20170427;DCO;*;X17 ;0000000000000;0000000000000;00000000;00000000;00000000;00000000;00000000;0000009879785;0000009903261;0000000000000;00023476;
20170427;DCO;*;Z17 ;0000000000000;0000000000000;00000000;00000000;00000000;00000000;00000000;0000009862635;0000009885103;0000000000000;00022468;
20170427;DDI;*;F18 ;0000000000000;0000000000000;00321787;00000000;00000000;00000000;00000000;0000009843462;0000009865035;0000000034351;00021573;
20170427;DDI;*;F19 ;0000000000000;0000000000000;00118657;00000000;00000000;00000000;00000000;0000009599846;0000009621387;0000000034300;00021541;
20170427;DDI;*;F20 ;0000000000000;0000000000000;00096834;00000000;00000000;00000000;00000000;0000009301172;0000009322389;0000000033784;00021217;
20170427;DDI;*;F21 ;0000000000000;0000000000000;00091946;00000000;00000000;00000000;00000000;0000008935965;0000008959209;0000000037012;00023244;
20170427;DDI;*;F22 ;0000000000000;0000000000000;00038464;00000000;00000000;00000000;00000000;0000008569568;0000008590835;0000000033864;00021267;
20170427;DDI;*;F23 ;0000000000000;0000000000000;00030776;00000000;00000000;00000000;00000000;0000008175478;0000008201686;0000000041732;00026208;
20170427;DDI;*;F24 ;0000000000000;0000000000000;00035625;00000000;00000000;00000000;00000000;0000007808138;0000007819025;0000000017335;00010887;
20170427;DDI;*;F25 ;0000000000000;0000000000000;00018975;00000000;00000000;00000000;00000000;0000007402609;0000007423680;0000000033552;00021071;
20170427;DDI;*;F26 ;0000000000000;0000000000000;00015430;00000000;00000000;00000000;00000000;0000006997406;0000007013861;0000000026202;00016455;
20170427;DDI;*;F27 ;0000000000000;0000000000000;00010950;00000000;00000000;00000000;00000000;0000006613005;0000006623660;0000000016966;00010655;
20170427;DDI;*;F28 ;0000000000000;0000000000000;00000110;00000000;00000000;00000000;00000000;0000006260267;0000006268773;0000000013544;00008506;
20170427;DDI;*;F29 ;0000000000000;0000000000000;00000000;00000000;00000000;00000000;00000000;0000005917183;0000005922935;0000000000000;00005752;
20170427;DDI;*;F30 ;0000000000000;0000000000000;00000500;00000000;00000000;00000000;00000000;0000005598092;0000005604928;0000000010885;00006836;
20170427;DDI;*;G18 ;0000000000000;0000000000000;00025460;00000000;00000000;00000000;00000000;0000009825006;0000009847884;0000000036429;00022878;
20170427;DDI;*;H18 ;0000000000000;0000000000000;00011960;00000000;00000000;00000000;00000000;0000009809489;0000009831608;0000000035221;00022119;
20170427;DDI;*;J18 ;0000000000000;0000000000000;00085930;00000000;00000000;00000000;00000000;0000009790111;0000009812484;0000000035625;00022373;
20170427;DDI;*;J19 ;0000000000000;0000000000000;00048606;00000000;00000000;00000000;00000000;0000009535676;0000009556312;0000000032859;00020636;
20170427;DDI;*;J20 ;0000000000000;0000000000000;00025945;00000000;00000000;00000000;00000000;0000009221595;0000009242928;0000000033969;00021333;
20170427;DDI;*;J21 ;0000000000000;0000000000000;00005297;00000000;00000000;00000000;00000000;0000008846850;0000008871862;0000000039827;00025012;
20170427;DDI;*;J22 ;0000000000000;0000000000000;00000120;00000000;00000000;00000000;00000000;0000008467401;0000008488299;0000000033276;00020898;
20170427;DDI;*;K17 ;0005547585764;0001746555981;00367525;00004681;00001970;00004681;00001895;0000009970145;0000009992265;0000000035222;00022120;
20170427;DDI;*;K18 ;0000000000000;0000000000000;00006100;00000000;00000000;00000000;00000000;0000009770051;0000009792220;0000000035300;00022169;
20170427;DDI;*;M17 ;0001336108860;0000420649454;00552034;00000198;00000160;00000198;00000160;0000009959043;0000009980251;0000000033770;00021208;
20170427;DDI;*;N17 ;0000000000000;0000000000000;00519119;00000000;00000000;00000000;00000000;0000009947054;0000009968706;0000000034477;00021652;
20170427;DDI;*;N18 ;0000000000000;0000000000000;00056591;00000000;00000000;00000000;00000000;0000009726352;0000009749727;0000000037221;00023375;
20170427;DDI;*;N19 ;0000000000000;0000000000000;00057044;00000000;00000000;00000000;00000000;0000009466895;0000009485233;0000000029200;00018338;
20170427;DDI;*;N20 ;0000000000000;0000000000000;00041285;00000000;00000000;00000000;00000000;0000009128585;0000009148645;0000000031942;00020060;
20170427;DDI;*;N21 ;0000000000000;0000000000000;00004357;00000000;00000000;00000000;00000000;0000008763051;0000008786395;0000000037171;00023344;
20170427;DDI;*;Q17 ;0000158172090;0000049797592;00182034;00000252;00000252;00000252;00000252;0000009929303;0000009951548;0000000035421;00022245;
20170427;DDI;*;U17 ;0000000000000;0000000000000;00076705;00000000;00000000;00000000;00000000;0000009915350;0000009938100;0000000036225;00022750;
20170427;DDI;*;V17 ;0000157664220;0000049637698;00168764;00000227;00000227;00000227;00000227;0000009897054;0000009918496;0000000034143;00021442;
20170427;DDI;*;V18 ;0000000000000;0000000000000;00055128;00000000;00000000;00000000;00000000;0000009673191;0000009695416;0000000035389;00022225;
20170427;DDI;*;V19 ;0000000000000;0000000000000;00031644;00000000;00000000;00000000;00000000;0000009387088;0000009406587;0000000031049;00019499;
20170427;DDI;*;V20 ;0000000000000;0000000000000;00024040;00000000;00000000;00000000;00000000;0000009037465;0000009063768;0000000041883;00026303;
20170427;DDI;*;V21 ;0000000000000;0000000000000;00002042;00000000;00000000;00000000;00000000;0000008674448;0000008695383;0000000033335;00020935;
20170427;DDI;*;X17 ;0000000000000;0000000000000;00062390;00000000;00000000;00000000;00000000;0000009880805;0000009904293;0000000037401;00023488;
20170427;DDI;*;Z17 ;0000000000000;0000000000000;00051700;00000000;00000000;00000000;00000000;0000009863814;0000009886294;0000000035796;00022480;
20170427;DDM;*;K17 ;0000000000000;0000000000000;00000000;00000000;00000000;00000000;00000000;0000009881721;0000010006123;0000000000000;00124402;
20170427;DDM;*;K19 ;0000000000000;0000000000000;00000000;00000000;00000000;00000000;00000000;0000008946063;0000009060157;0000000000000;00114094;
20170427;DDM;*;K21 ;0000000000000;0000000000000;00000000;00000000;00000000;00000000;00000000;0000008040777;0000008146444;0000000000000;00105667;
20170427;DDM;*;K25 ;0000000000000;0000000000000;00000000;00000000;00000000;00000000;00000000;0000006494780;0000006582592;0000000000000;00087812;
20170427;DDM;*;Q18 ;0000000000000;0000000000000;00000000;00000000;00000000;00000000;00000000;0000009286593;0000009401543;0000000000000;00114950;
20170427;DDM;*;Q20 ;0000000000000;0000000000000;00000000;00000000;00000000;00000000;00000000;0000008369342;0000008477829;0000000000000;00108487;
20170427;DI1;*;F18 ;0012501574429;0003935892211;03218363;00009495;00009490;00009520;00009515;0000009405843;0000009405810;0000000000033;00000033;
20170427;DI1;*;F19 ;0017378259605;0005471227405;01535906;00009360;00009350;00009440;00009440;0000008606743;0000008608586;0000000001843;00001843;
20170427;DI1;*;F20 ;0006595188645;0002076374601;01221372;00009720;00009710;00009840;00009820;0000007792407;0000007794680;0000000002273;00002273;
20170427;DI1;*;F21 ;0016317268105;0005137193623;01374988;00010010;00010010;00010140;00010120;0000007029501;0000007034452;0000000004951;00004951;
20170427;DI1;*;F22 ;0000102823981;0000032372251;00080868;00010190;00010190;00010320;00010320;0000006339194;0000006342073;0000000002879;00002879;
20170427;DI1;*;F23 ;0002595707279;0000817210994;00645282;00010320;00010310;00010460;00010430;0000005712808;0000005715888;0000000003080;00003080;
20170427;DI1;*;F24 ;0000138534535;0000043615066;00050620;00010430;00010410;00010530;00010500;0000005154308;0000005162191;0000000007883;00007883;
20170427;DI1;*;F25 ;0001613811586;0000508079081;00548808;00010470;00010460;00010600;00010580;0000004640536;0000004647067;0000000006531;00006531;
20170427;DI1;*;F26 ;0000107942476;0000033983716;00062073;00010500;00010500;00010620;00010590;0000004179614;0000004187886;0000000008272;00008272;
20170427;DI1;*;F27 ;0000718194915;0000226110542;00355941;00010570;00010560;00010690;00010690;0000003765598;0000003772240;0000000006642;00006642;
20170427;DI1;*;F28 ;0000000000000;0000000000000;00000010;00000000;00000000;00000000;00000000;0000003397003;0000003403604;0000000006601;00006601;
20170427;DI1;*;F29 ;0000000000000;0000000000000;00003310;00000000;00000000;00000000;00000000;0000003065048;0000003071548;0000000006500;00006500;
20170427;DI1;*;F30 ;0000000000000;0000000000000;00000270;00000000;00000000;00000000;00000000;0000002764127;0000002770482;0000000006355;00006355;
20170427;DI1;*;G18 ;0000071885660;0000022631886;00018625;00009440;00009440;00009440;00009440;0000009335800;0000009335714;0000000000086;00000086;
20170427;DI1;*;H18 ;0000000000000;0000000000000;00009240;00000000;00000000;00000000;00000000;0000009279373;0000009278959;0000000000414;00000414;
20170427;DI1;*;J18 ;0001597403288;0000502913229;00676066;00009355;00009350;00009380;00009375;0000009212547;0000009212358;0000000000189;00000189;
20170427;DI1;*;J19 ;0002058654427;0000648129719;00428559;00009480;00009480;00009540;00009540;0000008406548;0000008409972;0000000003424;00003424;
20170427;DI1;*;J20 ;0000000379658;0000000119528;00074038;00009900;00009900;00009900;00009900;0000007595190;0000007597548;0000000002358;00002358;
20170427;DI1;*;J21 ;0000000000000;0000000000000;00029745;00000000;00000000;00000000;00000000;0000006853208;0000006859538;0000000006330;00006330;
20170427;DI1;*;J22 ;0000000000000;0000000000000;00000690;00000000;00000000;00000000;00000000;0000006179182;0000006182118;0000000002936;00002936;
20170427;DI1;*;K17 ;0000598498720;0000188426383;00546417;00011125;00011125;00011126;00011125;0000009991629;0000009991633;0000000000004;00000004;
20170427;DI1;*;K18 ;0000000000000;0000000000000;00006205;00000000;00000000;00000000;00000000;0000009146620;0000009145533;0000000001087;00001087;
20170427;DI1;*;M17 ;0001926538484;0000606535429;00322613;00011130;00011130;00011132;00011132;0000009899981;0000009899953;0000000000028;00000028;
20170427;DI1;*;N17 ;0022981110203;0007235182509;03154451;00010635;00010635;00010648;00010648;0000009821032;0000009821073;0000000000041;00000041;
20170427;DI1;*;N18 ;0003419248583;0001076487921;00753464;00009280;00009280;00009350;00009340;0000009011645;0000009013194;0000000001549;00001549;
20170427;DI1;*;N19 ;0000961754493;0000302790824;00414022;00009570;00009550;00009640;00009640;0000008204403;0000008208080;0000000003677;00003677;
20170427;DI1;*;N20 ;0003951539121;0001244069868;01166322;00009910;00009910;00010030;00010000;0000007406719;0000007411289;0000000004570;00004570;
20170427;DI1;*;N21 ;0000003343170;0000001052536;00060079;00010130;00010130;00010240;00010240;0000006679524;0000006686052;0000000006528;00006528;
20170427;DI1;*;N22 ;0000000000000;0000000000000;00004195;00000000;00000000;00000000;00000000;0000006021735;0000006024722;0000000002987;00002987;
20170427;DI1;*;N23 ;0000000000000;0000000000000;00003120;00000000;00000000;00000000;00000000;0000005428023;0000005433302;0000000005279;00005279;
20170427;DI1;*;N24 ;0000000000000;0000000000000;00001880;00000000;00000000;00000000;00000000;0000004897072;0000004904465;0000000007393;00007393;
20170427;DI1;*;Q17 ;0000614318732;0000193407025;00140278;00010440;00010430;00010440;00010430;0000009743507;0000009743469;0000000000038;00000038;
20170427;DI1;*;U17 ;0000048808037;0000015366318;00091765;00010130;00010130;00010130;00010130;0000009664958;0000009664991;0000000000033;00000033;
20170427;DI1;*;V17 ;0005954688018;0001874724685;01155169;00009870;00009870;00009915;00009910;0000009599715;0000009599565;0000000000150;00000150;
20170427;DI1;*;V18 ;0000899438281;0000283171703;00601111;00009320;00009320;00009370;00009370;0000008807500;0000008808064;0000000000564;00000564;
20170427;DI1;*;V19 ;0000134693192;0000042405690;00057593;00009650;00009650;00009730;00009730;0000007993525;0000007993932;0000000000407;00000407;
20170427;DI1;*;V20 ;0000002160814;0000000680293;00046453;00010080;00010080;00010080;00010080;0000007209426;0000007213068;0000000003642;00003642;
20170427;DI1;*;V21 ;0000000000000;0000000000000;00012027;00000000;00000000;00000000;00000000;0000006507747;0000006507957;0000000000210;00000210;
20170427;DI1;*;X17 ;0000029073484;0000009153255;00081550;00009730;00009730;00009730;00009730;0000009532065;0000009531865;0000000000200;00000200;
20170427;DI1;*;Z17 ;0000000473474;0000000149065;00066785;00009590;00009590;00009590;00009590;0000009468621;0000009468466;0000000000155;00000155;
20170427;DOL;*;F18 ;0000000000000;0000000000000;00007825;00000000;00000000;00000000;00000000;0000033328720;0000033401880;0000000036580;00073160;
20170427;DOL;*;F19 ;0000000000000;0000000000000;00000000;00000000;00000000;00000000;00000000;0000035521720;0000035593800;0000000000000;00072080;
20170427;DOL;*;F20 ;0000000000000;0000000000000;00000000;00000000;00000000;00000000;00000000;0000038013210;0000038088820;0000000000000;00075610;
20170427;DOL;*;F21 ;0000000000000;0000000000000;00003100;00000000;00000000;00000000;00000000;0000040484200;0000040560930;0000000038365;00076730;
20170427;DOL;*;F25 ;0000000000000;0000000000000;00000000;00000000;00000000;00000000;00000000;0000050802510;0000050875510;0000000000000;00073000;
20170427;DOL;*;G18 ;0000000000000;0000000000000;00000000;00000000;00000000;00000000;00000000;0000033515820;0000033594170;0000000000000;00078350;
20170427;DOL;*;H18 ;0000000000000;0000000000000;00000000;00000000;00000000;00000000;00000000;0000033666370;0000033743790;0000000000000;00077420;
20170427;DOL;*;J18 ;0000000000000;0000000000000;00000000;00000000;00000000;00000000;00000000;0000033843590;0000033921630;0000000000000;00078040;
20170427;DOL;*;J19 ;0000000000000;0000000000000;00000050;00000000;00000000;00000000;00000000;0000036124540;0000036187980;0000000031720;00063440;
20170427;DOL;*;J20 ;0000000000000;0000000000000;00000000;00000000;00000000;00000000;00000000;0000038666590;0000038744020;0000000000000;00077430;
20170427;DOL;*;J22 ;0000000000000;0000000000000;00000000;00000000;00000000;00000000;00000000;0000043640290;0000043727230;0000000000000;00086940;
20170427;DOL;*;K17 ;0050358996000;0015854609451;00514838;03160000;03157000;03190000;03183500;0000031778510;0000031849000;0000000035245;00070490;
20170427;DOL;*;K18 ;0000000000000;0000000000000;00000000;00000000;00000000;00000000;00000000;0000034017680;0000034098920;0000000000000;00081240;
20170427;DOL;*;M17 ;0003520705000;0001108429619;00192437;03187500;03184000;03215000;03211000;0000032037140;0000032105310;0000000034085;00068170;
20170427;DOL;*;N17 ;0000128231750;0000040371423;00039955;03219000;03219000;03226000;03226000;0000032255660;0000032325730;0000000035035;00070070;
20170427;DOL;*;N18 ;0000005149500;0000001621226;00000650;03433000;03433000;03433000;03433000;0000034372760;0000034449450;0000000038345;00076690;
20170427;DOL;*;N19 ;0000000000000;0000000000000;00000400;00000000;00000000;00000000;00000000;0000036747610;0000036802300;0000000027345;00054690;
20170427;DOL;*;N21 ;0000000000000;0000000000000;00000000;00000000;00000000;00000000;00000000;0000041780960;0000041851360;0000000000000;00070400;
20170427;DOL;*;Q17 ;0000025150750;0000007918254;00004895;03245000;03245000;03246000;03246000;0000032454280;0000032527120;0000000036420;00072840;
20170427;DOL;*;U17 ;0000042495625;0000013378971;00000855;03269000;03268000;03270500;03268000;0000032672070;0000032746920;0000000037425;00074850;
20170427;DOL;*;V17 ;0000000000000;0000000000000;00003905;00000000;00000000;00000000;00000000;0000032833420;0000032905070;0000000035825;00071650;
20170427;DOL;*;V18 ;0000005237125;0000001648813;00000005;03491000;03491000;03491500;03491500;0000034977250;0000035055370;0000000039060;00078120;
20170427;DOL;*;V19 ;0000000000000;0000000000000;00000000;00000000;00000000;00000000;00000000;0000037399100;0000037474870;0000000000000;00075770;
20170427;DOL;*;X17 ;0000000000000;0000000000000;00000095;00000000;00000000;00000000;00000000;0000033012150;0000033091320;0000000039585;00079170;
20170427;DOL;*;Z17 ;0000000000000;0000000000000;00000005;00000000;00000000;00000000;00000000;0000033176200;0000033252360;0000000038080;00076160;
20170427;DR1;*;K7M7;0000000000000;0000000000000;00000000;00025400;00025150;00026000;00025850;0000000000000;0000000000000;0000000000000;00000000;
20170427;ETH;*;F18 ;0000000000000;0000000000000;00000000;00000000;00000000;00000000;00000000;0000000168700;0000000168700;0000000000000;00000000;
20170427;ETH;*;J17 ;0000000000000;0000000000000;00000067;00000000;00000000;00000000;00000000;0000000151500;0000000151500;0000000000000;00000000;
20170427;ETH;*;K17 ;0000001102500;0000000347452;00000197;00147000;00147000;00147000;00147000;0000000150000;0000000150000;0000000000000;00000000;
20170427;ETH;*;M17 ;0000004372500;0000001377990;00000235;00147000;00145000;00147000;00145000;0000000150000;0000000150000;0000000000000;00000000;
20170427;ETH;*;N17 ;0000000000000;0000000000000;00000190;00000000;00000000;00000000;00000000;0000000153500;0000000153500;0000000000000;00000000;
20170427;ETH;*;Q17 ;0000000000000;0000000000000;00000185;00000000;00000000;00000000;00000000;0000000155000;0000000155000;0000000000000;00000000;
20170427;ETH;*;U17 ;0000000000000;0000000000000;00000000;00000000;00000000;00000000;00000000;0000000163000;0000000163000;0000000000000;00000000;
20170427;ETH;*;V17 ;0000000000000;0000000000000;00000000;00000000;00000000;00000000;00000000;0000000163000;0000000163000;0000000000000;00000000;
20170427;ETH;*;X17 ;0000000000000;0000000000000;00000000;00000000;00000000;00000000;00000000;0000000163000;0000000163000;0000000000000;00000000;
20170427;ETH;*;Z17 ;0000000000000;0000000000000;00000000;00000000;00000000;00000000;00000000;0000000165000;0000000165000;0000000000000;00000000;
20170427;EUR;*;K17 ;0000207162525;0000065221335;00001871;03440000;03440000;03470000;03456000;0000034588050;0000034717070;0000000064510;00129020;
20170427;EUR;*;M17 ;0000367014675;0000115547862;00011484;03475000;03475000;03498000;03498000;0000034910110;0000035037430;0000000063660;00127320;
20170427;EUR;*;N17 ;0000000882650;0000000277886;00003235;03530600;03530600;03530600;03530600;0000035195590;0000035325160;0000000064785;00129570;
20170427;EUR;*;Q17 ;0000007083400;0000002230079;00000005;03541700;03541700;03541700;03541700;0000035463630;0000035596770;0000000066570;00133140;
20170427;EUR;*;V17 ;0000000000000;0000000000000;00000000;00000000;00000000;00000000;00000000;0000035992970;0000036124780;0000000000000;00131810;
20170427;FRC;*;F18 ;0000000000000;0000000000000;00000000;00000196;00000196;00000197;00000197;0000000000197;0000000000190;0000000000003;00000007;
20170427;FRC;*;F19 ;0000000000000;0000000000000;00000000;00000231;00000231;00000232;00000232;0000000000232;0000000000227;0000000000002;00000005;
20170427;FRC;*;F20 ;0000000000000;0000000000000;00000000;00000268;00000268;00000269;00000269;0000000000269;0000000000265;0000000000002;00000004;
20170427;FRC;*;F21 ;0000000000000;0000000000000;00000000;00000312;00000312;00000314;00000314;0000000000314;0000000000309;0000000000002;00000005;
20170427;FRC;*;F22 ;0000000000000;0000000000000;00000000;00000344;00000344;00000348;00000348;0000000000348;0000000000344;0000000000002;00000004;
20170427;FRC;*;F23 ;0000000000000;0000000000000;00000000;00000383;00000383;00000385;00000385;0000000000385;0000000000380;0000000000002;00000005;
20170427;FRC;*;F24 ;0000000000000;0000000000000;00000000;00000412;00000412;00000412;00000412;0000000000412;0000000000411;0000000000000;00000001;
20170427;FRC;*;F25 ;0000000000000;0000000000000;00000000;00000448;00000448;00000448;00000448;0000000000448;0000000000445;0000000000001;00000003;
20170427;FRC;*;F26 ;0000000000000;0000000000000;00000000;00000486;00000486;00000486;00000486;0000000000486;0000000000483;0000000000001;00000003;
20170427;FRC;*;F27 ;0000000000000;0000000000000;00000000;00000520;00000520;00000520;00000520;0000000000520;0000000000518;0000000000001;00000002;
20170427;FRC;*;F28 ;0000000000000;0000000000000;00000000;00000000;00000000;00000000;00000000;0000000000550;0000000000549;0000000000000;00000001;
20170427;FRC;*;F29 ;0000000000000;0000000000000;00000000;00000000;00000000;00000000;00000000;0000000000581;0000000000580;0000000000000;00000001;
20170427;FRC;*;F30 ;0000000000000;0000000000000;00000000;00000000;00000000;00000000;00000000;0000000000610;0000000000609;0000000000000;00000001;
20170427;FRC;*;G18 ;0000000000000;0000000000000;00000000;00000000;00000000;00000000;00000000;0000000000200;0000000000192;0000000000000;00000008;
20170427;FRC;*;H18 ;0000000000000;0000000000000;00000000;00000201;00000201;00000201;00000201;0000000000201;0000000000194;0000000000003;00000007;
20170427;FRC;*;J18 ;0000000000000;0000000000000;00000000;00000203;00000203;00000204;00000204;0000000000204;0000000000197;0000000000003;00000007;
20170427;FRC;*;J19 ;0000000000000;0000000000000;00000000;00000000;00000000;00000000;00000000;0000000000239;0000000000235;0000000000000;00000004;
20170427;FRC;*;J20 ;0000000000000;0000000000000;00000000;00000277;00000277;00000277;00000277;0000000000278;0000000000274;0000000000002;00000004;
20170427;FRC;*;J21 ;0000000000000;0000000000000;00000000;00000000;00000000;00000000;00000000;0000000000323;0000000000318;0000000000000;00000005;
20170427;FRC;*;J22 ;0000000000000;0000000000000;00000000;00000000;00000000;00000000;00000000;0000000000359;0000000000355;0000000000000;00000004;
20170427;FRC;*;K18 ;0000000000000;0000000000000;00000000;00000000;00000000;00000000;00000000;0000000000208;0000000000201;0000000000000;00000007;
20170427;FRC;*;N17 ;0000000000000;0000000000000;00000000;00000136;00000132;00000136;00000135;0000000000135;0000000000137;0000000000001;00000002;
20170427;FRC;*;N18 ;0000000000000;0000000000000;00000000;00000000;00000000;00000000;00000000;0000000000217;0000000000210;0000000000000;00000007;
20170427;FRC;*;N19 ;0000000000000;0000000000000;00000000;00000248;00000246;00000248;00000246;0000000000246;0000000000244;0000000000001;00000002;
20170427;FRC;*;N20 ;0000000000000;0000000000000;00000000;00000000;00000000;00000000;00000000;0000000000291;0000000000287;0000000000000;00000004;
20170427;FRC;*;N21 ;0000000000000;0000000000000;00000000;00000330;00000330;00000330;00000330;0000000000330;0000000000325;0000000000002;00000005;
20170427;FRC;*;Q17 ;0000000000000;0000000000000;00000000;00000174;00000174;00000177;00000177;0000000000177;0000000000162;0000000000007;00000015;
20170427;FRC;*;U17 ;0000000000000;0000000000000;00000000;00000167;00000165;00000173;00000173;0000000000173;0000000000161;0000000000006;00000012;
20170427;FRC;*;V17 ;0000000000000;0000000000000;00000000;00000182;00000181;00000183;00000183;0000000000183;0000000000175;0000000000004;00000008;
20170427;FRC;*;V18 ;0000000000000;0000000000000;00000000;00000000;00000000;00000000;00000000;0000000000218;0000000000213;0000000000000;00000005;
20170427;FRC;*;V19 ;0000000000000;0000000000000;00000000;00000000;00000000;00000000;00000000;0000000000257;0000000000254;0000000000000;00000003;
20170427;FRC;*;V20 ;0000000000000;0000000000000;00000000;00000000;00000000;00000000;00000000;0000000000301;0000000000296;0000000000000;00000005;
20170427;FRC;*;V21 ;0000000000000;0000000000000;00000000;00000000;00000000;00000000;00000000;0000000000337;0000000000333;0000000000000;00000004;
20170427;FRC;*;X17 ;0000000000000;0000000000000;00000000;00000186;00000186;00000186;00000186;0000000000186;0000000000175;0000000000005;00000011;
20170427;FRC;*;Z17 ;0000000000000;0000000000000;00000000;00000000;00000000;00000000;00000000;0000000000190;0000000000181;0000000000000;00000009;
20170427;FRO;*;F18 ;0000000000000;0000000000000;00000000;00000000;00000000;00000000;00000000;0000000000199;0000000000192;0000000000000;00000007;
20170427;FRO;*;F19 ;0000000000000;0000000000000;00000000;00000000;00000000;00000000;00000000;0000000000234;0000000000229;0000000000000;00000005;
20170427;FRO;*;F20 ;0000000000000;0000000000000;00000000;00000000;00000000;00000000;00000000;0000000000271;0000000000267;0000000000000;00000004;
20170427;FRO;*;F21 ;0000000000000;0000000000000;00000000;00000000;00000000;00000000;00000000;0000000000316;0000000000311;0000000000000;00000005;
20170427;FRO;*;F22 ;0000000000000;0000000000000;00000000;00000000;00000000;00000000;00000000;0000000000350;0000000000346;0000000000000;00000004;
20170427;FRO;*;F23 ;0000000000000;0000000000000;00000000;00000000;00000000;00000000;00000000;0000000000387;0000000000382;0000000000000;00000005;
20170427;FRO;*;F24 ;0000000000000;0000000000000;00000000;00000000;00000000;00000000;00000000;0000000000414;0000000000413;0000000000000;00000001;
20170427;FRO;*;F25 ;0000000000000;0000000000000;00000000;00000000;00000000;00000000;00000000;0000000000450;0000000000447;0000000000000;00000003;
20170427;FRO;*;F26 ;0000000000000;0000000000000;00000000;00000000;00000000;00000000;00000000;0000000000489;0000000000486;0000000000000;00000003;
20170427;FRO;*;F27 ;0000000000000;0000000000000;00000000;00000000;00000000;00000000;00000000;0000000000523;0000000000521;0000000000000;00000002;
20170427;FRO;*;F28 ;0000000000000;0000000000000;00000000;00000000;00000000;00000000;00000000;0000000000553;0000000000552;0000000000000;00000001;
20170427;FRO;*;F29 ;0000000000000;0000000000000;00000000;00000000;00000000;00000000;00000000;0000000000584;0000000000583;0000000000000;00000001;
20170427;FRO;*;F30 ;0000000000000;0000000000000;00000000;00000000;00000000;00000000;00000000;0000000000613;0000000000612;0000000000000;00000001;
20170427;FRO;*;G18 ;0000000000000;0000000000000;00000000;00000000;00000000;00000000;00000000;0000000000202;0000000000194;0000000000000;00000008;
20170427;FRO;*;H18 ;0000000000000;0000000000000;00000000;00000000;00000000;00000000;00000000;0000000000203;0000000000196;0000000000000;00000007;
20170427;FRO;*;J18 ;0000000000000;0000000000000;00000000;00000000;00000000;00000000;00000000;0000000000206;0000000000199;0000000000000;00000007;
20170427;FRO;*;J19 ;0000000000000;0000000000000;00000000;00000000;00000000;00000000;00000000;0000000000241;0000000000237;0000000000000;00000004;
20170427;FRO;*;J20 ;0000000000000;0000000000000;00000000;00000000;00000000;00000000;00000000;0000000000280;0000000000276;0000000000000;00000004;
20170427;FRO;*;J21 ;0000000000000;0000000000000;00000000;00000000;00000000;00000000;00000000;0000000000325;0000000000320;0000000000000;00000005;
20170427;FRO;*;J22 ;0000000000000;0000000000000;00000000;00000000;00000000;00000000;00000000;0000000000361;0000000000357;0000000000000;00000004;
20170427;FRO;*;K18 ;0000000000000;0000000000000;00000000;00000000;00000000;00000000;00000000;0000000000210;0000000000203;0000000000000;00000007;
20170427;FRO;*;N17 ;0000000000000;0000000000000;00000000;00000000;00000000;00000000;00000000;0000000000137;0000000000139;0000000000000;00000002;
20170427;FRO;*;N18 ;0000000000000;0000000000000;00000000;00000000;00000000;00000000;00000000;0000000000219;0000000000212;0000000000000;00000007;
20170427;FRO;*;N19 ;0000000000000;0000000000000;00000000;00000000;00000000;00000000;00000000;0000000000248;0000000000246;0000000000000;00000002;
20170427;FRO;*;N20 ;0000000000000;0000000000000;00000000;00000000;00000000;00000000;00000000;0000000000293;0000000000289;0000000000000;00000004;
20170427;FRO;*;N21 ;0000000000000;0000000000000;00000000;00000000;00000000;00000000;00000000;0000000000332;0000000000327;0000000000000;00000005;
20170427;FRO;*;Q17 ;0000000000000;0000000000000;00000000;00000000;00000000;00000000;00000000;0000000000179;0000000000164;0000000000000;00000015;
20170427;FRO;*;U17 ;0000000000000;0000000000000;00000000;00000000;00000000;00000000;00000000;0000000000175;0000000000163;0000000000000;00000012;
20170427;FRO;*;V17 ;0000000000000;0000000000000;00000000;00000000;00000000;00000000;00000000;0000000000185;0000000000177;0000000000000;00000008;
20170427;FRO;*;V18 ;0000000000000;0000000000000;00000000;00000000;00000000;00000000;00000000;0000000000220;0000000000215;0000000000000;00000005;
20170427;FRO;*;V19 ;0000000000000;0000000000000;00000000;00000000;00000000;00000000;00000000;0000000000259;0000000000256;0000000000000;00000003;
20170427;FRO;*;V20 ;0000000000000;0000000000000;00000000;00000000;00000000;00000000;00000000;0000000000303;0000000000298;0000000000000;00000005;
20170427;FRO;*;V21 ;0000000000000;0000000000000;00000000;00000000;00000000;00000000;00000000;0000000000339;0000000000335;0000000000000;00000004;
20170427;FRO;*;X17 ;0000000000000;0000000000000;00000000;00000000;00000000;00000000;00000000;0000000000188;0000000000177;0000000000000;00000011;
20170427;FRO;*;Z17 ;0000000000000;0000000000000;00000000;00000000;00000000;00000000;00000000;0000000000192;0000000000183;0000000000000;00000009;
20170427;FRP;*;FRP0;0000000000000;0000000000000;00000000;00002650;00002600;00002670;00002670;0000000000000;0000000000000;0000000000000;00000000;
20170427;FRP;*;FRP1;0000000000000;0000000000000;00000000;00002600;00002600;00002600;00002600;0000000000000;0000000000000;0000000000000;00000000;
20170427;GBP;*;K17 ;0000040404882;0000012720739;00000311;04090200;04086000;04095000;04095000;0000041020730;0000040908700;0000000039210;00112030;
20170427;GBP;*;M17 ;0000058460125;0000018405102;00000802;04128500;04122700;04145600;04145600;0000041379840;0000041263400;0000000040754;00116440;
20170427;GBP;*;N17 ;0000000000000;0000000000000;00000012;00000000;00000000;00000000;00000000;0000041692900;0000041576990;0000000040568;00115910;
20170427;HSI;*;J17 ;0000000000000;0000000000000;00000000;00000000;00000000;00000000;00000000;0000000024613;0000000024571;0000000000000;00000042;
20170427;HSI;*;K17 ;0000000000000;0000000000000;00000000;00000000;00000000;00000000;00000000;0000000024556;0000000024470;0000000000000;00000086;
20170427;HSI;*;M17 ;0000000000000;0000000000000;00000000;00000000;00000000;00000000;00000000;0000000024351;0000000025000;0000000000000;00000649;
20170427;IAP;*;K17 ;0000000000000;0000000000000;00000000;00000000;00000000;00000000;00000000;0000000482867;0000000482870;0000000000075;00000003;
20170427;IAP;*;K19 ;0000000000000;0000000000000;00000000;00000000;00000000;00000000;00000000;0000000528561;0000000528105;0000000000000;00000456;
20170427;IAP;*;K21 ;0000000000000;0000000000000;00000000;00000000;00000000;00000000;00000000;0000000580049;0000000580017;0000000000000;00000032;
20170427;IAP;*;M17 ;0000000000000;0000000000000;00000000;00000000;00000000;00000000;00000000;0000000485232;0000000485218;0000000000000;00000014;
20170427;IAP;*;N17 ;0000000000000;0000000000000;00000000;00000000;00000000;00000000;00000000;0000000486278;0000000486263;0000000000000;00000015;
20170427;IAP;*;Q18 ;0000000000000;0000000000000;00000000;00000000;00000000;00000000;00000000;0000000508867;0000000508749;0000000000000;00000118;
20170427;IAP;*;Q20 ;0000000000000;0000000000000;00000000;00000000;00000000;00000000;00000000;0000000562103;0000000562047;0000000000000;00000056;
20170427;IAP;*;Q22 ;0000000000000;0000000000000;00000000;00000000;00000000;00000000;00000000;0000000615803;0000000616184;0000000000000;00000381;
20170427;ICF;*;H18 ;0000000000000;0000000000000;00000000;00000000;00000000;00000000;00000000;0000000016585;0000000016745;0000000000000;00000160;
20170427;ICF;*;K17 ;0000004886574;0000001540000;00000102;00015400;00015400;00015400;00015400;0000000015015;0000000015155;0000000044423;00000140;
20170427;ICF;*;N17 ;0000000000000;0000000000000;00000177;00000000;00000000;00000000;00000000;0000000015255;0000000015415;0000000050769;00000160;
20170427;ICF;*;U17 ;0000013956722;0000004398450;00005137;00015760;00015650;00015945;00015740;0000000015735;0000000015785;0000000015865;00000050;
20170427;ICF;*;U18 ;0000016732930;0000005273370;00000586;00016890;00016750;00016890;00016850;0000000016505;0000000016650;0000000046009;00000145;
20170427;ICF;*;U19 ;0000000000000;0000000000000;00000334;00000000;00000000;00000000;00000000;0000000017220;0000000017360;0000000044423;00000140;
20170427;ICF;*;Z17 ;0000001700575;0000000535935;00000252;00016270;00016225;00016325;00016280;0000000016130;0000000016295;0000000052356;00000165;
20170427;ICF;*;Z18 ;0000000000000;0000000000000;00000029;00000000;00000000;00000000;00000000;0000000016690;0000000016855;0000000052356;00000165;
20170427;IGM;*;K17 ;0000000000000;0000000000000;00000000;00000000;00000000;00000000;00000000;0000000652422;0000000660636;0000000164280;00008214;
20170427;IGM;*;K19 ;0000000000000;0000000000000;00000000;00000000;00000000;00000000;00000000;0000000707832;0000000716558;0000000000000;00008726;
20170427;IGM;*;K21 ;0000000000000;0000000000000;00000000;00000000;00000000;00000000;00000000;0000000780434;0000000789947;0000000000000;00009513;
20170427;IGM;*;Q18 ;0000000000000;0000000000000;00000000;00000000;00000000;00000000;00000000;0000000685183;0000000693572;0000000000000;00008389;
20170427;IGM;*;Q20 ;0000000000000;0000000000000;00000000;00000000;00000000;00000000;00000000;0000000752576;0000000761894;0000000000000;00009318;
20170427;IND;*;G18 ;0000000000000;0000000000000;00000000;00000000;00000000;00000000;00000000;0000000068863;0000000069184;0000000000000;00000321;
20170427;IND;*;G19 ;0000000000000;0000000000000;00000000;00000000;00000000;00000000;00000000;0000000074703;0000000075026;0000000000000;00000323;
20170427;IND;*;J18 ;0000000000000;0000000000000;00000000;00000000;00000000;00000000;00000000;0000000069794;0000000070123;0000000000000;00000329;
20170427;IND;*;M17 ;0003950768950;0001243827394;00260843;00065980;00065040;00066165;00065495;0000000065402;0000000065705;0000000030300;00000303;
20170427;IND;*;M18 ;0000000000000;0000000000000;00001080;00000000;00000000;00000000;00000000;0000000070634;0000000070956;0000000032200;00000322;
20170427;IND;*;Q17 ;0000000000000;0000000000000;00005630;00000000;00000000;00000000;00000000;0000000066379;0000000066686;0000000030700;00000307;
20170427;IND;*;Q18 ;0000000000000;0000000000000;00000000;00000000;00000000;00000000;00000000;0000000071660;0000000071984;0000000000000;00000324;
20170427;IND;*;V17 ;0000000000000;0000000000000;00001740;00000000;00000000;00000000;00000000;0000000067258;0000000067570;0000000031200;00000312;
20170427;IND;*;V18 ;0000000000000;0000000000000;00000000;00000000;00000000;00000000;00000000;0000000072670;0000000073000;0000000000000;00000330;
20170427;IND;*;Z17 ;0000000000000;0000000000000;00014685;00000000;00000000;00000000;00000000;0000000068022;0000000068340;0000000031800;00000318;
20170427;IND;*;Z18 ;0000000000000;0000000000000;00000150;00000000;00000000;00000000;00000000;0000000073602;0000000073930;0000000032800;00000328;
20170427;IR1;*;M7G8;0000000000000;0000000000000;00000000;00000000;00000000;00000000;00000000;0000000000000;0000000000000;0000000000000;00000000;
20170427;IR1;*;M7Q7;0000000000000;0000000000000;00000000;00000000;00000000;00000000;00000000;0000000000000;0000000000000;0000000000000;00000000;
20170427;IR1;*;M7V7;0000000000000;0000000000000;00000000;00000000;00000000;00000000;00000000;0000000000000;0000000000000;0000000000000;00000000;
20170427;IR1;*;M7Z7;0000000000000;0000000000000;00000000;00000000;00000000;00000000;00000000;0000000000000;0000000000000;0000000000000;00000000;
20170427;ISP;*;M17 ;0000201272985;0000063431025;00003776;00238700;00237875;00238850;00238600;0000000238600;0000000238225;0000000059495;00000375;
20170427;ISP;*;M18 ;0000000000000;0000000000000;00000000;00000000;00000000;00000000;00000000;0000000238075;0000000237700;0000000000000;00000375;
20170427;ISP;*;U17 ;0000000000000;0000000000000;00000004;00000000;00000000;00000000;00000000;0000000238350;0000000237975;0000000059495;00000375;
20170427;ISP;*;Z17 ;0000000000000;0000000000000;00000000;00000000;00000000;00000000;00000000;0000000238175;0000000237800;0000000000000;00000375;
20170427;JPY;*;K17 ;0000040959675;0000012895405;00000399;02846500;02844000;02858000;02858000;0000028576700;0000028599700;0000000011500;00023000;
20170427;JPY;*;M17 ;0000034125875;0000010743908;00001849;02872100;02869700;02889800;02889800;0000028833600;0000028854400;0000000010400;00020800;
20170427;JPY;*;N17 ;0000000000000;0000000000000;00000180;00000000;00000000;00000000;00000000;0000029060600;0000029082100;0000000010750;00021500;
20170427;JPY;*;Q17 ;0000018886710;0000005946135;00000000;02928100;02928100;02928200;02928200;0000029274200;0000029297700;0000000011750;00023500;
20170427;JSE;*;M17 ;0000000000000;0000000000000;00000000;00000000;00000000;00000000;00000000;0000000047530;0000000047530;0000000000000;00000000;
20170427;JSE;*;U17 ;0000000000000;0000000000000;00000000;00000000;00000000;00000000;00000000;0000000047888;0000000047888;0000000000000;00000000;
20170427;MIX;*;M17 ;0000000000000;0000000000000;00000000;00000000;00000000;00000000;00000000;0000000002027;0000000002040;0000000000000;00000013;
20170427;MIX;*;U17 ;0000000000000;0000000000000;00000000;00000000;00000000;00000000;00000000;0000000002028;0000000002024;0000000000000;00000004;
20170427;MXN;*;K17 ;0000000000000;0000000000000;00000365;00000000;00000000;00000000;00000000;0000016675060;0000016560300;0000000086070;00114760;
20170427;MXN;*;M17 ;0000000000000;0000000000000;00000803;00000000;00000000;00000000;00000000;0000016728490;0000016611850;0000000087480;00116640;
20170427;MXN;*;N17 ;0000000000000;0000000000000;00000019;00000000;00000000;00000000;00000000;0000016756560;0000016639850;0000000087532;00116710;
20170427;NZD;*;K17 ;0000000000000;0000000000000;00000000;00000000;00000000;00000000;00000000;0000021856300;0000021914020;0000000000000;00057720;
20170427;NZD;*;M17 ;0000009096037;0000002863721;00000050;02205100;02205100;02205100;02205100;0000022012750;0000022075620;0000000047152;00062870;
20170427;NZD;*;N17 ;0000000000000;0000000000000;00000000;00000000;00000000;00000000;00000000;0000022143800;0000022211050;0000000000000;00067250;
20170427;OC1;*;F18 ;0000000000000;0000000000000;00000000;00000000;00000000;00000000;00000000;0000009404800;0000009404768;0000000000000;00000032;
20170427;OC1;*;F19 ;0000000000000;0000000000000;00000000;00000000;00000000;00000000;00000000;0000008604383;0000008606227;0000000000000;00001844;
20170427;OC1;*;F20 ;0000000000000;0000000000000;00000000;00000000;00000000;00000000;00000000;0000007788996;0000007791079;0000000000000;00002083;
20170427;OC1;*;F21 ;0000000000000;0000000000000;00000000;00000000;00000000;00000000;00000000;0000007025054;0000007030002;0000000000000;00004948;
20170427;OC1;*;F22 ;0000000000000;0000000000000;00000000;00000000;00000000;00000000;00000000;0000006334104;0000006336712;0000000000000;00002608;
20170427;OC1;*;F23 ;0000000000000;0000000000000;00000000;00000000;00000000;00000000;00000000;0000005706955;0000005710031;0000000000000;00003076;
20170427;OC1;*;F24 ;0000000000000;0000000000000;00000000;00000000;00000000;00000000;00000000;0000005148111;0000005155982;0000000000000;00007871;
20170427;OC1;*;F25 ;0000000000000;0000000000000;00000000;00000000;00000000;00000000;00000000;0000004634115;0000004640636;0000000000000;00006521;
20170427;OC1;*;F26 ;0000000000000;0000000000000;00000000;00000000;00000000;00000000;00000000;0000004173075;0000004181333;0000000000000;00008258;
20170427;OC1;*;F27 ;0000000000000;0000000000000;00000000;00000000;00000000;00000000;00000000;0000003759035;0000003765665;0000000000000;00006630;
20170427;OC1;*;F28 ;0000000000000;0000000000000;00000000;00000000;00000000;00000000;00000000;0000003390474;0000003397060;0000000000000;00006586;
20170427;OC1;*;F29 ;0000000000000;0000000000000;00000000;00000000;00000000;00000000;00000000;0000003058612;0000003065097;0000000000000;00006485;
20170427;OC1;*;F30 ;0000000000000;0000000000000;00000000;00000000;00000000;00000000;00000000;0000002757830;0000002764169;0000000000000;00006339;
20170427;OC1;*;G18 ;0000000000000;0000000000000;00000000;00000000;00000000;00000000;00000000;0000009334631;0000009334545;0000000000000;00000086;
20170427;OC1;*;H18 ;0000000000000;0000000000000;00000000;00000000;00000000;00000000;00000000;0000009278101;0000009277688;0000000000000;00000413;
20170427;OC1;*;J18 ;0000000000000;0000000000000;00000000;00000000;00000000;00000000;00000000;0000009211157;0000009210968;0000000000000;00000189;
20170427;OC1;*;J19 ;0000000000000;0000000000000;00000000;00000000;00000000;00000000;00000000;0000008403911;0000008407333;0000000000000;00003422;
20170427;OC1;*;J20 ;0000000000000;0000000000000;00000000;00000000;00000000;00000000;00000000;0000007591361;0000007593717;0000000000000;00002356;
20170427;OC1;*;J21 ;0000000000000;0000000000000;00000000;00000000;00000000;00000000;00000000;0000006848589;0000006854914;0000000000000;00006325;
20170427;OC1;*;J22 ;0000000000000;0000000000000;00000000;00000000;00000000;00000000;00000000;0000006173960;0000006176618;0000000000000;00002658;
20170427;OC1;*;K17 ;0000000000000;0000000000000;00000000;00000000;00000000;00000000;00000000;0000009991615;0000009991619;0000000000000;00000004;
20170427;OC1;*;K18 ;0000000000000;0000000000000;00000000;00000000;00000000;00000000;00000000;0000009145115;0000009144028;0000000000000;00001087;
20170427;OC1;*;M17 ;0000000000000;0000000000000;00000000;00000000;00000000;00000000;00000000;0000009899812;0000009899783;0000000000000;00000029;
20170427;OC1;*;N17 ;0000000000000;0000000000000;00000000;00000000;00000000;00000000;00000000;0000009820715;0000009820756;0000000000000;00000041;
20170427;OC1;*;N18 ;0000000000000;0000000000000;00000000;00000000;00000000;00000000;00000000;0000009009915;0000009011464;0000000000000;00001549;
20170427;OC1;*;N19 ;0000000000000;0000000000000;00000000;00000000;00000000;00000000;00000000;0000008201501;0000008205177;0000000000000;00003676;
20170427;OC1;*;N20 ;0000000000000;0000000000000;00000000;00000000;00000000;00000000;00000000;0000007402678;0000007407245;0000000000000;00004567;
20170427;OC1;*;N21 ;0000000000000;0000000000000;00000000;00000000;00000000;00000000;00000000;0000006674741;0000006681264;0000000000000;00006523;
20170427;OC1;*;N22 ;0000000000000;0000000000000;00000000;00000000;00000000;00000000;00000000;0000006016393;0000006019095;0000000000000;00002702;
20170427;OC1;*;N23 ;0000000000000;0000000000000;00000000;00000000;00000000;00000000;00000000;0000005421981;0000005427253;0000000000000;00005272;
20170427;OC1;*;N24 ;0000000000000;0000000000000;00000000;00000000;00000000;00000000;00000000;0000004890750;0000004898132;0000000000000;00007382;
20170427;OC1;*;Q17 ;0000000000000;0000000000000;00000000;00000000;00000000;00000000;00000000;0000009743068;0000009743006;0000000000000;00000062;
20170427;OC1;*;U17 ;0000000000000;0000000000000;00000000;00000000;00000000;00000000;00000000;0000009664370;0000009664403;0000000000000;00000033;
20170427;OC1;*;V17 ;0000000000000;0000000000000;00000000;00000000;00000000;00000000;00000000;0000009598997;0000009598847;0000000000000;00000150;
20170427;OC1;*;V18 ;0000000000000;0000000000000;00000000;00000000;00000000;00000000;00000000;0000008805441;0000008806006;0000000000000;00000565;
20170427;OC1;*;V19 ;0000000000000;0000000000000;00000000;00000000;00000000;00000000;00000000;0000007990356;0000007990588;0000000000000;00000232;
20170427;OC1;*;V20 ;0000000000000;0000000000000;00000000;00000000;00000000;00000000;00000000;0000007205175;0000007208814;0000000000000;00003639;
20170427;OC1;*;V21 ;0000000000000;0000000000000;00000000;00000000;00000000;00000000;00000000;0000006502799;0000006502749;0000000000000;00000050;
20170427;OC1;*;X17 ;0000000000000;0000000000000;00000000;00000000;00000000;00000000;00000000;0000009531259;0000009531060;0000000000000;00000199;
20170427;OC1;*;Z17 ;0000000000000;0000000000000;00000000;00000000;00000000;00000000;00000000;0000009467696;0000009467541;0000000000000;00000155;
20170427;OZ1;*;0000;0000000578695;0000000182192;00000000;00128700;00128500;00129100;00129100;0000000128728;0000000127897;0000000000000;00000100;
20170427;OZ1;*;K17 ;0000000000000;0000000000000;00000000;00000000;00000000;00000000;00000000;0000000129154;0000000129108;0000000000000;00000046;
20170427;OZ1;*;M17 ;0000000000000;0000000000000;00000000;00000000;00000000;00000000;00000000;0000000130350;0000000130304;0000000000000;00000046;
20170427;OZ2;*;0000;0000000286992;0000000090354;00000000;00129400;00128100;00129400;00128900;0000000128250;0000000128266;0000000000000;00000700;
20170427;OZ3;*;0000;0000000025387;0000000007993;00000000;00128000;00127500;00128000;00127500;0000000127500;0000000128000;0000000000000;00000500;
20170427;SCS;*;K702;0000000000000;0000000000000;00127785;00000000;00000000;00000000;00000000;0000000000000;0000000000000;0000000000000;00000000;
20170427;SCS;*;M701;0000000000000;0000000000000;00088700;00000000;00000000;00000000;00000000;0000000000000;0000000000000;0000000000000;00000000;
20170427;SCS;*;N703;0000000000000;0000000000000;00138770;00000000;00000000;00000000;00000000;0000000000000;0000000000000;0000000000000;00000000;
20170427;SFI;*;K17 ;0000000000000;0000000000000;00000000;00000000;00000000;00000000;00000000;0000000002131;0000000002022;0000000000000;00000109;
20170427;SFI;*;N17 ;0000000000000;0000000000000;00000000;00000000;00000000;00000000;00000000;0000000002047;0000000002045;0000000000000;00000002;
20170427;SFI;*;X17 ;0000000000000;0000000000000;00000000;00000000;00000000;00000000;00000000;0000000002034;0000000002033;0000000000000;00000001;
20170427;SJC;*;F18 ;0000000000000;0000000000000;00000000;00000000;00000000;00000000;00000000;0000000211971;0000000211806;0000000000000;00000165;
20170427;SJC;*;H18 ;0000000000000;0000000000000;00000000;00000000;00000000;00000000;00000000;0000000212302;0000000212357;0000000000000;00000055;
20170427;SJC;*;K17 ;0000000000000;0000000000000;00000946;00000000;00000000;00000000;00000000;0000000208499;0000000208499;0000000000000;00000000;
20170427;SJC;*;K18 ;0000000000000;0000000000000;00000000;00000000;00000000;00000000;00000000;0000000213294;0000000213349;0000000000000;00000055;
20170427;SJC;*;N17 ;0000000934827;0000000294610;00002701;00002112;00002109;00002115;00002109;0000000211034;0000000210869;0000000002356;00000165;
20170427;SJC;*;N18 ;0000000000000;0000000000000;00000000;00000000;00000000;00000000;00000000;0000000214616;0000000214672;0000000000000;00000056;
20170427;SJC;*;Q17 ;0000000000000;0000000000000;00000029;00000000;00000000;00000000;00000000;0000000211475;0000000211310;0000000002356;00000165;
20170427;SJC;*;U17 ;0000000000000;0000000000000;00000000;00000000;00000000;00000000;00000000;0000000210703;0000000210648;0000000000000;00000055;
20170427;SJC;*;X17 ;0000000270770;0000000085333;00001088;00002112;00002100;00002112;00002100;0000000210428;0000000210317;0000000001584;00000111;
20170427;TRY;*;K17 ;0000004400550;0000001385433;00000066;00889000;00889000;00889000;00889000;0000008912780;0000008883220;0000000022170;00029560;
20170427;TRY;*;M17 ;0000004399905;0000001385230;00000000;00888900;00888800;00888900;00888800;0000008893710;0000008864710;0000000021750;00029000;
20170427;TRY;*;N17 ;0000000000000;0000000000000;00000000;00000000;00000000;00000000;00000000;0000008873150;0000008850020;0000000000000;00023130;
20170427;T10;*;M17 ;0000011176717;0000003518785;00002866;00125563;00125407;00125796;00125407;0000001256406;0000001255625;0000000024806;00000781;
20170427;T10;*;U17 ;0000000000000;0000000000000;00000000;00000000;00000000;00000000;00000000;0000001253125;0000001252343;0000000000000;00000782;
20170427;WDO;*;F18 ;0000000000000;0000000000000;00000000;00000000;00000000;00000000;00000000;0000033328720;0000033401880;0000000000000;00073160;
20170427;WDO;*;F19 ;0000000000000;0000000000000;00000000;00000000;00000000;00000000;00000000;0000035521720;0000035593800;0000000000000;00072080;
20170427;WDO;*;F20 ;0000000000000;0000000000000;00000000;00000000;00000000;00000000;00000000;0000038013210;0000038088820;0000000000000;00075610;
20170427;WDO;*;F21 ;0000000000000;0000000000000;00000000;00000000;00000000;00000000;00000000;0000040484200;0000040560930;0000000000000;00076730;
20170427;WDO;*;F25 ;0000000000000;0000000000000;00000000;00000000;00000000;00000000;00000000;0000050802510;0000050875510;0000000000000;00073000;
20170427;WDO;*;G18 ;0000000000000;0000000000000;00000000;00000000;00000000;00000000;00000000;0000033515820;0000033594170;0000000000000;00078350;
20170427;WDO;*;H18 ;0000000000000;0000000000000;00000000;00000000;00000000;00000000;00000000;0000033666370;0000033743790;0000000000000;00077420;
20170427;WDO;*;J18 ;0000000000000;0000000000000;00000000;00000000;00000000;00000000;00000000;0000033843590;0000033921630;0000000000000;00078040;
20170427;WDO;*;J19 ;0000000000000;0000000000000;00000000;00000000;00000000;00000000;00000000;0000036124540;0000036187980;0000000000000;00063440;
20170427;WDO;*;J20 ;0000000000000;0000000000000;00000000;00000000;00000000;00000000;00000000;0000038666590;0000038744020;0000000000000;00077430;
20170427;WDO;*;J22 ;0000000000000;0000000000000;00000000;00000000;00000000;00000000;00000000;0000043640290;0000043727230;0000000000000;00086940;
20170427;WDO;*;K17 ;0015514818930;0004884557167;00048255;03161000;03157000;03190000;03184500;0000031778510;0000031849000;0000000007049;00070490;
20170427;WDO;*;K18 ;0000000000000;0000000000000;00000000;00000000;00000000;00000000;00000000;0000034017680;0000034098920;0000000000000;00081240;
20170427;WDO;*;M17 ;0000274934750;0000086558181;00003622;03189500;03183500;03215500;03210500;0000032037140;0000032105310;0000000006817;00068170;
20170427;WDO;*;N17 ;0000000000000;0000000000000;00000146;00000000;00000000;00000000;00000000;0000032255660;0000032325730;0000000007007;00070070;
20170427;WDO;*;N18 ;0000000000000;0000000000000;00000000;00000000;00000000;00000000;00000000;0000034372760;0000034449450;0000000000000;00076690;
20170427;WDO;*;N19 ;0000000000000;0000000000000;00000000;00000000;00000000;00000000;00000000;0000036747610;0000036802300;0000000000000;00054690;
20170427;WDO;*;N21 ;0000000000000;0000000000000;00000000;00000000;00000000;00000000;00000000;0000041780960;0000041851360;0000000000000;00070400;
20170427;WDO;*;Q17 ;0000000000000;0000000000000;00000000;00000000;00000000;00000000;00000000;0000032454280;0000032527120;0000000000000;00072840;
20170427;WDO;*;U17 ;0000000000000;0000000000000;00000063;00000000;00000000;00000000;00000000;0000032672070;0000032746920;0000000007485;00074850;
20170427;WDO;*;V17 ;0000000000000;0000000000000;00000000;00000000;00000000;00000000;00000000;0000032833420;0000032905070;0000000000000;00071650;
20170427;WDO;*;V18 ;0000000000000;0000000000000;00000000;00000000;00000000;00000000;00000000;0000034977250;0000035055370;0000000000000;00078120;
20170427;WDO;*;V19 ;0000000000000;0000000000000;00000000;00000000;00000000;00000000;00000000;0000037399100;0000037474870;0000000000000;00075770;
20170427;WDO;*;X17 ;0000000000000;0000000000000;00000024;00000000;00000000;00000000;00000000;0000033012150;0000033091320;0000000007917;00079170;
20170427;WDO;*;Z17 ;0000000000000;0000000000000;00000000;00000000;00000000;00000000;00000000;0000033176200;0000033252360;0000000000000;00076160;
20170427;WD1;*;K7M7;0000000000000;0000000000000;00000000;00025400;00024810;00026500;00025800;0000000000000;0000000000000;0000000000000;00000000;
20170427;WEU;*;K17 ;0000000000000;0000000000000;00000000;00000000;00000000;00000000;00000000;0000034588050;0000034717070;0000000000000;00129020;
20170427;WEU;*;M17 ;0000000000000;0000000000000;00000000;00000000;00000000;00000000;00000000;0000034910110;0000035037430;0000000000000;00127320;
20170427;WEU;*;N17 ;0000000000000;0000000000000;00000000;00000000;00000000;00000000;00000000;0000035195590;0000035325160;0000000000000;00129570;
20170427;WEU;*;Q17 ;0000000000000;0000000000000;00000000;00000000;00000000;00000000;00000000;0000035463630;0000035596770;0000000000000;00133140;
20170427;WEU;*;V17 ;0000000000000;0000000000000;00000000;00000000;00000000;00000000;00000000;0000035992970;0000036124780;0000000000000;00131810;
20170427;WIN;*;G18 ;0000000000000;0000000000000;00000000;00000000;00000000;00000000;00000000;0000000068863;0000000069184;0000000000000;00000321;
20170427;WIN;*;G19 ;0000000000000;0000000000000;00000000;00000000;00000000;00000000;00000000;0000000074703;0000000075026;0000000000000;00000323;
20170427;WIN;*;J18 ;0000000000000;0000000000000;00000000;00000000;00000000;00000000;00000000;0000000069794;0000000070123;0000000000000;00000329;
20170427;WIN;*;M17 ;0013051985658;0004109179126;00050412;00065890;00065030;00066170;00065495;0000000065402;0000000065705;0000000006060;00000303;
20170427;WIN;*;M18 ;0000000000000;0000000000000;00000000;00000000;00000000;00000000;00000000;0000000070634;0000000070956;0000000000000;00000322;
20170427;WIN;*;Q17 ;0000000000000;0000000000000;00000001;00000000;00000000;00000000;00000000;0000000066379;0000000066686;0000000006140;00000307;
20170427;WIN;*;Q18 ;0000000000000;0000000000000;00000000;00000000;00000000;00000000;00000000;0000000071660;0000000071984;0000000000000;00000324;
20170427;WIN;*;V17 ;0000000000000;0000000000000;00000000;00000000;00000000;00000000;00000000;0000000067258;0000000067570;0000000000000;00000312;
20170427;WIN;*;V18 ;0000000000000;0000000000000;00000000;00000000;00000000;00000000;00000000;0000000072670;0000000073000;0000000000000;00000330;
20170427;WIN;*;Z17 ;0000000000000;0000000000000;00000000;00000000;00000000;00000000;00000000;0000000068022;0000000068340;0000000000000;00000318;
20170427;WIN;*;Z18 ;0000000000000;0000000000000;00000000;00000000;00000000;00000000;00000000;0000000073602;0000000073930;0000000000000;00000328;
20170427;WTI;*;M17 ;0000000462019;0000000145605;00000105;00004862;00004845;00004862;00004845;0000000004897;0000000004962;0000000020625;00000065;
20170427;WTI;*;N17 ;0000000434857;0000000137045;00000000;00004901;00004875;00004930;00004930;0000000004931;0000000004996;0000000020625;00000065;
20170427;ZAR;*;K17 ;0000001088360;0000000342650;00000013;02392000;02392000;02392000;02392000;0000023756260;0000023920170;0000000057368;00163910;
20170427;ZAR;*;M17 ;0000001090635;0000000343366;00000000;02397000;02397000;02397000;02397000;0000023807600;0000023989630;0000000063710;00182030;
20170427;ZAR;*;N17 ;0000000000000;0000000000000;00000030;00000000;00000000;00000000;00000000;0000023836940;0000024024230;0000000065551;00187290;
