Data;Código do Contrato;Pregão;Vencimento;Volume(R$);Volume(U$);Número de contas em Aberto;Preço de Abertura;Preço Mínimo;Preço Máximo;Último Preço;Preço de Ajuste Atual; Preço de Ajuste Anterior;Valor de Ajuste por Contrato;Variação
20170127;AUD;*;G17 ;0000117530520;0000037197911;00001373;02390000;02380000;02393000;02380000;0000023795480;0000024020110;0000000134778;00224630;
20170127;AUD;*;H17 ;0000040956552;0000012962575;00000473;02405000;02390000;02407000;02390000;0000023951190;0000024177680;0000000135894;00226490;
20170127;AUD;*;J17 ;0000077541690;0000024541616;00000347;02415900;02414900;02415900;02414900;0000024143210;0000024368440;0000000135138;00225230;
20170127;BGI;*;F17 ;0000021626662;0000006854944;00000996;00014602;00014584;00014619;00014599;0000000014599;0000000014630;0000000010230;00000031;
20170127;BGI;*;F18 ;0000000000000;0000000000000;00000000;00000000;00000000;00000000;00000000;0000000014396;0000000014490;0000000000000;00000094;
20170127;BGI;*;G17 ;0000004609004;0000001460903;00000172;00014400;00014390;00014400;00014400;0000000014431;0000000014470;0000000012870;00000039;
20170127;BGI;*;H17 ;0000005190900;0000001645345;00000072;00014300;00014300;00014300;00014300;0000000014283;0000000014340;0000000018810;00000057;
20170127;BGI;*;J17 ;0000000000000;0000000000000;00000002;00000000;00000000;00000000;00000000;0000000014224;0000000014262;0000000012540;00000038;
20170127;BGI;*;K17 ;0000049311137;0000015630016;00003383;00014090;00014011;00014090;00014040;0000000014040;0000000014086;0000000015180;00000046;
20170127;BGI;*;M17 ;0000000000000;0000000000000;00000003;00000000;00000000;00000000;00000000;0000000014123;0000000014181;0000000019140;00000058;
20170127;BGI;*;N17 ;0000000000000;0000000000000;00000000;00000000;00000000;00000000;00000000;0000000014196;0000000014262;0000000000000;00000066;
20170127;BGI;*;Q17 ;0000000000000;0000000000000;00000000;00000000;00000000;00000000;00000000;0000000014274;0000000014350;0000000000000;00000076;
20170127;BGI;*;U17 ;0000000000000;0000000000000;00000000;00000000;00000000;00000000;00000000;0000000014346;0000000014430;0000000000000;00000084;
20170127;BGI;*;V17 ;0000015105476;0000004787941;00001414;00014550;00014416;00014550;00014416;0000000014416;0000000014510;0000000031020;00000094;
20170127;BGI;*;X17 ;0000000000000;0000000000000;00000077;00000000;00000000;00000000;00000000;0000000014381;0000000014475;0000000031020;00000094;
20170127;BGI;*;Z17 ;0000000000000;0000000000000;00000087;00000000;00000000;00000000;00000000;0000000014446;0000000014540;0000000031020;00000094;
20170127;BRI;*;G17 ;0000044553120;0000014100874;00000819;00011028;00011028;00011028;00011028;0000000011028;0000000011058;0000000030000;00000030;
20170127;BRI;*;J17 ;0000044303200;0000014021775;00000401;00011216;00011216;00011216;00011216;0000000011232;0000000011262;0000000030000;00000030;
20170127;BRI;*;M17 ;0000000000000;0000000000000;00000000;00000000;00000000;00000000;00000000;0000000011421;0000000011451;0000000000000;00000030;
20170127;BSE;*;G17 ;0000000000000;0000000000000;00000000;00000000;00000000;00000000;00000000;0000000028068;0000000027578;0000000000000;00000490;
20170127;BSE;*;H17 ;0000000000000;0000000000000;00000000;00000000;00000000;00000000;00000000;0000000028312;0000000027818;0000000000000;00000494;
20170127;CAD;*;G17 ;0000060897090;0000019273671;00000980;02417000;02398900;02417000;02400000;0000024009770;0000024334250;0000000194688;00324480;
20170127;CAD;*;H17 ;0000004938318;0000001562957;00000190;02434000;02412000;02434000;02412000;0000024187080;0000024503770;0000000190014;00316690;
20170127;CAD;*;J17 ;0000050505030;0000015984628;00000015;02440100;02439500;02440100;02439500;0000024412280;0000024730810;0000000191118;00318530;
20170127;CCM;*;F18 ;0000000000000;0000000000000;00000085;00000000;00000000;00000000;00000000;0000000003140;0000000003139;0000000000450;00000001;
20170127;CCM;*;F19 ;0000000000000;0000000000000;00000000;00000000;00000000;00000000;00000000;0000000002763;0000000002762;0000000000000;00000001;
20170127;CCM;*;H17 ;0000033811614;0000010717175;00008228;00003495;00003439;00003525;00003516;0000000003516;0000000003491;0000000011250;00000025;
20170127;CCM;*;H18 ;0000000000000;0000000000000;00000000;00000000;00000000;00000000;00000000;0000000003105;0000000003104;0000000000000;00000001;
20170127;CCM;*;H19 ;0000000000000;0000000000000;00000000;00000000;00000000;00000000;00000000;0000000002646;0000000002645;0000000000000;00000001;
20170127;CCM;*;K17 ;0000005223357;0000001655633;00006364;00003345;00003304;00003380;00003370;0000000003370;0000000003346;0000000010800;00000024;
20170127;CCM;*;K18 ;0000000000000;0000000000000;00000000;00000000;00000000;00000000;00000000;0000000002866;0000000002865;0000000000000;00000001;
20170127;CCM;*;K19 ;0000000000000;0000000000000;00000000;00000000;00000000;00000000;00000000;0000000002535;0000000002534;0000000000000;00000001;
20170127;CCM;*;N17 ;0000000000000;0000000000000;00000000;00000000;00000000;00000000;00000000;0000000003232;0000000003220;0000000000000;00000012;
20170127;CCM;*;N18 ;0000000000000;0000000000000;00000000;00000000;00000000;00000000;00000000;0000000002742;0000000002741;0000000000000;00000001;
20170127;CCM;*;U17 ;0000004579893;0000001451676;00007289;00003099;00003061;00003100;00003100;0000000003100;0000000003099;0000000000450;00000001;
20170127;CCM;*;U18 ;0000000000000;0000000000000;00000000;00000000;00000000;00000000;00000000;0000000002620;0000000002619;0000000000000;00000001;
20170127;CCM;*;X17 ;0000000000000;0000000000000;00000001;00000000;00000000;00000000;00000000;0000000003120;0000000003119;0000000000450;00000001;
20170127;CCM;*;X18 ;0000000000000;0000000000000;00000000;00000000;00000000;00000000;00000000;0000000002690;0000000002689;0000000000000;00000001;
20170127;CHF;*;G17 ;0000016442795;0000005204075;00000160;03168000;03161900;03168000;03161900;0000031543130;0000031878110;0000000167490;00334980;
20170127;CHF;*;H17 ;0000016744500;0000005299563;00000142;03193800;03189200;03193800;03189200;0000031817450;0000032144940;0000000163745;00327490;
20170127;CHF;*;J17 ;0000000000000;0000000000000;00000000;00000000;00000000;00000000;00000000;0000032169140;0000032498120;0000000000000;00328980;
20170127;CLP;*;G17 ;0000000242650;0000000076798;00000101;04853000;04853000;04853000;04853000;0000048437000;0000049002000;0000000141250;00565000;
20170127;CLP;*;H17 ;0000000244150;0000000077272;00000865;04883000;04883000;04883000;04883000;0000048731000;0000049231000;0000000125000;00500000;
20170127;CLP;*;J17 ;0000000000000;0000000000000;00000000;00000000;00000000;00000000;00000000;0000049049000;0000049545000;0000000000000;00496000;
20170127;CNY;*;G17 ;0000000000000;0000000000000;00000000;00000000;00000000;00000000;00000000;0000045785840;0000046266480;0000000000000;00480640;
20170127;CNY;*;H17 ;0000000000000;0000000000000;00000000;00000000;00000000;00000000;00000000;0000045889450;0000046471130;0000000000000;00581680;
20170127;CNY;*;J17 ;0000000000000;0000000000000;00000000;00000000;00000000;00000000;00000000;0000046012030;0000046632370;0000000000000;00620340;
20170127;CR1;*;H7U7;0000000000000;0000000000000;00000000;00000000;00000000;00000000;00000000;0000000000000;0000000000000;0000000000000;00000000;
20170127;CR1;*;U7Z7;0000000000000;0000000000000;00000000;00000000;00000000;00000000;00000000;0000000000000;0000000000000;0000000000000;00000000;
20170127;DAP;*;F18 ;0000000000000;0000000000000;00000000;00000000;00000000;00000000;00000000;0000009451370;0000009449892;0000000000000;00001478;
20170127;DAP;*;G17 ;0000000000000;0000000000000;00001600;00000000;00000000;00000000;00000000;0000009966649;0000009966671;0000000000026;00000022;
20170127;DAP;*;H17 ;0000000000000;0000000000000;00000485;00000000;00000000;00000000;00000000;0000009932039;0000009932309;0000000000323;00000270;
20170127;DAP;*;J17 ;0000000000000;0000000000000;00000085;00000000;00000000;00000000;00000000;0000009881533;0000009881473;0000000000071;00000060;
20170127;DAP;*;K17 ;0000150150362;0000047521953;00017523;00000574;00000574;00000574;00000574;0000009841096;0000009840364;0000000000875;00000732;
20170127;DAP;*;K19 ;0000003170175;0000001003347;00035077;00000562;00000562;00000563;00000563;0000008832854;0000008827532;0000000006366;00005322;
20170127;DAP;*;K21 ;0000054323510;0000017193161;00008120;00000569;00000569;00000569;00000569;0000007900412;0000007897537;0000000003439;00002875;
20170127;DAP;*;K23 ;0000000000000;0000000000000;00011900;00000000;00000000;00000000;00000000;0000007070267;0000007066359;0000000004675;00003908;
20170127;DAP;*;Q18 ;0000000000000;0000000000000;00023225;00000000;00000000;00000000;00000000;0000009181940;0000009183624;0000000002014;00001684;
20170127;DAP;*;Q20 ;0000000000000;0000000000000;00002790;00000000;00000000;00000000;00000000;0000008226474;0000008224051;0000000002898;00002423;
20170127;DAP;*;Q22 ;0000000000000;0000000000000;00005500;00000000;00000000;00000000;00000000;0000007350198;0000007342806;0000000008843;00007392;
20170127;DAP;*;Q24 ;0000000000000;0000000000000;00005840;00000000;00000000;00000000;00000000;0000006618953;0000006619225;0000000000325;00000272;
20170127;DAP;*;Q26 ;0000000000000;0000000000000;00001155;00000000;00000000;00000000;00000000;0000005917982;0000005912893;0000000006088;00005089;
20170127;DAP;*;Q30 ;0000000000000;0000000000000;00000235;00000000;00000000;00000000;00000000;0000004796370;0000004784340;0000000014391;00012030;
20170127;DCO;*;F18 ;0000000000000;0000000000000;00000000;00000000;00000000;00000000;00000000;0000009694202;0000009795445;0000000000000;00101243;
20170127;DCO;*;F19 ;0000000000000;0000000000000;00000000;00000000;00000000;00000000;00000000;0000009401626;0000009488849;0000000000000;00087223;
20170127;DCO;*;F20 ;0000000000000;0000000000000;00000000;00000000;00000000;00000000;00000000;0000009043136;0000009112305;0000000000000;00069169;
20170127;DCO;*;F21 ;0000000000000;0000000000000;00000000;00000000;00000000;00000000;00000000;0000008622341;0000008693617;0000000000000;00071276;
20170127;DCO;*;F22 ;0000000000000;0000000000000;00000000;00000000;00000000;00000000;00000000;0000008195079;0000008260348;0000000000000;00065269;
20170127;DCO;*;F23 ;0000000000000;0000000000000;00000000;00000000;00000000;00000000;00000000;0000007788243;0000007847882;0000000000000;00059639;
20170127;DCO;*;F24 ;0000000000000;0000000000000;00000000;00000000;00000000;00000000;00000000;0000007368370;0000007417762;0000000000000;00049392;
20170127;DCO;*;F25 ;0000000000000;0000000000000;00000000;00000000;00000000;00000000;00000000;0000006943562;0000006983725;0000000000000;00040163;
20170127;DCO;*;F26 ;0000000000000;0000000000000;00000000;00000000;00000000;00000000;00000000;0000006535627;0000006573044;0000000000000;00037417;
20170127;DCO;*;F27 ;0000000000000;0000000000000;00000000;00000000;00000000;00000000;00000000;0000006142436;0000006183990;0000000000000;00041554;
20170127;DCO;*;F28 ;0000000000000;0000000000000;00000000;00000000;00000000;00000000;00000000;0000005799502;0000005837220;0000000000000;00037718;
20170127;DCO;*;F29 ;0000000000000;0000000000000;00000000;00000000;00000000;00000000;00000000;0000005470400;0000005503883;0000000000000;00033483;
20170127;DCO;*;F30 ;0000000000000;0000000000000;00000000;00000000;00000000;00000000;00000000;0000005166847;0000005199628;0000000000000;00032781;
20170127;DCO;*;G17 ;0000000000000;0000000000000;00000000;00000000;00000000;00000000;00000000;0000009901698;0000010004820;0000000000000;00103122;
20170127;DCO;*;H17 ;0000000000000;0000000000000;00000000;00000000;00000000;00000000;00000000;0000009889224;0000009991979;0000000000000;00102755;
20170127;DCO;*;J17 ;0000000000000;0000000000000;00000000;00000000;00000000;00000000;00000000;0000009873293;0000009975079;0000000000000;00101786;
20170127;DCO;*;J18 ;0000000000000;0000000000000;00000000;00000000;00000000;00000000;00000000;0000009631849;0000009730146;0000000000000;00098297;
20170127;DCO;*;J19 ;0000000000000;0000000000000;00000000;00000000;00000000;00000000;00000000;0000009321547;0000009406041;0000000000000;00084494;
20170127;DCO;*;J20 ;0000000000000;0000000000000;00000000;00000000;00000000;00000000;00000000;0000008950237;0000009017943;0000000000000;00067706;
20170127;DCO;*;J21 ;0000000000000;0000000000000;00000000;00000000;00000000;00000000;00000000;0000008510990;0000008579683;0000000000000;00068693;
20170127;DCO;*;K17 ;0000000000000;0000000000000;00000000;00000000;00000000;00000000;00000000;0000009857707;0000009959392;0000000000000;00101685;
20170127;DCO;*;M17 ;0000000000000;0000000000000;00000000;00000000;00000000;00000000;00000000;0000009840771;0000009942853;0000000000000;00102082;
20170127;DCO;*;N17 ;0000000000000;0000000000000;00000000;00000000;00000000;00000000;00000000;0000009824335;0000009927561;0000000000000;00103226;
20170127;DCO;*;N18 ;0000000000000;0000000000000;00000000;00000000;00000000;00000000;00000000;0000009560031;0000009658060;0000000000000;00098029;
20170127;DCO;*;N19 ;0000000000000;0000000000000;00000000;00000000;00000000;00000000;00000000;0000009230734;0000009315545;0000000000000;00084811;
20170127;DCO;*;N20 ;0000000000000;0000000000000;00000000;00000000;00000000;00000000;00000000;0000008838959;0000008906515;0000000000000;00067556;
20170127;DCO;*;N21 ;0000000000000;0000000000000;00000000;00000000;00000000;00000000;00000000;0000008397873;0000008463542;0000000000000;00065669;
20170127;DCO;*;Q17 ;0000000000000;0000000000000;00000000;00000000;00000000;00000000;00000000;0000009803970;0000009906687;0000000000000;00102717;
20170127;DCO;*;U17 ;0000000000000;0000000000000;00000000;00000000;00000000;00000000;00000000;0000009786454;0000009888118;0000000000000;00101664;
20170127;DCO;*;V17 ;0000000000000;0000000000000;00000000;00000000;00000000;00000000;00000000;0000009763252;0000009865236;0000000000000;00101984;
20170127;DCO;*;V18 ;0000000000000;0000000000000;00000000;00000000;00000000;00000000;00000000;0000009487126;0000009582253;0000000000000;00095127;
20170127;DCO;*;V19 ;0000000000000;0000000000000;00000000;00000000;00000000;00000000;00000000;0000009137065;0000009220025;0000000000000;00082960;
20170127;DCO;*;V20 ;0000000000000;0000000000000;00000000;00000000;00000000;00000000;00000000;0000008732720;0000008802348;0000000000000;00069628;
20170127;DCO;*;V21 ;0000000000000;0000000000000;00000000;00000000;00000000;00000000;00000000;0000008295764;0000008358046;0000000000000;00062282;
20170127;DCO;*;X17 ;0000000000000;0000000000000;00000000;00000000;00000000;00000000;00000000;0000009742695;0000009844591;0000000000000;00101896;
20170127;DCO;*;Z17 ;0000000000000;0000000000000;00000000;00000000;00000000;00000000;00000000;0000009720566;0000009822258;0000000000000;00101692;
20170127;DDI;*;F18 ;0000108078257;0000034206310;00221504;00000317;00000317;00000317;00000317;0000009695977;0000009797263;0000000161064;00101286;
20170127;DDI;*;F19 ;0000000000000;0000000000000;00104484;00000000;00000000;00000000;00000000;0000009405089;0000009492387;0000000138821;00087298;
20170127;DDI;*;F20 ;0000000000000;0000000000000;00089809;00000000;00000000;00000000;00000000;0000009048000;0000009117257;0000000110132;00069257;
20170127;DDI;*;F21 ;0000000000000;0000000000000;00092812;00000000;00000000;00000000;00000000;0000008628285;0000008699676;0000000113525;00071391;
20170127;DDI;*;F22 ;0000000000000;0000000000000;00037124;00000000;00000000;00000000;00000000;0000008201808;0000008267204;0000000103992;00065396;
20170127;DDI;*;F23 ;0000000000000;0000000000000;00027576;00000000;00000000;00000000;00000000;0000007795549;0000007855321;0000000095049;00059772;
20170127;DDI;*;F24 ;0000000000000;0000000000000;00025595;00000000;00000000;00000000;00000000;0000007376012;0000007425529;0000000078741;00049517;
20170127;DDI;*;F25 ;0000000000000;0000000000000;00017340;00000000;00000000;00000000;00000000;0000006951330;0000006991606;0000000064046;00040276;
20170127;DDI;*;F26 ;0000000000000;0000000000000;00014330;00000000;00000000;00000000;00000000;0000006543377;0000006580906;0000000059678;00037529;
20170127;DDI;*;F27 ;0000000000000;0000000000000;00009600;00000000;00000000;00000000;00000000;0000006153867;0000006195612;0000000066382;00041745;
20170127;DDI;*;F28 ;0000000000000;0000000000000;00000110;00000000;00000000;00000000;00000000;0000005810716;0000005844809;0000000054214;00034093;
20170127;DDI;*;F29 ;0000000000000;0000000000000;00000000;00000000;00000000;00000000;00000000;0000005481289;0000005514939;0000000000000;00033650;
20170127;DDI;*;F30 ;0000000000000;0000000000000;00000500;00000000;00000000;00000000;00000000;0000005177375;0000005210323;0000000052393;00032948;
20170127;DDI;*;G17 ;0000921590188;0000291679386;00375693;00000567;00000567;00000567;00000567;0000009901712;0000010004847;0000000164005;00103135;
20170127;DDI;*;H17 ;0001835077312;0000580794187;00516463;00000568;00000568;00000568;00000568;0000009889404;0000009992161;0000000163404;00102757;
20170127;DDI;*;J17 ;0000000000000;0000000000000;00258217;00000000;00000000;00000000;00000000;0000009873650;0000009975444;0000000161872;00101794;
20170127;DDI;*;J18 ;0000000000000;0000000000000;00054232;00000000;00000000;00000000;00000000;0000009634066;0000009732413;0000000156391;00098347;
20170127;DDI;*;J19 ;0000000000000;0000000000000;00042219;00000000;00000000;00000000;00000000;0000009325381;0000009409955;0000000134489;00084574;
20170127;DDI;*;J20 ;0000000000000;0000000000000;00020065;00000000;00000000;00000000;00000000;0000008955402;0000009023202;0000000107815;00067800;
20170127;DDI;*;J21 ;0000000000000;0000000000000;00005137;00000000;00000000;00000000;00000000;0000008517132;0000008585941;0000000109420;00068809;
20170127;DDI;*;K17 ;0000000000000;0000000000000;00101130;00000000;00000000;00000000;00000000;0000009857963;0000009959916;0000000162125;00101953;
20170127;DDI;*;M17 ;0000000000000;0000000000000;00080853;00000000;00000000;00000000;00000000;0000009841443;0000009943540;0000000162354;00102097;
20170127;DDI;*;N17 ;0000000000000;0000000000000;00246967;00000000;00000000;00000000;00000000;0000009825177;0000009928421;0000000164178;00103244;
20170127;DDI;*;N18 ;0000000000000;0000000000000;00047623;00000000;00000000;00000000;00000000;0000009562678;0000009660768;0000000155982;00098090;
20170127;DDI;*;N19 ;0000000000000;0000000000000;00053414;00000000;00000000;00000000;00000000;0000009234925;0000009319825;0000000135007;00084900;
20170127;DDI;*;N20 ;0000000000000;0000000000000;00030305;00000000;00000000;00000000;00000000;0000008844392;0000008912046;0000000107583;00067654;
20170127;DDI;*;N21 ;0000000000000;0000000000000;00004337;00000000;00000000;00000000;00000000;0000008404209;0000008469996;0000000104614;00065787;
20170127;DDI;*;Q17 ;0000000000000;0000000000000;00075054;00000000;00000000;00000000;00000000;0000009804963;0000009907703;0000000163377;00102740;
20170127;DDI;*;U17 ;0000000000000;0000000000000;00033955;00000000;00000000;00000000;00000000;0000009787609;0000009889299;0000000161707;00101690;
20170127;DDI;*;V17 ;0000000000000;0000000000000;00095522;00000000;00000000;00000000;00000000;0000009764565;0000009866580;0000000162224;00102015;
20170127;DDI;*;V18 ;0000000000000;0000000000000;00046198;00000000;00000000;00000000;00000000;0000009490187;0000009585384;0000000151382;00095197;
20170127;DDI;*;V19 ;0000000000000;0000000000000;00030684;00000000;00000000;00000000;00000000;0000009141599;0000009224655;0000000132075;00083056;
20170127;DDI;*;V20 ;0000000000000;0000000000000;00021624;00000000;00000000;00000000;00000000;0000008738413;0000008808149;0000000110894;00069736;
20170127;DDI;*;V21 ;0000000000000;0000000000000;00002042;00000000;00000000;00000000;00000000;0000008302300;0000008364699;0000000099226;00062399;
20170127;DDI;*;X17 ;0000000000000;0000000000000;00023089;00000000;00000000;00000000;00000000;0000009744162;0000009846092;0000000162089;00101930;
20170127;DDI;*;Z17 ;0000000000000;0000000000000;00011830;00000000;00000000;00000000;00000000;0000009722183;0000009823913;0000000161771;00101730;
20170127;DDM;*;K17 ;0000000000000;0000000000000;00000000;00000000;00000000;00000000;00000000;0000009815341;0000009819057;0000000000000;00003716;
20170127;DDM;*;K19 ;0000000000000;0000000000000;00000000;00000000;00000000;00000000;00000000;0000008740893;0000008740072;0000000000000;00000821;
20170127;DDM;*;K21 ;0000000000000;0000000000000;00000000;00000000;00000000;00000000;00000000;0000007829704;0000007825920;0000000000000;00003784;
20170127;DDM;*;Q18 ;0000000000000;0000000000000;00000000;00000000;00000000;00000000;00000000;0000009105721;0000009104778;0000000000000;00000943;
20170127;DDM;*;Q20 ;0000000000000;0000000000000;00000000;00000000;00000000;00000000;00000000;0000008158078;0000008154689;0000000000000;00003389;
20170127;DI1;*;F18 ;0010658570081;0003373392227;02358889;00010955;00010930;00010955;00010940;0000009096325;0000009095073;0000000001252;00001252;
20170127;DI1;*;F19 ;0008852000538;0002801620629;01574923;00010460;00010400;00010460;00010410;0000008282361;0000008273075;0000000009286;00009286;
20170127;DI1;*;F20 ;0003689279017;0001167641162;01003520;00010570;00010500;00010590;00010500;0000007477502;0000007464351;0000000013151;00013151;
20170127;DI1;*;F21 ;0009344101053;0002957368355;01412509;00010730;00010630;00010740;00010650;0000006738038;0000006717190;0000000020848;00020848;
20170127;DI1;*;F22 ;0000190618973;0000060330097;00072798;00010870;00010760;00010870;00010770;0000006060219;0000006036578;0000000023641;00023641;
20170127;DI1;*;F23 ;0002266782395;0000717427014;00644368;00010980;00010860;00010980;00010890;0000005441760;0000005416152;0000000025608;00025608;
20170127;DI1;*;F24 ;0000009304226;0000002944748;00047895;00010950;00010910;00010950;00010910;0000004902079;0000004872078;0000000030001;00030001;
20170127;DI1;*;F25 ;0001573852570;0000498117664;00517759;00011060;00010930;00011070;00010960;0000004403689;0000004372769;0000000030920;00030920;
20170127;DI1;*;F26 ;0000009909569;0000003136337;00065238;00011080;00010950;00011080;00010970;0000003964259;0000003931292;0000000032967;00032967;
20170127;DI1;*;F27 ;0001058991647;0000335166365;00279720;00011120;00010980;00011140;00011010;0000003566096;0000003528413;0000000037683;00037683;
20170127;DI1;*;F28 ;0000000000000;0000000000000;00000010;00000000;00000000;00000000;00000000;0000003210853;0000003173508;0000000037345;00037345;
20170127;DI1;*;F29 ;0000000000000;0000000000000;00003500;00000000;00000000;00000000;00000000;0000002893444;0000002856742;0000000036702;00036702;
20170127;DI1;*;F30 ;0000000000000;0000000000000;00000020;00000000;00000000;00000000;00000000;0000002596570;0000002560897;0000000035673;00035673;
20170127;DI1;*;G17 ;0001401977407;0000443719903;00939361;00012870;00012870;00012880;00012880;0000009985598;0000009985585;0000000000013;00000013;
20170127;DI1;*;H17 ;0006715710025;0002125493741;00442005;00012807;00012806;00012812;00012806;0000009900050;0000009900073;0000000000023;00000023;
20170127;DI1;*;J17 ;0004932705377;0001561180332;01923488;00012490;00012471;00012490;00012473;0000009796858;0000009796733;0000000000125;00000125;
20170127;DI1;*;J18 ;0001042076536;0000329812804;00769927;00010720;00010710;00010720;00010710;0000008891493;0000008889386;0000000002107;00002107;
20170127;DI1;*;J19 ;0000650028041;0000205731118;00133984;00010470;00010430;00010470;00010430;0000008081641;0000008072908;0000000008733;00008733;
20170127;DI1;*;J20 ;0000018199386;0000005760028;00073583;00010610;00010560;00010620;00010560;0000007285487;0000007269458;0000000016029;00016029;
20170127;DI1;*;J21 ;0000000328386;0000000103933;00025220;00010670;00010670;00010670;00010670;0000006566013;0000006545144;0000000020869;00020869;
20170127;DI1;*;K17 ;0001829630531;0000579070304;00116732;00012280;00012265;00012280;00012275;0000009719374;0000009719259;0000000000115;00000115;
20170127;DI1;*;M17 ;0000465969112;0000147477248;00098145;00012070;00012050;00012070;00012050;0000009627851;0000009627843;0000000000008;00000008;
20170127;DI1;*;N17 ;0011386344046;0003603729601;01240526;00011820;00011810;00011830;00011825;0000009544990;0000009544806;0000000000184;00000184;
20170127;DI1;*;N18 ;0001140302388;0000360900870;00594391;00010590;00010540;00010590;00010550;0000008685810;0000008682102;0000000003708;00003708;
20170127;DI1;*;N19 ;0000279023772;0000088309840;00435230;00010510;00010430;00010510;00010430;0000007885054;0000007875479;0000000009575;00009575;
20170127;DI1;*;N20 ;0002680492766;0000848364592;00736541;00010660;00010600;00010690;00010610;0000007099669;0000007084981;0000000014688;00014688;
20170127;DI1;*;N21 ;0000086964987;0000027524050;00043716;00010790;00010700;00010790;00010710;0000006395779;0000006374471;0000000021308;00021308;
20170127;DI1;*;N22 ;0000000000000;0000000000000;00004110;00000000;00000000;00000000;00000000;0000005746479;0000005721776;0000000024703;00024703;
20170127;DI1;*;N23 ;0000000000000;0000000000000;00003135;00000000;00000000;00000000;00000000;0000005166097;0000005137959;0000000028138;00028138;
20170127;DI1;*;N24 ;0000000000000;0000000000000;00001550;00000000;00000000;00000000;00000000;0000004652060;0000004621542;0000000030518;00030518;
20170127;DI1;*;Q17 ;0000000000000;0000000000000;00021973;00000000;00000000;00000000;00000000;0000009463911;0000009464748;0000000000837;00000837;
20170127;DI1;*;U17 ;0000000000000;0000000000000;00026057;00000000;00000000;00000000;00000000;0000009379139;0000009380014;0000000000875;00000875;
20170127;DI1;*;V17 ;0000611902906;0000193664675;00596249;00011310;00011300;00011320;00011320;0000009306352;0000009306021;0000000000331;00000331;
20170127;DI1;*;V18 ;0000456395014;0000144447086;00607374;00010510;00010450;00010510;00010450;0000008477529;0000008471877;0000000005652;00005652;
20170127;DI1;*;V19 ;0000006138905;0000001942937;00056432;00010520;00010470;00010520;00010470;0000007678011;0000007662982;0000000015029;00015029;
20170127;DI1;*;V20 ;0000022100013;0000006994560;00044008;00010670;00010630;00010670;00010630;0000006911674;0000006891690;0000000019984;00019984;
20170127;DI1;*;V21 ;0000000000000;0000000000000;00015301;00000000;00000000;00000000;00000000;0000006223054;0000006200557;0000000022497;00022497;
20170127;DI1;*;X17 ;0000000000000;0000000000000;00012617;00000000;00000000;00000000;00000000;0000009233536;0000009232840;0000000000696;00000696;
20170127;DI1;*;Z17 ;0000000000000;0000000000000;00006090;00000000;00000000;00000000;00000000;0000009164668;0000009163678;0000000000990;00000990;
20170127;DOL;*;F18 ;0000000000000;0000000000000;00003420;00000000;00000000;00000000;00000000;0000033900600;0000034259440;0000000179420;00358840;
20170127;DOL;*;F19 ;0000000000000;0000000000000;00000000;00000000;00000000;00000000;00000000;0000036115240;0000036491370;0000000000000;00376130;
20170127;DOL;*;F20 ;0000000000000;0000000000000;00000000;00000000;00000000;00000000;00000000;0000038483790;0000038846680;0000000000000;00362890;
20170127;DOL;*;F21 ;0000000000000;0000000000000;00003100;00000000;00000000;00000000;00000000;0000040726100;0000041190510;0000000232205;00464410;
20170127;DOL;*;F25 ;0000000000000;0000000000000;00000000;00000000;00000000;00000000;00000000;0000050203390;0000050851300;0000000000000;00647910;
20170127;DOL;*;G17 ;0039546998000;0012516457146;00543209;03181500;03141500;03186500;03144500;0000031536840;0000031865350;0000000164255;00328510;
20170127;DOL;*;H17 ;0001147088125;0000363048527;00156436;03203000;03167000;03203000;03168500;0000031769800;0000032099830;0000000165015;00330030;
20170127;DOL;*;J17 ;0000028844625;0000009129201;00007658;03208000;03198000;03208000;03198000;0000032053290;0000032384170;0000000165440;00330880;
20170127;DOL;*;J18 ;0000000000000;0000000000000;00000000;00000000;00000000;00000000;00000000;0000034460110;0000034820140;0000000000000;00360030;
20170127;DOL;*;J19 ;0000000000000;0000000000000;00000000;00000000;00000000;00000000;00000000;0000036698540;0000037071430;0000000000000;00372890;
20170127;DOL;*;K17 ;0000001619750;0000000512644;00000265;03239500;03239500;03239500;03239500;0000032257500;0000032591490;0000000166995;00333990;
20170127;DOL;*;M17 ;0000000000000;0000000000000;00000350;00000000;00000000;00000000;00000000;0000032509570;0000032846860;0000000168645;00337290;
20170127;DOL;*;N17 ;0000000000000;0000000000000;00017120;00000000;00000000;00000000;00000000;0000032737590;0000033082240;0000000172325;00344650;
20170127;DOL;*;N18 ;0000000000000;0000000000000;00000170;00000000;00000000;00000000;00000000;0000035014740;0000035389010;0000000187135;00374270;
20170127;DOL;*;N19 ;0000000000000;0000000000000;00000400;00000000;00000000;00000000;00000000;0000037248640;0000037636790;0000000194075;00388150;
20170127;DOL;*;N21 ;0000000000000;0000000000000;00000000;00000000;00000000;00000000;00000000;0000041791230;0000042259160;0000000000000;00467930;
20170127;DOL;*;Q17 ;0000000000000;0000000000000;00000270;00000000;00000000;00000000;00000000;0000032950120;0000033292440;0000000171160;00342320;
20170127;DOL;*;U17 ;0000000000000;0000000000000;00000790;00000000;00000000;00000000;00000000;0000033189090;0000033530790;0000000170850;00341700;
20170127;DOL;*;V17 ;0000000000000;0000000000000;00001035;00000000;00000000;00000000;00000000;0000033369920;0000033719750;0000000174915;00349830;
20170127;DOL;*;V18 ;0000000000000;0000000000000;00000000;00000000;00000000;00000000;00000000;0000035603050;0000035984180;0000000000000;00381130;
20170127;DOL;*;V19 ;0000000000000;0000000000000;00000000;00000000;00000000;00000000;00000000;0000037866500;0000038285480;0000000000000;00418980;
20170127;DOL;*;X17 ;0000000000000;0000000000000;00000000;00000000;00000000;00000000;00000000;0000033562800;0000033916440;0000000000000;00353640;
20170127;DOL;*;Z17 ;0000000000000;0000000000000;00000000;00000000;00000000;00000000;00000000;0000033738730;0000034095450;0000000000000;00356720;
20170127;DR1;*;G7H7;0000000000000;0000000000000;00000000;00023500;00023000;00023550;00023250;0000000000000;0000000000000;0000000000000;00000000;
20170127;ETH;*;F17 ;0000000000000;0000000000000;00001820;00000000;00000000;00000000;00000000;0000000181250;0000000181250;0000000000000;00000000;
20170127;ETH;*;G17 ;0000000000000;0000000000000;00000884;00000000;00000000;00000000;00000000;0000000190000;0000000190000;0000000000000;00000000;
20170127;ETH;*;H17 ;0000000000000;0000000000000;00000677;00000000;00000000;00000000;00000000;0000000190000;0000000190000;0000000000000;00000000;
20170127;ETH;*;J17 ;0000000000000;0000000000000;00000000;00000000;00000000;00000000;00000000;0000000155100;0000000155100;0000000000000;00000000;
20170127;ETH;*;K17 ;0000000000000;0000000000000;00000100;00000000;00000000;00000000;00000000;0000000161500;0000000161500;0000000000000;00000000;
20170127;ETH;*;M17 ;0000000000000;0000000000000;00000200;00000000;00000000;00000000;00000000;0000000161500;0000000161500;0000000000000;00000000;
20170127;ETH;*;N17 ;0000000000000;0000000000000;00000205;00000000;00000000;00000000;00000000;0000000165000;0000000165000;0000000000000;00000000;
20170127;ETH;*;Q17 ;0000000000000;0000000000000;00000205;00000000;00000000;00000000;00000000;0000000165000;0000000165000;0000000000000;00000000;
20170127;ETH;*;U17 ;0000000000000;0000000000000;00000000;00000000;00000000;00000000;00000000;0000000163000;0000000163000;0000000000000;00000000;
20170127;ETH;*;V17 ;0000000000000;0000000000000;00000000;00000000;00000000;00000000;00000000;0000000163000;0000000163000;0000000000000;00000000;
20170127;ETH;*;X17 ;0000000000000;0000000000000;00000000;00000000;00000000;00000000;00000000;0000000163000;0000000163000;0000000000000;00000000;
20170127;ETH;*;Z17 ;0000000000000;0000000000000;00000000;00000000;00000000;00000000;00000000;0000000165000;0000000165000;0000000000000;00000000;
20170127;EUR;*;G17 ;0001852492850;0000586306131;00014749;03396000;03366000;03400000;03366000;0000033696220;0000034061090;0000000182435;00364870;
20170127;EUR;*;H17 ;0001849718000;0000585427902;00000995;03425200;03394100;03426300;03398000;0000033975720;0000034342830;0000000183555;00367110;
20170127;EUR;*;J17 ;0000036040275;0000011406594;00001140;03431500;03430100;03433300;03430100;0000034321860;0000034690540;0000000184340;00368680;
20170127;EUR;*;K17 ;0000000000000;0000000000000;00000000;00000000;00000000;00000000;00000000;0000034588340;0000034961540;0000000000000;00373200;
20170127;EUR;*;N17 ;0000000000000;0000000000000;00000000;00000000;00000000;00000000;00000000;0000035214670;0000035598740;0000000000000;00384070;
20170127;EUR;*;V17 ;0000000000000;0000000000000;00000000;00000000;00000000;00000000;00000000;0000036076650;0000036470940;0000000000000;00394290;
20170127;FRC;*;F18 ;0000000000000;0000000000000;00000000;00000228;00000223;00000228;00000228;0000000000228;0000000000228;0000000000000;00000000;
20170127;FRC;*;F19 ;0000000000000;0000000000000;00000000;00000274;00000271;00000274;00000272;0000000000272;0000000000278;0000000000003;00000006;
20170127;FRC;*;F20 ;0000000000000;0000000000000;00000000;00000319;00000319;00000319;00000319;0000000000319;0000000000329;0000000000005;00000010;
20170127;FRC;*;F21 ;0000000000000;0000000000000;00000000;00000375;00000371;00000375;00000371;0000000000371;0000000000377;0000000000003;00000006;
20170127;FRC;*;F22 ;0000000000000;0000000000000;00000000;00000415;00000415;00000415;00000415;0000000000415;0000000000421;0000000000003;00000006;
20170127;FRC;*;F23 ;0000000000000;0000000000000;00000000;00000000;00000000;00000000;00000000;0000000000450;0000000000456;0000000000000;00000006;
20170127;FRC;*;F24 ;0000000000000;0000000000000;00000000;00000000;00000000;00000000;00000000;0000000000488;0000000000495;0000000000000;00000007;
20170127;FRC;*;F25 ;0000000000000;0000000000000;00000000;00000000;00000000;00000000;00000000;0000000000528;0000000000536;0000000000000;00000008;
20170127;FRC;*;F26 ;0000000000000;0000000000000;00000000;00000000;00000000;00000000;00000000;0000000000567;0000000000575;0000000000000;00000008;
20170127;FRC;*;F27 ;0000000000000;0000000000000;00000000;00000000;00000000;00000000;00000000;0000000000605;0000000000611;0000000000000;00000006;
20170127;FRC;*;F28 ;0000000000000;0000000000000;00000000;00000000;00000000;00000000;00000000;0000000000636;0000000000642;0000000000000;00000006;
20170127;FRC;*;F29 ;0000000000000;0000000000000;00000000;00000000;00000000;00000000;00000000;0000000000667;0000000000673;0000000000000;00000006;
20170127;FRC;*;F30 ;0000000000000;0000000000000;00000000;00000000;00000000;00000000;00000000;0000000000696;0000000000702;0000000000000;00000006;
20170127;FRC;*;H17 ;0000000000000;0000000000000;00000000;00000175;00000153;00000175;00000163;0000000000160;0000000000163;0000000000001;00000003;
20170127;FRC;*;J17 ;0000000000000;0000000000000;00000000;00000170;00000164;00000170;00000169;0000000000168;0000000000174;0000000000003;00000006;
20170127;FRC;*;J18 ;0000000000000;0000000000000;00000000;00000235;00000235;00000235;00000235;0000000000235;0000000000237;0000000000001;00000002;
20170127;FRC;*;J19 ;0000000000000;0000000000000;00000000;00000000;00000000;00000000;00000000;0000000000282;0000000000288;0000000000000;00000006;
20170127;FRC;*;J20 ;0000000000000;0000000000000;00000000;00000329;00000329;00000329;00000329;0000000000329;0000000000339;0000000000005;00000010;
20170127;FRC;*;J21 ;0000000000000;0000000000000;00000000;00000000;00000000;00000000;00000000;0000000000385;0000000000391;0000000000000;00000006;
20170127;FRC;*;K17 ;0000000000000;0000000000000;00000000;00000177;00000170;00000177;00000177;0000000000177;0000000000180;0000000000001;00000003;
20170127;FRC;*;M17 ;0000000000000;0000000000000;00000000;00000180;00000180;00000184;00000184;0000000000184;0000000000185;0000000000000;00000001;
20170127;FRC;*;N17 ;0000000000000;0000000000000;00000000;00000182;00000178;00000184;00000184;0000000000184;0000000000182;0000000000001;00000002;
20170127;FRC;*;N18 ;0000000000000;0000000000000;00000000;00000242;00000242;00000247;00000247;0000000000247;0000000000248;0000000000000;00000001;
20170127;FRC;*;N19 ;0000000000000;0000000000000;00000000;00000299;00000295;00000299;00000295;0000000000295;0000000000301;0000000000003;00000006;
20170127;FRC;*;N20 ;0000000000000;0000000000000;00000000;00000345;00000345;00000345;00000345;0000000000345;0000000000354;0000000000004;00000009;
20170127;FRC;*;N21 ;0000000000000;0000000000000;00000000;00000000;00000000;00000000;00000000;0000000000398;0000000000405;0000000000000;00000007;
20170127;FRC;*;Q17 ;0000000000000;0000000000000;00000000;00000196;00000196;00000196;00000196;0000000000196;0000000000195;0000000000000;00000001;
20170127;FRC;*;U17 ;0000000000000;0000000000000;00000000;00000198;00000198;00000198;00000198;0000000000198;0000000000198;0000000000000;00000000;
20170127;FRC;*;V17 ;0000000000000;0000000000000;00000000;00000207;00000204;00000207;00000204;0000000000208;0000000000208;0000000000000;00000000;
20170127;FRC;*;V18 ;0000000000000;0000000000000;00000000;00000257;00000257;00000257;00000257;0000000000257;0000000000260;0000000000001;00000003;
20170127;FRC;*;V19 ;0000000000000;0000000000000;00000000;00000308;00000308;00000308;00000308;0000000000308;0000000000313;0000000000002;00000005;
20170127;FRC;*;V20 ;0000000000000;0000000000000;00000000;00000000;00000000;00000000;00000000;0000000000358;0000000000366;0000000000000;00000008;
20170127;FRC;*;V21 ;0000000000000;0000000000000;00000000;00000000;00000000;00000000;00000000;0000000000407;0000000000414;0000000000000;00000007;
20170127;FRC;*;X17 ;0000000000000;0000000000000;00000000;00000213;00000213;00000213;00000213;0000000000213;0000000000213;0000000000000;00000000;
20170127;FRC;*;Z17 ;0000000000000;0000000000000;00000000;00000000;00000000;00000000;00000000;0000000000219;0000000000219;0000000000000;00000000;
20170127;FRO;*;F18 ;0000000000000;0000000000000;00000000;00000000;00000000;00000000;00000000;0000000000230;0000000000230;0000000000000;00000000;
20170127;FRO;*;F19 ;0000000000000;0000000000000;00000000;00000000;00000000;00000000;00000000;0000000000274;0000000000280;0000000000000;00000006;
20170127;FRO;*;F20 ;0000000000000;0000000000000;00000000;00000000;00000000;00000000;00000000;0000000000321;0000000000331;0000000000000;00000010;
20170127;FRO;*;F21 ;0000000000000;0000000000000;00000000;00000000;00000000;00000000;00000000;0000000000373;0000000000379;0000000000000;00000006;
20170127;FRO;*;F22 ;0000000000000;0000000000000;00000000;00000000;00000000;00000000;00000000;0000000000417;0000000000423;0000000000000;00000006;
20170127;FRO;*;F23 ;0000000000000;0000000000000;00000000;00000000;00000000;00000000;00000000;0000000000452;0000000000458;0000000000000;00000006;
20170127;FRO;*;F24 ;0000000000000;0000000000000;00000000;00000000;00000000;00000000;00000000;0000000000490;0000000000497;0000000000000;00000007;
20170127;FRO;*;F25 ;0000000000000;0000000000000;00000000;00000000;00000000;00000000;00000000;0000000000530;0000000000538;0000000000000;00000008;
20170127;FRO;*;F26 ;0000000000000;0000000000000;00000000;00000000;00000000;00000000;00000000;0000000000569;0000000000577;0000000000000;00000008;
20170127;FRO;*;F27 ;0000000000000;0000000000000;00000000;00000000;00000000;00000000;00000000;0000000000608;0000000000614;0000000000000;00000006;
20170127;FRO;*;F28 ;0000000000000;0000000000000;00000000;00000000;00000000;00000000;00000000;0000000000639;0000000000645;0000000000000;00000006;
20170127;FRO;*;F29 ;0000000000000;0000000000000;00000000;00000000;00000000;00000000;00000000;0000000000670;0000000000676;0000000000000;00000006;
20170127;FRO;*;F30 ;0000000000000;0000000000000;00000000;00000000;00000000;00000000;00000000;0000000000699;0000000000705;0000000000000;00000006;
20170127;FRO;*;H17 ;0000000000000;0000000000000;00000000;00000000;00000000;00000000;00000000;0000000000162;0000000000165;0000000000000;00000003;
20170127;FRO;*;J17 ;0000000000000;0000000000000;00000000;00000000;00000000;00000000;00000000;0000000000170;0000000000176;0000000000000;00000006;
20170127;FRO;*;J18 ;0000000000000;0000000000000;00000000;00000000;00000000;00000000;00000000;0000000000237;0000000000239;0000000000000;00000002;
20170127;FRO;*;J19 ;0000000000000;0000000000000;00000000;00000000;00000000;00000000;00000000;0000000000284;0000000000290;0000000000000;00000006;
20170127;FRO;*;J20 ;0000000000000;0000000000000;00000000;00000000;00000000;00000000;00000000;0000000000331;0000000000341;0000000000000;00000010;
20170127;FRO;*;J21 ;0000000000000;0000000000000;00000000;00000000;00000000;00000000;00000000;0000000000387;0000000000393;0000000000000;00000006;
20170127;FRO;*;K17 ;0000000000000;0000000000000;00000000;00000000;00000000;00000000;00000000;0000000000179;0000000000182;0000000000000;00000003;
20170127;FRO;*;M17 ;0000000000000;0000000000000;00000000;00000000;00000000;00000000;00000000;0000000000186;0000000000187;0000000000000;00000001;
20170127;FRO;*;N17 ;0000000000000;0000000000000;00000000;00000000;00000000;00000000;00000000;0000000000186;0000000000184;0000000000000;00000002;
20170127;FRO;*;N18 ;0000000000000;0000000000000;00000000;00000000;00000000;00000000;00000000;0000000000249;0000000000250;0000000000000;00000001;
20170127;FRO;*;N19 ;0000000000000;0000000000000;00000000;00000000;00000000;00000000;00000000;0000000000297;0000000000303;0000000000000;00000006;
20170127;FRO;*;N20 ;0000000000000;0000000000000;00000000;00000000;00000000;00000000;00000000;0000000000347;0000000000356;0000000000000;00000009;
20170127;FRO;*;N21 ;0000000000000;0000000000000;00000000;00000000;00000000;00000000;00000000;0000000000400;0000000000407;0000000000000;00000007;
20170127;FRO;*;Q17 ;0000000000000;0000000000000;00000000;00000000;00000000;00000000;00000000;0000000000198;0000000000197;0000000000000;00000001;
20170127;FRO;*;U17 ;0000000000000;0000000000000;00000000;00000000;00000000;00000000;00000000;0000000000200;0000000000200;0000000000000;00000000;
20170127;FRO;*;V17 ;0000000000000;0000000000000;00000000;00000000;00000000;00000000;00000000;0000000000210;0000000000210;0000000000000;00000000;
20170127;FRO;*;V18 ;0000000000000;0000000000000;00000000;00000000;00000000;00000000;00000000;0000000000259;0000000000262;0000000000000;00000003;
20170127;FRO;*;V19 ;0000000000000;0000000000000;00000000;00000000;00000000;00000000;00000000;0000000000310;0000000000315;0000000000000;00000005;
20170127;FRO;*;V20 ;0000000000000;0000000000000;00000000;00000000;00000000;00000000;00000000;0000000000360;0000000000368;0000000000000;00000008;
20170127;FRO;*;V21 ;0000000000000;0000000000000;00000000;00000000;00000000;00000000;00000000;0000000000409;0000000000416;0000000000000;00000007;
20170127;FRO;*;X17 ;0000000000000;0000000000000;00000000;00000000;00000000;00000000;00000000;0000000000215;0000000000215;0000000000000;00000000;
20170127;FRO;*;Z17 ;0000000000000;0000000000000;00000000;00000000;00000000;00000000;00000000;0000000000221;0000000000221;0000000000000;00000000;
20170127;FRP;*;FRP0;0000000000000;0000000000000;00000000;00000270;00000240;00000270;00000250;0000000000000;0000000000000;0000000000000;00000000;
20170127;GBP;*;G17 ;0000052822070;0000016717961;00000470;03977000;03960000;03977000;03960000;0000039543670;0000040125080;0000000203493;00581410;
20170127;GBP;*;H17 ;0000053237026;0000016849293;00000500;04007800;03991200;04007800;03991200;0000039851510;0000040436510;0000000204750;00585000;
20170127;GBP;*;J17 ;0000000000000;0000000000000;00000000;00000000;00000000;00000000;00000000;0000040229770;0000040818480;0000000000000;00588710;
20170127;HSI;*;F17 ;0000000000000;0000000000000;00000000;00000000;00000000;00000000;00000000;0000000023348;0000000023348;0000000000000;00000000;
20170127;HSI;*;G17 ;0000000000000;0000000000000;00000000;00000000;00000000;00000000;00000000;0000000023332;0000000023365;0000000000000;00000033;
20170127;IAP;*;G17 ;0000000000000;0000000000000;00000000;00000000;00000000;00000000;00000000;0000000479932;0000000479935;0000000000075;00000003;
20170127;IAP;*;H17 ;0000000000000;0000000000000;00000000;00000000;00000000;00000000;00000000;0000000481917;0000000481922;0000000000000;00000005;
20170127;IAP;*;J17 ;0000000000000;0000000000000;00000000;00000000;00000000;00000000;00000000;0000000484418;0000000484418;0000000000000;00000000;
20170127;IAP;*;K17 ;0000000000000;0000000000000;00000000;00000000;00000000;00000000;00000000;0000000486540;0000000486510;0000000000000;00000030;
20170127;IAP;*;K19 ;0000000000000;0000000000000;00000000;00000000;00000000;00000000;00000000;0000000529388;0000000529904;0000000000000;00000516;
20170127;IAP;*;K21 ;0000000000000;0000000000000;00000000;00000000;00000000;00000000;00000000;0000000582896;0000000584360;0000000000000;00001464;
20170127;IAP;*;Q18 ;0000000000000;0000000000000;00000000;00000000;00000000;00000000;00000000;0000000512483;0000000512707;0000000000000;00000224;
20170127;IAP;*;Q20 ;0000000000000;0000000000000;00000000;00000000;00000000;00000000;00000000;0000000562641;0000000563886;0000000000000;00001245;
20170127;IAP;*;Q22 ;0000000000000;0000000000000;00000000;00000000;00000000;00000000;00000000;0000000619611;0000000622046;0000000000000;00002435;
20170127;ICF;*;H17 ;0000007256617;0000002300110;00002842;00018200;00018025;00018365;00018310;0000000018350;0000000018230;0000000037858;00000120;
20170127;ICF;*;K17 ;0000005915438;0000001875000;00000100;00018750;00018750;00018750;00018750;0000000018695;0000000018570;0000000039436;00000125;
20170127;ICF;*;N17 ;0000000000000;0000000000000;00000000;00000000;00000000;00000000;00000000;0000000018920;0000000018800;0000000000000;00000120;
20170127;ICF;*;U17 ;0000002356521;0000000746940;00002526;00019015;00018980;00019265;00019175;0000000019220;0000000019100;0000000037858;00000120;
20170127;ICF;*;U18 ;0000000000000;0000000000000;00000294;00000000;00000000;00000000;00000000;0000000019685;0000000019565;0000000037858;00000120;
20170127;ICF;*;Z17 ;0000000000000;0000000000000;00000192;00000000;00000000;00000000;00000000;0000000019715;0000000019590;0000000039436;00000125;
20170127;ICF;*;Z18 ;0000000000000;0000000000000;00000029;00000000;00000000;00000000;00000000;0000000019970;0000000019850;0000000037858;00000120;
20170127;IGM;*;K17 ;0000000000000;0000000000000;00000000;00000000;00000000;00000000;00000000;0000000672099;0000000672362;0000000005260;00000263;
20170127;IGM;*;K19 ;0000000000000;0000000000000;00000000;00000000;00000000;00000000;00000000;0000000725852;0000000726602;0000000000000;00000750;
20170127;IGM;*;K21 ;0000000000000;0000000000000;00000000;00000000;00000000;00000000;00000000;0000000800367;0000000802581;0000000000000;00002214;
20170127;IGM;*;Q18 ;0000000000000;0000000000000;00000000;00000000;00000000;00000000;00000000;0000000703544;0000000703831;0000000000000;00000287;
20170127;IGM;*;Q20 ;0000000000000;0000000000000;00000000;00000000;00000000;00000000;00000000;0000000772034;0000000773553;0000000000000;00001519;
20170127;IND;*;G17 ;0002683671300;0000849370585;00256317;00066600;00066300;00066630;00066490;0000000066480;0000000066631;0000000015100;00000151;
20170127;IND;*;G18 ;0000000000000;0000000000000;00000000;00000000;00000000;00000000;00000000;0000000072698;0000000072876;0000000000000;00000178;
20170127;IND;*;J17 ;0000015862500;0000005020414;00014505;00067700;00067400;00067700;00067400;0000000067539;0000000067693;0000000015400;00000154;
20170127;IND;*;J18 ;0000000000000;0000000000000;00000000;00000000;00000000;00000000;00000000;0000000073769;0000000073957;0000000000000;00000188;
20170127;IND;*;M17 ;0000085425000;0000027036650;00021225;00069000;00068400;00069000;00068400;0000000068646;0000000068803;0000000015700;00000157;
20170127;IND;*;M18 ;0000000000000;0000000000000;00001080;00000000;00000000;00000000;00000000;0000000074704;0000000074902;0000000019800;00000198;
20170127;IND;*;Q17 ;0000000000000;0000000000000;00002350;00000000;00000000;00000000;00000000;0000000069786;0000000069938;0000000015200;00000152;
20170127;IND;*;Q18 ;0000000000000;0000000000000;00000000;00000000;00000000;00000000;00000000;0000000075844;0000000076058;0000000000000;00000214;
20170127;IND;*;V17 ;0000000000000;0000000000000;00000950;00000000;00000000;00000000;00000000;0000000070793;0000000070958;0000000016500;00000165;
20170127;IND;*;V18 ;0000000000000;0000000000000;00000000;00000000;00000000;00000000;00000000;0000000076955;0000000077187;0000000000000;00000232;
20170127;IND;*;Z17 ;0000030788000;0000009744271;00008670;00071600;00071600;00071600;00071600;0000000071711;0000000071883;0000000017200;00000172;
20170127;IND;*;Z18 ;0000000000000;0000000000000;00000000;00000000;00000000;00000000;00000000;0000000077942;0000000078199;0000000000000;00000257;
20170127;IR1;*;G7J7;0000000000000;0000000000000;00000000;00000000;00000000;00000000;00000000;0000000000000;0000000000000;0000000000000;00000000;
20170127;ISP;*;H17 ;0000039751462;0000012599912;00002408;00229300;00228750;00229425;00229025;0000000228925;0000000229400;0000000074928;00000475;
20170127;ISP;*;M17 ;0000000360211;0000000114175;00000009;00228350;00228350;00228350;00228350;0000000228400;0000000228850;0000000070985;00000450;
20170127;ISP;*;U17 ;0000000000000;0000000000000;00000000;00000000;00000000;00000000;00000000;0000000227975;0000000228425;0000000000000;00000450;
20170127;ISP;*;Z17 ;0000000000000;0000000000000;00000000;00000000;00000000;00000000;00000000;0000000227625;0000000228075;0000000000000;00000450;
20170127;JPY;*;G17 ;0000094833970;0000030014549;00000803;02758500;02738000;02758500;02738000;0000027374000;0000027804500;0000000215250;00430500;
20170127;JPY;*;H17 ;0000046643145;0000014762358;00000590;02780200;02754000;02780200;02754000;0000027593100;0000028026400;0000000216650;00433300;
20170127;JPY;*;J17 ;0000077729920;0000024601190;00001164;02795400;02790000;02795400;02790100;0000027865800;0000028301600;0000000217900;00435800;
20170127;JPY;*;K17 ;0000000000000;0000000000000;00000000;00000000;00000000;00000000;00000000;0000028077100;0000028516900;0000000000000;00439800;
20170127;JSE;*;H17 ;0000000000000;0000000000000;00000000;00000000;00000000;00000000;00000000;0000000046510;0000000046843;0000000000000;00000333;
20170127;JSE;*;M17 ;0000000000000;0000000000000;00000000;00000000;00000000;00000000;00000000;0000000047069;0000000047402;0000000000000;00000333;
20170127;MIX;*;H17 ;0000000000000;0000000000000;00000000;00000000;00000000;00000000;00000000;0000000002291;0000000002255;0000000000000;00000036;
20170127;MIX;*;M17 ;0000000000000;0000000000000;00000000;00000000;00000000;00000000;00000000;0000000002327;0000000002278;0000000000000;00000049;
20170127;MXN;*;G17 ;0000004173750;0000001320974;00000255;01500000;01500000;01505000;01505000;0000015039930;0000014958750;0000000060885;00081180;
20170127;MXN;*;H17 ;0000000789075;0000000249739;00000019;01503000;01503000;01503000;01503000;0000015088030;0000015006250;0000000061335;00081780;
20170127;MXN;*;J17 ;0000003411000;0000001079567;00000007;01516000;01516000;01516000;01516000;0000015146310;0000015063220;0000000062317;00083090;
20170127;NZD;*;G17 ;0000000343800;0000000108811;00000039;02292000;02292000;02292000;02292000;0000022877760;0000023053220;0000000131595;00175460;
20170127;NZD;*;H17 ;0000000345600;0000000109381;00000025;02304000;02304000;02304000;02304000;0000023026700;0000023195420;0000000126540;00168720;
20170127;NZD;*;J17 ;0000000000000;0000000000000;00000025;00000000;00000000;00000000;00000000;0000023202760;0000023376660;0000000130425;00173900;
20170127;OC1;*;F18 ;0000000000000;0000000000000;00000000;00000000;00000000;00000000;00000000;0000009094978;0000009093727;0000000000000;00001251;
20170127;OC1;*;F19 ;0000000000000;0000000000000;00000000;00000000;00000000;00000000;00000000;0000008279932;0000008270651;0000000000000;00009281;
20170127;OC1;*;F20 ;0000000000000;0000000000000;00000000;00000000;00000000;00000000;00000000;0000007474157;0000007460818;0000000000000;00013339;
20170127;OC1;*;F21 ;0000000000000;0000000000000;00000000;00000000;00000000;00000000;00000000;0000006733997;0000006712929;0000000000000;00021068;
20170127;OC1;*;F22 ;0000000000000;0000000000000;00000000;00000000;00000000;00000000;00000000;0000006055395;0000006031777;0000000000000;00023618;
20170127;OC1;*;F23 ;0000000000000;0000000000000;00000000;00000000;00000000;00000000;00000000;0000005436553;0000005410974;0000000000000;00025579;
20170127;OC1;*;F24 ;0000000000000;0000000000000;00000000;00000000;00000000;00000000;00000000;0000004896605;0000004866643;0000000000000;00029962;
20170127;OC1;*;F25 ;0000000000000;0000000000000;00000000;00000000;00000000;00000000;00000000;0000004398054;0000004367180;0000000000000;00030874;
20170127;OC1;*;F26 ;0000000000000;0000000000000;00000000;00000000;00000000;00000000;00000000;0000003958542;0000003925628;0000000000000;00032914;
20170127;OC1;*;F27 ;0000000000000;0000000000000;00000000;00000000;00000000;00000000;00000000;0000003560382;0000003522765;0000000000000;00037617;
20170127;OC1;*;F28 ;0000000000000;0000000000000;00000000;00000000;00000000;00000000;00000000;0000003205191;0000003167608;0000000000000;00037583;
20170127;OC1;*;F29 ;0000000000000;0000000000000;00000000;00000000;00000000;00000000;00000000;0000002887879;0000002850949;0000000000000;00036930;
20170127;OC1;*;F30 ;0000000000000;0000000000000;00000000;00000000;00000000;00000000;00000000;0000002591162;0000002555273;0000000000000;00035889;
20170127;OC1;*;G17 ;0000000000000;0000000000000;00010000;00000000;00000000;00000000;00000000;0000009985577;0000009985564;0000000000013;00000013;
20170127;OC1;*;H17 ;0000000000000;0000000000000;00000000;00000000;00000000;00000000;00000000;0000009899904;0000009899927;0000000000000;00000023;
20170127;OC1;*;J17 ;0000000000000;0000000000000;00029800;00000000;00000000;00000000;00000000;0000009796554;0000009796429;0000000000125;00000125;
20170127;OC1;*;J18 ;0000000000000;0000000000000;00000000;00000000;00000000;00000000;00000000;0000008889917;0000008887718;0000000000000;00002199;
20170127;OC1;*;J19 ;0000000000000;0000000000000;00000000;00000000;00000000;00000000;00000000;0000008078971;0000008070242;0000000000000;00008729;
20170127;OC1;*;J20 ;0000000000000;0000000000000;00000000;00000000;00000000;00000000;00000000;0000007281954;0000007265730;0000000000000;00016224;
20170127;OC1;*;J21 ;0000000000000;0000000000000;00000000;00000000;00000000;00000000;00000000;0000006561832;0000006540736;0000000000000;00021096;
20170127;OC1;*;K17 ;0000000000000;0000000000000;00000000;00000000;00000000;00000000;00000000;0000009718948;0000009718833;0000000000000;00000115;
20170127;OC1;*;M17 ;0000000000000;0000000000000;00000000;00000000;00000000;00000000;00000000;0000009627307;0000009627299;0000000000000;00000008;
20170127;OC1;*;N17 ;0000000000000;0000000000000;00000000;00000000;00000000;00000000;00000000;0000009544314;0000009544130;0000000000000;00000184;
20170127;OC1;*;N18 ;0000000000000;0000000000000;00000000;00000000;00000000;00000000;00000000;0000008683934;0000008680118;0000000000000;00003816;
20170127;OC1;*;N19 ;0000000000000;0000000000000;00000000;00000000;00000000;00000000;00000000;0000007882151;0000007872581;0000000000000;00009570;
20170127;OC1;*;N20 ;0000000000000;0000000000000;00000000;00000000;00000000;00000000;00000000;0000007095964;0000007081069;0000000000000;00014895;
20170127;OC1;*;N21 ;0000000000000;0000000000000;00000000;00000000;00000000;00000000;00000000;0000006391213;0000006369924;0000000000000;00021289;
20170127;OC1;*;N22 ;0000000000000;0000000000000;00000000;00000000;00000000;00000000;00000000;0000005741448;0000005716771;0000000000000;00024677;
20170127;OC1;*;N23 ;0000000000000;0000000000000;00000000;00000000;00000000;00000000;00000000;0000005160742;0000005132638;0000000000000;00028104;
20170127;OC1;*;N24 ;0000000000000;0000000000000;00000000;00000000;00000000;00000000;00000000;0000004646495;0000004616019;0000000000000;00030476;
20170127;OC1;*;Q17 ;0000000000000;0000000000000;00000000;00000000;00000000;00000000;00000000;0000009463106;0000009463944;0000000000000;00000838;
20170127;OC1;*;U17 ;0000000000000;0000000000000;00000000;00000000;00000000;00000000;00000000;0000009378194;0000009379068;0000000000000;00000874;
20170127;OC1;*;V17 ;0000000000000;0000000000000;00000000;00000000;00000000;00000000;00000000;0000009305343;0000009304956;0000000000000;00000387;
20170127;OC1;*;V18 ;0000000000000;0000000000000;00000000;00000000;00000000;00000000;00000000;0000008475366;0000008469717;0000000000000;00005649;
20170127;OC1;*;V19 ;0000000000000;0000000000000;00000000;00000000;00000000;00000000;00000000;0000007674875;0000007659671;0000000000000;00015204;
20170127;OC1;*;V20 ;0000000000000;0000000000000;00000000;00000000;00000000;00000000;00000000;0000006907793;0000006887597;0000000000000;00020196;
20170127;OC1;*;V21 ;0000000000000;0000000000000;00000000;00000000;00000000;00000000;00000000;0000006218351;0000006195876;0000000000000;00022475;
20170127;OC1;*;X17 ;0000000000000;0000000000000;00000000;00000000;00000000;00000000;00000000;0000009232409;0000009231714;0000000000000;00000695;
20170127;OC1;*;Z17 ;0000000000000;0000000000000;00000000;00000000;00000000;00000000;00000000;0000009163430;0000009162441;0000000000000;00000989;
20170127;OZ1;*;0000;0000001817632;0000000575273;00000000;00119350;00119010;00120000;00120000;0000000119308;0000000120014;0000000000000;00000200;
20170127;OZ1;*;G17 ;0000000000000;0000000000000;00000000;00000000;00000000;00000000;00000000;0000000120115;0000000120374;0000000000000;00000259;
20170127;OZ1;*;H17 ;0000000000000;0000000000000;00000000;00000000;00000000;00000000;00000000;0000000121154;0000000121414;0000000000000;00000260;
20170127;OZ2;*;0000;0000000075212;0000000023804;00000000;00120000;00119300;00120600;00119500;0000000119505;0000000121071;0000000000000;00001500;
20170127;OZ3;*;0000;0000000003864;0000000001223;00000000;00119300;00118500;00119500;00119500;0000000119273;0000000119000;0000000000000;00000500;
20170127;SCS;*;G701;0000000000000;0000000000000;00128620;00000000;00000000;00000000;00000000;0000000000000;0000000000000;0000000000000;00000000;
20170127;SCS;*;H701;0000000000000;0000000000000;00139075;00000000;00000000;00000000;00000000;0000000000000;0000000000000;0000000000000;00000000;
20170127;SCS;*;J703;0000000000000;0000000000000;00194220;00000000;00000000;00000000;00000000;0000000000000;0000000000000;0000000000000;00000000;
20170127;SCS;*;K702;0000000000000;0000000000000;00069255;00000000;00000000;00000000;00000000;0000000000000;0000000000000;0000000000000;00000000;
20170127;SFI;*;K17 ;0000000000000;0000000000000;00000000;00000000;00000000;00000000;00000000;0000000002266;0000000002267;0000000000000;00000001;
20170127;SFI;*;N17 ;0000000000000;0000000000000;00000000;00000000;00000000;00000000;00000000;0000000002275;0000000002276;0000000000000;00000001;
20170127;SFI;*;X17 ;0000000000000;0000000000000;00000000;00000000;00000000;00000000;00000000;0000000002187;0000000002183;0000000000000;00000004;
20170127;SJC;*;F18 ;0000000000000;0000000000000;00000000;00000000;00000000;00000000;00000000;0000000226576;0000000226190;0000000000000;00000386;
20170127;SJC;*;H17 ;0000000590597;0000000187200;00000503;00002311;00002311;00002313;00002311;0000000231316;0000000231371;0000000000780;00000055;
20170127;SJC;*;K17 ;0000000794167;0000000251725;00001520;00002332;00002327;00002339;00002332;0000000233410;0000000233466;0000000000795;00000056;
20170127;SJC;*;K18 ;0000000000000;0000000000000;00000000;00000000;00000000;00000000;00000000;0000000225915;0000000225419;0000000000000;00000496;
20170127;SJC;*;N17 ;0000000000000;0000000000000;00000078;00000000;00000000;00000000;00000000;0000000234899;0000000234954;0000000000780;00000055;
20170127;SJC;*;Q17 ;0000000000000;0000000000000;00000000;00000000;00000000;00000000;00000000;0000000234292;0000000234237;0000000000000;00000055;
20170127;SJC;*;U17 ;0000000000000;0000000000000;00000000;00000000;00000000;00000000;00000000;0000000230049;0000000229828;0000000000000;00000221;
20170127;SJC;*;X17 ;0000000000000;0000000000000;00000010;00000000;00000000;00000000;00000000;0000000226025;0000000225584;0000000006260;00000441;
20170127;TRY;*;G17 ;0000004517700;0000001429833;00000075;00814000;00814000;00814000;00814000;0000008136440;0000008250780;0000000085755;00114340;
20170127;TRY;*;H17 ;0000004514700;0000001428883;00000161;00814000;00813000;00814000;00813000;0000008136690;0000008251700;0000000086257;00115010;
20170127;TRY;*;J17 ;0000000000000;0000000000000;00000000;00000000;00000000;00000000;00000000;0000008128970;0000008243450;0000000000000;00114480;
20170127;T10;*;H17 ;0000013705697;0000004337795;00002543;00123937;00123937;00123937;00123937;0000001241718;0000001239687;0000000064171;00002031;
20170127;T10;*;M17 ;0000000000000;0000000000000;00000000;00000000;00000000;00000000;00000000;0000001236093;0000001233906;0000000000000;00002187;
20170127;WDO;*;F18 ;0000000000000;0000000000000;00000000;00000000;00000000;00000000;00000000;0000033900600;0000034259440;0000000000000;00358840;
20170127;WDO;*;F19 ;0000000000000;0000000000000;00000000;00000000;00000000;00000000;00000000;0000036115240;0000036491370;0000000000000;00376130;
20170127;WDO;*;F20 ;0000000000000;0000000000000;00000000;00000000;00000000;00000000;00000000;0000038483790;0000038846680;0000000000000;00362890;
20170127;WDO;*;F21 ;0000000000000;0000000000000;00000000;00000000;00000000;00000000;00000000;0000040726100;0000041190510;0000000000000;00464410;
20170127;WDO;*;F25 ;0000000000000;0000000000000;00000000;00000000;00000000;00000000;00000000;0000050203390;0000050851300;0000000000000;00647910;
20170127;WDO;*;G17 ;0012458170185;0003942958028;00030054;03182000;03140500;03186000;03144000;0000031536840;0000031865350;0000000032851;00328510;
20170127;WDO;*;H17 ;0000026628230;0000008427722;00000523;03195000;03164500;03196000;03165500;0000031769800;0000032099830;0000000033003;00330030;
20170127;WDO;*;J17 ;0000000000000;0000000000000;00000014;00000000;00000000;00000000;00000000;0000032053290;0000032384170;0000000033088;00330880;
20170127;WDO;*;J18 ;0000000000000;0000000000000;00000000;00000000;00000000;00000000;00000000;0000034460110;0000034820140;0000000000000;00360030;
20170127;WDO;*;J19 ;0000000000000;0000000000000;00000000;00000000;00000000;00000000;00000000;0000036698540;0000037071430;0000000000000;00372890;
20170127;WDO;*;K17 ;0000000000000;0000000000000;00000017;00000000;00000000;00000000;00000000;0000032257500;0000032591490;0000000033399;00333990;
20170127;WDO;*;M17 ;0000000000000;0000000000000;00000000;00000000;00000000;00000000;00000000;0000032509570;0000032846860;0000000000000;00337290;
20170127;WDO;*;N17 ;0000000000000;0000000000000;00000006;00000000;00000000;00000000;00000000;0000032737590;0000033082240;0000000034465;00344650;
20170127;WDO;*;N18 ;0000000000000;0000000000000;00000000;00000000;00000000;00000000;00000000;0000035014740;0000035389010;0000000000000;00374270;
20170127;WDO;*;N19 ;0000000000000;0000000000000;00000000;00000000;00000000;00000000;00000000;0000037248640;0000037636790;0000000000000;00388150;
20170127;WDO;*;N21 ;0000000000000;0000000000000;00000000;00000000;00000000;00000000;00000000;0000041791230;0000042259160;0000000000000;00467930;
20170127;WDO;*;Q17 ;0000000000000;0000000000000;00000000;00000000;00000000;00000000;00000000;0000032950120;0000033292440;0000000000000;00342320;
20170127;WDO;*;U17 ;0000000000000;0000000000000;00000000;00000000;00000000;00000000;00000000;0000033189090;0000033530790;0000000000000;00341700;
20170127;WDO;*;V17 ;0000000000000;0000000000000;00000000;00000000;00000000;00000000;00000000;0000033369920;0000033719750;0000000000000;00349830;
20170127;WDO;*;V18 ;0000000000000;0000000000000;00000000;00000000;00000000;00000000;00000000;0000035603050;0000035984180;0000000000000;00381130;
20170127;WDO;*;V19 ;0000000000000;0000000000000;00000000;00000000;00000000;00000000;00000000;0000037866500;0000038285480;0000000000000;00418980;
20170127;WDO;*;X17 ;0000000000000;0000000000000;00000000;00000000;00000000;00000000;00000000;0000033562800;0000033916440;0000000000000;00353640;
20170127;WDO;*;Z17 ;0000000000000;0000000000000;00000000;00000000;00000000;00000000;00000000;0000033738730;0000034095450;0000000000000;00356720;
20170127;WD1;*;G7H7;0000000000000;0000000000000;00000000;00023400;00023000;00023850;00023100;0000000000000;0000000000000;0000000000000;00000000;
20170127;WEU;*;G17 ;0000000000000;0000000000000;00000000;00000000;00000000;00000000;00000000;0000033696220;0000034061090;0000000000000;00364870;
20170127;WEU;*;H17 ;0000000000000;0000000000000;00000000;00000000;00000000;00000000;00000000;0000033975720;0000034342830;0000000000000;00367110;
20170127;WEU;*;J17 ;0000000000000;0000000000000;00000000;00000000;00000000;00000000;00000000;0000034321860;0000034690540;0000000000000;00368680;
20170127;WEU;*;K17 ;0000000000000;0000000000000;00000000;00000000;00000000;00000000;00000000;0000034588340;0000034961540;0000000000000;00373200;
20170127;WEU;*;N17 ;0000000000000;0000000000000;00000000;00000000;00000000;00000000;00000000;0000035214670;0000035598740;0000000000000;00384070;
20170127;WEU;*;V17 ;0000000000000;0000000000000;00000000;00000000;00000000;00000000;00000000;0000036076650;0000036470940;0000000000000;00394290;
20170127;WIN;*;G17 ;0007644274055;0002419380319;00108752;00066600;00066290;00066660;00066490;0000000066480;0000000066631;0000000003020;00000151;
20170127;WIN;*;G18 ;0000000000000;0000000000000;00000000;00000000;00000000;00000000;00000000;0000000072698;0000000072876;0000000000000;00000178;
20170127;WIN;*;J17 ;0000000026950;0000000008530;00000085;00067450;00067300;00067450;00067300;0000000067539;0000000067693;0000000003080;00000154;
20170127;WIN;*;J18 ;0000000000000;0000000000000;00000000;00000000;00000000;00000000;00000000;0000000073769;0000000073957;0000000000000;00000188;
20170127;WIN;*;M17 ;0000000000000;0000000000000;00000000;00000000;00000000;00000000;00000000;0000000068646;0000000068803;0000000000000;00000157;
20170127;WIN;*;M18 ;0000000000000;0000000000000;00000000;00000000;00000000;00000000;00000000;0000000074704;0000000074902;0000000000000;00000198;
20170127;WIN;*;Q17 ;0000000000000;0000000000000;00000000;00000000;00000000;00000000;00000000;0000000069786;0000000069938;0000000000000;00000152;
20170127;WIN;*;Q18 ;0000000000000;0000000000000;00000000;00000000;00000000;00000000;00000000;0000000075844;0000000076058;0000000000000;00000214;
20170127;WIN;*;V17 ;0000000000000;0000000000000;00000000;00000000;00000000;00000000;00000000;0000000070793;0000000070958;0000000000000;00000165;
20170127;WIN;*;V18 ;0000000000000;0000000000000;00000000;00000000;00000000;00000000;00000000;0000000076955;0000000077187;0000000000000;00000232;
20170127;WIN;*;Z17 ;0000000000000;0000000000000;00000000;00000000;00000000;00000000;00000000;0000000071711;0000000071883;0000000000000;00000172;
20170127;WIN;*;Z18 ;0000000000000;0000000000000;00000000;00000000;00000000;00000000;00000000;0000000077942;0000000078199;0000000000000;00000257;
20170127;WTI;*;H17 ;0000000000000;0000000000000;00000480;00000000;00000000;00000000;00000000;0000000005317;0000000005378;0000000019244;00000061;
20170127;WTI;*;J17 ;0000000000000;0000000000000;00000000;00000000;00000000;00000000;00000000;0000000005375;0000000005438;0000000000000;00000063;
20170127;ZAR;*;G17 ;0000001311520;0000000415091;00000036;02342000;02342000;02342000;02342000;0000023359580;0000023769820;0000000143584;00410240;
20170127;ZAR;*;H17 ;0000001313665;0000000415769;00000005;02346000;02345100;02346000;02345100;0000023421400;0000023837760;0000000145726;00416360;
20170127;ZAR;*;J17 ;0000000000000;0000000000000;00000010;00000000;00000000;00000000;00000000;0000023469400;0000023884040;0000000145124;00414640;
