Data;Código do Contrato;Pregão;Vencimento;Volume(R$);Volume(U$);Número de contas em Aberto;Preço de Abertura;Preço Mínimo;Preço Máximo;Último Preço;Preço de Ajuste Atual; Preço de Ajuste Anterior;Valor de Ajuste por Contrato;Variação
20170327;AUD;*;J17 ;0000007166898;0000002292967;00001869;02391800;02387700;02391800;02387700;0000023936220;0000023764040;0000000103308;00172180;
20170327;AUD;*;K17 ;0000000000000;0000000000000;00000000;00000000;00000000;00000000;00000000;0000024056770;0000023884410;0000000000000;00172360;
20170327;AUD;*;M17 ;0000000000000;0000000000000;00000650;00000000;00000000;00000000;00000000;0000024224660;0000024051960;0000000103620;00172700;
20170327;BGI;*;F18 ;0000000000000;0000000000000;00000000;00000000;00000000;00000000;00000000;0000000014281;0000000013993;0000000000000;00000288;
20170327;BGI;*;H17 ;0000017152703;0000005472055;00001384;00014100;00014100;00014150;00014125;0000000014125;0000000014000;0000000041250;00000125;
20170327;BGI;*;J17 ;0000007601873;0000002425149;00000181;00014045;00014029;00014050;00014050;0000000014211;0000000013944;0000000088110;00000267;
20170327;BGI;*;K17 ;0000126878452;0000040476760;00006314;00013630;00013630;00013925;00013910;0000000013903;0000000013642;0000000086130;00000261;
20170327;BGI;*;M17 ;0000000000000;0000000000000;00000004;00000000;00000000;00000000;00000000;0000000014005;0000000013738;0000000088110;00000267;
20170327;BGI;*;N17 ;0000000000000;0000000000000;00000002;00000000;00000000;00000000;00000000;0000000014096;0000000013824;0000000089760;00000272;
20170327;BGI;*;Q17 ;0000000000000;0000000000000;00000000;00000000;00000000;00000000;00000000;0000000014190;0000000013912;0000000000000;00000278;
20170327;BGI;*;U17 ;0000000000000;0000000000000;00000000;00000000;00000000;00000000;00000000;0000000014273;0000000013990;0000000000000;00000283;
20170327;BGI;*;V17 ;0000013908018;0000004436935;00001576;00014052;00014052;00014339;00014339;0000000014360;0000000014070;0000000095700;00000290;
20170327;BGI;*;X17 ;0000000000000;0000000000000;00000018;00000000;00000000;00000000;00000000;0000000014379;0000000014089;0000000095700;00000290;
20170327;BGI;*;Z17 ;0000000000000;0000000000000;00000038;00000000;00000000;00000000;00000000;0000000014365;0000000014075;0000000095700;00000290;
20170327;BRI;*;J17 ;0000000214860;0000000068742;00000713;00010741;00010741;00010745;00010745;0000000010745;0000000010669;0000000076000;00000076;
20170327;BRI;*;M17 ;0000000000000;0000000000000;00000000;00000000;00000000;00000000;00000000;0000000010922;0000000010845;0000000000000;00000077;
20170327;BRI;*;Q17 ;0000000000000;0000000000000;00000000;00000000;00000000;00000000;00000000;0000000011091;0000000011014;0000000000000;00000077;
20170327;BSE;*;H17 ;0000000000000;0000000000000;00000000;00000000;00000000;00000000;00000000;0000000029258;0000000029465;0000000000000;00000207;
20170327;BSE;*;J17 ;0000000000000;0000000000000;00000000;00000000;00000000;00000000;00000000;0000000029461;0000000029669;0000000000000;00000208;
20170327;CAD;*;J17 ;0000006327576;0000002024436;00001726;02344100;02343200;02344100;02343300;0000023487280;0000023295330;0000000115170;00191950;
20170327;CAD;*;K17 ;0000000000000;0000000000000;00000000;00000000;00000000;00000000;00000000;0000023636190;0000023445450;0000000000000;00190740;
20170327;CAD;*;M17 ;0000000712650;0000000228004;00000410;02375500;02375500;02375500;02375500;0000023828010;0000023636590;0000000114852;00191420;
20170327;CCM;*;F18 ;0000000026010;0000000008298;00000130;00002900;00002880;00002900;00002880;0000000002931;0000000002882;0000000022050;00000049;
20170327;CCM;*;F19 ;0000000000000;0000000000000;00000000;00000000;00000000;00000000;00000000;0000000002563;0000000002523;0000000000000;00000040;
20170327;CCM;*;H18 ;0000000013009;0000000004150;00000091;00002891;00002891;00002891;00002891;0000000002931;0000000002882;0000000022050;00000049;
20170327;CCM;*;H19 ;0000000000000;0000000000000;00000000;00000000;00000000;00000000;00000000;0000000002453;0000000002416;0000000000000;00000037;
20170327;CCM;*;K17 ;0000038443113;0000012264121;00008783;00002790;00002774;00002915;00002840;0000000002845;0000000002784;0000000027450;00000061;
20170327;CCM;*;K18 ;0000000000000;0000000000000;00000000;00000000;00000000;00000000;00000000;0000000002669;0000000002625;0000000000000;00000044;
20170327;CCM;*;K19 ;0000000000000;0000000000000;00000000;00000000;00000000;00000000;00000000;0000000002349;0000000002313;0000000000000;00000036;
20170327;CCM;*;N17 ;0000000000000;0000000000000;00000000;00000000;00000000;00000000;00000000;0000000002812;0000000002758;0000000000000;00000054;
20170327;CCM;*;N18 ;0000000000000;0000000000000;00000000;00000000;00000000;00000000;00000000;0000000002550;0000000002508;0000000000000;00000042;
20170327;CCM;*;U17 ;0000016259494;0000005187103;00013438;00002728;00002715;00002839;00002776;0000000002776;0000000002729;0000000021150;00000047;
20170327;CCM;*;U18 ;0000000000000;0000000000000;00000000;00000000;00000000;00000000;00000000;0000000002433;0000000002395;0000000000000;00000038;
20170327;CCM;*;X17 ;0000000179910;0000000057395;00000485;00002890;00002850;00002890;00002850;0000000002854;0000000002806;0000000021600;00000048;
20170327;CCM;*;X18 ;0000000000000;0000000000000;00000000;00000000;00000000;00000000;00000000;0000000002497;0000000002457;0000000000000;00000040;
20170327;CHF;*;J17 ;0000000000000;0000000000000;00000184;00000000;00000000;00000000;00000000;0000031894050;0000031473220;0000000210415;00420830;
20170327;CHF;*;K17 ;0000000000000;0000000000000;00000000;00000000;00000000;00000000;00000000;0000032136420;0000031719690;0000000000000;00416730;
20170327;CHF;*;M17 ;0000000000000;0000000000000;00000000;00000000;00000000;00000000;00000000;0000032441740;0000032025100;0000000000000;00416640;
20170327;CLP;*;J17 ;0000000000000;0000000000000;00000062;00000000;00000000;00000000;00000000;0000047228000;0000047170000;0000000014500;00058000;
20170327;CLP;*;K17 ;0000000000000;0000000000000;00000000;00000000;00000000;00000000;00000000;0000047399000;0000047404000;0000000000000;00005000;
20170327;CLP;*;M17 ;0000000000000;0000000000000;00000775;00000000;00000000;00000000;00000000;0000047691000;0000047690000;0000000000250;00001000;
20170327;CNY;*;J17 ;0000000000000;0000000000000;00000175;00000000;00000000;00000000;00000000;0000045682090;0000045229720;0000000158329;00452370;
20170327;CNY;*;K17 ;0000000000000;0000000000000;00000000;00000000;00000000;00000000;00000000;0000045880150;0000045359300;0000000000000;00520850;
20170327;CNY;*;M17 ;0000000000000;0000000000000;00000000;00000000;00000000;00000000;00000000;0000046094370;0000045566250;0000000000000;00528120;
20170327;CR1;*;U7Z7;0000000000000;0000000000000;00000000;00000000;00000000;00000000;00000000;0000000000000;0000000000000;0000000000000;00000000;
20170327;DAP;*;F18 ;0000000000000;0000000000000;00000000;00000000;00000000;00000000;00000000;0000009591191;0000009584532;0000000000000;00006659;
20170327;DAP;*;J17 ;0000000000000;0000000000000;00000085;00000000;00000000;00000000;00000000;0000009952999;0000009952769;0000000000276;00000230;
20170327;DAP;*;K17 ;0000017913537;0000005731231;00026613;00000625;00000625;00000625;00000625;0000009921534;0000009920331;0000000001447;00001203;
20170327;DAP;*;K19 ;0000485742351;0000155407714;00044320;00000491;00000487;00000493;00000488;0000009044881;0000009037190;0000000009255;00007691;
20170327;DAP;*;K21 ;0000000000000;0000000000000;00011696;00000000;00000000;00000000;00000000;0000008156965;0000008145419;0000000013895;00011546;
20170327;DAP;*;K23 ;0000000000000;0000000000000;00011735;00000000;00000000;00000000;00000000;0000007331923;0000007320234;0000000014067;00011689;
20170327;DAP;*;M17 ;0000000000000;0000000000000;00000000;00000000;00000000;00000000;00000000;0000009863495;0000009862183;0000000000000;00001312;
20170327;DAP;*;Q18 ;0000119178033;0000038129650;00041695;00000511;00000506;00000511;00000506;0000009342886;0000009338153;0000000005695;00004733;
20170327;DAP;*;Q20 ;0000000000000;0000000000000;00003010;00000000;00000000;00000000;00000000;0000008479859;0000008467527;0000000014841;00012332;
20170327;DAP;*;Q22 ;0000004587710;0000001467785;00028830;00000519;00000519;00000519;00000519;0000007624169;0000007613621;0000000012694;00010548;
20170327;DAP;*;Q24 ;0000000000000;0000000000000;00005853;00000000;00000000;00000000;00000000;0000006893154;0000006874900;0000000021968;00018254;
20170327;DAP;*;Q26 ;0000003348189;0000001071215;00001355;00000528;00000525;00000528;00000525;0000006195332;0000006179710;0000000018800;00015622;
20170327;DAP;*;Q30 ;0000000000000;0000000000000;00000235;00000000;00000000;00000000;00000000;0000005120309;0000005101620;0000000022491;00018689;
20170327;DCO;*;F18 ;0000000000000;0000000000000;00000000;00000000;00000000;00000000;00000000;0000009857653;0000009785251;0000000000000;00072402;
20170327;DCO;*;F19 ;0000000000000;0000000000000;00000000;00000000;00000000;00000000;00000000;0000009592065;0000009524901;0000000000000;00067164;
20170327;DCO;*;F20 ;0000000000000;0000000000000;00000000;00000000;00000000;00000000;00000000;0000009239718;0000009179248;0000000000000;00060470;
20170327;DCO;*;F21 ;0000000000000;0000000000000;00000000;00000000;00000000;00000000;00000000;0000008835709;0000008786174;0000000000000;00049535;
20170327;DCO;*;F22 ;0000000000000;0000000000000;00000000;00000000;00000000;00000000;00000000;0000008428831;0000008397201;0000000000000;00031630;
20170327;DCO;*;F23 ;0000000000000;0000000000000;00000000;00000000;00000000;00000000;00000000;0000008030636;0000007989473;0000000000000;00041163;
20170327;DCO;*;F24 ;0000000000000;0000000000000;00000000;00000000;00000000;00000000;00000000;0000007627416;0000007584614;0000000000000;00042802;
20170327;DCO;*;F25 ;0000000000000;0000000000000;00000000;00000000;00000000;00000000;00000000;0000007221746;0000007182324;0000000000000;00039422;
20170327;DCO;*;F26 ;0000000000000;0000000000000;00000000;00000000;00000000;00000000;00000000;0000006820285;0000006781004;0000000000000;00039281;
20170327;DCO;*;F27 ;0000000000000;0000000000000;00000000;00000000;00000000;00000000;00000000;0000006429490;0000006386828;0000000000000;00042662;
20170327;DCO;*;F28 ;0000000000000;0000000000000;00000000;00000000;00000000;00000000;00000000;0000006075956;0000006034222;0000000000000;00041734;
20170327;DCO;*;F29 ;0000000000000;0000000000000;00000000;00000000;00000000;00000000;00000000;0000005730134;0000005693625;0000000000000;00036509;
20170327;DCO;*;F30 ;0000000000000;0000000000000;00000000;00000000;00000000;00000000;00000000;0000005417125;0000005385637;0000000000000;00031488;
20170327;DCO;*;G18 ;0000000000000;0000000000000;00000000;00000000;00000000;00000000;00000000;0000009842695;0000009768735;0000000000000;00073960;
20170327;DCO;*;H18 ;0000000000000;0000000000000;00000000;00000000;00000000;00000000;00000000;0000009826956;0000009752783;0000000000000;00074173;
20170327;DCO;*;J17 ;0000000000000;0000000000000;00000000;00000000;00000000;00000000;00000000;0000010016848;0000009938930;0000000000000;00077918;
20170327;DCO;*;J18 ;0000000000000;0000000000000;00000000;00000000;00000000;00000000;00000000;0000009807955;0000009732805;0000000000000;00075150;
20170327;DCO;*;J19 ;0000000000000;0000000000000;00000000;00000000;00000000;00000000;00000000;0000009516219;0000009456680;0000000000000;00059539;
20170327;DCO;*;J20 ;0000000000000;0000000000000;00000000;00000000;00000000;00000000;00000000;0000009144237;0000009085381;0000000000000;00058856;
20170327;DCO;*;J21 ;0000000000000;0000000000000;00000000;00000000;00000000;00000000;00000000;0000008730740;0000008688912;0000000000000;00041828;
20170327;DCO;*;K17 ;0000000000000;0000000000000;00000000;00000000;00000000;00000000;00000000;0000009996901;0000009919422;0000000000000;00077479;
20170327;DCO;*;M17 ;0000000000000;0000000000000;00000000;00000000;00000000;00000000;00000000;0000009980787;0000009903514;0000000000000;00077273;
20170327;DCO;*;N17 ;0000000000000;0000000000000;00000000;00000000;00000000;00000000;00000000;0000009968522;0000009891553;0000000000000;00076969;
20170327;DCO;*;N18 ;0000000000000;0000000000000;00000000;00000000;00000000;00000000;00000000;0000009740007;0000009672587;0000000000000;00067420;
20170327;DCO;*;N19 ;0000000000000;0000000000000;00000000;00000000;00000000;00000000;00000000;0000009428862;0000009370095;0000000000000;00058767;
20170327;DCO;*;N20 ;0000000000000;0000000000000;00000000;00000000;00000000;00000000;00000000;0000009047372;0000008990892;0000000000000;00056480;
20170327;DCO;*;N21 ;0000000000000;0000000000000;00000000;00000000;00000000;00000000;00000000;0000008636604;0000008599917;0000000000000;00036687;
20170327;DCO;*;Q17 ;0000000000000;0000000000000;00000000;00000000;00000000;00000000;00000000;0000009949457;0000009872817;0000000000000;00076640;
20170327;DCO;*;U17 ;0000000000000;0000000000000;00000000;00000000;00000000;00000000;00000000;0000009936330;0000009860065;0000000000000;00076265;
20170327;DCO;*;V17 ;0000000000000;0000000000000;00000000;00000000;00000000;00000000;00000000;0000009917732;0000009842497;0000000000000;00075235;
20170327;DCO;*;V18 ;0000000000000;0000000000000;00000000;00000000;00000000;00000000;00000000;0000009678856;0000009605015;0000000000000;00073841;
20170327;DCO;*;V19 ;0000000000000;0000000000000;00000000;00000000;00000000;00000000;00000000;0000009335804;0000009283540;0000000000000;00052264;
20170327;DCO;*;V20 ;0000000000000;0000000000000;00000000;00000000;00000000;00000000;00000000;0000008955518;0000008902082;0000000000000;00053436;
20170327;DCO;*;V21 ;0000000000000;0000000000000;00000000;00000000;00000000;00000000;00000000;0000008540769;0000008503118;0000000000000;00037651;
20170327;DCO;*;X17 ;0000000000000;0000000000000;00000000;00000000;00000000;00000000;00000000;0000009899430;0000009825240;0000000000000;00074190;
20170327;DCO;*;Z17 ;0000000000000;0000000000000;00000000;00000000;00000000;00000000;00000000;0000009880406;0000009807627;0000000000000;00072779;
20170327;DDI;*;F18 ;0000077145195;0000024681724;00270189;00000176;00000176;00000176;00000176;0000009858411;0000009786001;0000000113256;00072410;
20170327;DDI;*;F19 ;0000000000000;0000000000000;00117207;00000000;00000000;00000000;00000000;0000009593717;0000009526531;0000000105085;00067186;
20170327;DDI;*;F20 ;0000000000000;0000000000000;00095715;00000000;00000000;00000000;00000000;0000009244515;0000009183994;0000000094660;00060521;
20170327;DDI;*;F21 ;0000000000000;0000000000000;00106931;00000000;00000000;00000000;00000000;0000008841694;0000008792102;0000000077566;00049592;
20170327;DDI;*;F22 ;0000000000000;0000000000000;00039754;00000000;00000000;00000000;00000000;0000008435716;0000008404045;0000000049536;00031671;
20170327;DDI;*;F23 ;0000000000000;0000000000000;00030376;00000000;00000000;00000000;00000000;0000008038192;0000007996962;0000000064487;00041230;
20170327;DDI;*;F24 ;0000000000000;0000000000000;00027445;00000000;00000000;00000000;00000000;0000007635414;0000007592532;0000000067071;00042882;
20170327;DDI;*;F25 ;0000000000000;0000000000000;00018325;00000000;00000000;00000000;00000000;0000007229978;0000007190476;0000000061785;00039502;
20170327;DDI;*;F26 ;0000000000000;0000000000000;00014530;00000000;00000000;00000000;00000000;0000006828572;0000006789204;0000000061575;00039368;
20170327;DDI;*;F27 ;0000000000000;0000000000000;00010850;00000000;00000000;00000000;00000000;0000006437699;0000006394935;0000000066887;00042764;
20170327;DDI;*;F28 ;0000000000000;0000000000000;00000110;00000000;00000000;00000000;00000000;0000006084035;0000006042197;0000000065438;00041838;
20170327;DDI;*;F29 ;0000000000000;0000000000000;00000000;00000000;00000000;00000000;00000000;0000005741921;0000005705273;0000000000000;00036648;
20170327;DDI;*;F30 ;0000000000000;0000000000000;00000500;00000000;00000000;00000000;00000000;0000005428554;0000005396945;0000000049439;00031609;
20170327;DDI;*;G18 ;0000000000000;0000000000000;00023260;00000000;00000000;00000000;00000000;0000009843532;0000009769562;0000000115696;00073970;
20170327;DDI;*;H18 ;0000000000000;0000000000000;00005270;00000000;00000000;00000000;00000000;0000009827865;0000009753681;0000000116031;00074184;
20170327;DDI;*;J17 ;0000000000000;0000000000000;00449637;00000000;00000000;00000000;00000000;0000010016887;0000009938978;0000000121857;00077909;
20170327;DDI;*;J18 ;0000000000000;0000000000000;00069659;00000000;00000000;00000000;00000000;0000009808946;0000009733784;0000000117560;00075162;
20170327;DDI;*;J19 ;0000000000000;0000000000000;00043819;00000000;00000000;00000000;00000000;0000009518068;0000009458508;0000000093157;00059560;
20170327;DDI;*;J20 ;0000000000000;0000000000000;00025475;00000000;00000000;00000000;00000000;0000009149354;0000009090443;0000000092142;00058911;
20170327;DDI;*;J21 ;0000000000000;0000000000000;00005397;00000000;00000000;00000000;00000000;0000008736952;0000008695076;0000000065498;00041876;
20170327;DDI;*;K17 ;0000000000000;0000000000000;00559000;00000000;00000000;00000000;00000000;0000009997001;0000009919522;0000000121184;00077479;
20170327;DDI;*;M17 ;0000000000000;0000000000000;00179392;00000000;00000000;00000000;00000000;0000009981152;0000009903883;0000000120856;00077269;
20170327;DDI;*;N17 ;0000000000000;0000000000000;00394397;00000000;00000000;00000000;00000000;0000009969063;0000009892094;0000000120387;00076969;
20170327;DDI;*;N18 ;0000000000000;0000000000000;00044199;00000000;00000000;00000000;00000000;0000009741224;0000009673790;0000000105473;00067434;
20170327;DDI;*;N19 ;0000000000000;0000000000000;00056174;00000000;00000000;00000000;00000000;0000009432944;0000009374136;0000000091981;00058808;
20170327;DDI;*;N20 ;0000000000000;0000000000000;00034785;00000000;00000000;00000000;00000000;0000009052796;0000008996260;0000000088427;00056536;
20170327;DDI;*;N21 ;0000000000000;0000000000000;00004457;00000000;00000000;00000000;00000000;0000008643061;0000008606330;0000000057450;00036731;
20170327;DDI;*;Q17 ;0000000000000;0000000000000;00107474;00000000;00000000;00000000;00000000;0000009950155;0000009873515;0000000119872;00076640;
20170327;DDI;*;U17 ;0000000000000;0000000000000;00060270;00000000;00000000;00000000;00000000;0000009937197;0000009860928;0000000119292;00076269;
20170327;DDI;*;V17 ;0000000000000;0000000000000;00134987;00000000;00000000;00000000;00000000;0000009918765;0000009843523;0000000117686;00075242;
20170327;DDI;*;V18 ;0000000000000;0000000000000;00051938;00000000;00000000;00000000;00000000;0000009680295;0000009606434;0000000115525;00073861;
20170327;DDI;*;V19 ;0000000000000;0000000000000;00033454;00000000;00000000;00000000;00000000;0000009340251;0000009287948;0000000081807;00052303;
20170327;DDI;*;V20 ;0000000000000;0000000000000;00023860;00000000;00000000;00000000;00000000;0000008961243;0000008907749;0000000083669;00053494;
20170327;DDI;*;V21 ;0000000000000;0000000000000;00002072;00000000;00000000;00000000;00000000;0000008547457;0000008509758;0000000058965;00037699;
20170327;DDI;*;X17 ;0000000000000;0000000000000;00035799;00000000;00000000;00000000;00000000;0000009900623;0000009826424;0000000116054;00074199;
20170327;DDI;*;Z17 ;0000000000000;0000000000000;00031430;00000000;00000000;00000000;00000000;0000009881081;0000009808967;0000000112793;00072114;
20170327;DDM;*;K17 ;0000000000000;0000000000000;00000000;00000000;00000000;00000000;00000000;0000009920077;0000009920940;0000000000000;00000863;
20170327;DDM;*;K19 ;0000000000000;0000000000000;00000000;00000000;00000000;00000000;00000000;0000008928996;0000008916826;0000000000000;00012170;
20170327;DDM;*;K21 ;0000000000000;0000000000000;00000000;00000000;00000000;00000000;00000000;0000008050672;0000008039976;0000000000000;00010696;
20170327;DDM;*;K25 ;0000000000000;0000000000000;00000000;00000000;00000000;00000000;00000000;0000006545089;0000006526521;0000000000000;00018568;
20170327;DDM;*;Q18 ;0000000000000;0000000000000;00000000;00000000;00000000;00000000;00000000;0000009244524;0000009240475;0000000000000;00004049;
20170327;DDM;*;Q20 ;0000000000000;0000000000000;00000000;00000000;00000000;00000000;00000000;0000008365498;0000008351433;0000000000000;00014065;
20170327;DI1;*;F18 ;0012382154638;0003961528871;02654005;00009900;00009830;00009900;00009850;0000009313354;0000009310242;0000000003112;00003112;
20170327;DI1;*;F19 ;0013812990008;0004419308295;01747617;00009460;00009400;00009480;00009430;0000008543783;0000008539139;0000000004644;00004644;
20170327;DI1;*;F20 ;0003496182623;0001118563675;01239688;00009680;00009610;00009700;00009650;0000007763109;0000007755996;0000000007113;00007113;
20170327;DI1;*;F21 ;0008313120845;0002659688010;01483136;00009880;00009820;00009920;00009860;0000007030719;0000007026488;0000000004231;00004231;
20170327;DI1;*;F22 ;0000823768191;0000263555219;00096231;00010060;00009990;00010080;00010030;0000006364091;0000006356338;0000000007753;00007753;
20170327;DI1;*;F23 ;0001509680402;0000483004992;00662232;00010140;00010080;00010190;00010110;0000005758125;0000005749535;0000000008590;00008590;
20170327;DI1;*;F24 ;0000004420946;0000001414431;00047345;00010210;00010140;00010220;00010160;0000005217202;0000005209603;0000000007599;00007599;
20170327;DI1;*;F25 ;0001644250025;0000526059005;00547396;00010250;00010170;00010280;00010200;0000004719541;0000004713241;0000000006300;00006300;
20170327;DI1;*;F26 ;0000040993903;0000013115531;00061758;00010250;00010190;00010270;00010200;0000004271268;0000004269865;0000000001403;00001403;
20170327;DI1;*;F27 ;0000610530986;0000195332412;00333995;00010300;00010250;00010360;00010290;0000003861131;0000003861387;0000000000256;00000256;
20170327;DI1;*;F28 ;0000000000000;0000000000000;00000010;00000000;00000000;00000000;00000000;0000003495053;0000003495962;0000000000909;00000909;
20170327;DI1;*;F29 ;0000000000000;0000000000000;00003310;00000000;00000000;00000000;00000000;0000003164499;0000003165713;0000000001214;00001214;
20170327;DI1;*;F30 ;0000000000000;0000000000000;00000170;00000000;00000000;00000000;00000000;0000002863191;0000002865023;0000000001832;00001832;
20170327;DI1;*;G18 ;0000001848894;0000000591533;00018815;00009740;00009740;00009740;00009740;0000009244754;0000009241469;0000000003285;00003285;
20170327;DI1;*;H18 ;0000001378185;0000000440935;00009165;00009680;00009680;00009680;00009680;0000009187905;0000009184548;0000000003357;00003357;
20170327;DI1;*;J17 ;0003862715377;0001235831641;01921539;00012130;00012128;00012131;00012131;0000009977313;0000009977373;0000000000060;00000060;
20170327;DI1;*;J18 ;0001955708872;0000625706703;00576494;00009640;00009610;00009660;00009630;0000009123255;0000009119901;0000000003354;00003354;
20170327;DI1;*;J19 ;0000740655290;0000236964196;00338411;00009490;00009450;00009510;00009480;0000008350676;0000008345383;0000000005293;00005293;
20170327;DI1;*;J20 ;0000004544973;0000001454112;00073793;00009700;00009700;00009700;00009700;0000007577028;0000007566287;0000000010741;00010741;
20170327;DI1;*;J21 ;0000003428590;0000001096938;00025785;00009950;00009890;00009950;00009890;0000006862658;0000006850744;0000000011914;00011914;
20170327;DI1;*;K17 ;0012471812421;0003990213854;00403096;00011715;00011705;00011715;00011710;0000009899481;0000009899419;0000000000062;00000062;
20170327;DI1;*;M17 ;0002070139323;0000662317418;00255389;00011410;00011410;00011425;00011421;0000009808751;0000009808436;0000000000315;00000315;
20170327;DI1;*;N17 ;0016004070707;0005120319525;02999519;00011050;00011000;00011070;00011020;0000009730033;0000009729138;0000000000895;00000895;
20170327;DI1;*;N18 ;0004193700493;0001341726546;00736763;00009520;00009470;00009530;00009500;0000008929590;0000008926347;0000000003243;00003243;
20170327;DI1;*;N19 ;0001176357208;0000376362045;00444192;00009570;00009510;00009580;00009540;0000008158493;0000008152578;0000000005915;00005915;
20170327;DI1;*;N20 ;0004531897446;0001449928796;01019659;00009830;00009750;00009840;00009780;0000007393970;0000007383673;0000000010297;00010297;
20170327;DI1;*;N21 ;0000052466985;0000016786212;00055405;00010000;00009930;00010000;00009960;0000006693631;0000006685123;0000000008508;00008508;
20170327;DI1;*;N22 ;0000001207930;0000000386463;00004150;00010080;00010080;00010180;00010180;0000006056905;0000006048706;0000000008199;00008199;
20170327;DI1;*;N23 ;0000000000000;0000000000000;00003135;00000000;00000000;00000000;00000000;0000005482469;0000005474173;0000000008296;00008296;
20170327;DI1;*;N24 ;0000000000000;0000000000000;00001550;00000000;00000000;00000000;00000000;0000004967990;0000004960848;0000000007142;00007142;
20170327;DI1;*;Q17 ;0000087834746;0000028101723;00123703;00010810;00010790;00010820;00010790;0000009652431;0000009651371;0000000001060;00001060;
20170327;DI1;*;U17 ;0000241241490;0000077182458;00055678;00010520;00010505;00010520;00010510;0000009573150;0000009572177;0000000000973;00000973;
20170327;DI1;*;V17 ;0002283104977;0000730453346;00719052;00010310;00010280;00010320;00010295;0000009507513;0000009505674;0000000001839;00001839;
20170327;DI1;*;V18 ;0001877433168;0000600663286;00598492;00009460;00009420;00009480;00009450;0000008732530;0000008729766;0000000002764;00002764;
20170327;DI1;*;V19 ;0000086327373;0000027619456;00059683;00009580;00009570;00009580;00009570;0000007957394;0000007949036;0000000008358;00008358;
20170327;DI1;*;V20 ;0000008288028;0000002651660;00046793;00009810;00009810;00009810;00009810;0000007206981;0000007194944;0000000012037;00012037;
20170327;DI1;*;V21 ;0000000326270;0000000104386;00015452;00009960;00009960;00009960;00009960;0000006525403;0000006512572;0000000012831;00012831;
20170327;DI1;*;X17 ;0000117040393;0000037445736;00032732;00010120;00010100;00010120;00010100;0000009439191;0000009436925;0000000002266;00002266;
20170327;DI1;*;Z17 ;0001460871235;0000467389057;00028515;00009980;00009950;00009980;00009950;0000009376326;0000009373679;0000000002647;00002647;
20170327;DOL;*;F18 ;0000000000000;0000000000000;00004070;00000000;00000000;00000000;00000000;0000033112760;0000032880530;0000000116115;00232230;
20170327;DOL;*;F19 ;0000000000000;0000000000000;00000000;00000000;00000000;00000000;00000000;0000035126200;0000034899180;0000000000000;00227020;
20170327;DOL;*;F20 ;0000000000000;0000000000000;00000000;00000000;00000000;00000000;00000000;0000037251430;0000037041500;0000000000000;00209930;
20170327;DOL;*;F21 ;0000000000000;0000000000000;00003100;00000000;00000000;00000000;00000000;0000039339630;0000039142530;0000000098550;00197100;
20170327;DOL;*;F25 ;0000000000000;0000000000000;00000000;00000000;00000000;00000000;00000000;0000047921650;0000047723520;0000000000000;00198130;
20170327;DOL;*;G18 ;0000000000000;0000000000000;00000000;00000000;00000000;00000000;00000000;0000033308120;0000033069570;0000000000000;00238550;
20170327;DOL;*;H18 ;0000000000000;0000000000000;00000000;00000000;00000000;00000000;00000000;0000033460870;0000033220430;0000000000000;00240440;
20170327;DOL;*;J17 ;0046991998375;0015034552846;00534577;03123000;03117000;03144500;03132000;0000031406050;0000031161610;0000000122220;00244440;
20170327;DOL;*;J18 ;0000000000000;0000000000000;00000000;00000000;00000000;00000000;00000000;0000033633110;0000033387670;0000000000000;00245440;
20170327;DOL;*;J19 ;0000000000000;0000000000000;00000050;00000000;00000000;00000000;00000000;0000035655100;0000035454460;0000000100320;00200640;
20170327;DOL;*;K17 ;0000520795500;0000166622568;00052115;03142000;03142000;03160000;03150500;0000031590160;0000031345520;0000000122320;00244640;
20170327;DOL;*;M17 ;0000096776750;0000030962615;00005715;03174000;03173000;03174000;03173000;0000031831820;0000031586410;0000000122705;00245410;
20170327;DOL;*;N17 ;0000002397750;0000000767133;00032770;03197000;03197000;03197000;03197000;0000032050480;0000031805950;0000000122265;00244530;
20170327;DOL;*;N18 ;0000000000000;0000000000000;00000620;00000000;00000000;00000000;00000000;0000034125310;0000033901380;0000000111965;00223930;
20170327;DOL;*;N19 ;0000000000000;0000000000000;00000400;00000000;00000000;00000000;00000000;0000036168610;0000035969200;0000000099705;00199410;
20170327;DOL;*;N21 ;0000000000000;0000000000000;00000000;00000000;00000000;00000000;00000000;0000040392460;0000040271990;0000000000000;00120470;
20170327;DOL;*;Q17 ;0000000000000;0000000000000;00002905;00000000;00000000;00000000;00000000;0000032246880;0000032002010;0000000122435;00244870;
20170327;DOL;*;U17 ;0000000000000;0000000000000;00000855;00000000;00000000;00000000;00000000;0000032471590;0000032225640;0000000122975;00245950;
20170327;DOL;*;V17 ;0000000000000;0000000000000;00001035;00000000;00000000;00000000;00000000;0000032635120;0000032393820;0000000120650;00241300;
20170327;DOL;*;V18 ;0000000000000;0000000000000;00000005;00000000;00000000;00000000;00000000;0000034677120;0000034423430;0000000126845;00253690;
20170327;DOL;*;V19 ;0000000000000;0000000000000;00000000;00000000;00000000;00000000;00000000;0000036718270;0000036551050;0000000000000;00167220;
20170327;DOL;*;X17 ;0000000000000;0000000000000;00000090;00000000;00000000;00000000;00000000;0000032811210;0000032573130;0000000119040;00238080;
20170327;DOL;*;Z17 ;0000000000000;0000000000000;00000005;00000000;00000000;00000000;00000000;0000032966000;0000032734650;0000000115675;00231350;
20170327;DR1;*;J7K7;0000000000000;0000000000000;00000000;00018550;00018400;00018600;00018400;0000000000000;0000000000000;0000000000000;00000000;
20170327;ETH;*;F18 ;0000000000000;0000000000000;00000000;00000000;00000000;00000000;00000000;0000000168700;0000000165000;0000000000000;00003700;
20170327;ETH;*;H17 ;0000000000000;0000000000000;00000726;00000000;00000000;00000000;00000000;0000000160000;0000000160000;0000000000000;00000000;
20170327;ETH;*;J17 ;0000000000000;0000000000000;00000050;00000000;00000000;00000000;00000000;0000000147250;0000000147250;0000000000000;00000000;
20170327;ETH;*;K17 ;0000002220000;0000000708224;00000155;00148000;00148000;00148000;00148000;0000000148000;0000000148000;0000000000000;00000000;
20170327;ETH;*;M17 ;0000000000000;0000000000000;00000200;00000000;00000000;00000000;00000000;0000000152500;0000000155000;0000000075000;00002500;
20170327;ETH;*;N17 ;0000000000000;0000000000000;00000185;00000000;00000000;00000000;00000000;0000000156000;0000000156000;0000000000000;00000000;
20170327;ETH;*;Q17 ;0000000000000;0000000000000;00000185;00000000;00000000;00000000;00000000;0000000157000;0000000157000;0000000000000;00000000;
20170327;ETH;*;U17 ;0000000000000;0000000000000;00000000;00000000;00000000;00000000;00000000;0000000163000;0000000163000;0000000000000;00000000;
20170327;ETH;*;V17 ;0000000000000;0000000000000;00000000;00000000;00000000;00000000;00000000;0000000163000;0000000163000;0000000000000;00000000;
20170327;ETH;*;X17 ;0000000000000;0000000000000;00000000;00000000;00000000;00000000;00000000;0000000163000;0000000163000;0000000000000;00000000;
20170327;ETH;*;Z17 ;0000000000000;0000000000000;00000000;00000000;00000000;00000000;00000000;0000000165000;0000000165000;0000000000000;00000000;
20170327;EUR;*;J17 ;0001553935700;0000497163969;00011993;03403000;03402000;03410000;03404000;0000034138140;0000033686180;0000000225980;00451960;
20170327;EUR;*;K17 ;0001572910725;0000503234811;00000120;03421700;03421700;03429100;03428700;0000034376410;0000033922560;0000000226925;00453850;
20170327;EUR;*;M17 ;0000000865600;0000000276939;00001115;03462400;03462400;03462400;03462400;0000034681940;0000034226680;0000000227630;00455260;
20170327;EUR;*;N17 ;0000000000000;0000000000000;00003190;00000000;00000000;00000000;00000000;0000034975250;0000034518500;0000000228375;00456750;
20170327;EUR;*;V17 ;0000000000000;0000000000000;00000000;00000000;00000000;00000000;00000000;0000035782130;0000035327700;0000000000000;00454430;
20170327;FRC;*;F18 ;0000000000000;0000000000000;00000000;00000211;00000211;00000211;00000211;0000000000211;0000000000205;0000000000003;00000006;
20170327;FRC;*;F19 ;0000000000000;0000000000000;00000000;00000248;00000248;00000248;00000248;0000000000248;0000000000244;0000000000002;00000004;
20170327;FRC;*;F20 ;0000000000000;0000000000000;00000000;00000297;00000294;00000300;00000300;0000000000300;0000000000295;0000000000002;00000005;
20170327;FRC;*;F21 ;0000000000000;0000000000000;00000000;00000343;00000343;00000349;00000349;0000000000349;0000000000342;0000000000003;00000007;
20170327;FRC;*;F22 ;0000000000000;0000000000000;00000000;00000378;00000378;00000389;00000389;0000000000389;0000000000379;0000000000005;00000010;
20170327;FRC;*;F23 ;0000000000000;0000000000000;00000000;00000422;00000422;00000422;00000422;0000000000422;0000000000416;0000000000003;00000006;
20170327;FRC;*;F24 ;0000000000000;0000000000000;00000000;00000000;00000000;00000000;00000000;0000000000456;0000000000451;0000000000000;00000005;
20170327;FRC;*;F25 ;0000000000000;0000000000000;00000000;00000000;00000000;00000000;00000000;0000000000490;0000000000486;0000000000000;00000004;
20170327;FRC;*;F26 ;0000000000000;0000000000000;00000000;00000000;00000000;00000000;00000000;0000000000526;0000000000523;0000000000000;00000003;
20170327;FRC;*;F27 ;0000000000000;0000000000000;00000000;00000562;00000562;00000562;00000562;0000000000562;0000000000560;0000000000001;00000002;
20170327;FRC;*;F28 ;0000000000000;0000000000000;00000000;00000000;00000000;00000000;00000000;0000000000593;0000000000591;0000000000000;00000002;
20170327;FRC;*;F29 ;0000000000000;0000000000000;00000000;00000000;00000000;00000000;00000000;0000000000624;0000000000622;0000000000000;00000002;
20170327;FRC;*;F30 ;0000000000000;0000000000000;00000000;00000000;00000000;00000000;00000000;0000000000653;0000000000651;0000000000000;00000002;
20170327;FRC;*;G18 ;0000000000000;0000000000000;00000000;00000000;00000000;00000000;00000000;0000000000209;0000000000205;0000000000000;00000004;
20170327;FRC;*;H18 ;0000000000000;0000000000000;00000000;00000209;00000209;00000209;00000209;0000000000209;0000000000206;0000000000001;00000003;
20170327;FRC;*;J18 ;0000000000000;0000000000000;00000000;00000210;00000210;00000210;00000210;0000000000210;0000000000208;0000000000001;00000002;
20170327;FRC;*;J19 ;0000000000000;0000000000000;00000000;00000254;00000254;00000259;00000259;0000000000259;0000000000251;0000000000004;00000008;
20170327;FRC;*;J20 ;0000000000000;0000000000000;00000000;00000306;00000306;00000306;00000306;0000000000312;0000000000307;0000000000002;00000005;
20170327;FRC;*;J21 ;0000000000000;0000000000000;00000000;00000000;00000000;00000000;00000000;0000000000361;0000000000353;0000000000000;00000008;
20170327;FRC;*;K17 ;0000000000000;0000000000000;00000000;00000243;00000241;00000247;00000244;0000000000247;0000000000243;0000000000002;00000004;
20170327;FRC;*;M17 ;0000000000000;0000000000000;00000000;00000216;00000216;00000218;00000218;0000000000218;0000000000216;0000000000001;00000002;
20170327;FRC;*;N17 ;0000000000000;0000000000000;00000000;00000188;00000187;00000190;00000190;0000000000190;0000000000188;0000000000001;00000002;
20170327;FRC;*;N18 ;0000000000000;0000000000000;00000000;00000224;00000224;00000224;00000224;0000000000224;0000000000217;0000000000003;00000007;
20170327;FRC;*;N19 ;0000000000000;0000000000000;00000000;00000268;00000268;00000272;00000272;0000000000272;0000000000265;0000000000003;00000007;
20170327;FRC;*;N20 ;0000000000000;0000000000000;00000000;00000000;00000000;00000000;00000000;0000000000324;0000000000318;0000000000000;00000006;
20170327;FRC;*;N21 ;0000000000000;0000000000000;00000000;00000000;00000000;00000000;00000000;0000000000369;0000000000360;0000000000000;00000009;
20170327;FRC;*;Q17 ;0000000000000;0000000000000;00000000;00000201;00000201;00000201;00000201;0000000000201;0000000000199;0000000000001;00000002;
20170327;FRC;*;U17 ;0000000000000;0000000000000;00000000;00000191;00000191;00000191;00000191;0000000000191;0000000000189;0000000000001;00000002;
20170327;FRC;*;V17 ;0000000000000;0000000000000;00000000;00000196;00000196;00000196;00000196;0000000000196;0000000000192;0000000000002;00000004;
20170327;FRC;*;V18 ;0000000000000;0000000000000;00000000;00000231;00000229;00000231;00000229;0000000000229;0000000000228;0000000000000;00000001;
20170327;FRC;*;V19 ;0000000000000;0000000000000;00000000;00000280;00000280;00000286;00000286;0000000000286;0000000000277;0000000000004;00000009;
20170327;FRC;*;V20 ;0000000000000;0000000000000;00000000;00000336;00000336;00000337;00000337;0000000000332;0000000000326;0000000000003;00000006;
20170327;FRC;*;V21 ;0000000000000;0000000000000;00000000;00000000;00000000;00000000;00000000;0000000000377;0000000000368;0000000000000;00000009;
20170327;FRC;*;X17 ;0000000000000;0000000000000;00000000;00000199;00000199;00000199;00000199;0000000000199;0000000000195;0000000000002;00000004;
20170327;FRC;*;Z17 ;0000000000000;0000000000000;00000000;00000199;00000199;00000204;00000204;0000000000204;0000000000197;0000000000003;00000007;
20170327;FRO;*;F18 ;0000000000000;0000000000000;00000000;00000000;00000000;00000000;00000000;0000000000212;0000000000206;0000000000000;00000006;
20170327;FRO;*;F19 ;0000000000000;0000000000000;00000000;00000000;00000000;00000000;00000000;0000000000249;0000000000245;0000000000000;00000004;
20170327;FRO;*;F20 ;0000000000000;0000000000000;00000000;00000000;00000000;00000000;00000000;0000000000302;0000000000297;0000000000000;00000005;
20170327;FRO;*;F21 ;0000000000000;0000000000000;00000000;00000000;00000000;00000000;00000000;0000000000351;0000000000344;0000000000000;00000007;
20170327;FRO;*;F22 ;0000000000000;0000000000000;00000000;00000000;00000000;00000000;00000000;0000000000391;0000000000381;0000000000000;00000010;
20170327;FRO;*;F23 ;0000000000000;0000000000000;00000000;00000000;00000000;00000000;00000000;0000000000424;0000000000418;0000000000000;00000006;
20170327;FRO;*;F24 ;0000000000000;0000000000000;00000000;00000000;00000000;00000000;00000000;0000000000458;0000000000453;0000000000000;00000005;
20170327;FRO;*;F25 ;0000000000000;0000000000000;00000000;00000000;00000000;00000000;00000000;0000000000492;0000000000488;0000000000000;00000004;
20170327;FRO;*;F26 ;0000000000000;0000000000000;00000000;00000000;00000000;00000000;00000000;0000000000528;0000000000525;0000000000000;00000003;
20170327;FRO;*;F27 ;0000000000000;0000000000000;00000000;00000000;00000000;00000000;00000000;0000000000564;0000000000562;0000000000000;00000002;
20170327;FRO;*;F28 ;0000000000000;0000000000000;00000000;00000000;00000000;00000000;00000000;0000000000595;0000000000593;0000000000000;00000002;
20170327;FRO;*;F29 ;0000000000000;0000000000000;00000000;00000000;00000000;00000000;00000000;0000000000627;0000000000625;0000000000000;00000002;
20170327;FRO;*;F30 ;0000000000000;0000000000000;00000000;00000000;00000000;00000000;00000000;0000000000656;0000000000654;0000000000000;00000002;
20170327;FRO;*;G18 ;0000000000000;0000000000000;00000000;00000000;00000000;00000000;00000000;0000000000210;0000000000206;0000000000000;00000004;
20170327;FRO;*;H18 ;0000000000000;0000000000000;00000000;00000000;00000000;00000000;00000000;0000000000210;0000000000207;0000000000000;00000003;
20170327;FRO;*;J18 ;0000000000000;0000000000000;00000000;00000000;00000000;00000000;00000000;0000000000211;0000000000209;0000000000000;00000002;
20170327;FRO;*;J19 ;0000000000000;0000000000000;00000000;00000000;00000000;00000000;00000000;0000000000260;0000000000252;0000000000000;00000008;
20170327;FRO;*;J20 ;0000000000000;0000000000000;00000000;00000000;00000000;00000000;00000000;0000000000314;0000000000309;0000000000000;00000005;
20170327;FRO;*;J21 ;0000000000000;0000000000000;00000000;00000000;00000000;00000000;00000000;0000000000363;0000000000355;0000000000000;00000008;
20170327;FRO;*;K17 ;0000000000000;0000000000000;00000000;00000000;00000000;00000000;00000000;0000000000248;0000000000244;0000000000000;00000004;
20170327;FRO;*;M17 ;0000000000000;0000000000000;00000000;00000000;00000000;00000000;00000000;0000000000220;0000000000218;0000000000000;00000002;
20170327;FRO;*;N17 ;0000000000000;0000000000000;00000000;00000000;00000000;00000000;00000000;0000000000192;0000000000190;0000000000000;00000002;
20170327;FRO;*;N18 ;0000000000000;0000000000000;00000000;00000000;00000000;00000000;00000000;0000000000225;0000000000218;0000000000000;00000007;
20170327;FRO;*;N19 ;0000000000000;0000000000000;00000000;00000000;00000000;00000000;00000000;0000000000274;0000000000267;0000000000000;00000007;
20170327;FRO;*;N20 ;0000000000000;0000000000000;00000000;00000000;00000000;00000000;00000000;0000000000326;0000000000320;0000000000000;00000006;
20170327;FRO;*;N21 ;0000000000000;0000000000000;00000000;00000000;00000000;00000000;00000000;0000000000371;0000000000362;0000000000000;00000009;
20170327;FRO;*;Q17 ;0000000000000;0000000000000;00000000;00000000;00000000;00000000;00000000;0000000000203;0000000000201;0000000000000;00000002;
20170327;FRO;*;U17 ;0000000000000;0000000000000;00000000;00000000;00000000;00000000;00000000;0000000000193;0000000000191;0000000000000;00000002;
20170327;FRO;*;V17 ;0000000000000;0000000000000;00000000;00000000;00000000;00000000;00000000;0000000000198;0000000000194;0000000000000;00000004;
20170327;FRO;*;V18 ;0000000000000;0000000000000;00000000;00000000;00000000;00000000;00000000;0000000000230;0000000000229;0000000000000;00000001;
20170327;FRO;*;V19 ;0000000000000;0000000000000;00000000;00000000;00000000;00000000;00000000;0000000000288;0000000000279;0000000000000;00000009;
20170327;FRO;*;V20 ;0000000000000;0000000000000;00000000;00000000;00000000;00000000;00000000;0000000000334;0000000000328;0000000000000;00000006;
20170327;FRO;*;V21 ;0000000000000;0000000000000;00000000;00000000;00000000;00000000;00000000;0000000000379;0000000000370;0000000000000;00000009;
20170327;FRO;*;X17 ;0000000000000;0000000000000;00000000;00000000;00000000;00000000;00000000;0000000000201;0000000000197;0000000000000;00000004;
20170327;FRO;*;Z17 ;0000000000000;0000000000000;00000000;00000000;00000000;00000000;00000000;0000000000205;0000000000199;0000000000000;00000006;
20170327;FRP;*;FRP0;0000000000000;0000000000000;00000000;00000490;00000480;00000750;00000750;0000000000000;0000000000000;0000000000000;00000000;
20170327;FRP;*;FRP1;0000000000000;0000000000000;00000000;00000450;00000450;00000450;00000450;0000000000000;0000000000000;0000000000000;00000000;
20170327;GBP;*;J17 ;0000033079200;0000010583312;00000877;03938000;03938000;03938000;03938000;0000039473540;0000038956720;0000000180887;00516820;
20170327;GBP;*;K17 ;0000000000000;0000000000000;00000005;00000000;00000000;00000000;00000000;0000039727890;0000039209200;0000000181541;00518690;
20170327;GBP;*;M17 ;0000033557160;0000010736230;00000232;03994900;03994900;03994900;03994900;0000040057410;0000039537380;0000000182010;00520030;
20170327;HSI;*;H17 ;0000000000000;0000000000000;00000000;00000000;00000000;00000000;00000000;0000000024255;0000000024381;0000000000000;00000126;
20170327;HSI;*;J17 ;0000000000000;0000000000000;00000000;00000000;00000000;00000000;00000000;0000000024259;0000000024392;0000000000000;00000133;
20170327;IAP;*;J17 ;0000000000000;0000000000000;00000000;00000000;00000000;00000000;00000000;0000000482109;0000000482099;0000000000250;00000010;
20170327;IAP;*;K17 ;0000000000000;0000000000000;00000000;00000000;00000000;00000000;00000000;0000000484314;0000000484264;0000000000000;00000050;
20170327;IAP;*;K19 ;0000000000000;0000000000000;00000000;00000000;00000000;00000000;00000000;0000000527634;0000000527331;0000000000000;00000303;
20170327;IAP;*;K21 ;0000000000000;0000000000000;00000000;00000000;00000000;00000000;00000000;0000000578660;0000000578725;0000000000000;00000065;
20170327;IAP;*;M17 ;0000000000000;0000000000000;00000000;00000000;00000000;00000000;00000000;0000000486003;0000000485969;0000000000000;00000034;
20170327;IAP;*;Q18 ;0000000000000;0000000000000;00000000;00000000;00000000;00000000;00000000;0000000509787;0000000509566;0000000000000;00000221;
20170327;IAP;*;Q20 ;0000000000000;0000000000000;00000000;00000000;00000000;00000000;00000000;0000000559843;0000000560074;0000000000000;00000231;
20170327;IAP;*;Q22 ;0000000000000;0000000000000;00000000;00000000;00000000;00000000;00000000;0000000612546;0000000612548;0000000000000;00000002;
20170327;ICF;*;H18 ;0000000000000;0000000000000;00000000;00000000;00000000;00000000;00000000;0000000018105;0000000017910;0000000000000;00000195;
20170327;ICF;*;K17 ;0000000050404;0000000016080;00000102;00016080;00016080;00016080;00016080;0000000016615;0000000016405;0000000065826;00000210;
20170327;ICF;*;N17 ;0000000000000;0000000000000;00000133;00000000;00000000;00000000;00000000;0000000016850;0000000016645;0000000064259;00000205;
20170327;ICF;*;U17 ;0000018869681;0000006019805;00004645;00016900;00016800;00017155;00017155;0000000017125;0000000016920;0000000064259;00000205;
20170327;ICF;*;U18 ;0000002396652;0000000764580;00000329;00018200;00018200;00018225;00018205;0000000017935;0000000017715;0000000068961;00000220;
20170327;ICF;*;U19 ;0000000000000;0000000000000;00000222;00000000;00000000;00000000;00000000;0000000018655;0000000018425;0000000072095;00000230;
20170327;ICF;*;Z17 ;0000000272459;0000000086920;00000195;00017320;00017320;00017400;00017400;0000000017685;0000000017485;0000000062692;00000200;
20170327;ICF;*;Z18 ;0000000000000;0000000000000;00000029;00000000;00000000;00000000;00000000;0000000018085;0000000017865;0000000068961;00000220;
20170327;IGM;*;K17 ;0000000000000;0000000000000;00000000;00000000;00000000;00000000;00000000;0000000667799;0000000667861;0000000001240;00000062;
20170327;IGM;*;K19 ;0000000000000;0000000000000;00000000;00000000;00000000;00000000;00000000;0000000718202;0000000717700;0000000000000;00000502;
20170327;IGM;*;K21 ;0000000000000;0000000000000;00000000;00000000;00000000;00000000;00000000;0000000788088;0000000788292;0000000000000;00000204;
20170327;IGM;*;Q18 ;0000000000000;0000000000000;00000000;00000000;00000000;00000000;00000000;0000000695231;0000000695166;0000000000000;00000065;
20170327;IGM;*;Q20 ;0000000000000;0000000000000;00000000;00000000;00000000;00000000;00000000;0000000760850;0000000760685;0000000000000;00000165;
20170327;IND;*;G18 ;0000000000000;0000000000000;00000000;00000000;00000000;00000000;00000000;0000000069186;0000000068771;0000000000000;00000415;
20170327;IND;*;J17 ;0003775955150;0001208073698;00262152;00063630;00063355;00064825;00064700;0000000064635;0000000064224;0000000041100;00000411;
20170327;IND;*;J18 ;0000000000000;0000000000000;00000000;00000000;00000000;00000000;00000000;0000000070114;0000000069694;0000000000000;00000420;
20170327;IND;*;M17 ;0000000000000;0000000000000;00044120;00000000;00000000;00000000;00000000;0000000065678;0000000065267;0000000041100;00000411;
20170327;IND;*;M18 ;0000000000000;0000000000000;00001080;00000000;00000000;00000000;00000000;0000000070929;0000000070504;0000000042500;00000425;
20170327;IND;*;Q17 ;0000000000000;0000000000000;00002350;00000000;00000000;00000000;00000000;0000000066655;0000000066238;0000000041700;00000417;
20170327;IND;*;Q18 ;0000000000000;0000000000000;00000000;00000000;00000000;00000000;00000000;0000000071925;0000000071492;0000000000000;00000433;
20170327;IND;*;V17 ;0000000000000;0000000000000;00001600;00000000;00000000;00000000;00000000;0000000067541;0000000067126;0000000041500;00000415;
20170327;IND;*;V18 ;0000000000000;0000000000000;00000000;00000000;00000000;00000000;00000000;0000000072901;0000000072463;0000000000000;00000438;
20170327;IND;*;Z17 ;0000000000000;0000000000000;00014195;00000000;00000000;00000000;00000000;0000000068338;0000000067924;0000000041400;00000414;
20170327;IND;*;Z18 ;0000009801000;0000003135718;00000035;00072600;00072600;00072600;00072600;0000000073782;0000000073349;0000000043300;00000433;
20170327;ISP;*;M17 ;0000624112260;0000199104275;00003010;00232600;00231900;00234150;00234050;0000000233850;0000000234475;0000000097956;00000625;
20170327;ISP;*;U17 ;0000000365416;0000000116575;00000001;00233150;00233150;00233150;00233150;0000000233500;0000000234150;0000000101874;00000650;
20170327;ISP;*;Z17 ;0000000000000;0000000000000;00000000;00000000;00000000;00000000;00000000;0000000233300;0000000233925;0000000000000;00000625;
20170327;JPY;*;J17 ;0000000141300;0000000045207;00000761;02826000;02826000;02826000;02826000;0000028409300;0000028136800;0000000136250;00272500;
20170327;JPY;*;K17 ;0000013570750;0000004341806;00000090;02857000;02857000;02857000;02857000;0000028599100;0000028325200;0000000136950;00273900;
20170327;JPY;*;M17 ;0000001439800;0000000460648;00001044;02879400;02879400;02879800;02879800;0000028844400;0000028569600;0000000137400;00274800;
20170327;JPY;*;N17 ;0000000000000;0000000000000;00000218;00000000;00000000;00000000;00000000;0000029079500;0000028805300;0000000137100;00274200;
20170327;JSE;*;M17 ;0000000000000;0000000000000;00000000;00000000;00000000;00000000;00000000;0000000045158;0000000045196;0000000000000;00000038;
20170327;JSE;*;U17 ;0000000000000;0000000000000;00000000;00000000;00000000;00000000;00000000;0000000045500;0000000045541;0000000000000;00000041;
20170327;MIX;*;M17 ;0000000000000;0000000000000;00000000;00000000;00000000;00000000;00000000;0000000002049;0000000002075;0000000000000;00000026;
20170327;MIX;*;U17 ;0000000000000;0000000000000;00000000;00000000;00000000;00000000;00000000;0000000002037;0000000002065;0000000000000;00000028;
20170327;MXN;*;J17 ;0000004353930;0000001392990;00000680;01658700;01658600;01658700;01658600;0000016611360;0000016551570;0000000044842;00059790;
20170327;MXN;*;K17 ;0000000000000;0000000000000;00000105;00000000;00000000;00000000;00000000;0000016632450;0000016573330;0000000044340;00059120;
20170327;MXN;*;M17 ;0000000000000;0000000000000;00000019;00000000;00000000;00000000;00000000;0000016679860;0000016621270;0000000043942;00058590;
20170327;NZD;*;J17 ;0000003312000;0000001059637;00000020;02208000;02208000;02208000;02208000;0000022121610;0000021926020;0000000146692;00195590;
20170327;NZD;*;K17 ;0000000000000;0000000000000;00000000;00000000;00000000;00000000;00000000;0000022234020;0000022027980;0000000000000;00206040;
20170327;NZD;*;M17 ;0000003349650;0000001071682;00000000;02233100;02233100;02233100;02233100;0000022386690;0000022177830;0000000156645;00208860;
20170327;OC1;*;F18 ;0000000000000;0000000000000;00000000;00000000;00000000;00000000;00000000;0000009312326;0000009309216;0000000000000;00003110;
20170327;OC1;*;F19 ;0000000000000;0000000000000;00000000;00000000;00000000;00000000;00000000;0000008541734;0000008536956;0000000000000;00004778;
20170327;OC1;*;F20 ;0000000000000;0000000000000;00000000;00000000;00000000;00000000;00000000;0000007759989;0000007752882;0000000000000;00007107;
20170327;OC1;*;F21 ;0000000000000;0000000000000;00000000;00000000;00000000;00000000;00000000;0000007026881;0000007022654;0000000000000;00004227;
20170327;OC1;*;F22 ;0000000000000;0000000000000;00000000;00000000;00000000;00000000;00000000;0000006359699;0000006351679;0000000000000;00008020;
20170327;OC1;*;F23 ;0000000000000;0000000000000;00000000;00000000;00000000;00000000;00000000;0000005753022;0000005744442;0000000000000;00008580;
20170327;OC1;*;F24 ;0000000000000;0000000000000;00000000;00000000;00000000;00000000;00000000;0000005211786;0000005204196;0000000000000;00007590;
20170327;OC1;*;F25 ;0000000000000;0000000000000;00000000;00000000;00000000;00000000;00000000;0000004713911;0000004707619;0000000000000;00006292;
20170327;OC1;*;F26 ;0000000000000;0000000000000;00000000;00000000;00000000;00000000;00000000;0000004265513;0000004264113;0000000000000;00001400;
20170327;OC1;*;F27 ;0000000000000;0000000000000;00000000;00000000;00000000;00000000;00000000;0000003855341;0000003855598;0000000000000;00000257;
20170327;OC1;*;F28 ;0000000000000;0000000000000;00000000;00000000;00000000;00000000;00000000;0000003489278;0000003490186;0000000000000;00000908;
20170327;OC1;*;F29 ;0000000000000;0000000000000;00000000;00000000;00000000;00000000;00000000;0000003158791;0000003160002;0000000000000;00001211;
20170327;OC1;*;F30 ;0000000000000;0000000000000;00000000;00000000;00000000;00000000;00000000;0000002857590;0000002859419;0000000000000;00001829;
20170327;OC1;*;G18 ;0000000000000;0000000000000;00000000;00000000;00000000;00000000;00000000;0000009243615;0000009240332;0000000000000;00003283;
20170327;OC1;*;H18 ;0000000000000;0000000000000;00000000;00000000;00000000;00000000;00000000;0000009186677;0000009183321;0000000000000;00003356;
20170327;OC1;*;J17 ;0000000000000;0000000000000;00029800;00000000;00000000;00000000;00000000;0000009977278;0000009977338;0000000000060;00000060;
20170327;OC1;*;J18 ;0000000000000;0000000000000;00000000;00000000;00000000;00000000;00000000;0000009121924;0000009118572;0000000000000;00003352;
20170327;OC1;*;J19 ;0000000000000;0000000000000;00000000;00000000;00000000;00000000;00000000;0000008348245;0000008342956;0000000000000;00005289;
20170327;OC1;*;J20 ;0000000000000;0000000000000;00000000;00000000;00000000;00000000;00000000;0000007573713;0000007562979;0000000000000;00010734;
20170327;OC1;*;J21 ;0000000000000;0000000000000;00000000;00000000;00000000;00000000;00000000;0000006858671;0000006846766;0000000000000;00011905;
20170327;OC1;*;K17 ;0000000000000;0000000000000;00000000;00000000;00000000;00000000;00000000;0000009899327;0000009899265;0000000000000;00000062;
20170327;OC1;*;M17 ;0000000000000;0000000000000;00000000;00000000;00000000;00000000;00000000;0000009808453;0000009808138;0000000000000;00000315;
20170327;OC1;*;N17 ;0000000000000;0000000000000;00000000;00000000;00000000;00000000;00000000;0000009729620;0000009728726;0000000000000;00000894;
20170327;OC1;*;N18 ;0000000000000;0000000000000;00000000;00000000;00000000;00000000;00000000;0000008927959;0000008924719;0000000000000;00003240;
20170327;OC1;*;N19 ;0000000000000;0000000000000;00000000;00000000;00000000;00000000;00000000;0000008155826;0000008149914;0000000000000;00005912;
20170327;OC1;*;N20 ;0000000000000;0000000000000;00000000;00000000;00000000;00000000;00000000;0000007390476;0000007380186;0000000000000;00010290;
20170327;OC1;*;N21 ;0000000000000;0000000000000;00000000;00000000;00000000;00000000;00000000;0000006689504;0000006681003;0000000000000;00008501;
20170327;OC1;*;N22 ;0000000000000;0000000000000;00000000;00000000;00000000;00000000;00000000;0000006052006;0000006043816;0000000000000;00008190;
20170327;OC1;*;N23 ;0000000000000;0000000000000;00000000;00000000;00000000;00000000;00000000;0000005477196;0000005468910;0000000000000;00008286;
20170327;OC1;*;N24 ;0000000000000;0000000000000;00000000;00000000;00000000;00000000;00000000;0000004962457;0000004955325;0000000000000;00007132;
20170327;OC1;*;Q17 ;0000000000000;0000000000000;00000000;00000000;00000000;00000000;00000000;0000009651890;0000009650830;0000000000000;00001060;
20170327;OC1;*;U17 ;0000000000000;0000000000000;00000000;00000000;00000000;00000000;00000000;0000009572507;0000009571535;0000000000000;00000972;
20170327;OC1;*;V17 ;0000000000000;0000000000000;00000000;00000000;00000000;00000000;00000000;0000009506757;0000009504920;0000000000000;00001837;
20170327;OC1;*;V18 ;0000000000000;0000000000000;00000000;00000000;00000000;00000000;00000000;0000008730610;0000008727848;0000000000000;00002762;
20170327;OC1;*;V19 ;0000000000000;0000000000000;00000000;00000000;00000000;00000000;00000000;0000007954489;0000007946138;0000000000000;00008351;
20170327;OC1;*;V20 ;0000000000000;0000000000000;00000000;00000000;00000000;00000000;00000000;0000007203307;0000007191278;0000000000000;00012029;
20170327;OC1;*;V21 ;0000000000000;0000000000000;00000000;00000000;00000000;00000000;00000000;0000006521136;0000006508050;0000000000000;00013086;
20170327;OC1;*;X17 ;0000000000000;0000000000000;00000000;00000000;00000000;00000000;00000000;0000009438318;0000009436053;0000000000000;00002265;
20170327;OC1;*;Z17 ;0000000000000;0000000000000;00000000;00000000;00000000;00000000;00000000;0000009375400;0000009372698;0000000000000;00002702;
20170327;OZ1;*;0000;0000000937436;0000000299922;00000000;00124000;00124000;00125500;00125500;0000000125117;0000000123556;0000000000000;00002000;
20170327;OZ1;*;J17 ;0000000000000;0000000000000;00000000;00000000;00000000;00000000;00000000;0000000125728;0000000123780;0000000000000;00001948;
20170327;OZ1;*;K17 ;0000000000000;0000000000000;00000000;00000000;00000000;00000000;00000000;0000000126719;0000000124757;0000000000000;00001962;
20170327;OZ2;*;0000;0000000223497;0000000071505;00000000;00125000;00124900;00126400;00125500;0000000124984;0000000123210;0000000000000;00002500;
20170327;OZ3;*;0000;0000000004990;0000000001596;00000000;00124000;00122200;00124000;00124000;0000000123901;0000000122088;0000000000000;00001500;
20170327;SCS;*;J703;0000000000000;0000000000000;00194220;00000000;00000000;00000000;00000000;0000000000000;0000000000000;0000000000000;00000000;
20170327;SCS;*;K702;0000000000000;0000000000000;00127785;00000000;00000000;00000000;00000000;0000000000000;0000000000000;0000000000000;00000000;
20170327;SCS;*;M701;0000000000000;0000000000000;00026000;00000000;00000000;00000000;00000000;0000000000000;0000000000000;0000000000000;00000000;
20170327;SCS;*;N703;0000000000000;0000000000000;00091470;00000000;00000000;00000000;00000000;0000000000000;0000000000000;0000000000000;00000000;
20170327;SFI;*;K17 ;0000000000000;0000000000000;00000000;00000000;00000000;00000000;00000000;0000000002077;0000000002086;0000000000000;00000009;
20170327;SFI;*;N17 ;0000000000000;0000000000000;00000000;00000000;00000000;00000000;00000000;0000000002099;0000000002109;0000000000000;00000010;
20170327;SFI;*;X17 ;0000000000000;0000000000000;00000000;00000000;00000000;00000000;00000000;0000000002071;0000000002084;0000000000000;00000013;
20170327;SJC;*;F18 ;0000000000000;0000000000000;00000000;00000000;00000000;00000000;00000000;0000000215278;0000000216601;0000000000000;00001323;
20170327;SJC;*;H18 ;0000000000000;0000000000000;00000000;00000000;00000000;00000000;00000000;0000000215884;0000000217207;0000000000000;00001323;
20170327;SJC;*;K17 ;0000004817250;0000001536799;00001189;00002150;00002133;00002150;00002146;0000000214175;0000000215112;0000000013217;00000937;
20170327;SJC;*;K18 ;0000000000000;0000000000000;00000000;00000000;00000000;00000000;00000000;0000000216545;0000000217813;0000000000000;00001268;
20170327;SJC;*;N17 ;0000004513526;0000001439905;00000385;00002160;00002160;00002170;00002163;0000000216435;0000000217427;0000000013992;00000992;
20170327;SJC;*;Q17 ;0000000000000;0000000000000;00000000;00000000;00000000;00000000;00000000;0000000216876;0000000217923;0000000000000;00001047;
20170327;SJC;*;U17 ;0000000000000;0000000000000;00000000;00000000;00000000;00000000;00000000;0000000215278;0000000216490;0000000000000;00001212;
20170327;SJC;*;X17 ;0000000000000;0000000000000;00001033;00000000;00000000;00000000;00000000;0000000214065;0000000215388;0000000018661;00001323;
20170327;TRY;*;J17 ;0000000000000;0000000000000;00000040;00000000;00000000;00000000;00000000;0000008657300;0000008618430;0000000029152;00038870;
20170327;TRY;*;K17 ;0000000000000;0000000000000;00000000;00000000;00000000;00000000;00000000;0000008634240;0000008594850;0000000000000;00039390;
20170327;TRY;*;M17 ;0000000000000;0000000000000;00000000;00000000;00000000;00000000;00000000;0000008618340;0000008576490;0000000000000;00041850;
20170327;T10;*;M17 ;0000009355605;0000002993219;00002592;00124843;00124610;00124953;00124672;0000001246718;0000001245312;0000000043945;00001406;
20170327;T10;*;U17 ;0000000000000;0000000000000;00000000;00000000;00000000;00000000;00000000;0000001241562;0000001240000;0000000000000;00001562;
20170327;WDO;*;F18 ;0000000000000;0000000000000;00000000;00000000;00000000;00000000;00000000;0000033112760;0000032880530;0000000000000;00232230;
20170327;WDO;*;F19 ;0000000000000;0000000000000;00000000;00000000;00000000;00000000;00000000;0000035126200;0000034899180;0000000000000;00227020;
20170327;WDO;*;F20 ;0000000000000;0000000000000;00000000;00000000;00000000;00000000;00000000;0000037251430;0000037041500;0000000000000;00209930;
20170327;WDO;*;F21 ;0000000000000;0000000000000;00000000;00000000;00000000;00000000;00000000;0000039339630;0000039142530;0000000000000;00197100;
20170327;WDO;*;F25 ;0000000000000;0000000000000;00000000;00000000;00000000;00000000;00000000;0000047921650;0000047723520;0000000000000;00198130;
20170327;WDO;*;G18 ;0000000000000;0000000000000;00000000;00000000;00000000;00000000;00000000;0000033308120;0000033069570;0000000000000;00238550;
20170327;WDO;*;H18 ;0000000000000;0000000000000;00000000;00000000;00000000;00000000;00000000;0000033460870;0000033220430;0000000000000;00240440;
20170327;WDO;*;J17 ;0017423329315;0005574395097;00041635;03121500;03117000;03144500;03130500;0000031406050;0000031161610;0000000024444;00244440;
20170327;WDO;*;J18 ;0000000000000;0000000000000;00000000;00000000;00000000;00000000;00000000;0000033633110;0000033387670;0000000000000;00245440;
20170327;WDO;*;J19 ;0000000000000;0000000000000;00000000;00000000;00000000;00000000;00000000;0000035655100;0000035454460;0000000000000;00200640;
20170327;WDO;*;K17 ;0000008732820;0000002793966;00000325;03140000;03139000;03162000;03150000;0000031590160;0000031345520;0000000024464;00244640;
20170327;WDO;*;M17 ;0000000000000;0000000000000;00000030;00000000;00000000;00000000;00000000;0000031831820;0000031586410;0000000024541;00245410;
20170327;WDO;*;N17 ;0000000000000;0000000000000;00000006;00000000;00000000;00000000;00000000;0000032050480;0000031805950;0000000024453;00244530;
20170327;WDO;*;N18 ;0000000000000;0000000000000;00000000;00000000;00000000;00000000;00000000;0000034125310;0000033901380;0000000000000;00223930;
20170327;WDO;*;N19 ;0000000000000;0000000000000;00000000;00000000;00000000;00000000;00000000;0000036168610;0000035969200;0000000000000;00199410;
20170327;WDO;*;N21 ;0000000000000;0000000000000;00000000;00000000;00000000;00000000;00000000;0000040392460;0000040271990;0000000000000;00120470;
20170327;WDO;*;Q17 ;0000000000000;0000000000000;00000000;00000000;00000000;00000000;00000000;0000032246880;0000032002010;0000000000000;00244870;
20170327;WDO;*;U17 ;0000000000000;0000000000000;00000063;00000000;00000000;00000000;00000000;0000032471590;0000032225640;0000000024595;00245950;
20170327;WDO;*;V17 ;0000000000000;0000000000000;00000000;00000000;00000000;00000000;00000000;0000032635120;0000032393820;0000000000000;00241300;
20170327;WDO;*;V18 ;0000000000000;0000000000000;00000000;00000000;00000000;00000000;00000000;0000034677120;0000034423430;0000000000000;00253690;
20170327;WDO;*;V19 ;0000000000000;0000000000000;00000000;00000000;00000000;00000000;00000000;0000036718270;0000036551050;0000000000000;00167220;
20170327;WDO;*;X17 ;0000000000000;0000000000000;00000000;00000000;00000000;00000000;00000000;0000032811210;0000032573130;0000000000000;00238080;
20170327;WDO;*;Z17 ;0000000000000;0000000000000;00000000;00000000;00000000;00000000;00000000;0000032966000;0000032734650;0000000000000;00231350;
20170327;WD1;*;J7K7;0000000000000;0000000000000;00000000;00018500;00018010;00019000;00018010;0000000000000;0000000000000;0000000000000;00000000;
20170327;WEU;*;J17 ;0000000000000;0000000000000;00000000;00000000;00000000;00000000;00000000;0000034138140;0000033686180;0000000000000;00451960;
20170327;WEU;*;K17 ;0000000000000;0000000000000;00000000;00000000;00000000;00000000;00000000;0000034376410;0000033922560;0000000000000;00453850;
20170327;WEU;*;M17 ;0000000000000;0000000000000;00000000;00000000;00000000;00000000;00000000;0000034681940;0000034226680;0000000000000;00455260;
20170327;WEU;*;N17 ;0000000000000;0000000000000;00000000;00000000;00000000;00000000;00000000;0000034975250;0000034518500;0000000000000;00456750;
20170327;WEU;*;V17 ;0000000000000;0000000000000;00000000;00000000;00000000;00000000;00000000;0000035782130;0000035327700;0000000000000;00454430;
20170327;WIN;*;G18 ;0000000000000;0000000000000;00000000;00000000;00000000;00000000;00000000;0000000069186;0000000068771;0000000000000;00000415;
20170327;WIN;*;J17 ;0010937666111;0003499381274;00081481;00063640;00063350;00064835;00064775;0000000064635;0000000064224;0000000008220;00000411;
20170327;WIN;*;J18 ;0000000000000;0000000000000;00000000;00000000;00000000;00000000;00000000;0000000070114;0000000069694;0000000000000;00000420;
20170327;WIN;*;M17 ;0000000039290;0000000012570;00000021;00065200;00065200;00065850;00065850;0000000065678;0000000065267;0000000008220;00000411;
20170327;WIN;*;M18 ;0000000000000;0000000000000;00000000;00000000;00000000;00000000;00000000;0000000070929;0000000070504;0000000000000;00000425;
20170327;WIN;*;Q17 ;0000000000000;0000000000000;00000000;00000000;00000000;00000000;00000000;0000000066655;0000000066238;0000000000000;00000417;
20170327;WIN;*;Q18 ;0000000000000;0000000000000;00000000;00000000;00000000;00000000;00000000;0000000071925;0000000071492;0000000000000;00000433;
20170327;WIN;*;V17 ;0000000000000;0000000000000;00000000;00000000;00000000;00000000;00000000;0000000067541;0000000067126;0000000000000;00000415;
20170327;WIN;*;V18 ;0000000000000;0000000000000;00000000;00000000;00000000;00000000;00000000;0000000072901;0000000072463;0000000000000;00000438;
20170327;WIN;*;Z17 ;0000000000000;0000000000000;00000000;00000000;00000000;00000000;00000000;0000000068338;0000000067924;0000000000000;00000414;
20170327;WIN;*;Z18 ;0000000000000;0000000000000;00000000;00000000;00000000;00000000;00000000;0000000073782;0000000073349;0000000000000;00000433;
20170327;WTI;*;K17 ;0000000000000;0000000000000;00000660;00000000;00000000;00000000;00000000;0000000004773;0000000004797;0000000007523;00000024;
20170327;WTI;*;M17 ;0000000000000;0000000000000;00000100;00000000;00000000;00000000;00000000;0000000004830;0000000004851;0000000006582;00000021;
20170327;ZAR;*;J17 ;0000000000000;0000000000000;00000123;00000000;00000000;00000000;00000000;0000024450610;0000025019380;0000000199069;00568770;
20170327;ZAR;*;K17 ;0000000000000;0000000000000;00000000;00000000;00000000;00000000;00000000;0000024475550;0000025032460;0000000000000;00556910;
20170327;ZAR;*;M17 ;0000000000000;0000000000000;00000010;00000000;00000000;00000000;00000000;0000024523750;0000025084660;0000000196318;00560910;
