Data;Código do Contrato;Pregão;Vencimento;Volume(R$);Volume(U$);Número de contas em Aberto;Preço de Abertura;Preço Mínimo;Preço Máximo;Último Preço;Preço de Ajuste Atual; Preço de Ajuste Anterior;Valor de Ajuste por Contrato;Variação
20170627;AUD;*;N17 ;0000195303228;0000058875928;00001525;02524500;02521400;02524500;02523000;0000025281620;0000025071050;0000000126342;00210570;
20170627;AUD;*;Q17 ;0000197247594;0000059462075;00000983;02537700;02535700;02540100;02540100;0000025423800;0000025207890;0000000129546;00215910;
20170627;AUD;*;U17 ;0000000000000;0000000000000;00000011;00000000;00000000;00000000;00000000;0000025579920;0000025361750;0000000130902;00218170;
20170627;BGI;*;F18 ;0000000000000;0000000000000;00000000;00000000;00000000;00000000;00000000;0000000012425;0000000012141;0000000000000;00000284;
20170627;BGI;*;K18 ;0000001050885;0000000316160;00000068;00012738;00012738;00012738;00012738;0000000012705;0000000012417;0000000095040;00000288;
20170627;BGI;*;M17 ;0000006469188;0000001946264;00000769;00012676;00012676;00012767;00012740;0000000012734;0000000012685;0000000016170;00000049;
20170627;BGI;*;N17 ;0000003279903;0000000986763;00000699;00012175;00012175;00012500;00012361;0000000012380;0000000012185;0000000064350;00000195;
20170627;BGI;*;Q17 ;0000007681218;0000002310905;00000483;00012150;00012150;00012500;00012410;0000000012460;0000000012175;0000000094050;00000285;
20170627;BGI;*;U17 ;0000000203811;0000000061317;00000102;00012200;00012200;00012450;00012450;0000000012487;0000000012201;0000000094380;00000286;
20170627;BGI;*;V17 ;0000123995790;0000037304308;00004959;00012245;00012241;00012677;00012542;0000000012550;0000000012263;0000000094710;00000287;
20170627;BGI;*;V18 ;0000002691018;0000000809597;00000045;00013144;00013140;00013200;00013140;0000000013200;0000000012904;0000000097680;00000296;
20170627;BGI;*;X17 ;0000000081998;0000000024669;00000069;00012328;00012328;00012520;00012520;0000000012617;0000000012328;0000000095370;00000289;
20170627;BGI;*;Z17 ;0000000000000;0000000000000;00000003;00000000;00000000;00000000;00000000;0000000012658;0000000012368;0000000095700;00000290;
20170627;BRI;*;Q17 ;0000000000000;0000000000000;00000989;00000000;00000000;00000000;00000000;0000000010414;0000000010500;0000000086000;00000086;
20170627;BRI;*;V17 ;0000000000000;0000000000000;00000016;00000000;00000000;00000000;00000000;0000000010559;0000000010647;0000000088000;00000088;
20170627;BSE;*;M17 ;0000000000000;0000000000000;00000000;00000000;00000000;00000000;00000000;0000000030973;0000000031184;0000000000000;00000211;
20170627;BSE;*;N17 ;0000000000000;0000000000000;00000000;00000000;00000000;00000000;00000000;0000000031188;0000000031400;0000000000000;00000212;
20170627;CAD;*;N17 ;0000000000000;0000000000000;00000116;00000000;00000000;00000000;00000000;0000025310790;0000024948940;0000000217110;00361850;
20170627;CAD;*;Q17 ;0000012184794;0000003673217;00000775;02544300;02537600;02544300;02537600;0000025478260;0000025113850;0000000218646;00364410;
20170627;CAD;*;U17 ;0000000000000;0000000000000;00000000;00000000;00000000;00000000;00000000;0000025659860;0000025291630;0000000000000;00368230;
20170627;CCM;*;F18 ;0000002892289;0000000870149;00001342;00002690;00002670;00002700;00002670;0000000002670;0000000002695;0000000011250;00000025;
20170627;CCM;*;H18 ;0000000360468;0000000108447;00000406;00002890;00002850;00002890;00002870;0000000002846;0000000002873;0000000012150;00000027;
20170627;CCM;*;K18 ;0000000000000;0000000000000;00000000;00000000;00000000;00000000;00000000;0000000002790;0000000002816;0000000000000;00000026;
20170627;CCM;*;N17 ;0000002671011;0000000803577;00001054;00002535;00002535;00002590;00002560;0000000002560;0000000002600;0000000018000;00000040;
20170627;CCM;*;N18 ;0000000000000;0000000000000;00000000;00000000;00000000;00000000;00000000;0000000002840;0000000002867;0000000000000;00000027;
20170627;CCM;*;U17 ;0000041683311;0000012540483;00023498;00002565;00002515;00002570;00002515;0000000002518;0000000002560;0000000018900;00000042;
20170627;CCM;*;U18 ;0000000000000;0000000000000;00000050;00000000;00000000;00000000;00000000;0000000002893;0000000002921;0000000012600;00000028;
20170627;CCM;*;X17 ;0000007351141;0000002211601;00001590;00002650;00002630;00002655;00002633;0000000002633;0000000002655;0000000009900;00000022;
20170627;CCM;*;X18 ;0000000000000;0000000000000;00000000;00000000;00000000;00000000;00000000;0000000002963;0000000002992;0000000000000;00000029;
20170627;CHF;*;N17 ;0000000000000;0000000000000;00000009;00000000;00000000;00000000;00000000;0000034702370;0000034000080;0000000351145;00702290;
20170627;CHF;*;Q17 ;0000000000000;0000000000000;00000000;00000000;00000000;00000000;00000000;0000034976850;0000034269690;0000000000000;00707160;
20170627;CHF;*;U17 ;0000000000000;0000000000000;00000160;00000000;00000000;00000000;00000000;0000035276570;0000034568280;0000000354145;00708290;
20170627;CLP;*;N17 ;0000000000000;0000000000000;00000047;00000000;00000000;00000000;00000000;0000050271000;0000049991000;0000000070000;00280000;
20170627;CLP;*;Q17 ;0000009462645;0000002852600;00000075;05046700;05046700;05046800;05046800;0000050514000;0000050249000;0000000066250;00265000;
20170627;CLP;*;U17 ;0000000000000;0000000000000;00000460;00000000;00000000;00000000;00000000;0000050794000;0000050528000;0000000066500;00266000;
20170627;CNY;*;N17 ;0000000000000;0000000000000;00000090;00000000;00000000;00000000;00000000;0000048857010;0000048303280;0000000193805;00553730;
20170627;CNY;*;Q17 ;0000000000000;0000000000000;00000000;00000000;00000000;00000000;00000000;0000049054710;0000048551260;0000000000000;00503450;
20170627;CNY;*;U17 ;0000000000000;0000000000000;00000000;00000000;00000000;00000000;00000000;0000049251000;0000048753000;0000000000000;00498000;
20170627;CR1;*;U7Z7;0000000000000;0000000000000;00000000;00000000;00000000;00000000;00000000;0000000000000;0000000000000;0000000000000;00000000;
20170627;DAP;*;F18 ;0000015278978;0000004605986;00027130;00000548;00000548;00000549;00000549;0000009712570;0000009711996;0000000000694;00000574;
20170627;DAP;*;F19 ;0000000000000;0000000000000;00000000;00000000;00000000;00000000;00000000;0000009269512;0000009272019;0000000000000;00002507;
20170627;DAP;*;K19 ;0000024886677;0000007502314;00041305;00000492;00000492;00000498;00000494;0000009139938;0000009142448;0000000003037;00002510;
20170627;DAP;*;K21 ;0000006878629;0000002073625;00013442;00000551;00000551;00000554;00000554;0000008118786;0000008126788;0000000009683;00008002;
20170627;DAP;*;K23 ;0000084350846;0000025428327;00012623;00000565;00000565;00000572;00000572;0000007237123;0000007250955;0000000016739;00013832;
20170627;DAP;*;N17 ;0000007813035;0000002355310;00005300;00001295;00001295;00001295;00001295;0000009932820;0000009933189;0000000000446;00000369;
20170627;DAP;*;Q17 ;0000000000000;0000000000000;00001600;00000000;00000000;00000000;00000000;0000009867999;0000009867185;0000000000985;00000814;
20170627;DAP;*;Q18 ;0000609520422;0000183745455;00070379;00000504;00000503;00000505;00000503;0000009460097;0000009458575;0000000001841;00001522;
20170627;DAP;*;Q20 ;0000017456703;0000005262481;00005785;00000540;00000538;00000540;00000538;0000008493628;0000008495826;0000000002659;00002198;
20170627;DAP;*;Q22 ;0000001822758;0000000549487;00018406;00000570;00000570;00000570;00000570;0000007541975;0000007551152;0000000011105;00009177;
20170627;DAP;*;Q24 ;0000000000000;0000000000000;00008695;00000000;00000000;00000000;00000000;0000006775485;0000006795447;0000000024157;00019962;
20170627;DAP;*;Q26 ;0000000000000;0000000000000;00003824;00000000;00000000;00000000;00000000;0000006029423;0000006051745;0000000027013;00022322;
20170627;DAP;*;Q30 ;0000000000000;0000000000000;00000235;00000000;00000000;00000000;00000000;0000004841935;0000004867176;0000000030545;00025241;
20170627;DAP;*;U17 ;0000000000000;0000000000000;00000000;00000000;00000000;00000000;00000000;0000009815325;0000009814193;0000000000000;00001132;
20170627;DCO;*;F18 ;0000000000000;0000000000000;00000000;00000000;00000000;00000000;00000000;0000009923416;0000009847065;0000000000000;00076351;
20170627;DCO;*;F19 ;0000000000000;0000000000000;00000000;00000000;00000000;00000000;00000000;0000009662463;0000009585242;0000000000000;00077221;
20170627;DCO;*;F20 ;0000000000000;0000000000000;00000000;00000000;00000000;00000000;00000000;0000009350727;0000009281016;0000000000000;00069711;
20170627;DCO;*;F21 ;0000000000000;0000000000000;00000000;00000000;00000000;00000000;00000000;0000008990744;0000008922441;0000000000000;00068303;
20170627;DCO;*;F22 ;0000000000000;0000000000000;00000000;00000000;00000000;00000000;00000000;0000008610067;0000008540071;0000000000000;00069996;
20170627;DCO;*;F23 ;0000000000000;0000000000000;00000000;00000000;00000000;00000000;00000000;0000008196917;0000008129165;0000000000000;00067752;
20170627;DCO;*;F24 ;0000000000000;0000000000000;00000000;00000000;00000000;00000000;00000000;0000007770477;0000007715884;0000000000000;00054593;
20170627;DCO;*;F25 ;0000000000000;0000000000000;00000000;00000000;00000000;00000000;00000000;0000007373450;0000007320262;0000000000000;00053188;
20170627;DCO;*;F26 ;0000000000000;0000000000000;00000000;00000000;00000000;00000000;00000000;0000006974417;0000006921341;0000000000000;00053076;
20170627;DCO;*;F27 ;0000000000000;0000000000000;00000000;00000000;00000000;00000000;00000000;0000006592525;0000006545277;0000000000000;00047248;
20170627;DCO;*;F28 ;0000000000000;0000000000000;00000000;00000000;00000000;00000000;00000000;0000006238379;0000006193859;0000000000000;00044520;
20170627;DCO;*;F29 ;0000000000000;0000000000000;00000000;00000000;00000000;00000000;00000000;0000005898579;0000005853634;0000000000000;00044945;
20170627;DCO;*;F30 ;0000000000000;0000000000000;00000000;00000000;00000000;00000000;00000000;0000005578863;0000005538027;0000000000000;00040836;
20170627;DCO;*;G18 ;0000000000000;0000000000000;00000000;00000000;00000000;00000000;00000000;0000009906589;0000009829972;0000000000000;00076617;
20170627;DCO;*;H18 ;0000000000000;0000000000000;00000000;00000000;00000000;00000000;00000000;0000009886717;0000009810296;0000000000000;00076421;
20170627;DCO;*;J18 ;0000000000000;0000000000000;00000000;00000000;00000000;00000000;00000000;0000009863173;0000009787556;0000000000000;00075617;
20170627;DCO;*;J19 ;0000000000000;0000000000000;00000000;00000000;00000000;00000000;00000000;0000009593883;0000009518471;0000000000000;00075412;
20170627;DCO;*;J20 ;0000000000000;0000000000000;00000000;00000000;00000000;00000000;00000000;0000009269919;0000009198743;0000000000000;00071176;
20170627;DCO;*;J21 ;0000000000000;0000000000000;00000000;00000000;00000000;00000000;00000000;0000008908567;0000008839520;0000000000000;00069047;
20170627;DCO;*;J22 ;0000000000000;0000000000000;00000000;00000000;00000000;00000000;00000000;0000008532658;0000008461245;0000000000000;00071413;
20170627;DCO;*;K18 ;0000000000000;0000000000000;00000000;00000000;00000000;00000000;00000000;0000009842859;0000009766537;0000000000000;00076322;
20170627;DCO;*;M18 ;0000000000000;0000000000000;00000000;00000000;00000000;00000000;00000000;0000009820594;0000009743617;0000000000000;00076977;
20170627;DCO;*;N17 ;0000000000000;0000000000000;00000000;00000000;00000000;00000000;00000000;0000010034519;0000009960561;0000000000000;00073958;
20170627;DCO;*;N18 ;0000000000000;0000000000000;00000000;00000000;00000000;00000000;00000000;0000009800559;0000009722774;0000000000000;00077785;
20170627;DCO;*;N19 ;0000000000000;0000000000000;00000000;00000000;00000000;00000000;00000000;0000009516846;0000009443754;0000000000000;00073092;
20170627;DCO;*;N20 ;0000000000000;0000000000000;00000000;00000000;00000000;00000000;00000000;0000009178288;0000009110024;0000000000000;00068264;
20170627;DCO;*;N21 ;0000000000000;0000000000000;00000000;00000000;00000000;00000000;00000000;0000008809753;0000008737698;0000000000000;00072055;
20170627;DCO;*;N22 ;0000000000000;0000000000000;00000000;00000000;00000000;00000000;00000000;0000008416918;0000008348726;0000000000000;00068192;
20170627;DCO;*;Q17 ;0000000000000;0000000000000;00000000;00000000;00000000;00000000;00000000;0000010014702;0000009940328;0000000000000;00074374;
20170627;DCO;*;U17 ;0000000000000;0000000000000;00000000;00000000;00000000;00000000;00000000;0000009999083;0000009924572;0000000000000;00074511;
20170627;DCO;*;V17 ;0000000000000;0000000000000;00000000;00000000;00000000;00000000;00000000;0000009980101;0000009905059;0000000000000;00075042;
20170627;DCO;*;V18 ;0000000000000;0000000000000;00000000;00000000;00000000;00000000;00000000;0000009734484;0000009657006;0000000000000;00077478;
20170627;DCO;*;V19 ;0000000000000;0000000000000;00000000;00000000;00000000;00000000;00000000;0000009434986;0000009362970;0000000000000;00072016;
20170627;DCO;*;V20 ;0000000000000;0000000000000;00000000;00000000;00000000;00000000;00000000;0000009085476;0000009019351;0000000000000;00066125;
20170627;DCO;*;V21 ;0000000000000;0000000000000;00000000;00000000;00000000;00000000;00000000;0000008721304;0000008649709;0000000000000;00071595;
20170627;DCO;*;X17 ;0000000000000;0000000000000;00000000;00000000;00000000;00000000;00000000;0000009961344;0000009886029;0000000000000;00075315;
20170627;DCO;*;Z17 ;0000000000000;0000000000000;00000000;00000000;00000000;00000000;00000000;0000009944056;0000009868361;0000000000000;00075695;
20170627;DDI;*;F18 ;0000000000000;0000000000000;00429668;00000000;00000000;00000000;00000000;0000009923933;0000009847569;0000000126489;00076364;
20170627;DDI;*;F19 ;0000000000000;0000000000000;00109194;00000000;00000000;00000000;00000000;0000009663900;0000009586647;0000000127961;00077253;
20170627;DDI;*;F20 ;0000000000000;0000000000000;00096540;00000000;00000000;00000000;00000000;0000009352960;0000009283200;0000000115550;00069760;
20170627;DDI;*;F21 ;0000000000000;0000000000000;00092506;00000000;00000000;00000000;00000000;0000008993635;0000008925268;0000000113243;00068367;
20170627;DDI;*;F22 ;0000000000000;0000000000000;00035624;00000000;00000000;00000000;00000000;0000008613468;0000008543394;0000000116070;00070074;
20170627;DDI;*;F23 ;0000000000000;0000000000000;00029456;00000000;00000000;00000000;00000000;0000008204446;0000008136521;0000000112510;00067925;
20170627;DDI;*;F24 ;0000000000000;0000000000000;00033765;00000000;00000000;00000000;00000000;0000007778469;0000007723711;0000000090701;00054758;
20170627;DDI;*;F25 ;0000000000000;0000000000000;00020920;00000000;00000000;00000000;00000000;0000007381754;0000007328391;0000000088390;00053363;
20170627;DDI;*;F26 ;0000000000000;0000000000000;00014060;00000000;00000000;00000000;00000000;0000006982834;0000006929575;0000000088218;00053259;
20170627;DDI;*;F27 ;0000000000000;0000000000000;00011100;00000000;00000000;00000000;00000000;0000006600934;0000006553509;0000000078554;00047425;
20170627;DDI;*;F28 ;0000000000000;0000000000000;00000110;00000000;00000000;00000000;00000000;0000006246697;0000006202003;0000000074031;00044694;
20170627;DDI;*;F29 ;0000000000000;0000000000000;00000000;00000000;00000000;00000000;00000000;0000005906722;0000005861599;0000000000000;00045123;
20170627;DDI;*;F30 ;0000000000000;0000000000000;00000500;00000000;00000000;00000000;00000000;0000005586779;0000005545775;0000000067919;00041004;
20170627;DDI;*;G18 ;0000000000000;0000000000000;00032510;00000000;00000000;00000000;00000000;0000009907186;0000009830557;0000000126928;00076629;
20170627;DDI;*;H18 ;0000000000000;0000000000000;00021830;00000000;00000000;00000000;00000000;0000009887388;0000009810951;0000000126610;00076437;
20170627;DDI;*;J18 ;0000000000000;0000000000000;00099499;00000000;00000000;00000000;00000000;0000009863927;0000009788293;0000000125280;00075634;
20170627;DDI;*;J19 ;0000000000000;0000000000000;00049276;00000000;00000000;00000000;00000000;0000009595527;0000009520079;0000000124972;00075448;
20170627;DDI;*;J20 ;0000000000000;0000000000000;00027835;00000000;00000000;00000000;00000000;0000009272328;0000009201099;0000000117983;00071229;
20170627;DDI;*;J21 ;0000000000000;0000000000000;00006137;00000000;00000000;00000000;00000000;0000008911597;0000008842483;0000000114480;00069114;
20170627;DDI;*;J22 ;0000000000000;0000000000000;00000640;00000000;00000000;00000000;00000000;0000008536176;0000008464681;0000000118424;00071495;
20170627;DDI;*;K18 ;0000000000000;0000000000000;00018270;00000000;00000000;00000000;00000000;0000009843690;0000009767351;0000000126447;00076339;
20170627;DDI;*;M18 ;0000000000000;0000000000000;00009870;00000000;00000000;00000000;00000000;0000009821502;0000009744505;0000000127537;00076997;
20170627;DDI;*;N17 ;0001018150009;0000306930547;00385117;00001338;00000563;00001338;00000563;0000010034536;0000009960578;0000000122504;00073958;
20170627;DDI;*;N18 ;0000000000000;0000000000000;00100257;00000000;00000000;00000000;00000000;0000009801546;0000009723738;0000000128881;00077808;
20170627;DDI;*;N19 ;0000000000000;0000000000000;00058094;00000000;00000000;00000000;00000000;0000009518693;0000009445561;0000000121135;00073132;
20170627;DDI;*;N20 ;0000000000000;0000000000000;00044635;00000000;00000000;00000000;00000000;0000009180863;0000009112543;0000000113165;00068320;
20170627;DDI;*;N21 ;0000000000000;0000000000000;00004910;00000000;00000000;00000000;00000000;0000008812913;0000008740784;0000000119474;00072129;
20170627;DDI;*;N22 ;0000000000000;0000000000000;00001180;00000000;00000000;00000000;00000000;0000008420521;0000008352245;0000000113092;00068276;
20170627;DDI;*;Q17 ;0000000000000;0000000000000;00527360;00000000;00000000;00000000;00000000;0000010014800;0000009940423;0000000123198;00074377;
20170627;DDI;*;U17 ;0000000000000;0000000000000;00163610;00000000;00000000;00000000;00000000;0000009999267;0000009924751;0000000123428;00074516;
20170627;DDI;*;V17 ;0000019873587;0000005991073;00258264;00000006;00000006;00000006;00000006;0000009980369;0000009905321;0000000124309;00075048;
20170627;DDI;*;V18 ;0000000000000;0000000000000;00061848;00000000;00000000;00000000;00000000;0000009735697;0000009658193;0000000128377;00077504;
20170627;DDI;*;V19 ;0000000000000;0000000000000;00036334;00000000;00000000;00000000;00000000;0000009437029;0000009364968;0000000119361;00072061;
20170627;DDI;*;V20 ;0000000000000;0000000000000;00022910;00000000;00000000;00000000;00000000;0000009088210;0000009022026;0000000109627;00066184;
20170627;DDI;*;V21 ;0000000000000;0000000000000;00002102;00000000;00000000;00000000;00000000;0000008721304;0000008652924;0000000113264;00068380;
20170627;DDI;*;X17 ;0000000000000;0000000000000;00104230;00000000;00000000;00000000;00000000;0000009961695;0000009886371;0000000124766;00075324;
20170627;DDI;*;Z17 ;0000000000000;0000000000000;00083950;00000000;00000000;00000000;00000000;0000009944488;0000009868783;0000000125397;00075705;
20170627;DDM;*;K25 ;0000000000000;0000000000000;00000000;00000000;00000000;00000000;00000000;0000006552209;0000006569802;0000000000000;00017593;
20170627;DI1;*;F18 ;0021368402415;0006441698545;03628605;00008990;00008970;00009010;00008980;0000009569115;0000009570648;0000000001533;00001533;
20170627;DI1;*;F19 ;0034671785284;0010452123865;02094454;00009020;00008980;00009050;00008980;0000008785605;0000008789619;0000000004014;00004014;
20170627;DI1;*;F20 ;0013401474094;0004039995808;01636594;00009680;00009660;00009770;00009690;0000007929825;0000007939041;0000000009216;00009216;
20170627;DI1;*;F21 ;0020790508600;0006267487218;01290176;00010240;00010210;00010350;00010250;0000007104062;0000007119879;0000000015817;00015817;
20170627;DI1;*;F22 ;0000234088104;0000070567980;00095101;00010540;00010500;00010650;00010580;0000006362563;0000006389748;0000000027185;00027185;
20170627;DI1;*;F23 ;0002703717882;0000815060256;00675287;00010710;00010670;00010840;00010740;0000005702561;0000005736533;0000000033972;00033972;
20170627;DI1;*;F24 ;0000001791873;0000000540176;00056770;00010820;00010820;00010920;00010880;0000005118775;0000005156237;0000000037462;00037462;
20170627;DI1;*;F25 ;0001202272668;0000362435991;00568563;00010930;00010890;00011070;00010980;0000004578577;0000004618836;0000000040259;00040259;
20170627;DI1;*;F26 ;0000024848880;0000007490920;00062418;00010950;00010950;00011090;00011080;0000004107761;0000004145554;0000000037793;00037793;
20170627;DI1;*;F27 ;0000515128585;0000155290180;00372723;00011040;00011000;00011180;00011100;0000003683500;0000003718170;0000000034670;00034670;
20170627;DI1;*;F28 ;0000000000000;0000000000000;00000010;00000000;00000000;00000000;00000000;0000003301257;0000003335597;0000000034340;00034340;
20170627;DI1;*;F29 ;0000000000000;0000000000000;00004367;00000000;00000000;00000000;00000000;0000002964639;0000002998398;0000000033759;00033759;
20170627;DI1;*;F30 ;0000000000000;0000000000000;00000720;00000000;00000000;00000000;00000000;0000002652959;0000002685784;0000000032825;00032825;
20170627;DI1;*;G18 ;0000002849382;0000000858972;00022870;00009000;00008930;00009000;00008930;0000009501007;0000009502743;0000000001736;00001736;
20170627;DI1;*;H18 ;0000003304546;0000000996185;00017975;00009000;00008875;00009000;00008875;0000009445013;0000009446906;0000000001893;00001893;
20170627;DI1;*;J18 ;0002177713539;0000656491480;00724084;00008840;00008830;00008865;00008830;0000009381616;0000009383693;0000000002077;00002077;
20170627;DI1;*;J19 ;0001031231563;0000310874100;00535049;00009150;00009140;00009220;00009160;0000008582412;0000008585472;0000000003060;00003060;
20170627;DI1;*;J20 ;0000004245137;0000001279735;00078214;00009860;00009860;00009860;00009860;0000007715530;0000007733060;0000000017530;00017530;
20170627;DI1;*;J21 ;0000004836773;0000001458089;00031215;00010400;00010360;00010400;00010360;0000006910009;0000006933481;0000000023472;00023472;
20170627;DI1;*;J22 ;0000000000000;0000000000000;00001370;00000000;00000000;00000000;00000000;0000006193633;0000006222596;0000000028963;00028963;
20170627;DI1;*;K18 ;0000000465836;0000000140430;00020915;00008820;00008820;00008820;00008820;0000009315015;0000009317396;0000000002381;00002381;
20170627;DI1;*;M18 ;0000000000000;0000000000000;00007510;00000000;00000000;00000000;00000000;0000009249306;0000009251940;0000000002634;00002634;
20170627;DI1;*;N17 ;0004523557365;0001363667360;03065231;00010148;00010142;00010148;00010144;0000009984674;0000009984676;0000000000002;00000002;
20170627;DI1;*;N18 ;0006805802913;0002051670961;00712822;00008880;00008830;00008890;00008840;0000009183864;0000009186845;0000000002981;00002981;
20170627;DI1;*;N19 ;0001381749326;0000416540856;00477545;00009360;00009320;00009400;00009340;0000008370466;0000008376824;0000000006358;00006358;
20170627;DI1;*;N20 ;0003361452759;0001013340395;01282449;00010000;00009980;00010090;00010020;0000007513943;0000007528341;0000000014398;00014398;
20170627;DI1;*;N21 ;0000017811748;0000005369513;00058278;00010490;00010450;00010500;00010450;0000006724805;0000006746671;0000000021866;00021866;
20170627;DI1;*;N22 ;0000000301282;0000000090824;00006120;00010680;00010680;00010680;00010680;0000006029458;0000006060196;0000000030738;00030738;
20170627;DI1;*;N23 ;0000000000000;0000000000000;00003535;00000000;00000000;00000000;00000000;0000005406207;0000005441876;0000000035669;00035669;
20170627;DI1;*;N24 ;0000000000000;0000000000000;00003300;00000000;00000000;00000000;00000000;0000004848948;0000004887736;0000000038788;00038788;
20170627;DI1;*;Q17 ;0004198411409;0001265649165;00758942;00010050;00010050;00010055;00010054;0000009905418;0000009905449;0000000000031;00000031;
20170627;DI1;*;U17 ;0000939806873;0000283313298;00360580;00009665;00009665;00009691;00009670;0000009825529;0000009825622;0000000000093;00000093;
20170627;DI1;*;V17 ;0008341197526;0002514529581;01893477;00009455;00009445;00009465;00009455;0000009759284;0000009759527;0000000000243;00000243;
20170627;DI1;*;V18 ;0000426129388;0000128460566;00601261;00008910;00008900;00008950;00008910;0000008980923;0000008985483;0000000004560;00004560;
20170627;DI1;*;V19 ;0000077298246;0000023302257;00086899;00009550;00009550;00009600;00009550;0000008141697;0000008151948;0000000010251;00010251;
20170627;DI1;*;V20 ;0000009851315;0000002969768;00046125;00010180;00010160;00010180;00010160;0000007294557;0000007313992;0000000019435;00019435;
20170627;DI1;*;V21 ;0000002286430;0000000689265;00011922;00010540;00010520;00010540;00010520;0000006536464;0000006560834;0000000024370;00024370;
20170627;DI1;*;X17 ;0000035372958;0000010663499;00130545;00009300;00009280;00009300;00009280;0000009691348;0000009691268;0000000000080;00000080;
20170627;DI1;*;Z17 ;0000059223708;0000017853523;00147035;00009110;00009110;00009115;00009115;0000009629907;0000009629957;0000000000050;00000050;
20170627;DOL;*;F18 ;0000000000000;0000000000000;00009085;00000000;00000000;00000000;00000000;0000034356370;0000034086540;0000000134915;00269830;
20170627;DOL;*;F19 ;0000000000000;0000000000000;00000000;00000000;00000000;00000000;00000000;0000036439800;0000036131990;0000000000000;00307810;
20170627;DOL;*;F20 ;0000000000000;0000000000000;00000000;00000000;00000000;00000000;00000000;0000039073350;0000038736900;0000000000000;00336450;
20170627;DOL;*;F21 ;0000000000000;0000000000000;00003100;00000000;00000000;00000000;00000000;0000041939550;0000041528270;0000000205640;00411280;
20170627;DOL;*;F25 ;0000000000000;0000000000000;00000000;00000000;00000000;00000000;00000000;0000053410210;0000052561930;0000000000000;00848280;
20170627;DOL;*;G18 ;0000000000000;0000000000000;00000000;00000000;00000000;00000000;00000000;0000034544260;0000034270810;0000000000000;00273450;
20170627;DOL;*;H18 ;0000000000000;0000000000000;00000000;00000000;00000000;00000000;00000000;0000034679610;0000034404620;0000000000000;00274990;
20170627;DOL;*;J18 ;0000000000000;0000000000000;00000180;00000000;00000000;00000000;00000000;0000034831120;0000034556390;0000000137365;00274730;
20170627;DOL;*;J19 ;0000000000000;0000000000000;00000050;00000000;00000000;00000000;00000000;0000037038610;0000036734280;0000000152165;00304330;
20170627;DOL;*;J20 ;0000000000000;0000000000000;00000000;00000000;00000000;00000000;00000000;0000039812390;0000039417000;0000000000000;00395390;
20170627;DOL;*;J22 ;0000000000000;0000000000000;00000000;00000000;00000000;00000000;00000000;0000045657610;0000045064460;0000000000000;00593150;
20170627;DOL;*;K18 ;0000000000000;0000000000000;00000000;00000000;00000000;00000000;00000000;0000035008190;0000034727810;0000000000000;00280380;
20170627;DOL;*;M18 ;0000000000000;0000000000000;00000000;00000000;00000000;00000000;00000000;0000035177420;0000034891700;0000000000000;00285720;
20170627;DOL;*;N17 ;0057263232500;0017262520348;00577974;03311000;03301500;03338000;03317000;0000033293430;0000033048030;0000000122700;00245400;
20170627;DOL;*;N18 ;0000000000000;0000000000000;00000665;00000000;00000000;00000000;00000000;0000035356100;0000035064050;0000000146025;00292050;
20170627;DOL;*;N19 ;0000000000000;0000000000000;00000400;00000000;00000000;00000000;00000000;0000037672370;0000037354560;0000000158905;00317810;
20170627;DOL;*;N21 ;0000000000000;0000000000000;00000000;00000000;00000000;00000000;00000000;0000043414520;0000042919640;0000000000000;00494880;
20170627;DOL;*;N22 ;0000000000000;0000000000000;00000000;00000000;00000000;00000000;00000000;0000046265360;0000045657470;0000000000000;00607890;
20170627;DOL;*;Q17 ;0001340663000;0000404155010;00052950;03324000;03324000;03355000;03343000;0000033493820;0000033244970;0000000124425;00248850;
20170627;DOL;*;U17 ;0000123106125;0000037111457;00003135;03367000;03367000;03375000;03373000;0000033713780;0000033462220;0000000125780;00251560;
20170627;DOL;*;V17 ;0000023599500;0000007114283;00004080;03362500;03362500;03385500;03385000;0000033878480;0000033622880;0000000127800;00255600;
20170627;DOL;*;V18 ;0000000000000;0000000000000;00000035;00000000;00000000;00000000;00000000;0000035912140;0000035608170;0000000151985;00303970;
20170627;DOL;*;V19 ;0000000000000;0000000000000;00000000;00000000;00000000;00000000;00000000;0000038398610;0000038057480;0000000000000;00341130;
20170627;DOL;*;X17 ;0000000000000;0000000000000;00000245;00000000;00000000;00000000;00000000;0000034052130;0000033794930;0000000128600;00257200;
20170627;DOL;*;Z17 ;0000000000000;0000000000000;00000010;00000000;00000000;00000000;00000000;0000034210200;0000033949580;0000000130310;00260620;
20170627;DR1;*;N7Q7;0000000000000;0000000000000;00000000;00019750;00019700;00020100;00020100;0000000000000;0000000000000;0000000000000;00000000;
20170627;DR1;*;N7U7;0000000000000;0000000000000;00000000;00041320;00041320;00041800;00041800;0000000000000;0000000000000;0000000000000;00000000;
20170627;ETH;*;F18 ;0000000000000;0000000000000;00000030;00000000;00000000;00000000;00000000;0000000155000;0000000155000;0000000000000;00000000;
20170627;ETH;*;G18 ;0000000000000;0000000000000;00000030;00000000;00000000;00000000;00000000;0000000155000;0000000155000;0000000000000;00000000;
20170627;ETH;*;H18 ;0000000000000;0000000000000;00000030;00000000;00000000;00000000;00000000;0000000155000;0000000155000;0000000000000;00000000;
20170627;ETH;*;J18 ;0000000000000;0000000000000;00000000;00000000;00000000;00000000;00000000;0000000157350;0000000157350;0000000000000;00000000;
20170627;ETH;*;K18 ;0000000000000;0000000000000;00000000;00000000;00000000;00000000;00000000;0000000150050;0000000150050;0000000000000;00000000;
20170627;ETH;*;M17 ;0000000000000;0000000000000;00000435;00000000;00000000;00000000;00000000;0000000134500;0000000134500;0000000000000;00000000;
20170627;ETH;*;N17 ;0000000000000;0000000000000;00000427;00000000;00000000;00000000;00000000;0000000133000;0000000133000;0000000000000;00000000;
20170627;ETH;*;Q17 ;0000000081300;0000000024459;00000769;00135500;00135500;00135500;00135500;0000000135000;0000000134250;0000000022500;00000750;
20170627;ETH;*;U17 ;0000000000000;0000000000000;00000000;00000000;00000000;00000000;00000000;0000000145000;0000000145000;0000000000000;00000000;
20170627;ETH;*;V17 ;0000000000000;0000000000000;00000410;00000000;00000000;00000000;00000000;0000000145000;0000000144000;0000000030000;00001000;
20170627;ETH;*;X17 ;0000000000000;0000000000000;00000299;00000000;00000000;00000000;00000000;0000000150000;0000000150000;0000000000000;00000000;
20170627;ETH;*;Z17 ;0000002516370;0000000757053;00000625;00150500;00149500;00150500;00149500;0000000150500;0000000150500;0000000000000;00000000;
20170627;EUR;*;N17 ;0000228167000;0000068783010;00005963;03730200;03730200;03772000;03772000;0000037784960;0000036962690;0000000411135;00822270;
20170627;EUR;*;Q17 ;0000280441475;0000084541624;00010980;03780400;03780400;03806400;03798300;0000038062420;0000037231950;0000000415235;00830470;
20170627;EUR;*;U17 ;0000059502850;0000017937673;00000460;03838800;03838800;03838900;03838900;0000038367760;0000037529210;0000000419275;00838550;
20170627;EUR;*;V17 ;0000000000000;0000000000000;00000000;00000000;00000000;00000000;00000000;0000038613230;0000037766830;0000000000000;00846400;
20170627;FRC;*;F18 ;0000000000000;0000000000000;00000000;00000224;00000219;00000224;00000219;0000000000219;0000000000226;0000000000003;00000007;
20170627;FRC;*;F19 ;0000000000000;0000000000000;00000000;00000254;00000252;00000256;00000252;0000000000252;0000000000256;0000000000002;00000004;
20170627;FRC;*;F20 ;0000000000000;0000000000000;00000000;00000287;00000287;00000287;00000287;0000000000287;0000000000288;0000000000000;00000001;
20170627;FRC;*;F21 ;0000000000000;0000000000000;00000000;00000325;00000325;00000325;00000325;0000000000325;0000000000326;0000000000000;00000001;
20170627;FRC;*;F22 ;0000000000000;0000000000000;00000000;00000363;00000361;00000363;00000361;0000000000361;0000000000363;0000000000001;00000002;
20170627;FRC;*;F23 ;0000000000000;0000000000000;00000000;00000400;00000400;00000400;00000400;0000000000400;0000000000402;0000000000001;00000002;
20170627;FRC;*;F24 ;0000000000000;0000000000000;00000000;00000440;00000440;00000440;00000440;0000000000440;0000000000439;0000000000000;00000001;
20170627;FRC;*;F25 ;0000000000000;0000000000000;00000000;00000472;00000472;00000472;00000472;0000000000472;0000000000472;0000000000000;00000000;
20170627;FRC;*;F26 ;0000000000000;0000000000000;00000000;00000507;00000507;00000507;00000507;0000000000507;0000000000507;0000000000000;00000000;
20170627;FRC;*;F27 ;0000000000000;0000000000000;00000000;00000000;00000000;00000000;00000000;0000000000539;0000000000539;0000000000000;00000000;
20170627;FRC;*;F28 ;0000000000000;0000000000000;00000000;00000000;00000000;00000000;00000000;0000000000569;0000000000569;0000000000000;00000000;
20170627;FRC;*;F29 ;0000000000000;0000000000000;00000000;00000000;00000000;00000000;00000000;0000000000599;0000000000599;0000000000000;00000000;
20170627;FRC;*;F30 ;0000000000000;0000000000000;00000000;00000000;00000000;00000000;00000000;0000000000628;0000000000628;0000000000000;00000000;
20170627;FRC;*;G18 ;0000000000000;0000000000000;00000000;00000217;00000217;00000217;00000217;0000000000217;0000000000224;0000000000003;00000007;
20170627;FRC;*;H18 ;0000000000000;0000000000000;00000000;00000222;00000222;00000222;00000222;0000000000222;0000000000228;0000000000003;00000006;
20170627;FRC;*;J18 ;0000000000000;0000000000000;00000000;00000232;00000228;00000232;00000228;0000000000228;0000000000232;0000000000002;00000004;
20170627;FRC;*;J19 ;0000000000000;0000000000000;00000000;00000259;00000259;00000259;00000259;0000000000259;0000000000261;0000000000001;00000002;
20170627;FRC;*;J20 ;0000000000000;0000000000000;00000000;00000000;00000000;00000000;00000000;0000000000295;0000000000296;0000000000000;00000001;
20170627;FRC;*;J21 ;0000000000000;0000000000000;00000000;00000000;00000000;00000000;00000000;0000000000332;0000000000333;0000000000000;00000001;
20170627;FRC;*;J22 ;0000000000000;0000000000000;00000000;00000000;00000000;00000000;00000000;0000000000365;0000000000367;0000000000000;00000002;
20170627;FRC;*;K18 ;0000000000000;0000000000000;00000000;00000230;00000230;00000230;00000230;0000000000230;0000000000235;0000000000002;00000005;
20170627;FRC;*;M18 ;0000000000000;0000000000000;00000000;00000000;00000000;00000000;00000000;0000000000235;0000000000240;0000000000000;00000005;
20170627;FRC;*;N18 ;0000000000000;0000000000000;00000000;00000239;00000235;00000239;00000235;0000000000235;0000000000241;0000000000003;00000006;
20170627;FRC;*;N19 ;0000000000000;0000000000000;00000000;00000268;00000268;00000268;00000268;0000000000268;0000000000270;0000000000001;00000002;
20170627;FRC;*;N20 ;0000000000000;0000000000000;00000000;00000306;00000306;00000306;00000306;0000000000306;0000000000306;0000000000000;00000000;
20170627;FRC;*;N21 ;0000000000000;0000000000000;00000000;00000344;00000342;00000344;00000342;0000000000342;0000000000344;0000000000001;00000002;
20170627;FRC;*;N22 ;0000000000000;0000000000000;00000000;00000000;00000000;00000000;00000000;0000000000378;0000000000380;0000000000000;00000002;
20170627;FRC;*;Q17 ;0000000000000;0000000000000;00000000;00000252;00000241;00000252;00000241;0000000000245;0000000000252;0000000000003;00000007;
20170627;FRC;*;U17 ;0000000000000;0000000000000;00000000;00000217;00000210;00000217;00000210;0000000000212;0000000000217;0000000000002;00000005;
20170627;FRC;*;V17 ;0000000000000;0000000000000;00000000;00000221;00000215;00000221;00000215;0000000000215;0000000000221;0000000000003;00000006;
20170627;FRC;*;V18 ;0000000000000;0000000000000;00000000;00000246;00000243;00000246;00000243;0000000000243;0000000000248;0000000000002;00000005;
20170627;FRC;*;V19 ;0000000000000;0000000000000;00000000;00000278;00000278;00000278;00000278;0000000000278;0000000000279;0000000000000;00000001;
20170627;FRC;*;V20 ;0000000000000;0000000000000;00000000;00000000;00000000;00000000;00000000;0000000000316;0000000000316;0000000000000;00000000;
20170627;FRC;*;V21 ;0000000000000;0000000000000;00000000;00000000;00000000;00000000;00000000;0000000000349;0000000000351;0000000000000;00000002;
20170627;FRC;*;X17 ;0000000000000;0000000000000;00000000;00000222;00000215;00000222;00000215;0000000000218;0000000000223;0000000000002;00000005;
20170627;FRC;*;Z17 ;0000000000000;0000000000000;00000000;00000000;00000000;00000000;00000000;0000000000216;0000000000222;0000000000000;00000006;
20170627;FRO;*;F18 ;0000000000000;0000000000000;00000000;00000000;00000000;00000000;00000000;0000000000220;0000000000227;0000000000000;00000007;
20170627;FRO;*;F19 ;0000000000000;0000000000000;00000000;00000000;00000000;00000000;00000000;0000000000253;0000000000257;0000000000000;00000004;
20170627;FRO;*;F20 ;0000000000000;0000000000000;00000000;00000000;00000000;00000000;00000000;0000000000288;0000000000289;0000000000000;00000001;
20170627;FRO;*;F21 ;0000000000000;0000000000000;00000000;00000000;00000000;00000000;00000000;0000000000326;0000000000327;0000000000000;00000001;
20170627;FRO;*;F22 ;0000000000000;0000000000000;00000000;00000000;00000000;00000000;00000000;0000000000362;0000000000364;0000000000000;00000002;
20170627;FRO;*;F23 ;0000000000000;0000000000000;00000000;00000000;00000000;00000000;00000000;0000000000402;0000000000404;0000000000000;00000002;
20170627;FRO;*;F24 ;0000000000000;0000000000000;00000000;00000000;00000000;00000000;00000000;0000000000442;0000000000441;0000000000000;00000001;
20170627;FRO;*;F25 ;0000000000000;0000000000000;00000000;00000000;00000000;00000000;00000000;0000000000474;0000000000474;0000000000000;00000000;
20170627;FRO;*;F26 ;0000000000000;0000000000000;00000000;00000000;00000000;00000000;00000000;0000000000509;0000000000509;0000000000000;00000000;
20170627;FRO;*;F27 ;0000000000000;0000000000000;00000000;00000000;00000000;00000000;00000000;0000000000541;0000000000541;0000000000000;00000000;
20170627;FRO;*;F28 ;0000000000000;0000000000000;00000000;00000000;00000000;00000000;00000000;0000000000571;0000000000571;0000000000000;00000000;
20170627;FRO;*;F29 ;0000000000000;0000000000000;00000000;00000000;00000000;00000000;00000000;0000000000601;0000000000601;0000000000000;00000000;
20170627;FRO;*;F30 ;0000000000000;0000000000000;00000000;00000000;00000000;00000000;00000000;0000000000630;0000000000630;0000000000000;00000000;
20170627;FRO;*;G18 ;0000000000000;0000000000000;00000000;00000000;00000000;00000000;00000000;0000000000218;0000000000225;0000000000000;00000007;
20170627;FRO;*;H18 ;0000000000000;0000000000000;00000000;00000000;00000000;00000000;00000000;0000000000223;0000000000229;0000000000000;00000006;
20170627;FRO;*;J18 ;0000000000000;0000000000000;00000000;00000000;00000000;00000000;00000000;0000000000229;0000000000233;0000000000000;00000004;
20170627;FRO;*;J19 ;0000000000000;0000000000000;00000000;00000000;00000000;00000000;00000000;0000000000260;0000000000262;0000000000000;00000002;
20170627;FRO;*;J20 ;0000000000000;0000000000000;00000000;00000000;00000000;00000000;00000000;0000000000296;0000000000297;0000000000000;00000001;
20170627;FRO;*;J21 ;0000000000000;0000000000000;00000000;00000000;00000000;00000000;00000000;0000000000333;0000000000334;0000000000000;00000001;
20170627;FRO;*;J22 ;0000000000000;0000000000000;00000000;00000000;00000000;00000000;00000000;0000000000366;0000000000368;0000000000000;00000002;
20170627;FRO;*;K18 ;0000000000000;0000000000000;00000000;00000000;00000000;00000000;00000000;0000000000231;0000000000236;0000000000000;00000005;
20170627;FRO;*;M18 ;0000000000000;0000000000000;00000000;00000000;00000000;00000000;00000000;0000000000236;0000000000241;0000000000000;00000005;
20170627;FRO;*;N18 ;0000000000000;0000000000000;00000000;00000000;00000000;00000000;00000000;0000000000236;0000000000242;0000000000000;00000006;
20170627;FRO;*;N19 ;0000000000000;0000000000000;00000000;00000000;00000000;00000000;00000000;0000000000269;0000000000271;0000000000000;00000002;
20170627;FRO;*;N20 ;0000000000000;0000000000000;00000000;00000000;00000000;00000000;00000000;0000000000307;0000000000307;0000000000000;00000000;
20170627;FRO;*;N21 ;0000000000000;0000000000000;00000000;00000000;00000000;00000000;00000000;0000000000343;0000000000345;0000000000000;00000002;
20170627;FRO;*;N22 ;0000000000000;0000000000000;00000000;00000000;00000000;00000000;00000000;0000000000379;0000000000381;0000000000000;00000002;
20170627;FRO;*;Q17 ;0000000000000;0000000000000;00000000;00000000;00000000;00000000;00000000;0000000000246;0000000000253;0000000000000;00000007;
20170627;FRO;*;U17 ;0000000000000;0000000000000;00000000;00000000;00000000;00000000;00000000;0000000000213;0000000000218;0000000000000;00000005;
20170627;FRO;*;V17 ;0000000000000;0000000000000;00000000;00000000;00000000;00000000;00000000;0000000000216;0000000000222;0000000000000;00000006;
20170627;FRO;*;V18 ;0000000000000;0000000000000;00000000;00000000;00000000;00000000;00000000;0000000000244;0000000000249;0000000000000;00000005;
20170627;FRO;*;V19 ;0000000000000;0000000000000;00000000;00000000;00000000;00000000;00000000;0000000000279;0000000000280;0000000000000;00000001;
20170627;FRO;*;V20 ;0000000000000;0000000000000;00000000;00000000;00000000;00000000;00000000;0000000000317;0000000000317;0000000000000;00000000;
20170627;FRO;*;V21 ;0000000000000;0000000000000;00000000;00000000;00000000;00000000;00000000;0000000000350;0000000000352;0000000000000;00000002;
20170627;FRO;*;X17 ;0000000000000;0000000000000;00000000;00000000;00000000;00000000;00000000;0000000000219;0000000000224;0000000000000;00000005;
20170627;FRO;*;Z17 ;0000000000000;0000000000000;00000000;00000000;00000000;00000000;00000000;0000000000217;0000000000223;0000000000000;00000006;
20170627;FRP;*;FRP0;0000000000000;0000000000000;00000000;00000320;00000310;00000600;00000330;0000000000000;0000000000000;0000000000000;00000000;
20170627;FRP;*;FRP1;0000000000000;0000000000000;00000000;00000300;00000290;00000300;00000290;0000000000000;0000000000000;0000000000000;00000000;
20170627;GBP;*;N17 ;0000000000000;0000000000000;00000578;00000000;00000000;00000000;00000000;0000042642500;0000042045080;0000000209097;00597420;
20170627;GBP;*;Q17 ;0000000000000;0000000000000;00000055;00000000;00000000;00000000;00000000;0000042932690;0000042328730;0000000211386;00603960;
20170627;GBP;*;U17 ;0000000000000;0000000000000;00000012;00000000;00000000;00000000;00000000;0000043251620;0000042641550;0000000213524;00610070;
20170627;HSI;*;M17 ;0000000000000;0000000000000;00000000;00000000;00000000;00000000;00000000;0000000025777;0000000025812;0000000000000;00000035;
20170627;HSI;*;N17 ;0000000000000;0000000000000;00000000;00000000;00000000;00000000;00000000;0000000025657;0000000025697;0000000000000;00000040;
20170627;ICF;*;H18 ;0000000000000;0000000000000;00000000;00000000;00000000;00000000;00000000;0000000015715;0000000015605;0000000000000;00000110;
20170627;ICF;*;N17 ;0000000000000;0000000000000;00000010;00000000;00000000;00000000;00000000;0000000014365;0000000014260;0000000034900;00000105;
20170627;ICF;*;U17 ;0000025904000;0000007793255;00004893;00014775;00014615;00014940;00014900;0000000014845;0000000014725;0000000039886;00000120;
20170627;ICF;*;U18 ;0000000106365;0000000032000;00001702;00016000;00016000;00016000;00016000;0000000016000;0000000015905;0000000031577;00000095;
20170627;ICF;*;U19 ;0000000000000;0000000000000;00000405;00000000;00000000;00000000;00000000;0000000016680;0000000016570;0000000036562;00000110;
20170627;ICF;*;Z17 ;0000020918217;0000006293275;00001666;00015250;00015230;00015450;00015365;0000000015250;0000000015150;0000000033239;00000100;
20170627;ICF;*;Z18 ;0000000000000;0000000000000;00000032;00000000;00000000;00000000;00000000;0000000015940;0000000015835;0000000034900;00000105;
20170627;IND;*;G18 ;0000000000000;0000000000000;00000000;00000000;00000000;00000000;00000000;0000000064653;0000000065275;0000000000000;00000622;
20170627;IND;*;G19 ;0000000000000;0000000000000;00000000;00000000;00000000;00000000;00000000;0000000069923;0000000070581;0000000000000;00000658;
20170627;IND;*;J18 ;0000000000000;0000000000000;00000000;00000000;00000000;00000000;00000000;0000000065487;0000000066113;0000000000000;00000626;
20170627;IND;*;M18 ;0000000000000;0000000000000;00001785;00000000;00000000;00000000;00000000;0000000066241;0000000066871;0000000063000;00000630;
20170627;IND;*;Q17 ;0004437704750;0001337786311;00260813;00063005;00062280;00063185;00062380;0000000062387;0000000062999;0000000061200;00000612;
20170627;IND;*;Q18 ;0000000000000;0000000000000;00000000;00000000;00000000;00000000;00000000;0000000067171;0000000067802;0000000000000;00000631;
20170627;IND;*;V17 ;0000000000000;0000000000000;00001685;00000000;00000000;00000000;00000000;0000000063232;0000000063816;0000000058400;00000584;
20170627;IND;*;V18 ;0000000000000;0000000000000;00000000;00000000;00000000;00000000;00000000;0000000068084;0000000068718;0000000000000;00000634;
20170627;IND;*;Z17 ;0000017307000;0000005217352;00021610;00064100;00064100;00064100;00064100;0000000063946;0000000064574;0000000062800;00000628;
20170627;IND;*;Z18 ;0000000000000;0000000000000;00000150;00000000;00000000;00000000;00000000;0000000068913;0000000069557;0000000064400;00000644;
20170627;IR1;*;Q7V7;0000000000000;0000000000000;00000000;00000845;00000845;00000845;00000845;0000000000000;0000000000000;0000000000000;00000000;
20170627;IR1;*;Q7Z7;0000000000000;0000000000000;00000000;00001559;00001559;00001559;00001559;0000000000000;0000000000000;0000000000000;00000000;
20170627;ISP;*;H18 ;0000000000000;0000000000000;00000000;00000000;00000000;00000000;00000000;0000000241700;0000000243225;0000000000000;00001525;
20170627;ISP;*;M18 ;0000000000000;0000000000000;00000000;00000000;00000000;00000000;00000000;0000000241600;0000000243125;0000000000000;00001525;
20170627;ISP;*;U17 ;0000371767785;0000111846862;00003690;00243425;00241750;00243700;00241875;0000000242050;0000000243600;0000000257602;00001550;
20170627;ISP;*;Z17 ;0000000000000;0000000000000;00000010;00000000;00000000;00000000;00000000;0000000241875;0000000243400;0000000253447;00001525;
20170627;JPY;*;N17 ;0000008434280;0000002542590;00000685;02960300;02950000;02960300;02950000;0000029692700;0000029543400;0000000074650;00149300;
20170627;JPY;*;Q17 ;0000021895960;0000006600736;00001894;02976200;02976200;02984700;02984700;0000029901500;0000029749400;0000000076050;00152100;
20170627;JPY;*;U17 ;0000000000000;0000000000000;00000030;00000000;00000000;00000000;00000000;0000030131500;0000029977100;0000000077200;00154400;
20170627;JPY;*;V17 ;0000012819020;0000003864410;00000000;03016300;03016200;03016300;03016200;0000030315900;0000030158600;0000000078650;00157300;
20170627;JSE;*;U17 ;0000000000000;0000000000000;00000000;00000000;00000000;00000000;00000000;0000000045622;0000000045453;0000000000000;00000169;
20170627;JSE;*;Z17 ;0000000000000;0000000000000;00000000;00000000;00000000;00000000;00000000;0000000046336;0000000046163;0000000000000;00000173;
20170627;MIX;*;U17 ;0000000000000;0000000000000;00000000;00000000;00000000;00000000;00000000;0000000001874;0000000001857;0000000000000;00000017;
20170627;MIX;*;Z17 ;0000000000000;0000000000000;00000000;00000000;00000000;00000000;00000000;0000000001895;0000000001871;0000000000000;00000024;
20170627;MXN;*;N17 ;0000004845750;0000001460795;00000219;01847000;01840000;01847000;01840000;0000018506740;0000018471210;0000000026647;00035530;
20170627;MXN;*;Q17 ;0000027461212;0000008278431;00000690;01850600;01846200;01852300;01852300;0000018527210;0000018490430;0000000027585;00036780;
20170627;MXN;*;U17 ;0000000000000;0000000000000;00000031;00000000;00000000;00000000;00000000;0000018553030;0000018516040;0000000027742;00036990;
20170627;NZD;*;N17 ;0000000000000;0000000000000;00000000;00000000;00000000;00000000;00000000;0000024249050;0000024098180;0000000000000;00150870;
20170627;NZD;*;Q17 ;0000000000000;0000000000000;00000010;00000000;00000000;00000000;00000000;0000024381680;0000024223230;0000000118837;00158450;
20170627;NZD;*;U17 ;0000000000000;0000000000000;00000000;00000000;00000000;00000000;00000000;0000024527330;0000024367090;0000000000000;00160240;
20170627;OC1;*;F18 ;0000000000000;0000000000000;00000000;00000000;00000000;00000000;00000000;0000009568576;0000009570108;0000000000000;00001532;
20170627;OC1;*;F19 ;0000000000000;0000000000000;00000000;00000000;00000000;00000000;00000000;0000008784150;0000008788162;0000000000000;00004012;
20170627;OC1;*;F20 ;0000000000000;0000000000000;00000000;00000000;00000000;00000000;00000000;0000007927469;0000007936679;0000000000000;00009210;
20170627;OC1;*;F21 ;0000000000000;0000000000000;00000000;00000000;00000000;00000000;00000000;0000007100902;0000007116708;0000000000000;00015806;
20170627;OC1;*;F22 ;0000000000000;0000000000000;00000000;00000000;00000000;00000000;00000000;0000006358939;0000006386105;0000000000000;00027166;
20170627;OC1;*;F23 ;0000000000000;0000000000000;00000000;00000000;00000000;00000000;00000000;0000005698601;0000005732544;0000000000000;00033943;
20170627;OC1;*;F24 ;0000000000000;0000000000000;00000000;00000000;00000000;00000000;00000000;0000005114287;0000005151709;0000000000000;00037422;
20170627;OC1;*;F25 ;0000000000000;0000000000000;00000000;00000000;00000000;00000000;00000000;0000004573944;0000004614155;0000000000000;00040211;
20170627;OC1;*;F26 ;0000000000000;0000000000000;00000000;00000000;00000000;00000000;00000000;0000004103049;0000004140794;0000000000000;00037745;
20170627;OC1;*;F27 ;0000000000000;0000000000000;00000000;00000000;00000000;00000000;00000000;0000003678785;0000003713405;0000000000000;00034620;
20170627;OC1;*;F28 ;0000000000000;0000000000000;00000000;00000000;00000000;00000000;00000000;0000003296590;0000003330876;0000000000000;00034286;
20170627;OC1;*;F29 ;0000000000000;0000000000000;00000000;00000000;00000000;00000000;00000000;0000002960054;0000002993755;0000000000000;00033701;
20170627;OC1;*;F30 ;0000000000000;0000000000000;00000000;00000000;00000000;00000000;00000000;0000002648504;0000002681268;0000000000000;00032764;
20170627;OC1;*;G18 ;0000000000000;0000000000000;00000000;00000000;00000000;00000000;00000000;0000009500380;0000009502115;0000000000000;00001735;
20170627;OC1;*;H18 ;0000000000000;0000000000000;00000000;00000000;00000000;00000000;00000000;0000009444315;0000009446205;0000000000000;00001890;
20170627;OC1;*;J18 ;0000000000000;0000000000000;00000000;00000000;00000000;00000000;00000000;0000009380836;0000009382912;0000000000000;00002076;
20170627;OC1;*;J19 ;0000000000000;0000000000000;00000000;00000000;00000000;00000000;00000000;0000008580764;0000008583822;0000000000000;00003058;
20170627;OC1;*;J20 ;0000000000000;0000000000000;00000000;00000000;00000000;00000000;00000000;0000007713016;0000007730537;0000000000000;00017521;
20170627;OC1;*;J21 ;0000000000000;0000000000000;00000000;00000000;00000000;00000000;00000000;0000006906727;0000006930182;0000000000000;00023455;
20170627;OC1;*;J22 ;0000000000000;0000000000000;00000000;00000000;00000000;00000000;00000000;0000006189914;0000006218855;0000000000000;00028941;
20170627;OC1;*;K18 ;0000000000000;0000000000000;00000000;00000000;00000000;00000000;00000000;0000009314155;0000009316534;0000000000000;00002379;
20170627;OC1;*;M18 ;0000000000000;0000000000000;00000000;00000000;00000000;00000000;00000000;0000009248367;0000009250999;0000000000000;00002632;
20170627;OC1;*;N17 ;0000000000000;0000000000000;00000000;00000000;00000000;00000000;00000000;0000009984658;0000009984659;0000000000000;00000001;
20170627;OC1;*;N18 ;0000000000000;0000000000000;00000000;00000000;00000000;00000000;00000000;0000009182847;0000009185826;0000000000000;00002979;
20170627;OC1;*;N19 ;0000000000000;0000000000000;00000000;00000000;00000000;00000000;00000000;0000008368484;0000008374837;0000000000000;00006353;
20170627;OC1;*;N20 ;0000000000000;0000000000000;00000000;00000000;00000000;00000000;00000000;0000007511284;0000007525467;0000000000000;00014183;
20170627;OC1;*;N21 ;0000000000000;0000000000000;00000000;00000000;00000000;00000000;00000000;0000006721403;0000006743255;0000000000000;00021852;
20170627;OC1;*;N22 ;0000000000000;0000000000000;00000000;00000000;00000000;00000000;00000000;0000006025651;0000006056365;0000000000000;00030714;
20170627;OC1;*;N23 ;0000000000000;0000000000000;00000000;00000000;00000000;00000000;00000000;0000005401827;0000005437461;0000000000000;00035634;
20170627;OC1;*;N24 ;0000000000000;0000000000000;00000000;00000000;00000000;00000000;00000000;0000004844377;0000004883120;0000000000000;00038743;
20170627;OC1;*;Q17 ;0000000000000;0000000000000;00000000;00000000;00000000;00000000;00000000;0000009905311;0000009905331;0000000000000;00000020;
20170627;OC1;*;U17 ;0000000000000;0000000000000;00000000;00000000;00000000;00000000;00000000;0000009825307;0000009825398;0000000000000;00000091;
20170627;OC1;*;V17 ;0000000000000;0000000000000;00000000;00000000;00000000;00000000;00000000;0000009758971;0000009759213;0000000000000;00000242;
20170627;OC1;*;V18 ;0000000000000;0000000000000;00000000;00000000;00000000;00000000;00000000;0000008979678;0000008984236;0000000000000;00004558;
20170627;OC1;*;V19 ;0000000000000;0000000000000;00000000;00000000;00000000;00000000;00000000;0000008139520;0000008149766;0000000000000;00010246;
20170627;OC1;*;V20 ;0000000000000;0000000000000;00000000;00000000;00000000;00000000;00000000;0000007291542;0000007310965;0000000000000;00019423;
20170627;OC1;*;V21 ;0000000000000;0000000000000;00000000;00000000;00000000;00000000;00000000;0000006532946;0000006557298;0000000000000;00024352;
20170627;OC1;*;X17 ;0000000000000;0000000000000;00000000;00000000;00000000;00000000;00000000;0000009690972;0000009690859;0000000000000;00000113;
20170627;OC1;*;Z17 ;0000000000000;0000000000000;00000000;00000000;00000000;00000000;00000000;0000009629449;0000009629497;0000000000000;00000048;
20170627;OZ1;*;0000;0000000759215;0000000228872;00000000;00132001;00132000;00133000;00132600;0000000132170;0000000131786;0000000000000;00001100;
20170627;OZ1;*;N17 ;0000000000000;0000000000000;00000000;00000000;00000000;00000000;00000000;0000000132753;0000000131702;0000000000000;00001051;
20170627;OZ1;*;Q17 ;0000000000000;0000000000000;00000000;00000000;00000000;00000000;00000000;0000000133815;0000000132756;0000000000000;00001059;
20170627;OZ2;*;0000;0000000066004;0000000019898;00000000;00132000;00132000;00132600;00132000;0000000132141;0000000132923;0000000000000;00000500;
20170627;OZ3;*;0000;0000000006255;0000000001886;00000000;00131500;00131500;00132000;00132000;0000000131767;0000000132000;0000000000000;00000000;
20170627;SCS;*;F802;0000000000000;0000000000000;00149220;00000000;00000000;00000000;00000000;0000000000000;0000000000000;0000000000000;00000000;
20170627;SCS;*;N703;0000000000000;0000000000000;00138770;00000000;00000000;00000000;00000000;0000000000000;0000000000000;0000000000000;00000000;
20170627;SCS;*;Q701;0000000000000;0000000000000;00123620;00000000;00000000;00000000;00000000;0000000000000;0000000000000;0000000000000;00000000;
20170627;SCS;*;V702;0000000000000;0000000000000;00143645;00000000;00000000;00000000;00000000;0000000000000;0000000000000;0000000000000;00000000;
20170627;SFI;*;K18 ;0000000000000;0000000000000;00000000;00000000;00000000;00000000;00000000;0000000001997;0000000001991;0000000000000;00000006;
20170627;SFI;*;N17 ;0000000000000;0000000000000;00000000;00000000;00000000;00000000;00000000;0000000002021;0000000001979;0000000000000;00000042;
20170627;SFI;*;X17 ;0000000000000;0000000000000;00000000;00000000;00000000;00000000;00000000;0000000001956;0000000001948;0000000000000;00000008;
20170627;SJC;*;F18 ;0000000000000;0000000000000;00000000;00000000;00000000;00000000;00000000;0000000203979;0000000203208;0000000000000;00000771;
20170627;SJC;*;H18 ;0000000000000;0000000000000;00000000;00000000;00000000;00000000;00000000;0000000205467;0000000204696;0000000000000;00000771;
20170627;SJC;*;K18 ;0000000000000;0000000000000;00000250;00000000;00000000;00000000;00000000;0000000206790;0000000206129;0000000009886;00000661;
20170627;SJC;*;N17 ;0000007874462;0000002369043;00001266;00002017;00002009;00002017;00002009;0000000200893;0000000199901;0000000014837;00000992;
20170627;SJC;*;N18 ;0000000000000;0000000000000;00000000;00000000;00000000;00000000;00000000;0000000208058;0000000207451;0000000000000;00000607;
20170627;SJC;*;Q17 ;0000001543260;0000000464292;00000473;00002023;00002023;00002026;00002026;0000000201940;0000000200893;0000000015660;00001047;
20170627;SJC;*;U17 ;0000000000000;0000000000000;00000041;00000000;00000000;00000000;00000000;0000000202216;0000000201168;0000000015675;00001048;
20170627;SJC;*;X17 ;0000001338744;0000000402763;00003098;00002035;00002029;00002036;00002029;0000000202271;0000000201444;0000000012369;00000827;
20170627;TRY;*;N17 ;0000004169677;0000001256987;00000125;00942300;00942300;00942300;00942300;0000009442270;0000009439340;0000000002197;00002930;
20170627;TRY;*;Q17 ;0000004158082;0000001253491;00000000;00939600;00939600;00939700;00939700;0000009418960;0000009415990;0000000002227;00002970;
20170627;TRY;*;U17 ;0000000000000;0000000000000;00000024;00000000;00000000;00000000;00000000;0000009393650;0000009390760;0000000002167;00002890;
20170627;T10;*;U17 ;0000043164710;0000013012393;00001701;00126422;00126141;00126422;00126249;0000001262812;0000001267812;0000000165860;00005000;
20170627;T10;*;Z17 ;0000000000000;0000000000000;00000000;00000000;00000000;00000000;00000000;0000001259531;0000001264843;0000000000000;00005312;
20170627;WDO;*;F18 ;0000000000000;0000000000000;00000000;00000000;00000000;00000000;00000000;0000034356370;0000034086540;0000000000000;00269830;
20170627;WDO;*;F19 ;0000000000000;0000000000000;00000000;00000000;00000000;00000000;00000000;0000036439800;0000036131990;0000000000000;00307810;
20170627;WDO;*;F20 ;0000000000000;0000000000000;00000000;00000000;00000000;00000000;00000000;0000039073350;0000038736900;0000000000000;00336450;
20170627;WDO;*;F21 ;0000000000000;0000000000000;00000000;00000000;00000000;00000000;00000000;0000041939550;0000041528270;0000000000000;00411280;
20170627;WDO;*;F25 ;0000000000000;0000000000000;00000000;00000000;00000000;00000000;00000000;0000053410210;0000052561930;0000000000000;00848280;
20170627;WDO;*;G18 ;0000000000000;0000000000000;00000000;00000000;00000000;00000000;00000000;0000034544260;0000034270810;0000000000000;00273450;
20170627;WDO;*;H18 ;0000000000000;0000000000000;00000000;00000000;00000000;00000000;00000000;0000034679610;0000034404620;0000000000000;00274990;
20170627;WDO;*;J18 ;0000000000000;0000000000000;00000000;00000000;00000000;00000000;00000000;0000034831120;0000034556390;0000000000000;00274730;
20170627;WDO;*;J19 ;0000000000000;0000000000000;00000000;00000000;00000000;00000000;00000000;0000037038610;0000036734280;0000000000000;00304330;
20170627;WDO;*;J20 ;0000000000000;0000000000000;00000000;00000000;00000000;00000000;00000000;0000039812390;0000039417000;0000000000000;00395390;
20170627;WDO;*;J22 ;0000000000000;0000000000000;00000000;00000000;00000000;00000000;00000000;0000045657610;0000045064460;0000000000000;00593150;
20170627;WDO;*;K18 ;0000000000000;0000000000000;00000000;00000000;00000000;00000000;00000000;0000035008190;0000034727810;0000000000000;00280380;
20170627;WDO;*;M18 ;0000000000000;0000000000000;00000000;00000000;00000000;00000000;00000000;0000035177420;0000034891700;0000000000000;00285720;
20170627;WDO;*;N17 ;0026706177535;0008050819226;00047858;03311000;03301500;03338000;03317000;0000033293430;0000033048030;0000000024540;00245400;
20170627;WDO;*;N18 ;0000000000000;0000000000000;00000000;00000000;00000000;00000000;00000000;0000035356100;0000035064050;0000000000000;00292050;
20170627;WDO;*;N19 ;0000000000000;0000000000000;00000000;00000000;00000000;00000000;00000000;0000037672370;0000037354560;0000000000000;00317810;
20170627;WDO;*;N21 ;0000000000000;0000000000000;00000000;00000000;00000000;00000000;00000000;0000043414520;0000042919640;0000000000000;00494880;
20170627;WDO;*;N22 ;0000000000000;0000000000000;00000000;00000000;00000000;00000000;00000000;0000046265360;0000045657470;0000000000000;00607890;
20170627;WDO;*;Q17 ;0000035340065;0000010653583;00000409;03330500;03324500;03356500;03339000;0000033493820;0000033244970;0000000024885;00248850;
20170627;WDO;*;U17 ;0000000000000;0000000000000;00000079;00000000;00000000;00000000;00000000;0000033713780;0000033462220;0000000025156;00251560;
20170627;WDO;*;V17 ;0000000000000;0000000000000;00000000;00000000;00000000;00000000;00000000;0000033878480;0000033622880;0000000000000;00255600;
20170627;WDO;*;V18 ;0000000000000;0000000000000;00000000;00000000;00000000;00000000;00000000;0000035912140;0000035608170;0000000000000;00303970;
20170627;WDO;*;V19 ;0000000000000;0000000000000;00000000;00000000;00000000;00000000;00000000;0000038398610;0000038057480;0000000000000;00341130;
20170627;WDO;*;X17 ;0000000000000;0000000000000;00000024;00000000;00000000;00000000;00000000;0000034052130;0000033794930;0000000025720;00257200;
20170627;WDO;*;Z17 ;0000000000000;0000000000000;00000012;00000000;00000000;00000000;00000000;0000034210200;0000033949580;0000000026062;00260620;
20170627;WD1;*;N7Q7;0000000000000;0000000000000;00000000;00019730;00019700;00020100;00020100;0000000000000;0000000000000;0000000000000;00000000;
20170627;WEU;*;N17 ;0000000000000;0000000000000;00000018;00000000;00000000;00000000;00000000;0000037784960;0000036962690;0000000082227;00822270;
20170627;WEU;*;Q17 ;0000000000000;0000000000000;00000000;00000000;00000000;00000000;00000000;0000038062420;0000037231950;0000000000000;00830470;
20170627;WEU;*;U17 ;0000000000000;0000000000000;00000000;00000000;00000000;00000000;00000000;0000038367760;0000037529210;0000000000000;00838550;
20170627;WEU;*;V17 ;0000000000000;0000000000000;00000000;00000000;00000000;00000000;00000000;0000038613230;0000037766830;0000000000000;00846400;
20170627;WIN;*;G18 ;0000000000000;0000000000000;00000000;00000000;00000000;00000000;00000000;0000000064653;0000000065275;0000000000000;00000622;
20170627;WIN;*;G19 ;0000000000000;0000000000000;00000000;00000000;00000000;00000000;00000000;0000000069923;0000000070581;0000000000000;00000658;
20170627;WIN;*;J18 ;0000000000000;0000000000000;00000000;00000000;00000000;00000000;00000000;0000000065487;0000000066113;0000000000000;00000626;
20170627;WIN;*;M18 ;0000000000000;0000000000000;00000000;00000000;00000000;00000000;00000000;0000000066241;0000000066871;0000000000000;00000630;
20170627;WIN;*;Q17 ;0013791618284;0004157608309;00043486;00063005;00062275;00063190;00062450;0000000062387;0000000062999;0000000012240;00000612;
20170627;WIN;*;Q18 ;0000000000000;0000000000000;00000000;00000000;00000000;00000000;00000000;0000000067171;0000000067802;0000000000000;00000631;
20170627;WIN;*;V17 ;0000000000000;0000000000000;00000002;00000000;00000000;00000000;00000000;0000000063232;0000000063816;0000000011680;00000584;
20170627;WIN;*;V18 ;0000000000000;0000000000000;00000000;00000000;00000000;00000000;00000000;0000000068084;0000000068718;0000000000000;00000634;
20170627;WIN;*;Z17 ;0000000000000;0000000000000;00000000;00000000;00000000;00000000;00000000;0000000063946;0000000064574;0000000000000;00000628;
20170627;WIN;*;Z18 ;0000000000000;0000000000000;00000000;00000000;00000000;00000000;00000000;0000000068913;0000000069557;0000000000000;00000644;
20170627;WTI;*;Q17 ;0000000775592;0000000233338;00000477;00004380;00004380;00004430;00004427;0000000004424;0000000004338;0000000028585;00000086;
20170627;WTI;*;U17 ;0000000014675;0000000004415;00000168;00004415;00004415;00004415;00004415;0000000004449;0000000004361;0000000029250;00000088;
20170627;ZAR;*;N17 ;0000004210510;0000001269296;00000252;02559600;02559500;02559600;02559500;0000025579260;0000025687360;0000000037835;00108100;
20170627;ZAR;*;Q17 ;0000006007606;0000001811047;00000035;02560300;02560300;02562600;02562500;0000025602010;0000025706770;0000000036666;00104760;
20170627;ZAR;*;U17 ;0000000000000;0000000000000;00000011;00000000;00000000;00000000;00000000;0000025635940;0000025733730;0000000034226;00097790;
