Data;Código do Contrato;Pregão;Vencimento;Volume(R$);Volume(U$);Número de contas em Aberto;Preço de Abertura;Preço Mínimo;Preço Máximo;Último Preço;Preço de Ajuste Atual; Preço de Ajuste Anterior;Valor de Ajuste por Contrato;Variação
20170428;AUD;*;K17 ;0000000000000;0000000000000;00000012;00000000;00000000;00000000;00000000;0000023919230;0000023741090;0000000106884;00178140;
20170428;AUD;*;M17 ;0000011774394;0000003681339;00001700;02403000;02391500;02403000;02391500;0000023964760;0000023919960;0000000026880;00044800;
20170428;AUD;*;N17 ;0000000000000;0000000000000;00000011;00000000;00000000;00000000;00000000;0000024114280;0000024070200;0000000026448;00044080;
20170428;BGI;*;F18 ;0000000000000;0000000000000;00000000;00000000;00000000;00000000;00000000;0000000013960;0000000013965;0000000000000;00000005;
20170428;BGI;*;J17 ;0000003104603;0000000976198;00000347;00013800;00013800;00013849;00013840;0000000013860;0000000013845;0000000004950;00000015;
20170428;BGI;*;K17 ;0000013645229;0000004290548;00004860;00013560;00013540;00013589;00013570;0000000013568;0000000013544;0000000007920;00000024;
20170428;BGI;*;M17 ;0000000224565;0000000070611;00000209;00013650;00013600;00013650;00013600;0000000013620;0000000013673;0000000017490;00000053;
20170428;BGI;*;N17 ;0000000045173;0000000014204;00000014;00013689;00013689;00013689;00013689;0000000013719;0000000013707;0000000003960;00000012;
20170428;BGI;*;Q17 ;0000000000000;0000000000000;00000025;00000000;00000000;00000000;00000000;0000000013732;0000000013725;0000000002310;00000007;
20170428;BGI;*;U17 ;0000000000000;0000000000000;00000000;00000000;00000000;00000000;00000000;0000000013856;0000000013855;0000000000000;00000001;
20170428;BGI;*;V17 ;0000052787314;0000016598218;00002372;00013872;00013872;00014000;00013903;0000000013920;0000000013925;0000000001650;00000005;
20170428;BGI;*;X17 ;0000001854220;0000000583033;00000082;00013995;00013990;00014050;00013990;0000000013990;0000000013995;0000000001650;00000005;
20170428;BGI;*;Z17 ;0000001682208;0000000528946;00000038;00014160;00014160;00014160;00014160;0000000014097;0000000014102;0000000001650;00000005;
20170428;BRI;*;M17 ;0000000771180;0000000241114;00000710;00011018;00011014;00011018;00011014;0000000011014;0000000010902;0000000112000;00000112;
20170428;BRI;*;Q17 ;0000000000000;0000000000000;00000000;00000000;00000000;00000000;00000000;0000000011182;0000000011066;0000000000000;00000116;
20170428;BSE;*;K17 ;0000000000000;0000000000000;00000000;00000000;00000000;00000000;00000000;0000000030118;0000000030237;0000000000000;00000119;
20170428;BSE;*;M17 ;0000000000000;0000000000000;00000000;00000000;00000000;00000000;00000000;0000000030379;0000000030500;0000000000000;00000121;
20170428;CAD;*;K17 ;0000000000000;0000000000000;00000004;00000000;00000000;00000000;00000000;0000023392090;0000023336090;0000000033600;00056000;
20170428;CAD;*;M17 ;0000039320400;0000012293772;00000912;02340500;02340500;02340500;02340500;0000023455960;0000023535710;0000000047850;00079750;
20170428;CAD;*;N17 ;0000000000000;0000000000000;00000000;00000000;00000000;00000000;00000000;0000023626940;0000023707970;0000000000000;00081030;
20170428;CCM;*;F18 ;0000002107129;0000000662557;00000369;00002910;00002882;00002949;00002905;0000000002960;0000000002952;0000000003600;00000008;
20170428;CCM;*;H18 ;0000000013545;0000000004259;00000243;00003010;00003010;00003010;00003010;0000000003037;0000000003030;0000000003150;00000007;
20170428;CCM;*;K17 ;0000006626727;0000002083680;00006189;00002827;00002800;00002830;00002812;0000000002812;0000000002821;0000000004050;00000009;
20170428;CCM;*;K18 ;0000000000000;0000000000000;00000000;00000000;00000000;00000000;00000000;0000000002696;0000000002690;0000000000000;00000006;
20170428;CCM;*;N17 ;0000000000000;0000000000000;00000000;00000000;00000000;00000000;00000000;0000000002770;0000000002771;0000000000000;00000001;
20170428;CCM;*;N18 ;0000000000000;0000000000000;00000000;00000000;00000000;00000000;00000000;0000000002678;0000000002671;0000000000000;00000007;
20170428;CCM;*;U17 ;0000007637634;0000002401545;00018395;00002720;00002707;00002734;00002725;0000000002725;0000000002718;0000000003150;00000007;
20170428;CCM;*;U18 ;0000000000000;0000000000000;00000000;00000000;00000000;00000000;00000000;0000000002660;0000000002653;0000000000000;00000007;
20170428;CCM;*;X17 ;0000000112185;0000000035275;00000749;00002770;00002770;00002770;00002770;0000000002778;0000000002771;0000000003150;00000007;
20170428;CCM;*;X18 ;0000000000000;0000000000000;00000000;00000000;00000000;00000000;00000000;0000000002731;0000000002724;0000000000000;00000007;
20170428;CHF;*;K17 ;0000000000000;0000000000000;00000001;00000000;00000000;00000000;00000000;0000032130190;0000031992860;0000000068665;00137330;
20170428;CHF;*;M17 ;0000000000000;0000000000000;00000199;00000000;00000000;00000000;00000000;0000032294110;0000032308330;0000000007110;00014220;
20170428;CHF;*;N17 ;0000000000000;0000000000000;00000000;00000000;00000000;00000000;00000000;0000032571870;0000032597940;0000000000000;00026070;
20170428;CLP;*;K17 ;0000000000000;0000000000000;00000000;00000000;00000000;00000000;00000000;0000047966050;0000047866000;0000000000000;00100050;
20170428;CLP;*;M17 ;0000015741050;0000004921539;00001097;04843400;04843400;04843400;04843400;0000047933000;0000048229000;0000000074000;00296000;
20170428;CLP;*;N17 ;0000000000000;0000000000000;00000000;00000000;00000000;00000000;00000000;0000048193000;0000048492000;0000000000000;00299000;
20170428;CNY;*;K17 ;0000000000000;0000000000000;00000000;00000000;00000000;00000000;00000000;0000046371100;0000046062690;0000000000000;00308410;
20170428;CNY;*;M17 ;0000000000000;0000000000000;00000000;00000000;00000000;00000000;00000000;0000046250590;0000046280580;0000000000000;00029990;
20170428;CNY;*;N17 ;0000000000000;0000000000000;00000090;00000000;00000000;00000000;00000000;0000046422720;0000046454510;0000000011126;00031790;
20170428;CR1;*;U7Z7;0000000000000;0000000000000;00000000;00000000;00000000;00000000;00000000;0000000000000;0000000000000;0000000000000;00000000;
20170428;DAP;*;F18 ;0000000000000;0000000000000;00000300;00000000;00000000;00000000;00000000;0000009628232;0000009630653;0000000002920;00002421;
20170428;DAP;*;K17 ;0000000000000;0000000000000;00041760;00000000;00000000;00000000;00000000;0000009964774;0000009964820;0000000000055;00000046;
20170428;DAP;*;K19 ;0000530673230;0000165918344;00039875;00000485;00000480;00000486;00000481;0000009091278;0000009089059;0000000002676;00002219;
20170428;DAP;*;K21 ;0000004912841;0000001536031;00011811;00000523;00000523;00000523;00000523;0000008154791;0000008146477;0000000010029;00008314;
20170428;DAP;*;K23 ;0000000000000;0000000000000;00012745;00000000;00000000;00000000;00000000;0000007310100;0000007302653;0000000008983;00007447;
20170428;DAP;*;M17 ;0000000000000;0000000000000;00000000;00000000;00000000;00000000;00000000;0000009920925;0000009921807;0000000000000;00000882;
20170428;DAP;*;N17 ;0000000000000;0000000000000;00000000;00000000;00000000;00000000;00000000;0000009863382;0000009864119;0000000000000;00000737;
20170428;DAP;*;Q18 ;0000316413684;0000098928741;00053740;00000505;00000503;00000505;00000504;0000009385539;0000009384489;0000000001266;00001050;
20170428;DAP;*;Q20 ;0000143415398;0000044839732;00003770;00000510;00000510;00000510;00000510;0000008489535;0000008498630;0000000010971;00009095;
20170428;DAP;*;Q22 ;0000000916843;0000000286657;00016123;00000534;00000534;00000534;00000534;0000007596783;0000007593911;0000000003464;00002872;
20170428;DAP;*;Q24 ;0000025677247;0000008028154;00008060;00000531;00000531;00000531;00000531;0000006852355;0000006848471;0000000004685;00003884;
20170428;DAP;*;Q26 ;0000074061796;0000023155889;00002020;00000546;00000546;00000546;00000546;0000006146857;0000006131397;0000000018649;00015460;
20170428;DAP;*;Q30 ;0000000000000;0000000000000;00000235;00000000;00000000;00000000;00000000;0000004989865;0000004971691;0000000021922;00018174;
20170428;DCO;*;F18 ;0000000000000;0000000000000;00000000;00000000;00000000;00000000;00000000;0000009866247;0000009872284;0000000000000;00006037;
20170428;DCO;*;F19 ;0000000000000;0000000000000;00000000;00000000;00000000;00000000;00000000;0000009617794;0000009626115;0000000000000;00008321;
20170428;DCO;*;F20 ;0000000000000;0000000000000;00000000;00000000;00000000;00000000;00000000;0000009313615;0000009324960;0000000000000;00011345;
20170428;DCO;*;F21 ;0000000000000;0000000000000;00000000;00000000;00000000;00000000;00000000;0000008951637;0000008957361;0000000000000;00005724;
20170428;DCO;*;F22 ;0000000000000;0000000000000;00000000;00000000;00000000;00000000;00000000;0000008577271;0000008588835;0000000000000;00011564;
20170428;DCO;*;F23 ;0000000000000;0000000000000;00000000;00000000;00000000;00000000;00000000;0000008183911;0000008192813;0000000000000;00008902;
20170428;DCO;*;F24 ;0000000000000;0000000000000;00000000;00000000;00000000;00000000;00000000;0000007800582;0000007823787;0000000000000;00023205;
20170428;DCO;*;F25 ;0000000000000;0000000000000;00000000;00000000;00000000;00000000;00000000;0000007407569;0000007416738;0000000000000;00009169;
20170428;DCO;*;F26 ;0000000000000;0000000000000;00000000;00000000;00000000;00000000;00000000;0000006993757;0000007005896;0000000000000;00012139;
20170428;DCO;*;F27 ;0000000000000;0000000000000;00000000;00000000;00000000;00000000;00000000;0000006609342;0000006620363;0000000000000;00011021;
20170428;DCO;*;F28 ;0000000000000;0000000000000;00000000;00000000;00000000;00000000;00000000;0000006252382;0000006266697;0000000000000;00014315;
20170428;DCO;*;F29 ;0000000000000;0000000000000;00000000;00000000;00000000;00000000;00000000;0000005909459;0000005922855;0000000000000;00013396;
20170428;DCO;*;F30 ;0000000000000;0000000000000;00000000;00000000;00000000;00000000;00000000;0000005590569;0000005603140;0000000000000;00012571;
20170428;DCO;*;G18 ;0000000000000;0000000000000;00000000;00000000;00000000;00000000;00000000;0000009848117;0000009854368;0000000000000;00006251;
20170428;DCO;*;H18 ;0000000000000;0000000000000;00000000;00000000;00000000;00000000;00000000;0000009831480;0000009837906;0000000000000;00006426;
20170428;DCO;*;J18 ;0000000000000;0000000000000;00000000;00000000;00000000;00000000;00000000;0000009812427;0000009818304;0000000000000;00005877;
20170428;DCO;*;J19 ;0000000000000;0000000000000;00000000;00000000;00000000;00000000;00000000;0000009552315;0000009561339;0000000000000;00009024;
20170428;DCO;*;J20 ;0000000000000;0000000000000;00000000;00000000;00000000;00000000;00000000;0000009227320;0000009244794;0000000000000;00017474;
20170428;DCO;*;J21 ;0000000000000;0000000000000;00000000;00000000;00000000;00000000;00000000;0000008863179;0000008867713;0000000000000;00004534;
20170428;DCO;*;J22 ;0000000000000;0000000000000;00000000;00000000;00000000;00000000;00000000;0000008475295;0000008486169;0000000000000;00010874;
20170428;DCO;*;K17 ;0000000000000;0000000000000;00000000;00000000;00000000;00000000;00000000;0000010065358;0000010000691;0000000000000;00064667;
20170428;DCO;*;K18 ;0000000000000;0000000000000;00000000;00000000;00000000;00000000;00000000;0000009792233;0000009798030;0000000000000;00005797;
20170428;DCO;*;M17 ;0000000000000;0000000000000;00000000;00000000;00000000;00000000;00000000;0000009983970;0000009989473;0000000000000;00005503;
20170428;DCO;*;N17 ;0000000000000;0000000000000;00000000;00000000;00000000;00000000;00000000;0000009971117;0000009977359;0000000000000;00006242;
20170428;DCO;*;N18 ;0000000000000;0000000000000;00000000;00000000;00000000;00000000;00000000;0000009749624;0000009755029;0000000000000;00005405;
20170428;DCO;*;N19 ;0000000000000;0000000000000;00000000;00000000;00000000;00000000;00000000;0000009483372;0000009491945;0000000000000;00008573;
20170428;DCO;*;N20 ;0000000000000;0000000000000;00000000;00000000;00000000;00000000;00000000;0000009134645;0000009151178;0000000000000;00016533;
20170428;DCO;*;N21 ;0000000000000;0000000000000;00000000;00000000;00000000;00000000;00000000;0000008773533;0000008783387;0000000000000;00009854;
20170428;DCO;*;Q17 ;0000000000000;0000000000000;00000000;00000000;00000000;00000000;00000000;0000009952725;0000009959212;0000000000000;00006487;
20170428;DCO;*;U17 ;0000000000000;0000000000000;00000000;00000000;00000000;00000000;00000000;0000009937394;0000009945047;0000000000000;00007653;
20170428;DCO;*;V17 ;0000000000000;0000000000000;00000000;00000000;00000000;00000000;00000000;0000009919107;0000009926528;0000000000000;00007421;
20170428;DCO;*;V18 ;0000000000000;0000000000000;00000000;00000000;00000000;00000000;00000000;0000009691435;0000009700120;0000000000000;00008685;
20170428;DCO;*;V19 ;0000000000000;0000000000000;00000000;00000000;00000000;00000000;00000000;0000009400769;0000009411508;0000000000000;00010739;
20170428;DCO;*;V20 ;0000000000000;0000000000000;00000000;00000000;00000000;00000000;00000000;0000009049537;0000009059467;0000000000000;00009930;
20170428;DCO;*;V21 ;0000000000000;0000000000000;00000000;00000000;00000000;00000000;00000000;0000008685312;0000008694257;0000000000000;00008945;
20170428;DCO;*;X17 ;0000000000000;0000000000000;00000000;00000000;00000000;00000000;00000000;0000009903289;0000009910069;0000000000000;00006780;
20170428;DCO;*;Z17 ;0000000000000;0000000000000;00000000;00000000;00000000;00000000;00000000;0000009886180;0000009892866;0000000000000;00006686;
20170428;DDI;*;F18 ;0000000000000;0000000000000;00324407;00000000;00000000;00000000;00000000;0000009867593;0000009873627;0000000009582;00006034;
20170428;DDI;*;F19 ;0000000000000;0000000000000;00119157;00000000;00000000;00000000;00000000;0000009620951;0000009629265;0000000013203;00008314;
20170428;DDI;*;F20 ;0000000000000;0000000000000;00096324;00000000;00000000;00000000;00000000;0000009318335;0000009329675;0000000018009;00011340;
20170428;DDI;*;F21 ;0000000000000;0000000000000;00091936;00000000;00000000;00000000;00000000;0000008957637;0000008963349;0000000009071;00005712;
20170428;DDI;*;F22 ;0000000000000;0000000000000;00038464;00000000;00000000;00000000;00000000;0000008584270;0000008595829;0000000018357;00011559;
20170428;DDI;*;F23 ;0000000000000;0000000000000;00030166;00000000;00000000;00000000;00000000;0000008191639;0000008200532;0000000014123;00008893;
20170428;DDI;*;F24 ;0000000000000;0000000000000;00035325;00000000;00000000;00000000;00000000;0000007808840;0000007832066;0000000036886;00023226;
20170428;DDI;*;F25 ;0000000000000;0000000000000;00018995;00000000;00000000;00000000;00000000;0000007416133;0000007425294;0000000014549;00009161;
20170428;DDI;*;F26 ;0000000000000;0000000000000;00015530;00000000;00000000;00000000;00000000;0000007006706;0000007018850;0000000019286;00012144;
20170428;DDI;*;F27 ;0000000000000;0000000000000;00010950;00000000;00000000;00000000;00000000;0000006622246;0000006633271;0000000017509;00011025;
20170428;DDI;*;F28 ;0000000000000;0000000000000;00000110;00000000;00000000;00000000;00000000;0000006265119;0000006279452;0000000022762;00014333;
20170428;DDI;*;F29 ;0000000000000;0000000000000;00000000;00000000;00000000;00000000;00000000;0000005921903;0000005935316;0000000000000;00013413;
20170428;DDI;*;F30 ;0000000000000;0000000000000;00000500;00000000;00000000;00000000;00000000;0000005602659;0000005615247;0000000019991;00012588;
20170428;DDI;*;G18 ;0000000000000;0000000000000;00025460;00000000;00000000;00000000;00000000;0000009849621;0000009855115;0000000008725;00005494;
20170428;DDI;*;H18 ;0000000000000;0000000000000;00012160;00000000;00000000;00000000;00000000;0000009833129;0000009839550;0000000010197;00006421;
20170428;DDI;*;J18 ;0000171673480;0000053674800;00085930;00000187;00000187;00000187;00000187;0000009814241;0000009820113;0000000009325;00005872;
20170428;DDI;*;J19 ;0000000000000;0000000000000;00048606;00000000;00000000;00000000;00000000;0000009555880;0000009564898;0000000014321;00009018;
20170428;DDI;*;J20 ;0000000000000;0000000000000;00026855;00000000;00000000;00000000;00000000;0000009232379;0000009249855;0000000027754;00017476;
20170428;DDI;*;J21 ;0000000000000;0000000000000;00005297;00000000;00000000;00000000;00000000;0000008869442;0000008873961;0000000007176;00004519;
20170428;DDI;*;J22 ;0000000000000;0000000000000;00000120;00000000;00000000;00000000;00000000;0000008482480;0000008493349;0000000017261;00010869;
20170428;DDI;*;K17 ;0000000000000;0000000000000;00400343;00000000;00000000;00000000;00000000;0000010065358;0000010000699;0000000102688;00064659;
20170428;DDI;*;K18 ;0000000000000;0000000000000;00006100;00000000;00000000;00000000;00000000;0000009794199;0000009799991;0000000009198;00005792;
20170428;DDI;*;M17 ;0001427986260;0000446468941;00555560;00000100;00000100;00000100;00000100;0000009984158;0000009989562;0000000008582;00005404;
20170428;DDI;*;N17 ;0001735174996;0000542513443;00522049;00000121;00000121;00000121;00000121;0000009971482;0000009977537;0000000009616;00006055;
20170428;DDI;*;N18 ;0000000000000;0000000000000;00056591;00000000;00000000;00000000;00000000;0000009751896;0000009756158;0000000006768;00004262;
20170428;DDI;*;N19 ;0000000000000;0000000000000;00058264;00000000;00000000;00000000;00000000;0000009487341;0000009495906;0000000013602;00008565;
20170428;DDI;*;N20 ;0000000000000;0000000000000;00041285;00000000;00000000;00000000;00000000;0000009140025;0000009156560;0000000026260;00016535;
20170428;DDI;*;N21 ;0000000000000;0000000000000;00004417;00000000;00000000;00000000;00000000;0000008780060;0000008789905;0000000015635;00009845;
20170428;DDI;*;Q17 ;0000000000000;0000000000000;00185094;00000000;00000000;00000000;00000000;0000009953247;0000009959731;0000000010297;00006484;
20170428;DDI;*;U17 ;0000000000000;0000000000000;00077805;00000000;00000000;00000000;00000000;0000009938086;0000009945736;0000000012149;00007650;
20170428;DDI;*;V17 ;0000000000000;0000000000000;00168719;00000000;00000000;00000000;00000000;0000009919965;0000009927384;0000000011782;00007419;
20170428;DDI;*;V18 ;0000000000000;0000000000000;00055128;00000000;00000000;00000000;00000000;0000009694155;0000009702834;0000000013783;00008679;
20170428;DDI;*;V19 ;0000000000000;0000000000000;00031644;00000000;00000000;00000000;00000000;0000009405121;0000009415855;0000000017047;00010734;
20170428;DDI;*;V20 ;0000000000000;0000000000000;00024040;00000000;00000000;00000000;00000000;0000009055237;0000009065160;0000000015759;00009923;
20170428;DDI;*;V21 ;0000000000000;0000000000000;00002042;00000000;00000000;00000000;00000000;0000008692093;0000008701031;0000000014194;00008938;
20170428;DDI;*;X17 ;0000000000000;0000000000000;00062890;00000000;00000000;00000000;00000000;0000009904308;0000009911085;0000000010762;00006777;
20170428;DDI;*;Z17 ;0000000000000;0000000000000;00051700;00000000;00000000;00000000;00000000;0000009887358;0000009894042;0000000010615;00006684;
20170428;DDM;*;K17 ;0000000000000;0000000000000;00000000;00000000;00000000;00000000;00000000;0000009994858;0000009891933;0000000000000;00102925;
20170428;DDM;*;K19 ;0000000000000;0000000000000;00000000;00000000;00000000;00000000;00000000;0000009051555;0000008955308;0000000000000;00096247;
20170428;DDM;*;K21 ;0000000000000;0000000000000;00000000;00000000;00000000;00000000;00000000;0000008140340;0000008049086;0000000000000;00091254;
20170428;DDM;*;K25 ;0000000000000;0000000000000;00000000;00000000;00000000;00000000;00000000;0000006535558;0000006501492;0000000000000;00034066;
20170428;DDM;*;Q18 ;0000000000000;0000000000000;00000000;00000000;00000000;00000000;00000000;0000009397160;0000009296190;0000000000000;00100970;
20170428;DDM;*;Q20 ;0000000000000;0000000000000;00000000;00000000;00000000;00000000;00000000;0000008467056;0000008377991;0000000000000;00089065;
20170428;DI1;*;F18 ;0015032190544;0004699909500;03230443;00009495;00009475;00009505;00009485;0000009410674;0000009409782;0000000000892;00000892;
20170428;DI1;*;F19 ;0024086092935;0007530669377;01492642;00009440;00009340;00009450;00009350;0000008618984;0000008610348;0000000008636;00008636;
20170428;DI1;*;F20 ;0008726463754;0002728384115;01238558;00009820;00009710;00009840;00009720;0000007808565;0000007795670;0000000012895;00012895;
20170428;DI1;*;F21 ;0013909374304;0004348853897;01417660;00010140;00009990;00010140;00010000;0000007053279;0000007032445;0000000020834;00020834;
20170428;DI1;*;F22 ;0000190566269;0000059581750;00080778;00010300;00010170;00010330;00010200;0000006368515;0000006341849;0000000026666;00026666;
20170428;DI1;*;F23 ;0002626607174;0000821225355;00639927;00010440;00010310;00010470;00010320;0000005738526;0000005715201;0000000023325;00023325;
20170428;DI1;*;F24 ;0000198443588;0000062044644;00053210;00010520;00010420;00010520;00010420;0000005176545;0000005156467;0000000020078;00020078;
20170428;DI1;*;F25 ;0002190550812;0000684889574;00547293;00010580;00010470;00010610;00010470;0000004664935;0000004642479;0000000022456;00022456;
20170428;DI1;*;F26 ;0000079240437;0000024775024;00063578;00010620;00010530;00010630;00010530;0000004204259;0000004181364;0000000022895;00022895;
20170428;DI1;*;F27 ;0000994827161;0000311039007;00358221;00010690;00010570;00010710;00010590;0000003793486;0000003767175;0000000026311;00026311;
20170428;DI1;*;F28 ;0000000000000;0000000000000;00000010;00000000;00000000;00000000;00000000;0000003424625;0000003398426;0000000026199;00026199;
20170428;DI1;*;F29 ;0000006157106;0000001925058;00003310;00010660;00010660;00010660;00010660;0000003092176;0000003066332;0000000025844;00025844;
20170428;DI1;*;F30 ;0000000000000;0000000000000;00000270;00000000;00000000;00000000;00000000;0000002790590;0000002765285;0000000025305;00025305;
20170428;DI1;*;G18 ;0000002335028;0000000730061;00018630;00009425;00009425;00009425;00009425;0000009340437;0000009339710;0000000000727;00000727;
20170428;DI1;*;H18 ;0000002784803;0000000870686;00009240;00009390;00009390;00009390;00009390;0000009284439;0000009283259;0000000001180;00001180;
20170428;DI1;*;J18 ;0002693373450;0000842100253;00673225;00009360;00009330;00009370;00009335;0000009218126;0000009216405;0000000001721;00001721;
20170428;DI1;*;J19 ;0001322093151;0000413360790;00435994;00009590;00009450;00009590;00009470;0000008418365;0000008410069;0000000008296;00008296;
20170428;DI1;*;J20 ;0000044529353;0000013922384;00074033;00009920;00009810;00009920;00009820;0000007612148;0000007598371;0000000013777;00013777;
20170428;DI1;*;J21 ;0000022694280;0000007095510;00029745;00010110;00010050;00010110;00010060;0000006876535;0000006856078;0000000020457;00020457;
20170428;DI1;*;J22 ;0000000924111;0000000288929;00000690;00010380;00010380;00010380;00010380;0000006207766;0000006181770;0000000025996;00025996;
20170428;DI1;*;K17 ;0006091948291;0001904686184;00544057;00011130;00011129;00011130;00011129;0000009995813;0000009995813;0000000000000;00000000;
20170428;DI1;*;K18 ;0000001372478;0000000429114;00006205;00009330;00009330;00009330;00009330;0000009153194;0000009150451;0000000002743;00002743;
20170428;DI1;*;M17 ;0008072867698;0002524033172;00340063;00011133;00011130;00011133;00011130;0000009904145;0000009904127;0000000000018;00000018;
20170428;DI1;*;N17 ;0008328185763;0002603859981;03359361;00010630;00010625;00010644;00010635;0000009825083;0000009825145;0000000000062;00000062;
20170428;DI1;*;N18 ;0003700841133;0001157091400;00763714;00009320;00009270;00009330;00009290;0000009020591;0000009015419;0000000005172;00005172;
20170428;DI1;*;N19 ;0008066844605;0002522150014;00415499;00009620;00009540;00009640;00009550;0000008218678;0000008207839;0000000010839;00010839;
20170428;DI1;*;N20 ;0004161749129;0001301197201;01185340;00010010;00009880;00010030;00009900;0000007422281;0000007409821;0000000012460;00012460;
20170428;DI1;*;N21 ;0000037817099;0000011823755;00060084;00010220;00010110;00010250;00010120;0000006702272;0000006682321;0000000019951;00019951;
20170428;DI1;*;N22 ;0000001513071;0000000473071;00004195;00010240;00010240;00010240;00010240;0000006049460;0000006024257;0000000025203;00025203;
20170428;DI1;*;N23 ;0000000000000;0000000000000;00003120;00000000;00000000;00000000;00000000;0000005452277;0000005430296;0000000021981;00021981;
20170428;DI1;*;N24 ;0000000000000;0000000000000;00001880;00000000;00000000;00000000;00000000;0000004920259;0000004899123;0000000021136;00021136;
20170428;DI1;*;Q17 ;0004215748449;0001318080431;00144528;00010430;00010420;00010430;00010420;0000009747344;0000009747588;0000000000244;00000244;
20170428;DI1;*;U17 ;0000185650011;0000058044651;00091760;00010110;00010110;00010115;00010110;0000009669273;0000009669006;0000000000267;00000267;
20170428;DI1;*;V17 ;0004951292079;0001548052801;01163197;00009870;00009870;00009905;00009880;0000009604062;0000009603735;0000000000327;00000327;
20170428;DI1;*;V18 ;0000573455080;0000179294360;00603146;00009350;00009290;00009350;00009320;0000008816335;0000008811189;0000000005146;00005146;
20170428;DI1;*;V19 ;0000122513320;0000038304565;00058328;00009690;00009640;00009690;00009650;0000008007026;0000007996873;0000000010153;00010153;
20170428;DI1;*;V20 ;0000097920946;0000030615603;00046483;00010070;00009960;00010080;00009980;0000007230087;0000007212445;0000000017642;00017642;
20170428;DI1;*;V21 ;0000003262040;0000001019897;00012027;00010180;00010160;00010180;00010160;0000006528520;0000006510472;0000000018048;00018048;
20170428;DI1;*;X17 ;0000001907205;0000000596300;00081545;00009725;00009725;00009725;00009725;0000009536559;0000009536057;0000000000502;00000502;
20170428;DI1;*;Z17 ;0000001894536;0000000592339;00066790;00009595;00009595;00009595;00009595;0000009473244;0000009472586;0000000000658;00000658;
20170428;DOL;*;F18 ;0000001672500;0000000522918;00007825;03345000;03345000;03345000;03345000;0000033305200;0000033328720;0000000011760;00023520;
20170428;DOL;*;F19 ;0000000000000;0000000000000;00000000;00000000;00000000;00000000;00000000;0000035455490;0000035521720;0000000000000;00066230;
20170428;DOL;*;F20 ;0000000000000;0000000000000;00000000;00000000;00000000;00000000;00000000;0000037904310;0000038013210;0000000000000;00108900;
20170428;DOL;*;F21 ;0000000000000;0000000000000;00003100;00000000;00000000;00000000;00000000;0000040338890;0000040484200;0000000072655;00145310;
20170428;DOL;*;F25 ;0000000000000;0000000000000;00000000;00000000;00000000;00000000;00000000;0000050495580;0000050802510;0000000000000;00306930;
20170428;DOL;*;G18 ;0000000000000;0000000000000;00000000;00000000;00000000;00000000;00000000;0000033494530;0000033515820;0000000000000;00021290;
20170428;DOL;*;H18 ;0000000000000;0000000000000;00000000;00000000;00000000;00000000;00000000;0000033640130;0000033666370;0000000000000;00026240;
20170428;DOL;*;J18 ;0000000000000;0000000000000;00000000;00000000;00000000;00000000;00000000;0000033817040;0000033843590;0000000000000;00026550;
20170428;DOL;*;J19 ;0000000000000;0000000000000;00000050;00000000;00000000;00000000;00000000;0000036054910;0000036124540;0000000034815;00069630;
20170428;DOL;*;J20 ;0000000000000;0000000000000;00000000;00000000;00000000;00000000;00000000;0000038523690;0000038666590;0000000000000;00142900;
20170428;DOL;*;J22 ;0000000000000;0000000000000;00000000;00000000;00000000;00000000;00000000;0000043401920;0000043640290;0000000000000;00238370;
20170428;DOL;*;K17 ;0001940323625;0000606654460;00422845;03182000;03173000;03208500;03198500;0000031984000;0000031778510;0000000102745;00205490;
20170428;DOL;*;K18 ;0000000000000;0000000000000;00000000;00000000;00000000;00000000;00000000;0000033987390;0000034017680;0000000000000;00030290;
20170428;DOL;*;M17 ;0062610450750;0019575553636;00382225;03207500;03195500;03240000;03200500;0000032019570;0000032037140;0000000008785;00017570;
20170428;DOL;*;N17 ;0000018652625;0000005831861;00039955;03252000;03219000;03257000;03221500;0000032236280;0000032255660;0000000009690;00019380;
20170428;DOL;*;N18 ;0000000000000;0000000000000;00000620;00000000;00000000;00000000;00000000;0000034338040;0000034372760;0000000017360;00034720;
20170428;DOL;*;N19 ;0000000000000;0000000000000;00000400;00000000;00000000;00000000;00000000;0000036666050;0000036747610;0000000040780;00081560;
20170428;DOL;*;N21 ;0000000000000;0000000000000;00000000;00000000;00000000;00000000;00000000;0000041609930;0000041780960;0000000000000;00171030;
20170428;DOL;*;Q17 ;0000040059625;0000012524895;00005045;03264000;03243000;03277500;03243000;0000032433960;0000032454280;0000000010160;00020320;
20170428;DOL;*;U17 ;0000001650000;0000000515883;00000960;03300000;03300000;03300000;03300000;0000032646030;0000032672070;0000000013020;00026040;
20170428;DOL;*;V17 ;0000001654125;0000000517173;00003905;03305000;03305000;03311500;03311500;0000032807770;0000032833420;0000000012825;00025650;
20170428;DOL;*;V18 ;0000000000000;0000000000000;00000035;00000000;00000000;00000000;00000000;0000034925560;0000034977250;0000000025845;00051690;
20170428;DOL;*;V19 ;0000000000000;0000000000000;00000000;00000000;00000000;00000000;00000000;0000037309090;0000037399100;0000000000000;00090010;
20170428;DOL;*;X17 ;0000001656000;0000000517759;00000095;03312000;03312000;03312000;03312000;0000032987850;0000033012150;0000000012150;00024300;
20170428;DOL;*;Z17 ;0000000000000;0000000000000;00000005;00000000;00000000;00000000;00000000;0000033151490;0000033176200;0000000012355;00024710;
20170428;DR1;*;K7M7;0000000000000;0000000000000;00000000;00025800;00014990;00027200;00015000;0000000000000;0000000000000;0000000000000;00000000;
20170428;DR1;*;M7N7;0000000000000;0000000000000;00000000;00000000;00000000;00000000;00000000;0000000000000;0000000000000;0000000000000;00000000;
20170428;ETH;*;F18 ;0000000000000;0000000000000;00000000;00000000;00000000;00000000;00000000;0000000168700;0000000168700;0000000000000;00000000;
20170428;ETH;*;J17 ;0000000000000;0000000000000;00000067;00000000;00000000;00000000;00000000;0000000155600;0000000151500;0000000123000;00004100;
20170428;ETH;*;K17 ;0000002392500;0000000752288;00000197;00145000;00145000;00145000;00145000;0000000150000;0000000150000;0000000000000;00000000;
20170428;ETH;*;M17 ;0000000876000;0000000275446;00000315;00146000;00146000;00146000;00146000;0000000150000;0000000150000;0000000000000;00000000;
20170428;ETH;*;N17 ;0000000876000;0000000275446;00000190;00146000;00146000;00146000;00146000;0000000153500;0000000153500;0000000000000;00000000;
20170428;ETH;*;Q17 ;0000000000000;0000000000000;00000185;00000000;00000000;00000000;00000000;0000000155000;0000000155000;0000000000000;00000000;
20170428;ETH;*;U17 ;0000000000000;0000000000000;00000000;00000000;00000000;00000000;00000000;0000000163000;0000000163000;0000000000000;00000000;
20170428;ETH;*;V17 ;0000000000000;0000000000000;00000000;00000000;00000000;00000000;00000000;0000000163000;0000000163000;0000000000000;00000000;
20170428;ETH;*;X17 ;0000000000000;0000000000000;00000000;00000000;00000000;00000000;00000000;0000000163000;0000000163000;0000000000000;00000000;
20170428;ETH;*;Z17 ;0000000000000;0000000000000;00000000;00000000;00000000;00000000;00000000;0000000165000;0000000165000;0000000000000;00000000;
20170428;EUR;*;K17 ;0000000000000;0000000000000;00001371;00000000;00000000;00000000;00000000;0000034828980;0000034588050;0000000120465;00240930;
20170428;EUR;*;M17 ;0000014859775;0000004646003;00012299;03505000;03489000;03508000;03492300;0000034931560;0000034910110;0000000010725;00021450;
20170428;EUR;*;N17 ;0000000000000;0000000000000;00003240;00000000;00000000;00000000;00000000;0000035214510;0000035195590;0000000009460;00018920;
20170428;EUR;*;Q17 ;0000000000000;0000000000000;00000037;00000000;00000000;00000000;00000000;0000035481560;0000035463630;0000000008965;00017930;
20170428;EUR;*;V17 ;0000000000000;0000000000000;00000000;00000000;00000000;00000000;00000000;0000036006580;0000035992970;0000000000000;00013610;
20170428;FRC;*;F18 ;0000000000000;0000000000000;00000000;00000199;00000195;00000199;00000198;0000000000198;0000000000197;0000000000000;00000001;
20170428;FRC;*;F19 ;0000000000000;0000000000000;00000000;00000235;00000233;00000235;00000234;0000000000234;0000000000232;0000000000001;00000002;
20170428;FRC;*;F20 ;0000000000000;0000000000000;00000000;00000269;00000269;00000272;00000272;0000000000272;0000000000269;0000000000001;00000003;
20170428;FRC;*;F21 ;0000000000000;0000000000000;00000000;00000316;00000314;00000316;00000314;0000000000314;0000000000314;0000000000000;00000000;
20170428;FRC;*;F22 ;0000000000000;0000000000000;00000000;00000350;00000350;00000350;00000350;0000000000350;0000000000348;0000000000001;00000002;
20170428;FRC;*;F23 ;0000000000000;0000000000000;00000000;00000385;00000385;00000386;00000386;0000000000386;0000000000385;0000000000000;00000001;
20170428;FRC;*;F24 ;0000000000000;0000000000000;00000000;00000417;00000417;00000417;00000417;0000000000417;0000000000412;0000000000002;00000005;
20170428;FRC;*;F25 ;0000000000000;0000000000000;00000000;00000450;00000450;00000450;00000450;0000000000450;0000000000448;0000000000001;00000002;
20170428;FRC;*;F26 ;0000000000000;0000000000000;00000000;00000000;00000000;00000000;00000000;0000000000488;0000000000486;0000000000000;00000002;
20170428;FRC;*;F27 ;0000000000000;0000000000000;00000000;00000000;00000000;00000000;00000000;0000000000522;0000000000520;0000000000000;00000002;
20170428;FRC;*;F28 ;0000000000000;0000000000000;00000000;00000000;00000000;00000000;00000000;0000000000552;0000000000550;0000000000000;00000002;
20170428;FRC;*;F29 ;0000000000000;0000000000000;00000000;00000000;00000000;00000000;00000000;0000000000583;0000000000581;0000000000000;00000002;
20170428;FRC;*;F30 ;0000000000000;0000000000000;00000000;00000000;00000000;00000000;00000000;0000000000612;0000000000610;0000000000000;00000002;
20170428;FRC;*;G18 ;0000000000000;0000000000000;00000000;00000200;00000200;00000203;00000203;0000000000201;0000000000200;0000000000000;00000001;
20170428;FRC;*;H18 ;0000000000000;0000000000000;00000000;00000000;00000000;00000000;00000000;0000000000202;0000000000201;0000000000000;00000001;
20170428;FRC;*;J18 ;0000000000000;0000000000000;00000000;00000207;00000204;00000207;00000204;0000000000204;0000000000204;0000000000000;00000000;
20170428;FRC;*;J19 ;0000000000000;0000000000000;00000000;00000241;00000241;00000241;00000241;0000000000241;0000000000239;0000000000001;00000002;
20170428;FRC;*;J20 ;0000000000000;0000000000000;00000000;00000000;00000000;00000000;00000000;0000000000283;0000000000278;0000000000000;00000005;
20170428;FRC;*;J21 ;0000000000000;0000000000000;00000000;00000000;00000000;00000000;00000000;0000000000323;0000000000323;0000000000000;00000000;
20170428;FRC;*;J22 ;0000000000000;0000000000000;00000000;00000000;00000000;00000000;00000000;0000000000361;0000000000359;0000000000000;00000002;
20170428;FRC;*;K18 ;0000000000000;0000000000000;00000000;00000000;00000000;00000000;00000000;0000000000208;0000000000208;0000000000000;00000000;
20170428;FRC;*;N17 ;0000000000000;0000000000000;00000000;00000140;00000140;00000143;00000143;0000000000142;0000000000135;0000000000003;00000007;
20170428;FRC;*;N18 ;0000000000000;0000000000000;00000000;00000218;00000217;00000218;00000217;0000000000217;0000000000217;0000000000000;00000000;
20170428;FRC;*;N19 ;0000000000000;0000000000000;00000000;00000000;00000000;00000000;00000000;0000000000248;0000000000246;0000000000000;00000002;
20170428;FRC;*;N20 ;0000000000000;0000000000000;00000000;00000000;00000000;00000000;00000000;0000000000295;0000000000291;0000000000000;00000004;
20170428;FRC;*;N21 ;0000000000000;0000000000000;00000000;00000000;00000000;00000000;00000000;0000000000331;0000000000330;0000000000000;00000001;
20170428;FRC;*;Q17 ;0000000000000;0000000000000;00000000;00000179;00000179;00000184;00000184;0000000000184;0000000000177;0000000000003;00000007;
20170428;FRC;*;U17 ;0000000000000;0000000000000;00000000;00000181;00000181;00000181;00000181;0000000000181;0000000000173;0000000000004;00000008;
20170428;FRC;*;V17 ;0000000000000;0000000000000;00000000;00000184;00000182;00000189;00000189;0000000000189;0000000000183;0000000000003;00000006;
20170428;FRC;*;V18 ;0000000000000;0000000000000;00000000;00000221;00000221;00000221;00000221;0000000000221;0000000000218;0000000000001;00000003;
20170428;FRC;*;V19 ;0000000000000;0000000000000;00000000;00000260;00000260;00000260;00000260;0000000000260;0000000000257;0000000000001;00000003;
20170428;FRC;*;V20 ;0000000000000;0000000000000;00000000;00000301;00000301;00000303;00000303;0000000000303;0000000000301;0000000000001;00000002;
20170428;FRC;*;V21 ;0000000000000;0000000000000;00000000;00000000;00000000;00000000;00000000;0000000000338;0000000000337;0000000000000;00000001;
20170428;FRC;*;X17 ;0000000000000;0000000000000;00000000;00000190;00000190;00000190;00000190;0000000000190;0000000000186;0000000000002;00000004;
20170428;FRC;*;Z17 ;0000000000000;0000000000000;00000000;00000193;00000193;00000193;00000193;0000000000193;0000000000190;0000000000001;00000003;
20170428;FRO;*;F18 ;0000000000000;0000000000000;00000000;00000000;00000000;00000000;00000000;0000000000200;0000000000199;0000000000000;00000001;
20170428;FRO;*;F19 ;0000000000000;0000000000000;00000000;00000000;00000000;00000000;00000000;0000000000236;0000000000234;0000000000000;00000002;
20170428;FRO;*;F20 ;0000000000000;0000000000000;00000000;00000000;00000000;00000000;00000000;0000000000274;0000000000271;0000000000000;00000003;
20170428;FRO;*;F21 ;0000000000000;0000000000000;00000000;00000000;00000000;00000000;00000000;0000000000316;0000000000316;0000000000000;00000000;
20170428;FRO;*;F22 ;0000000000000;0000000000000;00000000;00000000;00000000;00000000;00000000;0000000000352;0000000000350;0000000000000;00000002;
20170428;FRO;*;F23 ;0000000000000;0000000000000;00000000;00000000;00000000;00000000;00000000;0000000000388;0000000000387;0000000000000;00000001;
20170428;FRO;*;F24 ;0000000000000;0000000000000;00000000;00000000;00000000;00000000;00000000;0000000000419;0000000000414;0000000000000;00000005;
20170428;FRO;*;F25 ;0000000000000;0000000000000;00000000;00000000;00000000;00000000;00000000;0000000000452;0000000000450;0000000000000;00000002;
20170428;FRO;*;F26 ;0000000000000;0000000000000;00000000;00000000;00000000;00000000;00000000;0000000000491;0000000000489;0000000000000;00000002;
20170428;FRO;*;F27 ;0000000000000;0000000000000;00000000;00000000;00000000;00000000;00000000;0000000000525;0000000000523;0000000000000;00000002;
20170428;FRO;*;F28 ;0000000000000;0000000000000;00000000;00000000;00000000;00000000;00000000;0000000000555;0000000000553;0000000000000;00000002;
20170428;FRO;*;F29 ;0000000000000;0000000000000;00000000;00000000;00000000;00000000;00000000;0000000000586;0000000000584;0000000000000;00000002;
20170428;FRO;*;F30 ;0000000000000;0000000000000;00000000;00000000;00000000;00000000;00000000;0000000000615;0000000000613;0000000000000;00000002;
20170428;FRO;*;G18 ;0000000000000;0000000000000;00000000;00000000;00000000;00000000;00000000;0000000000203;0000000000202;0000000000000;00000001;
20170428;FRO;*;H18 ;0000000000000;0000000000000;00000000;00000000;00000000;00000000;00000000;0000000000204;0000000000203;0000000000000;00000001;
20170428;FRO;*;J18 ;0000000000000;0000000000000;00000000;00000000;00000000;00000000;00000000;0000000000206;0000000000206;0000000000000;00000000;
20170428;FRO;*;J19 ;0000000000000;0000000000000;00000000;00000000;00000000;00000000;00000000;0000000000243;0000000000241;0000000000000;00000002;
20170428;FRO;*;J20 ;0000000000000;0000000000000;00000000;00000000;00000000;00000000;00000000;0000000000285;0000000000280;0000000000000;00000005;
20170428;FRO;*;J21 ;0000000000000;0000000000000;00000000;00000000;00000000;00000000;00000000;0000000000325;0000000000325;0000000000000;00000000;
20170428;FRO;*;J22 ;0000000000000;0000000000000;00000000;00000000;00000000;00000000;00000000;0000000000363;0000000000361;0000000000000;00000002;
20170428;FRO;*;K18 ;0000000000000;0000000000000;00000000;00000000;00000000;00000000;00000000;0000000000210;0000000000210;0000000000000;00000000;
20170428;FRO;*;N17 ;0000000000000;0000000000000;00000000;00000000;00000000;00000000;00000000;0000000000144;0000000000137;0000000000000;00000007;
20170428;FRO;*;N18 ;0000000000000;0000000000000;00000000;00000000;00000000;00000000;00000000;0000000000219;0000000000219;0000000000000;00000000;
20170428;FRO;*;N19 ;0000000000000;0000000000000;00000000;00000000;00000000;00000000;00000000;0000000000250;0000000000248;0000000000000;00000002;
20170428;FRO;*;N20 ;0000000000000;0000000000000;00000000;00000000;00000000;00000000;00000000;0000000000297;0000000000293;0000000000000;00000004;
20170428;FRO;*;N21 ;0000000000000;0000000000000;00000000;00000000;00000000;00000000;00000000;0000000000333;0000000000332;0000000000000;00000001;
20170428;FRO;*;Q17 ;0000000000000;0000000000000;00000000;00000000;00000000;00000000;00000000;0000000000186;0000000000179;0000000000000;00000007;
20170428;FRO;*;U17 ;0000000000000;0000000000000;00000000;00000000;00000000;00000000;00000000;0000000000183;0000000000175;0000000000000;00000008;
20170428;FRO;*;V17 ;0000000000000;0000000000000;00000000;00000000;00000000;00000000;00000000;0000000000191;0000000000185;0000000000000;00000006;
20170428;FRO;*;V18 ;0000000000000;0000000000000;00000000;00000000;00000000;00000000;00000000;0000000000223;0000000000220;0000000000000;00000003;
20170428;FRO;*;V19 ;0000000000000;0000000000000;00000000;00000000;00000000;00000000;00000000;0000000000262;0000000000259;0000000000000;00000003;
20170428;FRO;*;V20 ;0000000000000;0000000000000;00000000;00000000;00000000;00000000;00000000;0000000000305;0000000000303;0000000000000;00000002;
20170428;FRO;*;V21 ;0000000000000;0000000000000;00000000;00000000;00000000;00000000;00000000;0000000000340;0000000000339;0000000000000;00000001;
20170428;FRO;*;X17 ;0000000000000;0000000000000;00000000;00000000;00000000;00000000;00000000;0000000000192;0000000000188;0000000000000;00000004;
20170428;FRO;*;Z17 ;0000000000000;0000000000000;00000000;00000000;00000000;00000000;00000000;0000000000195;0000000000192;0000000000000;00000003;
20170428;FRP;*;FRP0;0000000000000;0000000000000;00000000;00002580;00002540;00002600;00002590;0000000000000;0000000000000;0000000000000;00000000;
20170428;FRP;*;FRP1;0000000000000;0000000000000;00000000;00002530;00002530;00002560;00002560;0000000000000;0000000000000;0000000000000;00000000;
20170428;GBP;*;K17 ;0000000000000;0000000000000;00000254;00000000;00000000;00000000;00000000;0000041379300;0000041020730;0000000125499;00358570;
20170428;GBP;*;M17 ;0000011470532;0000003586334;00000906;04158500;04144100;04158500;04144100;0000041487990;0000041379840;0000000037852;00108150;
20170428;GBP;*;N17 ;0000000000000;0000000000000;00000012;00000000;00000000;00000000;00000000;0000041799440;0000041692900;0000000037289;00106540;
20170428;HSI;*;K17 ;0000000000000;0000000000000;00000000;00000000;00000000;00000000;00000000;0000000024561;0000000024556;0000000000000;00000005;
20170428;HSI;*;M17 ;0000000000000;0000000000000;00000000;00000000;00000000;00000000;00000000;0000000024358;0000000024351;0000000000000;00000007;
20170428;IAP;*;K17 ;0000000000000;0000000000000;00000000;00000000;00000000;00000000;00000000;0000000482862;0000000482867;0000000000125;00000005;
20170428;IAP;*;K19 ;0000000000000;0000000000000;00000000;00000000;00000000;00000000;00000000;0000000528186;0000000528561;0000000000000;00000375;
20170428;IAP;*;K21 ;0000000000000;0000000000000;00000000;00000000;00000000;00000000;00000000;0000000578903;0000000580049;0000000000000;00001146;
20170428;IAP;*;M17 ;0000000000000;0000000000000;00000000;00000000;00000000;00000000;00000000;0000000485189;0000000485232;0000000000000;00000043;
20170428;IAP;*;N17 ;0000000000000;0000000000000;00000000;00000000;00000000;00000000;00000000;0000000486248;0000000486278;0000000000000;00000030;
20170428;IAP;*;Q18 ;0000000000000;0000000000000;00000000;00000000;00000000;00000000;00000000;0000000508687;0000000508867;0000000000000;00000180;
20170428;IAP;*;Q20 ;0000000000000;0000000000000;00000000;00000000;00000000;00000000;00000000;0000000561226;0000000562103;0000000000000;00000877;
20170428;IAP;*;Q22 ;0000000000000;0000000000000;00000000;00000000;00000000;00000000;00000000;0000000613774;0000000615803;0000000000000;00002029;
20170428;ICF;*;H18 ;0000000000000;0000000000000;00000000;00000000;00000000;00000000;00000000;0000000017095;0000000016585;0000000000000;00000510;
20170428;ICF;*;K17 ;0000000000000;0000000000000;00000002;00000000;00000000;00000000;00000000;0000000015540;0000000015015;0000000166965;00000525;
20170428;ICF;*;N17 ;0000000000000;0000000000000;00000177;00000000;00000000;00000000;00000000;0000000015770;0000000015255;0000000163785;00000515;
20170428;ICF;*;U17 ;0000024384266;0000007667285;00005157;00015800;00015680;00016350;00016215;0000000016220;0000000015735;0000000154244;00000485;
20170428;ICF;*;U18 ;0000000378694;0000000119075;00000758;00016970;00016900;00017325;00017325;0000000017325;0000000016505;0000000260784;00000820;
20170428;ICF;*;U19 ;0000000000000;0000000000000;00000334;00000000;00000000;00000000;00000000;0000000017710;0000000017220;0000000155834;00000490;
20170428;ICF;*;Z17 ;0000004302835;0000001352965;00000279;00016355;00016235;00016465;00016325;0000000016645;0000000016130;0000000163785;00000515;
20170428;ICF;*;Z18 ;0000000163149;0000000051300;00000029;00017100;00017100;00017100;00017100;0000000017195;0000000016690;0000000160605;00000505;
20170428;IGM;*;K17 ;0000000000000;0000000000000;00000000;00000000;00000000;00000000;00000000;0000000659211;0000000652422;0000000135780;00006789;
20170428;IGM;*;K19 ;0000000000000;0000000000000;00000000;00000000;00000000;00000000;00000000;0000000714649;0000000707832;0000000000000;00006817;
20170428;IGM;*;K21 ;0000000000000;0000000000000;00000000;00000000;00000000;00000000;00000000;0000000786914;0000000780434;0000000000000;00006480;
20170428;IGM;*;Q18 ;0000000000000;0000000000000;00000000;00000000;00000000;00000000;00000000;0000000692227;0000000685183;0000000000000;00007044;
20170428;IGM;*;Q20 ;0000000000000;0000000000000;00000000;00000000;00000000;00000000;00000000;0000000759082;0000000752576;0000000000000;00006506;
20170428;IND;*;G18 ;0000000000000;0000000000000;00000000;00000000;00000000;00000000;00000000;0000000069623;0000000068863;0000000000000;00000760;
20170428;IND;*;G19 ;0000000000000;0000000000000;00000000;00000000;00000000;00000000;00000000;0000000075459;0000000074703;0000000000000;00000756;
20170428;IND;*;J18 ;0000000000000;0000000000000;00000000;00000000;00000000;00000000;00000000;0000000070553;0000000069794;0000000000000;00000759;
20170428;IND;*;M17 ;0004057717950;0001268671195;00261953;00065750;00065315;00066265;00066195;0000000066130;0000000065402;0000000072800;00000728;
20170428;IND;*;M18 ;0000000000000;0000000000000;00001080;00000000;00000000;00000000;00000000;0000000071385;0000000070634;0000000075100;00000751;
20170428;IND;*;Q17 ;0000000000000;0000000000000;00005630;00000000;00000000;00000000;00000000;0000000067118;0000000066379;0000000073900;00000739;
20170428;IND;*;Q18 ;0000000000000;0000000000000;00000000;00000000;00000000;00000000;00000000;0000000072416;0000000071660;0000000000000;00000756;
20170428;IND;*;V17 ;0000000000000;0000000000000;00001740;00000000;00000000;00000000;00000000;0000000068003;0000000067258;0000000074500;00000745;
20170428;IND;*;V18 ;0000000000000;0000000000000;00000000;00000000;00000000;00000000;00000000;0000000073430;0000000072670;0000000000000;00000760;
20170428;IND;*;Z17 ;0000034945000;0000010925775;00014685;00068500;00068500;00068900;00068900;0000000068774;0000000068022;0000000075200;00000752;
20170428;IND;*;Z18 ;0000000000000;0000000000000;00000150;00000000;00000000;00000000;00000000;0000000074353;0000000073602;0000000075100;00000751;
20170428;IR1;*;M7Q7;0000000000000;0000000000000;00000000;00001018;00001018;00001018;00001018;0000000000000;0000000000000;0000000000000;00000000;
20170428;ISP;*;M17 ;0000159828521;0000050255800;00003758;00238150;00237875;00238800;00237950;0000000238050;0000000238600;0000000087458;00000550;
20170428;ISP;*;M18 ;0000000000000;0000000000000;00000000;00000000;00000000;00000000;00000000;0000000237525;0000000238075;0000000000000;00000550;
20170428;ISP;*;U17 ;0000000000000;0000000000000;00000004;00000000;00000000;00000000;00000000;0000000237800;0000000238350;0000000087458;00000550;
20170428;ISP;*;Z17 ;0000000000000;0000000000000;00000000;00000000;00000000;00000000;00000000;0000000237625;0000000238175;0000000000000;00000550;
20170428;JPY;*;K17 ;0000000000000;0000000000000;00000128;00000000;00000000;00000000;00000000;0000028692920;0000028576700;0000000058110;00116220;
20170428;JPY;*;M17 ;0000043959830;0000013744319;00001939;02886500;02873000;02906300;02873000;0000028773200;0000028833600;0000000030200;00060400;
20170428;JPY;*;N17 ;0000011718920;0000003663994;00000180;02929700;02929700;02929800;02929800;0000028997000;0000029060600;0000000031800;00063600;
20170428;JPY;*;Q17 ;0000000000000;0000000000000;00000129;00000000;00000000;00000000;00000000;0000029208100;0000029274200;0000000033050;00066100;
20170428;JSE;*;M17 ;0000000000000;0000000000000;00000000;00000000;00000000;00000000;00000000;0000000047543;0000000047530;0000000000000;00000013;
20170428;JSE;*;U17 ;0000000000000;0000000000000;00000000;00000000;00000000;00000000;00000000;0000000047895;0000000047888;0000000000000;00000007;
20170428;MIX;*;M17 ;0000000000000;0000000000000;00000000;00000000;00000000;00000000;00000000;0000000002033;0000000002027;0000000000000;00000006;
20170428;MIX;*;U17 ;0000000000000;0000000000000;00000000;00000000;00000000;00000000;00000000;0000000002044;0000000002028;0000000000000;00000016;
20170428;MXN;*;K17 ;0000000000000;0000000000000;00000365;00000000;00000000;00000000;00000000;0000016853420;0000016675060;0000000133770;00178360;
20170428;MXN;*;M17 ;0000000000000;0000000000000;00000803;00000000;00000000;00000000;00000000;0000016891700;0000016728490;0000000122407;00163210;
20170428;MXN;*;N17 ;0000000000000;0000000000000;00000019;00000000;00000000;00000000;00000000;0000016917680;0000016756560;0000000120840;00161120;
20170428;NZD;*;K17 ;0000000000000;0000000000000;00000000;00000000;00000000;00000000;00000000;0000021958620;0000021856300;0000000000000;00102320;
20170428;NZD;*;M17 ;0000019765350;0000006179762;00000005;02194800;02194800;02197500;02197500;0000021978580;0000022012750;0000000025627;00034170;
20170428;NZD;*;N17 ;0000000000000;0000000000000;00000000;00000000;00000000;00000000;00000000;0000022108590;0000022143800;0000000000000;00035210;
20170428;OC1;*;F18 ;0000000000000;0000000000000;00000000;00000000;00000000;00000000;00000000;0000009409636;0000009408745;0000000000000;00000891;
20170428;OC1;*;F19 ;0000000000000;0000000000000;00000000;00000000;00000000;00000000;00000000;0000008616756;0000008607993;0000000000000;00008763;
20170428;OC1;*;F20 ;0000000000000;0000000000000;00000000;00000000;00000000;00000000;00000000;0000007805149;0000007792263;0000000000000;00012886;
20170428;OC1;*;F21 ;0000000000000;0000000000000;00000000;00000000;00000000;00000000;00000000;0000007048819;0000007028001;0000000000000;00020818;
20170428;OC1;*;F22 ;0000000000000;0000000000000;00000000;00000000;00000000;00000000;00000000;0000006363401;0000006336761;0000000000000;00026640;
20170428;OC1;*;F23 ;0000000000000;0000000000000;00000000;00000000;00000000;00000000;00000000;0000005732940;0000005709349;0000000000000;00023591;
20170428;OC1;*;F24 ;0000000000000;0000000000000;00000000;00000000;00000000;00000000;00000000;0000005170632;0000005150271;0000000000000;00020361;
20170428;OC1;*;F25 ;0000000000000;0000000000000;00000000;00000000;00000000;00000000;00000000;0000004658479;0000004636059;0000000000000;00022420;
20170428;OC1;*;F26 ;0000000000000;0000000000000;00000000;00000000;00000000;00000000;00000000;0000004197681;0000004174826;0000000000000;00022855;
20170428;OC1;*;F27 ;0000000000000;0000000000000;00000000;00000000;00000000;00000000;00000000;0000003786873;0000003760612;0000000000000;00026261;
20170428;OC1;*;F28 ;0000000000000;0000000000000;00000000;00000000;00000000;00000000;00000000;0000003418040;0000003391896;0000000000000;00026144;
20170428;OC1;*;F29 ;0000000000000;0000000000000;00000000;00000000;00000000;00000000;00000000;0000003085681;0000003059895;0000000000000;00025786;
20170428;OC1;*;F30 ;0000000000000;0000000000000;00000000;00000000;00000000;00000000;00000000;0000002784230;0000002758987;0000000000000;00025243;
20170428;OC1;*;G18 ;0000000000000;0000000000000;00000000;00000000;00000000;00000000;00000000;0000009339272;0000009338547;0000000000000;00000725;
20170428;OC1;*;H18 ;0000000000000;0000000000000;00000000;00000000;00000000;00000000;00000000;0000009283242;0000009281993;0000000000000;00001249;
20170428;OC1;*;J18 ;0000000000000;0000000000000;00000000;00000000;00000000;00000000;00000000;0000009216818;0000009215021;0000000000000;00001797;
20170428;OC1;*;J19 ;0000000000000;0000000000000;00000000;00000000;00000000;00000000;00000000;0000008415728;0000008407436;0000000000000;00008292;
20170428;OC1;*;J20 ;0000000000000;0000000000000;00000000;00000000;00000000;00000000;00000000;0000007608515;0000007594546;0000000000000;00013969;
20170428;OC1;*;J21 ;0000000000000;0000000000000;00000000;00000000;00000000;00000000;00000000;0000006871902;0000006851462;0000000000000;00020440;
20170428;OC1;*;J22 ;0000000000000;0000000000000;00000000;00000000;00000000;00000000;00000000;0000006202520;0000006176550;0000000000000;00025970;
20170428;OC1;*;K17 ;0000000000000;0000000000000;00000000;00000000;00000000;00000000;00000000;0000009995806;0000009995806;0000000000000;00000000;
20170428;OC1;*;K18 ;0000000000000;0000000000000;00000000;00000000;00000000;00000000;00000000;0000009151776;0000009148951;0000000000000;00002825;
20170428;OC1;*;M17 ;0000000000000;0000000000000;00000000;00000000;00000000;00000000;00000000;0000009903982;0000009903965;0000000000000;00000017;
20170428;OC1;*;N17 ;0000000000000;0000000000000;00000000;00000000;00000000;00000000;00000000;0000009824788;0000009824835;0000000000000;00000047;
20170428;OC1;*;N18 ;0000000000000;0000000000000;00000000;00000000;00000000;00000000;00000000;0000009018960;0000009013695;0000000000000;00005265;
20170428;OC1;*;N19 ;0000000000000;0000000000000;00000000;00000000;00000000;00000000;00000000;0000008215774;0000008204942;0000000000000;00010832;
20170428;OC1;*;N20 ;0000000000000;0000000000000;00000000;00000000;00000000;00000000;00000000;0000007418447;0000007405783;0000000000000;00012664;
20170428;OC1;*;N21 ;0000000000000;0000000000000;00000000;00000000;00000000;00000000;00000000;0000006697474;0000006677541;0000000000000;00019933;
20170428;OC1;*;N22 ;0000000000000;0000000000000;00000000;00000000;00000000;00000000;00000000;0000006044093;0000006018917;0000000000000;00025176;
20170428;OC1;*;N23 ;0000000000000;0000000000000;00000000;00000000;00000000;00000000;00000000;0000005446511;0000005424256;0000000000000;00022255;
20170428;OC1;*;N24 ;0000000000000;0000000000000;00000000;00000000;00000000;00000000;00000000;0000004914224;0000004892802;0000000000000;00021422;
20170428;OC1;*;Q17 ;0000000000000;0000000000000;00000000;00000000;00000000;00000000;00000000;0000009746911;0000009747155;0000000000000;00000244;
20170428;OC1;*;U17 ;0000000000000;0000000000000;00000000;00000000;00000000;00000000;00000000;0000009668691;0000009668424;0000000000000;00000267;
20170428;OC1;*;V17 ;0000000000000;0000000000000;00000000;00000000;00000000;00000000;00000000;0000009603388;0000009603024;0000000000000;00000364;
20170428;OC1;*;V18 ;0000000000000;0000000000000;00000000;00000000;00000000;00000000;00000000;0000008814393;0000008809135;0000000000000;00005258;
20170428;OC1;*;V19 ;0000000000000;0000000000000;00000000;00000000;00000000;00000000;00000000;0000008003855;0000007993708;0000000000000;00010147;
20170428;OC1;*;V20 ;0000000000000;0000000000000;00000000;00000000;00000000;00000000;00000000;0000007225825;0000007208198;0000000000000;00017627;
20170428;OC1;*;V21 ;0000000000000;0000000000000;00000000;00000000;00000000;00000000;00000000;0000006523558;0000006505527;0000000000000;00018031;
20170428;OC1;*;X17 ;0000000000000;0000000000000;00000000;00000000;00000000;00000000;00000000;0000009535758;0000009535257;0000000000000;00000501;
20170428;OC1;*;Z17 ;0000000000000;0000000000000;00000000;00000000;00000000;00000000;00000000;0000009472324;0000009471668;0000000000000;00000656;
20170428;OZ1;*;0000;0000001257166;0000000393061;00000000;00129100;00128800;00129100;00129000;0000000129069;0000000128728;0000000000000;00000100;
20170428;OZ1;*;K17 ;0000000000000;0000000000000;00000000;00000000;00000000;00000000;00000000;0000000129000;0000000129154;0000000000000;00000154;
20170428;OZ1;*;M17 ;0000000000000;0000000000000;00000000;00000000;00000000;00000000;00000000;0000000130194;0000000130350;0000000000000;00000156;
20170428;OZ2;*;0000;0000000097704;0000000030548;00000000;00128500;00128500;00129000;00128800;0000000128688;0000000128250;0000000000000;00000100;
20170428;OZ3;*;0000;0000000000635;0000000000199;00000000;00128000;00128000;00128500;00128500;0000000128378;0000000127500;0000000000000;00001000;
20170428;SCS;*;K702;0000000000000;0000000000000;00127785;00000000;00000000;00000000;00000000;0000000000000;0000000000000;0000000000000;00000000;
20170428;SCS;*;M701;0000000000000;0000000000000;00088700;00000000;00000000;00000000;00000000;0000000000000;0000000000000;0000000000000;00000000;
20170428;SCS;*;N703;0000000000000;0000000000000;00138770;00000000;00000000;00000000;00000000;0000000000000;0000000000000;0000000000000;00000000;
20170428;SFI;*;K18 ;0000000000000;0000000000000;00000000;00000000;00000000;00000000;00000000;0000000002059;0000000002025;0000000000000;00000034;
20170428;SFI;*;N17 ;0000000000000;0000000000000;00000000;00000000;00000000;00000000;00000000;0000000002045;0000000002047;0000000000000;00000002;
20170428;SFI;*;X17 ;0000000000000;0000000000000;00000000;00000000;00000000;00000000;00000000;0000000002031;0000000002034;0000000000000;00000003;
20170428;SJC;*;F18 ;0000000000000;0000000000000;00000000;00000000;00000000;00000000;00000000;0000000211695;0000000211971;0000000000000;00000276;
20170428;SJC;*;H18 ;0000000000000;0000000000000;00000000;00000000;00000000;00000000;00000000;0000000212136;0000000212302;0000000000000;00000166;
20170428;SJC;*;K18 ;0000000000000;0000000000000;00000000;00000000;00000000;00000000;00000000;0000000213128;0000000213294;0000000000000;00000166;
20170428;SJC;*;N17 ;0000005410733;0000001701328;00002732;00002111;00002100;00002114;00002105;0000000210813;0000000211034;0000000003162;00000221;
20170428;SJC;*;N18 ;0000000000000;0000000000000;00000000;00000000;00000000;00000000;00000000;0000000214396;0000000214616;0000000000000;00000220;
20170428;SJC;*;Q17 ;0000000000000;0000000000000;00000029;00000000;00000000;00000000;00000000;0000000211254;0000000211475;0000000003162;00000221;
20170428;SJC;*;U17 ;0000000000000;0000000000000;00000000;00000000;00000000;00000000;00000000;0000000210483;0000000210703;0000000000000;00000220;
20170428;SJC;*;X17 ;0000001624294;0000000510736;00001093;00002091;00002091;00002102;00002102;0000000210152;0000000210428;0000000003949;00000276;
20170428;TRY;*;K17 ;0000000000000;0000000000000;00000000;00000000;00000000;00000000;00000000;0000009000070;0000008912780;0000000000000;00087290;
20170428;TRY;*;M17 ;0000000000000;0000000000000;00000066;00000000;00000000;00000000;00000000;0000008927570;0000008893710;0000000025395;00033860;
20170428;TRY;*;N17 ;0000000000000;0000000000000;00000000;00000000;00000000;00000000;00000000;0000008907050;0000008873150;0000000000000;00033900;
20170428;T10;*;M17 ;0000015262253;0000004771840;00002853;00125531;00125297;00125797;00125797;0000001257187;0000001256406;0000000024979;00000781;
20170428;T10;*;U17 ;0000000000000;0000000000000;00000000;00000000;00000000;00000000;00000000;0000001253906;0000001253125;0000000000000;00000781;
20170428;WDO;*;F18 ;0000000000000;0000000000000;00000000;00000000;00000000;00000000;00000000;0000033305200;0000033328720;0000000000000;00023520;
20170428;WDO;*;F19 ;0000000000000;0000000000000;00000000;00000000;00000000;00000000;00000000;0000035455490;0000035521720;0000000000000;00066230;
20170428;WDO;*;F20 ;0000000000000;0000000000000;00000000;00000000;00000000;00000000;00000000;0000037904310;0000038013210;0000000000000;00108900;
20170428;WDO;*;F21 ;0000000000000;0000000000000;00000000;00000000;00000000;00000000;00000000;0000040338890;0000040484200;0000000000000;00145310;
20170428;WDO;*;F25 ;0000000000000;0000000000000;00000000;00000000;00000000;00000000;00000000;0000050495580;0000050802510;0000000000000;00306930;
20170428;WDO;*;G18 ;0000000000000;0000000000000;00000000;00000000;00000000;00000000;00000000;0000033494530;0000033515820;0000000000000;00021290;
20170428;WDO;*;H18 ;0000000000000;0000000000000;00000000;00000000;00000000;00000000;00000000;0000033640130;0000033666370;0000000000000;00026240;
20170428;WDO;*;J18 ;0000000000000;0000000000000;00000000;00000000;00000000;00000000;00000000;0000033817040;0000033843590;0000000000000;00026550;
20170428;WDO;*;J19 ;0000000000000;0000000000000;00000000;00000000;00000000;00000000;00000000;0000036054910;0000036124540;0000000000000;00069630;
20170428;WDO;*;J20 ;0000000000000;0000000000000;00000000;00000000;00000000;00000000;00000000;0000038523690;0000038666590;0000000000000;00142900;
20170428;WDO;*;J22 ;0000000000000;0000000000000;00000000;00000000;00000000;00000000;00000000;0000043401920;0000043640290;0000000000000;00238370;
20170428;WDO;*;K17 ;0001453629530;0000454486471;00048444;03184500;03173000;03208500;03199000;0000031984000;0000031778510;0000000020549;00205490;
20170428;WDO;*;K18 ;0000000000000;0000000000000;00000000;00000000;00000000;00000000;00000000;0000033987390;0000034017680;0000000000000;00030290;
20170428;WDO;*;M17 ;0017583898780;0005497717227;00008238;03211500;03195500;03240000;03201500;0000032019570;0000032037140;0000000001757;00017570;
20170428;WDO;*;N17 ;0000000064600;0000000020198;00000146;03230000;03230000;03230000;03230000;0000032236280;0000032255660;0000000001938;00019380;
20170428;WDO;*;N18 ;0000000000000;0000000000000;00000000;00000000;00000000;00000000;00000000;0000034338040;0000034372760;0000000000000;00034720;
20170428;WDO;*;N19 ;0000000000000;0000000000000;00000000;00000000;00000000;00000000;00000000;0000036666050;0000036747610;0000000000000;00081560;
20170428;WDO;*;N21 ;0000000000000;0000000000000;00000000;00000000;00000000;00000000;00000000;0000041609930;0000041780960;0000000000000;00171030;
20170428;WDO;*;Q17 ;0000000000000;0000000000000;00000000;00000000;00000000;00000000;00000000;0000032433960;0000032454280;0000000000000;00020320;
20170428;WDO;*;U17 ;0000000000000;0000000000000;00000063;00000000;00000000;00000000;00000000;0000032646030;0000032672070;0000000002604;00026040;
20170428;WDO;*;V17 ;0000000000000;0000000000000;00000000;00000000;00000000;00000000;00000000;0000032807770;0000032833420;0000000000000;00025650;
20170428;WDO;*;V18 ;0000000000000;0000000000000;00000000;00000000;00000000;00000000;00000000;0000034925560;0000034977250;0000000000000;00051690;
20170428;WDO;*;V19 ;0000000000000;0000000000000;00000000;00000000;00000000;00000000;00000000;0000037309090;0000037399100;0000000000000;00090010;
20170428;WDO;*;X17 ;0000000000000;0000000000000;00000024;00000000;00000000;00000000;00000000;0000032987850;0000033012150;0000000002430;00024300;
20170428;WDO;*;Z17 ;0000000000000;0000000000000;00000000;00000000;00000000;00000000;00000000;0000033151490;0000033176200;0000000000000;00024710;
20170428;WD1;*;K7M7;0000000000000;0000000000000;00000000;00025490;00024900;00026500;00025400;0000000000000;0000000000000;0000000000000;00000000;
20170428;WEU;*;K17 ;0000000000000;0000000000000;00000000;00000000;00000000;00000000;00000000;0000034828980;0000034588050;0000000000000;00240930;
20170428;WEU;*;M17 ;0000000000000;0000000000000;00000000;00000000;00000000;00000000;00000000;0000034931560;0000034910110;0000000000000;00021450;
20170428;WEU;*;N17 ;0000000000000;0000000000000;00000000;00000000;00000000;00000000;00000000;0000035214510;0000035195590;0000000000000;00018920;
20170428;WEU;*;Q17 ;0000000000000;0000000000000;00000000;00000000;00000000;00000000;00000000;0000035481560;0000035463630;0000000000000;00017930;
20170428;WEU;*;V17 ;0000000000000;0000000000000;00000000;00000000;00000000;00000000;00000000;0000036006580;0000035992970;0000000000000;00013610;
20170428;WIN;*;G18 ;0000000000000;0000000000000;00000000;00000000;00000000;00000000;00000000;0000000069623;0000000068863;0000000000000;00000760;
20170428;WIN;*;G19 ;0000000000000;0000000000000;00000000;00000000;00000000;00000000;00000000;0000000075459;0000000074703;0000000000000;00000756;
20170428;WIN;*;J18 ;0000000000000;0000000000000;00000000;00000000;00000000;00000000;00000000;0000000070553;0000000069794;0000000000000;00000759;
20170428;WIN;*;M17 ;0010158677064;0003176174670;00051304;00065765;00065315;00066245;00066200;0000000066130;0000000065402;0000000014560;00000728;
20170428;WIN;*;M18 ;0000000000000;0000000000000;00000000;00000000;00000000;00000000;00000000;0000000071385;0000000070634;0000000000000;00000751;
20170428;WIN;*;Q17 ;0000000161061;0000000050357;00000001;00067105;00067000;00067200;00067200;0000000067118;0000000066379;0000000014780;00000739;
20170428;WIN;*;Q18 ;0000000000000;0000000000000;00000000;00000000;00000000;00000000;00000000;0000000072416;0000000071660;0000000000000;00000756;
20170428;WIN;*;V17 ;0000000000000;0000000000000;00000000;00000000;00000000;00000000;00000000;0000000068003;0000000067258;0000000000000;00000745;
20170428;WIN;*;V18 ;0000000000000;0000000000000;00000000;00000000;00000000;00000000;00000000;0000000073430;0000000072670;0000000000000;00000760;
20170428;WIN;*;Z17 ;0000000000000;0000000000000;00000000;00000000;00000000;00000000;00000000;0000000068774;0000000068022;0000000000000;00000752;
20170428;WIN;*;Z18 ;0000000000000;0000000000000;00000000;00000000;00000000;00000000;00000000;0000000074353;0000000073602;0000000000000;00000751;
20170428;WTI;*;M17 ;0000001566934;0000000492700;00000105;00004927;00004927;00004927;00004927;0000000004933;0000000004897;0000000011449;00000036;
20170428;WTI;*;N17 ;0000001577111;0000000495900;00000028;00004959;00004959;00004959;00004959;0000000004962;0000000004931;0000000009858;00000031;
20170428;ZAR;*;K17 ;0000000000000;0000000000000;00000000;00000000;00000000;00000000;00000000;0000023897640;0000023756260;0000000000000;00141380;
20170428;ZAR;*;M17 ;0000000000000;0000000000000;00000013;00000000;00000000;00000000;00000000;0000023788540;0000023807600;0000000006671;00019060;
20170428;ZAR;*;N17 ;0000000000000;0000000000000;00000030;00000000;00000000;00000000;00000000;0000023830790;0000023836940;0000000002152;00006150;
