Data;Código do Contrato;Pregão;Vencimento;Volume(R$);Volume(U$);Número de contas em Aberto;Preço de Abertura;Preço Mínimo;Preço Máximo;Último Preço;Preço de Ajuste Atual; Preço de Ajuste Anterior;Valor de Ajuste por Contrato;Variação
20170628;AUD;*;N17 ;0000004531650;0000001371980;00000285;02516800;02516000;02518700;02518700;0000025136470;0000025281620;0000000087090;00145150;
20170628;AUD;*;Q17 ;0000016208664;0000004907255;00002268;02525400;02521300;02530800;02523000;0000025279810;0000025423800;0000000086394;00143990;
20170628;AUD;*;U17 ;0000000000000;0000000000000;00000011;00000000;00000000;00000000;00000000;0000025438190;0000025579920;0000000085038;00141730;
20170628;BGI;*;F18 ;0000000000000;0000000000000;00000000;00000000;00000000;00000000;00000000;0000000012300;0000000012425;0000000000000;00000125;
20170628;BGI;*;K18 ;0000000000000;0000000000000;00000093;00000000;00000000;00000000;00000000;0000000012579;0000000012705;0000000041580;00000126;
20170628;BGI;*;M17 ;0000015690737;0000004770091;00000821;00012691;00012691;00012780;00012751;0000000012771;0000000012734;0000000012210;00000037;
20170628;BGI;*;N17 ;0000002360100;0000000717486;00000675;00012400;00012250;00012400;00012300;0000000012335;0000000012380;0000000014850;00000045;
20170628;BGI;*;Q17 ;0000001103355;0000000335427;00000351;00012450;00012340;00012450;00012360;0000000012370;0000000012460;0000000029700;00000090;
20170628;BGI;*;U17 ;0000001513875;0000000460228;00000102;00012450;00012380;00012450;00012400;0000000012360;0000000012487;0000000041910;00000127;
20170628;BGI;*;V17 ;0000034080172;0000010360604;00004357;00012500;00012411;00012544;00012415;0000000012422;0000000012550;0000000042240;00000128;
20170628;BGI;*;V18 ;0000001084380;0000000329659;00000035;00013144;00013144;00013144;00013144;0000000013071;0000000013200;0000000042570;00000129;
20170628;BGI;*;X17 ;0000000000000;0000000000000;00000069;00000000;00000000;00000000;00000000;0000000012488;0000000012617;0000000042570;00000129;
20170628;BGI;*;Z17 ;0000000000000;0000000000000;00000003;00000000;00000000;00000000;00000000;0000000012529;0000000012658;0000000042570;00000129;
20170628;BRI;*;Q17 ;0000001149940;0000000348150;00000989;00010454;00010454;00010454;00010454;0000000010464;0000000010414;0000000050000;00000050;
20170628;BRI;*;V17 ;0000000000000;0000000000000;00000016;00000000;00000000;00000000;00000000;0000000010610;0000000010559;0000000051000;00000051;
20170628;BSE;*;M17 ;0000000000000;0000000000000;00000000;00000000;00000000;00000000;00000000;0000000030842;0000000030973;0000000000000;00000131;
20170628;BSE;*;N17 ;0000000000000;0000000000000;00000000;00000000;00000000;00000000;00000000;0000000031055;0000000031188;0000000000000;00000133;
20170628;CAD;*;N17 ;0000003643200;0000001102997;00000116;02530000;02530000;02530000;02530000;0000025261200;0000025310790;0000000029754;00049590;
20170628;CAD;*;Q17 ;0000007782906;0000002356314;00000795;02543000;02535800;02545000;02535800;0000025442850;0000025478260;0000000021246;00035410;
20170628;CAD;*;U17 ;0000032303856;0000009780156;00000000;02563700;02563700;02563800;02563800;0000025626030;0000025659860;0000000020298;00033830;
20170628;CCM;*;F18 ;0000001784020;0000000542354;00001455;00002672;00002667;00002696;00002696;0000000002695;0000000002670;0000000011250;00000025;
20170628;CCM;*;H18 ;0000001168474;0000000355224;00000401;00002861;00002850;00002861;00002855;0000000002855;0000000002846;0000000004050;00000009;
20170628;CCM;*;K18 ;0000000000000;0000000000000;00000000;00000000;00000000;00000000;00000000;0000000002806;0000000002790;0000000000000;00000016;
20170628;CCM;*;N17 ;0000000641529;0000000195029;00001195;00002560;00002525;00002560;00002546;0000000002546;0000000002560;0000000006300;00000014;
20170628;CCM;*;N18 ;0000000000000;0000000000000;00000000;00000000;00000000;00000000;00000000;0000000002856;0000000002840;0000000000000;00000016;
20170628;CCM;*;U17 ;0000042004836;0000012769756;00023219;00002520;00002503;00002542;00002540;0000000002533;0000000002518;0000000006750;00000015;
20170628;CCM;*;U18 ;0000000052200;0000000015869;00000050;00002900;00002900;00002900;00002900;0000000002910;0000000002893;0000000007650;00000017;
20170628;CCM;*;X17 ;0000004251294;0000001292422;00001953;00002630;00002612;00002650;00002650;0000000002650;0000000002633;0000000007650;00000017;
20170628;CCM;*;X18 ;0000000000000;0000000000000;00000000;00000000;00000000;00000000;00000000;0000000002980;0000000002963;0000000000000;00000017;
20170628;CHF;*;N17 ;0000001835040;0000000555568;00000009;03327000;02424100;03424100;03424100;0000034313530;0000034702370;0000000194420;00388840;
20170628;CHF;*;Q17 ;0000000689820;0000000208847;00000000;03449100;03449100;03449100;03449100;0000034594910;0000034976850;0000000190970;00381940;
20170628;CHF;*;U17 ;0000000000000;0000000000000;00000160;00000000;00000000;00000000;00000000;0000034899700;0000035276570;0000000188435;00376870;
20170628;CLP;*;N17 ;0000000000000;0000000000000;00000047;00000000;00000000;00000000;00000000;0000049642000;0000050271000;0000000157250;00629000;
20170628;CLP;*;Q17 ;0000000000000;0000000000000;00000000;00000000;00000000;00000000;00000000;0000049871000;0000050514000;0000000000000;00643000;
20170628;CLP;*;U17 ;0000000000000;0000000000000;00000460;00000000;00000000;00000000;00000000;0000050150000;0000050794000;0000000161000;00644000;
20170628;CNY;*;N17 ;0000000000000;0000000000000;00000090;00000000;00000000;00000000;00000000;0000048376750;0000048857010;0000000168091;00480260;
20170628;CNY;*;Q17 ;0000000000000;0000000000000;00000000;00000000;00000000;00000000;00000000;0000048500620;0000049054710;0000000000000;00554090;
20170628;CNY;*;U17 ;0000000000000;0000000000000;00000000;00000000;00000000;00000000;00000000;0000048705710;0000049251000;0000000000000;00545290;
20170628;CR1;*;U7Z7;0000000000000;0000000000000;00000000;00000000;00000000;00000000;00000000;0000000000000;0000000000000;0000000000000;00000000;
20170628;DAP;*;F18 ;0000000000000;0000000000000;00027130;00000000;00000000;00000000;00000000;0000009720135;0000009717076;0000000003701;00003059;
20170628;DAP;*;F19 ;0000000000000;0000000000000;00000000;00000000;00000000;00000000;00000000;0000009280820;0000009273812;0000000000000;00007008;
20170628;DAP;*;K19 ;0000130087352;0000039384606;00041310;00000496;00000489;00000496;00000489;0000009149799;0000009144178;0000000006801;00005621;
20170628;DAP;*;K21 ;0000000491319;0000000148749;00013442;00000554;00000554;00000554;00000554;0000008141353;0000008122552;0000000022750;00018801;
20170628;DAP;*;K23 ;0000000000000;0000000000000;00012013;00000000;00000000;00000000;00000000;0000007266819;0000007240480;0000000031871;00026339;
20170628;DAP;*;N17 ;0000000000000;0000000000000;00005365;00000000;00000000;00000000;00000000;0000009937694;0000009937428;0000000000321;00000266;
20170628;DAP;*;Q17 ;0000000000000;0000000000000;00001600;00000000;00000000;00000000;00000000;0000009872957;0000009872577;0000000000459;00000380;
20170628;DAP;*;Q18 ;0000045256717;0000013701701;00071806;00000500;00000495;00000500;00000495;0000009470068;0000009464486;0000000006754;00005582;
20170628;DAP;*;Q20 ;0000060705920;0000018379025;00005785;00000533;00000533;00000533;00000533;0000008502947;0000008497568;0000000006508;00005379;
20170628;DAP;*;Q22 ;0000000000000;0000000000000;00018406;00000000;00000000;00000000;00000000;0000007569219;0000007545474;0000000028733;00023745;
20170628;DAP;*;Q24 ;0000000000000;0000000000000;00008695;00000000;00000000;00000000;00000000;0000006795215;0000006778628;0000000020071;00016587;
20170628;DAP;*;Q26 ;0000000000000;0000000000000;00003824;00000000;00000000;00000000;00000000;0000006051574;0000006032220;0000000023419;00019354;
20170628;DAP;*;Q30 ;0000000000000;0000000000000;00000235;00000000;00000000;00000000;00000000;0000004873064;0000004844181;0000000034950;00028883;
20170628;DAP;*;U17 ;0000000000000;0000000000000;00000000;00000000;00000000;00000000;00000000;0000009820345;0000009819878;0000000000000;00000467;
20170628;DCO;*;F18 ;0000000000000;0000000000000;00000000;00000000;00000000;00000000;00000000;0000009801904;0000009914055;0000000000000;00112151;
20170628;DCO;*;F19 ;0000000000000;0000000000000;00000000;00000000;00000000;00000000;00000000;0000009548251;0000009653348;0000000000000;00105097;
20170628;DCO;*;F20 ;0000000000000;0000000000000;00000000;00000000;00000000;00000000;00000000;0000009245562;0000009341906;0000000000000;00096344;
20170628;DCO;*;F21 ;0000000000000;0000000000000;00000000;00000000;00000000;00000000;00000000;0000008888669;0000008982263;0000000000000;00093594;
20170628;DCO;*;F22 ;0000000000000;0000000000000;00000000;00000000;00000000;00000000;00000000;0000008516678;0000008601945;0000000000000;00085267;
20170628;DCO;*;F23 ;0000000000000;0000000000000;00000000;00000000;00000000;00000000;00000000;0000008093718;0000008189185;0000000000000;00095467;
20170628;DCO;*;F24 ;0000000000000;0000000000000;00000000;00000000;00000000;00000000;00000000;0000007676590;0000007763147;0000000000000;00086557;
20170628;DCO;*;F25 ;0000000000000;0000000000000;00000000;00000000;00000000;00000000;00000000;0000007288099;0000007366495;0000000000000;00078396;
20170628;DCO;*;F26 ;0000000000000;0000000000000;00000000;00000000;00000000;00000000;00000000;0000006892036;0000006967838;0000000000000;00075802;
20170628;DCO;*;F27 ;0000000000000;0000000000000;00000000;00000000;00000000;00000000;00000000;0000006518455;0000006586306;0000000000000;00067851;
20170628;DCO;*;F28 ;0000000000000;0000000000000;00000000;00000000;00000000;00000000;00000000;0000006169177;0000006232494;0000000000000;00063317;
20170628;DCO;*;F29 ;0000000000000;0000000000000;00000000;00000000;00000000;00000000;00000000;0000005830836;0000005893015;0000000000000;00062179;
20170628;DCO;*;F30 ;0000000000000;0000000000000;00000000;00000000;00000000;00000000;00000000;0000005516869;0000005573600;0000000000000;00056731;
20170628;DCO;*;G18 ;0000000000000;0000000000000;00000000;00000000;00000000;00000000;00000000;0000009785491;0000009897244;0000000000000;00111753;
20170628;DCO;*;H18 ;0000000000000;0000000000000;00000000;00000000;00000000;00000000;00000000;0000009766420;0000009877391;0000000000000;00110971;
20170628;DCO;*;J18 ;0000000000000;0000000000000;00000000;00000000;00000000;00000000;00000000;0000009744895;0000009853869;0000000000000;00108974;
20170628;DCO;*;J19 ;0000000000000;0000000000000;00000000;00000000;00000000;00000000;00000000;0000009480935;0000009584833;0000000000000;00103898;
20170628;DCO;*;J20 ;0000000000000;0000000000000;00000000;00000000;00000000;00000000;00000000;0000009165903;0000009261175;0000000000000;00095272;
20170628;DCO;*;J21 ;0000000000000;0000000000000;00000000;00000000;00000000;00000000;00000000;0000008804565;0000008900164;0000000000000;00095599;
20170628;DCO;*;J22 ;0000000000000;0000000000000;00000000;00000000;00000000;00000000;00000000;0000008425771;0000008524609;0000000000000;00098838;
20170628;DCO;*;K18 ;0000000000000;0000000000000;00000000;00000000;00000000;00000000;00000000;0000009725419;0000009833574;0000000000000;00108155;
20170628;DCO;*;M18 ;0000000000000;0000000000000;00000000;00000000;00000000;00000000;00000000;0000009703012;0000009811330;0000000000000;00108318;
20170628;DCO;*;N17 ;0000000000000;0000000000000;00000000;00000000;00000000;00000000;00000000;0000009908607;0000010025053;0000000000000;00116446;
20170628;DCO;*;N18 ;0000000000000;0000000000000;00000000;00000000;00000000;00000000;00000000;0000009683378;0000009791314;0000000000000;00107936;
20170628;DCO;*;N19 ;0000000000000;0000000000000;00000000;00000000;00000000;00000000;00000000;0000009406281;0000009507869;0000000000000;00101588;
20170628;DCO;*;N20 ;0000000000000;0000000000000;00000000;00000000;00000000;00000000;00000000;0000009074717;0000009169630;0000000000000;00094913;
20170628;DCO;*;N21 ;0000000000000;0000000000000;00000000;00000000;00000000;00000000;00000000;0000008710599;0000008801443;0000000000000;00090844;
20170628;DCO;*;N22 ;0000000000000;0000000000000;00000000;00000000;00000000;00000000;00000000;0000008311017;0000008408978;0000000000000;00097961;
20170628;DCO;*;Q17 ;0000000000000;0000000000000;00000000;00000000;00000000;00000000;00000000;0000009889876;0000010005255;0000000000000;00115379;
20170628;DCO;*;U17 ;0000000000000;0000000000000;00000000;00000000;00000000;00000000;00000000;0000009875717;0000009989651;0000000000000;00113934;
20170628;DCO;*;V17 ;0000000000000;0000000000000;00000000;00000000;00000000;00000000;00000000;0000009857008;0000009970687;0000000000000;00113679;
20170628;DCO;*;V18 ;0000000000000;0000000000000;00000000;00000000;00000000;00000000;00000000;0000009621347;0000009725301;0000000000000;00103954;
20170628;DCO;*;V19 ;0000000000000;0000000000000;00000000;00000000;00000000;00000000;00000000;0000009328721;0000009426086;0000000000000;00097365;
20170628;DCO;*;V20 ;0000000000000;0000000000000;00000000;00000000;00000000;00000000;00000000;0000008986226;0000009076906;0000000000000;00090680;
20170628;DCO;*;V21 ;0000000000000;0000000000000;00000000;00000000;00000000;00000000;00000000;0000008624481;0000008713077;0000000000000;00088596;
20170628;DCO;*;X17 ;0000000000000;0000000000000;00000000;00000000;00000000;00000000;00000000;0000009839179;0000009951947;0000000000000;00112768;
20170628;DCO;*;Z17 ;0000000000000;0000000000000;00000000;00000000;00000000;00000000;00000000;0000009822507;0000009934676;0000000000000;00112169;
20170628;DDI;*;F18 ;0000000000000;0000000000000;00426441;00000000;00000000;00000000;00000000;0000009802405;0000009914569;0000000186035;00112164;
20170628;DDI;*;F19 ;0000000000000;0000000000000;00113794;00000000;00000000;00000000;00000000;0000009549652;0000009654781;0000000174366;00105129;
20170628;DDI;*;F20 ;0000000000000;0000000000000;00096740;00000000;00000000;00000000;00000000;0000009247742;0000009344135;0000000159877;00096393;
20170628;DDI;*;F21 ;0000000000000;0000000000000;00092106;00000000;00000000;00000000;00000000;0000008891493;0000008985149;0000000155337;00093656;
20170628;DDI;*;F22 ;0000000000000;0000000000000;00035824;00000000;00000000;00000000;00000000;0000008520004;0000008605340;0000000141538;00085336;
20170628;DDI;*;F23 ;0000000000000;0000000000000;00029456;00000000;00000000;00000000;00000000;0000008101054;0000008196704;0000000158645;00095650;
20170628;DDI;*;F24 ;0000000000000;0000000000000;00034125;00000000;00000000;00000000;00000000;0000007684387;0000007771129;0000000143870;00086742;
20170628;DDI;*;F25 ;0000000000000;0000000000000;00021120;00000000;00000000;00000000;00000000;0000007296208;0000007374789;0000000130334;00078581;
20170628;DDI;*;F26 ;0000000000000;0000000000000;00013960;00000000;00000000;00000000;00000000;0000006900253;0000006976245;0000000126040;00075992;
20170628;DDI;*;F27 ;0000000000000;0000000000000;00011100;00000000;00000000;00000000;00000000;0000006526673;0000006594705;0000000112837;00068032;
20170628;DDI;*;F28 ;0000000000000;0000000000000;00000110;00000000;00000000;00000000;00000000;0000006177309;0000006240803;0000000105311;00063494;
20170628;DDI;*;F29 ;0000000000000;0000000000000;00000000;00000000;00000000;00000000;00000000;0000005838791;0000005901148;0000000000000;00062357;
20170628;DDI;*;F30 ;0000000000000;0000000000000;00000500;00000000;00000000;00000000;00000000;0000005524609;0000005581507;0000000094371;00056898;
20170628;DDI;*;G18 ;0000000000000;0000000000000;00032510;00000000;00000000;00000000;00000000;0000009786071;0000009897838;0000000185376;00111767;
20170628;DDI;*;H18 ;0000000000000;0000000000000;00022030;00000000;00000000;00000000;00000000;0000009767072;0000009878058;0000000184081;00110986;
20170628;DDI;*;J18 ;0000000000000;0000000000000;00101599;00000000;00000000;00000000;00000000;0000009745628;0000009854619;0000000180772;00108991;
20170628;DDI;*;J19 ;0000000000000;0000000000000;00049376;00000000;00000000;00000000;00000000;0000009482538;0000009586473;0000000172386;00103935;
20170628;DDI;*;J20 ;0000000000000;0000000000000;00027835;00000000;00000000;00000000;00000000;0000009168256;0000009263579;0000000158102;00095323;
20170628;DDI;*;J21 ;0000000000000;0000000000000;00006137;00000000;00000000;00000000;00000000;0000008807523;0000008903188;0000000158669;00095665;
20170628;DDI;*;J22 ;0000000000000;0000000000000;00000640;00000000;00000000;00000000;00000000;0000008429200;0000008528121;0000000164070;00098921;
20170628;DDI;*;K18 ;0000000000000;0000000000000;00019370;00000000;00000000;00000000;00000000;0000009726228;0000009834401;0000000179415;00108173;
20170628;DDI;*;M18 ;0000000000000;0000000000000;00009870;00000000;00000000;00000000;00000000;0000009703896;0000009812234;0000000179689;00108338;
20170628;DDI;*;N17 ;0000000000000;0000000000000;00387023;00000000;00000000;00000000;00000000;0000009908620;0000010025067;0000000193138;00116447;
20170628;DDI;*;N18 ;0000000000000;0000000000000;00101657;00000000;00000000;00000000;00000000;0000009684339;0000009792297;0000000179059;00107958;
20170628;DDI;*;N19 ;0000000000000;0000000000000;00057894;00000000;00000000;00000000;00000000;0000009408083;0000009509711;0000000168560;00101628;
20170628;DDI;*;N20 ;0000000000000;0000000000000;00044935;00000000;00000000;00000000;00000000;0000009077231;0000009172200;0000000157515;00094969;
20170628;DDI;*;N21 ;0000000000000;0000000000000;00005640;00000000;00000000;00000000;00000000;0000008713686;0000008804597;0000000150784;00090911;
20170628;DDI;*;N22 ;0000000000000;0000000000000;00001180;00000000;00000000;00000000;00000000;0000008314527;0000008412575;0000000162622;00098048;
20170628;DDI;*;Q17 ;0000000000000;0000000000000;00556410;00000000;00000000;00000000;00000000;0000009889969;0000010005350;0000000191370;00115381;
20170628;DDI;*;U17 ;0000246661170;0000074677920;00169160;00000478;00000478;00000478;00000478;0000009875893;0000009989832;0000000188979;00113939;
20170628;DDI;*;V17 ;0000000000000;0000000000000;00266414;00000000;00000000;00000000;00000000;0000009857267;0000009970952;0000000188557;00113685;
20170628;DDI;*;V18 ;0000000000000;0000000000000;00064348;00000000;00000000;00000000;00000000;0000009622530;0000009726510;0000000172461;00103980;
20170628;DDI;*;V19 ;0000000000000;0000000000000;00036734;00000000;00000000;00000000;00000000;0000009330716;0000009428124;0000000161560;00097408;
20170628;DDI;*;V20 ;0000000000000;0000000000000;00022910;00000000;00000000;00000000;00000000;0000008988899;0000009079634;0000000150493;00090735;
20170628;DDI;*;V21 ;0000000000000;0000000000000;00002102;00000000;00000000;00000000;00000000;0000008627698;0000008713075;0000000141606;00085377;
20170628;DDI;*;X17 ;0000130752208;0000039585894;00112180;00000423;00000423;00000423;00000423;0000009839517;0000009952295;0000000187053;00112778;
20170628;DDI;*;Z17 ;0000081371460;0000024635622;00083950;00000442;00000442;00000442;00000442;0000009822925;0000009935104;0000000186060;00112179;
20170628;DDM;*;K25 ;0000000000000;0000000000000;00000000;00000000;00000000;00000000;00000000;0000006577910;0000006556628;0000000000000;00021282;
20170628;DI1;*;F18 ;0023792099389;0007203178743;03642988;00008980;00008950;00009005;00008970;0000009573722;0000009572783;0000000000939;00000939;
20170628;DI1;*;F19 ;0033750195935;0010218042972;02135250;00008980;00008930;00009030;00008960;0000008795869;0000008788973;0000000006896;00006896;
20170628;DI1;*;F20 ;0010747936673;0003253992332;01631560;00009680;00009570;00009750;00009610;0000007952691;0000007932865;0000000019826;00019826;
20170628;DI1;*;F21 ;0015890688283;0004810986462;01290293;00010250;00010120;00010310;00010130;0000007133953;0000007106785;0000000027168;00027168;
20170628;DI1;*;F22 ;0000282942906;0000085662400;00096311;00010570;00010440;00010610;00010450;0000006398856;0000006365002;0000000033854;00033854;
20170628;DI1;*;F23 ;0003677785900;0001113468332;00680406;00010770;00010600;00010820;00010610;0000005744640;0000005704747;0000000039893;00039893;
20170628;DI1;*;F24 ;0000002568992;0000000777775;00056775;00010890;00010750;00010890;00010750;0000005162971;0000005120737;0000000042234;00042234;
20170628;DI1;*;F25 ;0001712422111;0000518444478;00565141;00010990;00010830;00011050;00010830;0000004623968;0000004580332;0000000043636;00043636;
20170628;DI1;*;F26 ;0000003519101;0000001065426;00062418;00011050;00010900;00011050;00010900;0000004152142;0000004109336;0000000042806;00042806;
20170628;DI1;*;F27 ;0001055203584;0000319468236;00376278;00011110;00010960;00011160;00010960;0000003723002;0000003684912;0000000038090;00038090;
20170628;DI1;*;F28 ;0000000000000;0000000000000;00000010;00000000;00000000;00000000;00000000;0000003340243;0000003302522;0000000037721;00037721;
20170628;DI1;*;F29 ;0000000000000;0000000000000;00004367;00000000;00000000;00000000;00000000;0000003002846;0000002965775;0000000037071;00037071;
20170628;DI1;*;F30 ;0000000000000;0000000000000;00000720;00000000;00000000;00000000;00000000;0000002690018;0000002653976;0000000036042;00036042;
20170628;DI1;*;G18 ;0001431460708;0000433381988;00022870;00008920;00008895;00008920;00008895;0000009505787;0000009504649;0000000001138;00001138;
20170628;DI1;*;H18 ;0000036384944;0000011015726;00017980;00008845;00008845;00008845;00008845;0000009449941;0000009448633;0000000001308;00001308;
20170628;DI1;*;J18 ;0005347581301;0001619007357;00733764;00008840;00008800;00008870;00008815;0000009386709;0000009385212;0000000001497;00001497;
20170628;DI1;*;J19 ;0007520278649;0002276802497;00538945;00009170;00009080;00009200;00009120;0000008594994;0000008585702;0000000009292;00009292;
20170628;DI1;*;J20 ;0000106126410;0000032130309;00078269;00009880;00009720;00009880;00009730;0000007748436;0000007718487;0000000029949;00029949;
20170628;DI1;*;J21 ;0000015980365;0000004838137;00031265;00010220;00010220;00010220;00010220;0000006942091;0000006912658;0000000029433;00029433;
20170628;DI1;*;J22 ;0000000000000;0000000000000;00001370;00000000;00000000;00000000;00000000;0000006231296;0000006196007;0000000035289;00035289;
20170628;DI1;*;K18 ;0000000000000;0000000000000;00020915;00000000;00000000;00000000;00000000;0000009320503;0000009318585;0000000001918;00001918;
20170628;DI1;*;M18 ;0000000000000;0000000000000;00007510;00000000;00000000;00000000;00000000;0000009255224;0000009252851;0000000002373;00002373;
20170628;DI1;*;N17 ;0004678616354;0001416474827;03052603;00010143;00010142;00010143;00010142;0000009988507;0000009988501;0000000000006;00000006;
20170628;DI1;*;N18 ;0005753145258;0001741793902;00733837;00008860;00008810;00008890;00008830;0000009190332;0000009187384;0000000002948;00002948;
20170628;DI1;*;N19 ;0001343157459;0000406647732;00479825;00009340;00009250;00009390;00009280;0000008387152;0000008373674;0000000013478;00013478;
20170628;DI1;*;N20 ;0003139681205;0000950554407;01278615;00010030;00009880;00010070;00009910;0000007543429;0000007516823;0000000026606;00026606;
20170628;DI1;*;N21 ;0000024640218;0000007459951;00058363;00010460;00010320;00010460;00010340;0000006759130;0000006727383;0000000031747;00031747;
20170628;DI1;*;N22 ;0000002715494;0000000822130;00006125;00010670;00010550;00010670;00010550;0000006068721;0000006031769;0000000036952;00036952;
20170628;DI1;*;N23 ;0000000000000;0000000000000;00003535;00000000;00000000;00000000;00000000;0000005449480;0000005408279;0000000041201;00041201;
20170628;DI1;*;N24 ;0000000000000;0000000000000;00003300;00000000;00000000;00000000;00000000;0000004893845;0000004850807;0000000043038;00043038;
20170628;DI1;*;Q17 ;0005770658611;0001747096158;00773647;00010047;00010042;00010047;00010043;0000009909270;0000009909215;0000000000055;00000055;
20170628;DI1;*;U17 ;0001249296899;0000378230972;00365250;00009695;00009670;00009695;00009670;0000009829316;0000009829295;0000000000021;00000021;
20170628;DI1;*;V17 ;0008219707210;0002488558041;01902748;00009435;00009410;00009450;00009420;0000009763493;0000009763025;0000000000468;00000468;
20170628;DI1;*;V18 ;0007861261744;0002380036859;00601611;00008940;00008860;00008940;00008890;0000008990178;0000008984365;0000000005813;00005813;
20170628;DI1;*;V19 ;0000133451531;0000040403128;00087174;00009530;00009430;00009570;00009470;0000008164754;0000008144818;0000000019936;00019936;
20170628;DI1;*;V20 ;0000086866142;0000026299165;00046220;00010020;00010020;00010030;00010030;0000007331911;0000007297353;0000000034558;00034558;
20170628;DI1;*;V21 ;0000004599617;0000001392557;00011897;00010470;00010390;00010470;00010390;0000006571819;0000006538969;0000000032850;00032850;
20170628;DI1;*;X17 ;0000167238587;0000050632330;00130495;00009280;00009260;00009280;00009260;0000009695475;0000009695063;0000000000412;00000412;
20170628;DI1;*;Z17 ;0002148747854;0000650544309;00147480;00009115;00009090;00009115;00009100;0000009633617;0000009633598;0000000000019;00000019;
20170628;DOL;*;F18 ;0000000000000;0000000000000;00009085;00000000;00000000;00000000;00000000;0000033964370;0000034356370;0000000196000;00392000;
20170628;DOL;*;F19 ;0000000000000;0000000000000;00000000;00000000;00000000;00000000;00000000;0000036014750;0000036439800;0000000000000;00425050;
20170628;DOL;*;F20 ;0000000000000;0000000000000;00000000;00000000;00000000;00000000;00000000;0000038573880;0000039073350;0000000000000;00499470;
20170628;DOL;*;F21 ;0000000000000;0000000000000;00003100;00000000;00000000;00000000;00000000;0000041344340;0000041939550;0000000297605;00595210;
20170628;DOL;*;F25 ;0000000000000;0000000000000;00000000;00000000;00000000;00000000;00000000;0000052342450;0000053410210;0000000000000;01067760;
20170628;DOL;*;G18 ;0000000000000;0000000000000;00000000;00000000;00000000;00000000;00000000;0000034150100;0000034544260;0000000000000;00394160;
20170628;DOL;*;H18 ;0000000000000;0000000000000;00000000;00000000;00000000;00000000;00000000;0000034285220;0000034679610;0000000000000;00394390;
20170628;DOL;*;J18 ;0000000000000;0000000000000;00000180;00000000;00000000;00000000;00000000;0000034440400;0000034831120;0000000195360;00390720;
20170628;DOL;*;J19 ;0000000000000;0000000000000;00000050;00000000;00000000;00000000;00000000;0000036597440;0000037038610;0000000220585;00441170;
20170628;DOL;*;J20 ;0000000000000;0000000000000;00000000;00000000;00000000;00000000;00000000;0000039250420;0000039812390;0000000000000;00561970;
20170628;DOL;*;J22 ;0000000000000;0000000000000;00000000;00000000;00000000;00000000;00000000;0000044872440;0000045657610;0000000000000;00785170;
20170628;DOL;*;K18 ;0000000000000;0000000000000;00000000;00000000;00000000;00000000;00000000;0000034615990;0000035008190;0000000000000;00392200;
20170628;DOL;*;M18 ;0000000000000;0000000000000;00000000;00000000;00000000;00000000;00000000;0000034780100;0000035177420;0000000000000;00397320;
20170628;DOL;*;N17 ;0049256130125;0014912543180;00550511;03315500;03281000;03316500;03283000;0000032906700;0000033293430;0000000193365;00386730;
20170628;DOL;*;N18 ;0000000000000;0000000000000;00000665;00000000;00000000;00000000;00000000;0000034955090;0000035356100;0000000200505;00401010;
20170628;DOL;*;N19 ;0000000000000;0000000000000;00000400;00000000;00000000;00000000;00000000;0000037209880;0000037672370;0000000231245;00462490;
20170628;DOL;*;N21 ;0000000000000;0000000000000;00000000;00000000;00000000;00000000;00000000;0000042764440;0000043414520;0000000000000;00650080;
20170628;DOL;*;N22 ;0000000000000;0000000000000;00000000;00000000;00000000;00000000;00000000;0000045447720;0000046265360;0000000000000;00817640;
20170628;DOL;*;Q17 ;0001801305250;0000545354299;00094654;03334000;03302000;03337000;03302500;0000033107390;0000033493820;0000000193215;00386430;
20170628;DOL;*;U17 ;0000051934375;0000015723395;00003500;03350000;03334000;03354000;03334000;0000033329190;0000033713780;0000000192295;00384590;
20170628;DOL;*;V17 ;0000000000000;0000000000000;00004115;00000000;00000000;00000000;00000000;0000033490600;0000033878480;0000000193940;00387880;
20170628;DOL;*;V18 ;0000000000000;0000000000000;00000035;00000000;00000000;00000000;00000000;0000035505250;0000035912140;0000000203445;00406890;
20170628;DOL;*;V19 ;0000000000000;0000000000000;00000000;00000000;00000000;00000000;00000000;0000037909100;0000038398610;0000000000000;00489510;
20170628;DOL;*;X17 ;0000003360000;0000001017257;00000245;03360000;03360000;03360000;03360000;0000033664820;0000034052130;0000000193655;00387310;
20170628;DOL;*;Z17 ;0000000000000;0000000000000;00000010;00000000;00000000;00000000;00000000;0000033823860;0000034210200;0000000193170;00386340;
20170628;DR1;*;N7Q7;0000000000000;0000000000000;00000000;00020020;00020010;00020250;00020130;0000000000000;0000000000000;0000000000000;00000000;
20170628;DR1;*;N7U7;0000000000000;0000000000000;00000000;00042000;00042000;00042000;00042000;0000000000000;0000000000000;0000000000000;00000000;
20170628;ETH;*;F18 ;0000000000000;0000000000000;00000030;00000000;00000000;00000000;00000000;0000000155000;0000000155000;0000000000000;00000000;
20170628;ETH;*;G18 ;0000000000000;0000000000000;00000030;00000000;00000000;00000000;00000000;0000000155000;0000000155000;0000000000000;00000000;
20170628;ETH;*;H18 ;0000000000000;0000000000000;00000030;00000000;00000000;00000000;00000000;0000000155000;0000000155000;0000000000000;00000000;
20170628;ETH;*;J18 ;0000000000000;0000000000000;00000000;00000000;00000000;00000000;00000000;0000000157350;0000000157350;0000000000000;00000000;
20170628;ETH;*;K18 ;0000000000000;0000000000000;00000000;00000000;00000000;00000000;00000000;0000000150050;0000000150050;0000000000000;00000000;
20170628;ETH;*;M17 ;0000000000000;0000000000000;00000435;00000000;00000000;00000000;00000000;0000000132500;0000000134500;0000000060000;00002000;
20170628;ETH;*;N17 ;0000000000000;0000000000000;00000427;00000000;00000000;00000000;00000000;0000000134000;0000000133000;0000000030000;00001000;
20170628;ETH;*;Q17 ;0000000000000;0000000000000;00000769;00000000;00000000;00000000;00000000;0000000135750;0000000135000;0000000022500;00000750;
20170628;ETH;*;U17 ;0000000000000;0000000000000;00000000;00000000;00000000;00000000;00000000;0000000138100;0000000145000;0000000000000;00006900;
20170628;ETH;*;V17 ;0000000000000;0000000000000;00000410;00000000;00000000;00000000;00000000;0000000145000;0000000145000;0000000000000;00000000;
20170628;ETH;*;X17 ;0000000000000;0000000000000;00000299;00000000;00000000;00000000;00000000;0000000150000;0000000150000;0000000000000;00000000;
20170628;ETH;*;Z17 ;0000000000000;0000000000000;00000623;00000000;00000000;00000000;00000000;0000000150500;0000000150500;0000000000000;00000000;
20170628;EUR;*;N17 ;0000840094900;0000254342991;00004971;03772500;03740000;03772500;03744000;0000037456280;0000037784960;0000000164340;00328680;
20170628;EUR;*;Q17 ;0000250877200;0000075954345;00011836;03769000;03766000;03791400;03767000;0000037734230;0000038062420;0000000164095;00328190;
20170628;EUR;*;U17 ;0000008557025;0000002590683;00000460;03823300;03800600;03823300;03800600;0000038041970;0000038367760;0000000162895;00325790;
20170628;EUR;*;V17 ;0000614792750;0000186131623;00000000;03854500;03854500;03854500;03854500;0000038284090;0000038613230;0000000164570;00329140;
20170628;FRC;*;F18 ;0000000000000;0000000000000;00000000;00000214;00000213;00000217;00000213;0000000000213;0000000000219;0000000000003;00000006;
20170628;FRC;*;F19 ;0000000000000;0000000000000;00000000;00000248;00000247;00000250;00000247;0000000000247;0000000000252;0000000000002;00000005;
20170628;FRC;*;F20 ;0000000000000;0000000000000;00000000;00000282;00000282;00000282;00000282;0000000000282;0000000000287;0000000000002;00000005;
20170628;FRC;*;F21 ;0000000000000;0000000000000;00000000;00000323;00000321;00000323;00000321;0000000000321;0000000000325;0000000000002;00000004;
20170628;FRC;*;F22 ;0000000000000;0000000000000;00000000;00000000;00000000;00000000;00000000;0000000000357;0000000000361;0000000000000;00000004;
20170628;FRC;*;F23 ;0000000000000;0000000000000;00000000;00000000;00000000;00000000;00000000;0000000000400;0000000000400;0000000000000;00000000;
20170628;FRC;*;F24 ;0000000000000;0000000000000;00000000;00000000;00000000;00000000;00000000;0000000000439;0000000000440;0000000000000;00000001;
20170628;FRC;*;F25 ;0000000000000;0000000000000;00000000;00000470;00000470;00000470;00000470;0000000000470;0000000000472;0000000000001;00000002;
20170628;FRC;*;F26 ;0000000000000;0000000000000;00000000;00000000;00000000;00000000;00000000;0000000000505;0000000000507;0000000000000;00000002;
20170628;FRC;*;F27 ;0000000000000;0000000000000;00000000;00000000;00000000;00000000;00000000;0000000000537;0000000000539;0000000000000;00000002;
20170628;FRC;*;F28 ;0000000000000;0000000000000;00000000;00000000;00000000;00000000;00000000;0000000000567;0000000000569;0000000000000;00000002;
20170628;FRC;*;F29 ;0000000000000;0000000000000;00000000;00000000;00000000;00000000;00000000;0000000000597;0000000000599;0000000000000;00000002;
20170628;FRC;*;F30 ;0000000000000;0000000000000;00000000;00000000;00000000;00000000;00000000;0000000000626;0000000000628;0000000000000;00000002;
20170628;FRC;*;G18 ;0000000000000;0000000000000;00000000;00000212;00000212;00000213;00000213;0000000000212;0000000000217;0000000000002;00000005;
20170628;FRC;*;H18 ;0000000000000;0000000000000;00000000;00000000;00000000;00000000;00000000;0000000000216;0000000000222;0000000000000;00000006;
20170628;FRC;*;J18 ;0000000000000;0000000000000;00000000;00000225;00000221;00000225;00000221;0000000000221;0000000000228;0000000000003;00000007;
20170628;FRC;*;J19 ;0000000000000;0000000000000;00000000;00000254;00000254;00000254;00000254;0000000000254;0000000000259;0000000000002;00000005;
20170628;FRC;*;J20 ;0000000000000;0000000000000;00000000;00000000;00000000;00000000;00000000;0000000000290;0000000000295;0000000000000;00000005;
20170628;FRC;*;J21 ;0000000000000;0000000000000;00000000;00000000;00000000;00000000;00000000;0000000000329;0000000000332;0000000000000;00000003;
20170628;FRC;*;J22 ;0000000000000;0000000000000;00000000;00000000;00000000;00000000;00000000;0000000000365;0000000000365;0000000000000;00000000;
20170628;FRC;*;K18 ;0000000000000;0000000000000;00000000;00000000;00000000;00000000;00000000;0000000000223;0000000000230;0000000000000;00000007;
20170628;FRC;*;M18 ;0000000000000;0000000000000;00000000;00000000;00000000;00000000;00000000;0000000000228;0000000000235;0000000000000;00000007;
20170628;FRC;*;N18 ;0000000000000;0000000000000;00000000;00000228;00000228;00000232;00000229;0000000000229;0000000000235;0000000000003;00000006;
20170628;FRC;*;N19 ;0000000000000;0000000000000;00000000;00000000;00000000;00000000;00000000;0000000000263;0000000000268;0000000000000;00000005;
20170628;FRC;*;N20 ;0000000000000;0000000000000;00000000;00000301;00000301;00000301;00000301;0000000000301;0000000000306;0000000000002;00000005;
20170628;FRC;*;N21 ;0000000000000;0000000000000;00000000;00000338;00000338;00000338;00000338;0000000000338;0000000000342;0000000000002;00000004;
20170628;FRC;*;N22 ;0000000000000;0000000000000;00000000;00000000;00000000;00000000;00000000;0000000000378;0000000000378;0000000000000;00000000;
20170628;FRC;*;Q17 ;0000000000000;0000000000000;00000000;00000240;00000229;00000240;00000229;0000000000234;0000000000245;0000000000005;00000011;
20170628;FRC;*;U17 ;0000000000000;0000000000000;00000000;00000205;00000199;00000205;00000199;0000000000199;0000000000212;0000000000006;00000013;
20170628;FRC;*;V17 ;0000000000000;0000000000000;00000000;00000205;00000205;00000209;00000206;0000000000206;0000000000215;0000000000004;00000009;
20170628;FRC;*;V18 ;0000000000000;0000000000000;00000000;00000235;00000235;00000235;00000235;0000000000235;0000000000243;0000000000004;00000008;
20170628;FRC;*;V19 ;0000000000000;0000000000000;00000000;00000272;00000272;00000272;00000272;0000000000272;0000000000278;0000000000003;00000006;
20170628;FRC;*;V20 ;0000000000000;0000000000000;00000000;00000000;00000000;00000000;00000000;0000000000311;0000000000316;0000000000000;00000005;
20170628;FRC;*;V21 ;0000000000000;0000000000000;00000000;00000000;00000000;00000000;00000000;0000000000345;0000000000349;0000000000000;00000004;
20170628;FRC;*;X17 ;0000000000000;0000000000000;00000000;00000209;00000207;00000209;00000209;0000000000209;0000000000218;0000000000004;00000009;
20170628;FRC;*;Z17 ;0000000000000;0000000000000;00000000;00000207;00000207;00000209;00000209;0000000000208;0000000000216;0000000000004;00000008;
20170628;FRO;*;F18 ;0000000000000;0000000000000;00000000;00000000;00000000;00000000;00000000;0000000000214;0000000000220;0000000000000;00000006;
20170628;FRO;*;F19 ;0000000000000;0000000000000;00000000;00000000;00000000;00000000;00000000;0000000000248;0000000000253;0000000000000;00000005;
20170628;FRO;*;F20 ;0000000000000;0000000000000;00000000;00000000;00000000;00000000;00000000;0000000000283;0000000000288;0000000000000;00000005;
20170628;FRO;*;F21 ;0000000000000;0000000000000;00000000;00000000;00000000;00000000;00000000;0000000000322;0000000000326;0000000000000;00000004;
20170628;FRO;*;F22 ;0000000000000;0000000000000;00000000;00000000;00000000;00000000;00000000;0000000000358;0000000000362;0000000000000;00000004;
20170628;FRO;*;F23 ;0000000000000;0000000000000;00000000;00000000;00000000;00000000;00000000;0000000000402;0000000000402;0000000000000;00000000;
20170628;FRO;*;F24 ;0000000000000;0000000000000;00000000;00000000;00000000;00000000;00000000;0000000000441;0000000000442;0000000000000;00000001;
20170628;FRO;*;F25 ;0000000000000;0000000000000;00000000;00000000;00000000;00000000;00000000;0000000000472;0000000000474;0000000000000;00000002;
20170628;FRO;*;F26 ;0000000000000;0000000000000;00000000;00000000;00000000;00000000;00000000;0000000000507;0000000000509;0000000000000;00000002;
20170628;FRO;*;F27 ;0000000000000;0000000000000;00000000;00000000;00000000;00000000;00000000;0000000000539;0000000000541;0000000000000;00000002;
20170628;FRO;*;F28 ;0000000000000;0000000000000;00000000;00000000;00000000;00000000;00000000;0000000000569;0000000000571;0000000000000;00000002;
20170628;FRO;*;F29 ;0000000000000;0000000000000;00000000;00000000;00000000;00000000;00000000;0000000000599;0000000000601;0000000000000;00000002;
20170628;FRO;*;F30 ;0000000000000;0000000000000;00000000;00000000;00000000;00000000;00000000;0000000000628;0000000000630;0000000000000;00000002;
20170628;FRO;*;G18 ;0000000000000;0000000000000;00000000;00000000;00000000;00000000;00000000;0000000000213;0000000000218;0000000000000;00000005;
20170628;FRO;*;H18 ;0000000000000;0000000000000;00000000;00000000;00000000;00000000;00000000;0000000000217;0000000000223;0000000000000;00000006;
20170628;FRO;*;J18 ;0000000000000;0000000000000;00000000;00000000;00000000;00000000;00000000;0000000000222;0000000000229;0000000000000;00000007;
20170628;FRO;*;J19 ;0000000000000;0000000000000;00000000;00000000;00000000;00000000;00000000;0000000000255;0000000000260;0000000000000;00000005;
20170628;FRO;*;J20 ;0000000000000;0000000000000;00000000;00000000;00000000;00000000;00000000;0000000000291;0000000000296;0000000000000;00000005;
20170628;FRO;*;J21 ;0000000000000;0000000000000;00000000;00000000;00000000;00000000;00000000;0000000000330;0000000000333;0000000000000;00000003;
20170628;FRO;*;J22 ;0000000000000;0000000000000;00000000;00000000;00000000;00000000;00000000;0000000000366;0000000000366;0000000000000;00000000;
20170628;FRO;*;K18 ;0000000000000;0000000000000;00000000;00000000;00000000;00000000;00000000;0000000000224;0000000000231;0000000000000;00000007;
20170628;FRO;*;M18 ;0000000000000;0000000000000;00000000;00000000;00000000;00000000;00000000;0000000000229;0000000000236;0000000000000;00000007;
20170628;FRO;*;N18 ;0000000000000;0000000000000;00000000;00000000;00000000;00000000;00000000;0000000000230;0000000000236;0000000000000;00000006;
20170628;FRO;*;N19 ;0000000000000;0000000000000;00000000;00000000;00000000;00000000;00000000;0000000000264;0000000000269;0000000000000;00000005;
20170628;FRO;*;N20 ;0000000000000;0000000000000;00000000;00000000;00000000;00000000;00000000;0000000000302;0000000000307;0000000000000;00000005;
20170628;FRO;*;N21 ;0000000000000;0000000000000;00000000;00000000;00000000;00000000;00000000;0000000000339;0000000000343;0000000000000;00000004;
20170628;FRO;*;N22 ;0000000000000;0000000000000;00000000;00000000;00000000;00000000;00000000;0000000000379;0000000000379;0000000000000;00000000;
20170628;FRO;*;Q17 ;0000000000000;0000000000000;00000000;00000000;00000000;00000000;00000000;0000000000235;0000000000246;0000000000000;00000011;
20170628;FRO;*;U17 ;0000000000000;0000000000000;00000000;00000000;00000000;00000000;00000000;0000000000200;0000000000213;0000000000000;00000013;
20170628;FRO;*;V17 ;0000000000000;0000000000000;00000000;00000000;00000000;00000000;00000000;0000000000207;0000000000216;0000000000000;00000009;
20170628;FRO;*;V18 ;0000000000000;0000000000000;00000000;00000000;00000000;00000000;00000000;0000000000236;0000000000244;0000000000000;00000008;
20170628;FRO;*;V19 ;0000000000000;0000000000000;00000000;00000000;00000000;00000000;00000000;0000000000273;0000000000279;0000000000000;00000006;
20170628;FRO;*;V20 ;0000000000000;0000000000000;00000000;00000000;00000000;00000000;00000000;0000000000312;0000000000317;0000000000000;00000005;
20170628;FRO;*;V21 ;0000000000000;0000000000000;00000000;00000000;00000000;00000000;00000000;0000000000346;0000000000350;0000000000000;00000004;
20170628;FRO;*;X17 ;0000000000000;0000000000000;00000000;00000000;00000000;00000000;00000000;0000000000210;0000000000219;0000000000000;00000009;
20170628;FRO;*;Z17 ;0000000000000;0000000000000;00000000;00000000;00000000;00000000;00000000;0000000000209;0000000000217;0000000000000;00000008;
20170628;FRP;*;FRP0;0000000000000;0000000000000;00000000;00000230;00000210;00000420;00000420;0000000000000;0000000000000;0000000000000;00000000;
20170628;FRP;*;FRP1;0000000000000;0000000000000;00000000;00000200;00000180;00000200;00000180;0000000000000;0000000000000;0000000000000;00000000;
20170628;GBP;*;N17 ;0000055446230;0000016786627;00000578;04230400;04230400;04278000;04258000;0000042573810;0000042642500;0000000024041;00068690;
20170628;GBP;*;Q17 ;0000064280426;0000019461225;00000055;04265100;04265100;04315200;04277300;0000042866910;0000042932690;0000000023023;00065780;
20170628;GBP;*;U17 ;0000000000000;0000000000000;00000012;00000000;00000000;00000000;00000000;0000043191090;0000043251620;0000000021185;00060530;
20170628;HSI;*;M17 ;0000000000000;0000000000000;00000000;00000000;00000000;00000000;00000000;0000000025635;0000000025777;0000000000000;00000142;
20170628;HSI;*;N17 ;0000000000000;0000000000000;00000000;00000000;00000000;00000000;00000000;0000000025497;0000000025657;0000000000000;00000160;
20170628;ICF;*;H18 ;0000000000000;0000000000000;00000000;00000000;00000000;00000000;00000000;0000000015585;0000000015715;0000000000000;00000130;
20170628;ICF;*;N17 ;0000000000000;0000000000000;00000010;00000000;00000000;00000000;00000000;0000000014365;0000000014365;0000000000000;00000000;
20170628;ICF;*;U17 ;0000013746139;0000004178920;00004697;00014850;00014590;00014880;00014745;0000000014765;0000000014845;0000000026315;00000080;
20170628;ICF;*;U18 ;0000000629262;0000000191300;00001703;00016000;00015925;00016050;00016050;0000000015865;0000000016000;0000000044406;00000135;
20170628;ICF;*;U19 ;0000003126723;0000000950545;00000405;00016970;00016970;00016975;00016970;0000000016520;0000000016680;0000000052630;00000160;
20170628;ICF;*;Z17 ;0000006818482;0000002072865;00001953;00015355;00015120;00015415;00015200;0000000015125;0000000015250;0000000041117;00000125;
20170628;ICF;*;Z18 ;0000000000000;0000000000000;00000032;00000000;00000000;00000000;00000000;0000000015795;0000000015940;0000000047696;00000145;
20170628;IND;*;G18 ;0000000000000;0000000000000;00000000;00000000;00000000;00000000;00000000;0000000065014;0000000064653;0000000000000;00000361;
20170628;IND;*;G19 ;0000000000000;0000000000000;00000000;00000000;00000000;00000000;00000000;0000000070257;0000000069923;0000000000000;00000334;
20170628;IND;*;J18 ;0000000000000;0000000000000;00000000;00000000;00000000;00000000;00000000;0000000065848;0000000065487;0000000000000;00000361;
20170628;IND;*;M18 ;0000000000000;0000000000000;00001785;00000000;00000000;00000000;00000000;0000000066601;0000000066241;0000000036000;00000360;
20170628;IND;*;Q17 ;0003350145175;0001014273441;00258952;00062570;00062130;00062835;00062775;0000000062743;0000000062387;0000000035600;00000356;
20170628;IND;*;Q18 ;0000000000000;0000000000000;00000000;00000000;00000000;00000000;00000000;0000000067521;0000000067171;0000000000000;00000350;
20170628;IND;*;V17 ;0000000000000;0000000000000;00001685;00000000;00000000;00000000;00000000;0000000063572;0000000063232;0000000034000;00000340;
20170628;IND;*;V18 ;0000000000000;0000000000000;00000000;00000000;00000000;00000000;00000000;0000000068427;0000000068084;0000000000000;00000343;
20170628;IND;*;Z17 ;0000046793000;0000014166818;00021795;00064100;00064100;00064100;00064100;0000000064329;0000000063946;0000000038300;00000383;
20170628;IND;*;Z18 ;0000000000000;0000000000000;00000150;00000000;00000000;00000000;00000000;0000000069254;0000000068913;0000000034100;00000341;
20170628;ISP;*;H18 ;0000000000000;0000000000000;00000000;00000000;00000000;00000000;00000000;0000000243850;0000000241700;0000000000000;00002150;
20170628;ISP;*;M18 ;0000000000000;0000000000000;00000000;00000000;00000000;00000000;00000000;0000000243750;0000000241600;0000000000000;00002150;
20170628;ISP;*;U17 ;0000492835589;0000149825375;00003665;00242300;00242300;00244200;00244200;0000000244200;0000000242050;0000000353610;00002150;
20170628;ISP;*;Z17 ;0000000000000;0000000000000;00000010;00000000;00000000;00000000;00000000;0000000244000;0000000241875;0000000349498;00002125;
20170628;JPY;*;N17 ;0000056266100;0000017034847;00000685;02948000;02938000;02952000;02938000;0000029315400;0000029692700;0000000188650;00377300;
20170628;JPY;*;Q17 ;0000058878980;0000017825910;00001876;02970500;02951800;02970800;02951800;0000029523800;0000029901500;0000000188850;00377700;
20170628;JPY;*;U17 ;0000000000000;0000000000000;00000030;00000000;00000000;00000000;00000000;0000029754900;0000030131500;0000000188300;00376600;
20170628;JPY;*;V17 ;0000000000000;0000000000000;00000085;00000000;00000000;00000000;00000000;0000029936000;0000030315900;0000000189950;00379900;
20170628;JSE;*;U17 ;0000000000000;0000000000000;00000000;00000000;00000000;00000000;00000000;0000000045826;0000000045622;0000000000000;00000204;
20170628;JSE;*;Z17 ;0000000000000;0000000000000;00000000;00000000;00000000;00000000;00000000;0000000046562;0000000046336;0000000000000;00000226;
20170628;MIX;*;U17 ;0000000000000;0000000000000;00000000;00000000;00000000;00000000;00000000;0000000001886;0000000001874;0000000000000;00000012;
20170628;MIX;*;Z17 ;0000000000000;0000000000000;00000000;00000000;00000000;00000000;00000000;0000000001900;0000000001895;0000000000000;00000005;
20170628;MXN;*;N17 ;0000022115550;0000006695595;00000209;01842400;01842400;01843000;01843000;0000018395720;0000018506740;0000000083265;00111020;
20170628;MXN;*;Q17 ;0000053220922;0000016112904;00000789;01853100;01845000;01853100;01845000;0000018417200;0000018527210;0000000082507;00110010;
20170628;MXN;*;U17 ;0000000000000;0000000000000;00000031;00000000;00000000;00000000;00000000;0000018445310;0000018553030;0000000080790;00107720;
20170628;NZD;*;N17 ;0000000000000;0000000000000;00000000;00000000;00000000;00000000;00000000;0000024031120;0000024249050;0000000000000;00217930;
20170628;NZD;*;Q17 ;0000000000000;0000000000000;00000010;00000000;00000000;00000000;00000000;0000024170400;0000024381680;0000000158460;00211280;
20170628;NZD;*;U17 ;0000000000000;0000000000000;00000000;00000000;00000000;00000000;00000000;0000024317660;0000024527330;0000000000000;00209670;
20170628;OC1;*;F18 ;0000000000000;0000000000000;00000000;00000000;00000000;00000000;00000000;0000009573186;0000009572247;0000000000000;00000939;
20170628;OC1;*;F19 ;0000000000000;0000000000000;00000000;00000000;00000000;00000000;00000000;0000008794416;0000008787520;0000000000000;00006896;
20170628;OC1;*;F20 ;0000000000000;0000000000000;00000000;00000000;00000000;00000000;00000000;0000007950329;0000007930510;0000000000000;00019819;
20170628;OC1;*;F21 ;0000000000000;0000000000000;00000000;00000000;00000000;00000000;00000000;0000007131007;0000007103626;0000000000000;00027381;
20170628;OC1;*;F22 ;0000000000000;0000000000000;00000000;00000000;00000000;00000000;00000000;0000006395210;0000006361378;0000000000000;00033832;
20170628;OC1;*;F23 ;0000000000000;0000000000000;00000000;00000000;00000000;00000000;00000000;0000005740648;0000005700787;0000000000000;00039861;
20170628;OC1;*;F24 ;0000000000000;0000000000000;00000000;00000000;00000000;00000000;00000000;0000005158743;0000005116249;0000000000000;00042494;
20170628;OC1;*;F25 ;0000000000000;0000000000000;00000000;00000000;00000000;00000000;00000000;0000004619598;0000004575699;0000000000000;00043899;
20170628;OC1;*;F26 ;0000000000000;0000000000000;00000000;00000000;00000000;00000000;00000000;0000004147693;0000004104623;0000000000000;00043070;
20170628;OC1;*;F27 ;0000000000000;0000000000000;00000000;00000000;00000000;00000000;00000000;0000003718233;0000003680196;0000000000000;00038037;
20170628;OC1;*;F28 ;0000000000000;0000000000000;00000000;00000000;00000000;00000000;00000000;0000003335517;0000003297855;0000000000000;00037662;
20170628;OC1;*;F29 ;0000000000000;0000000000000;00000000;00000000;00000000;00000000;00000000;0000002998199;0000002961189;0000000000000;00037010;
20170628;OC1;*;F30 ;0000000000000;0000000000000;00000000;00000000;00000000;00000000;00000000;0000002685497;0000002649520;0000000000000;00035977;
20170628;OC1;*;G18 ;0000000000000;0000000000000;00000000;00000000;00000000;00000000;00000000;0000009505164;0000009504024;0000000000000;00001140;
20170628;OC1;*;H18 ;0000000000000;0000000000000;00000000;00000000;00000000;00000000;00000000;0000009449246;0000009447938;0000000000000;00001308;
20170628;OC1;*;J18 ;0000000000000;0000000000000;00000000;00000000;00000000;00000000;00000000;0000009385933;0000009384434;0000000000000;00001499;
20170628;OC1;*;J19 ;0000000000000;0000000000000;00000000;00000000;00000000;00000000;00000000;0000008593347;0000008584056;0000000000000;00009291;
20170628;OC1;*;J20 ;0000000000000;0000000000000;00000000;00000000;00000000;00000000;00000000;0000007745912;0000007715975;0000000000000;00029937;
20170628;OC1;*;J21 ;0000000000000;0000000000000;00000000;00000000;00000000;00000000;00000000;0000006938793;0000006909376;0000000000000;00029417;
20170628;OC1;*;J22 ;0000000000000;0000000000000;00000000;00000000;00000000;00000000;00000000;0000006227553;0000006192288;0000000000000;00035265;
20170628;OC1;*;K18 ;0000000000000;0000000000000;00000000;00000000;00000000;00000000;00000000;0000009319646;0000009317728;0000000000000;00001918;
20170628;OC1;*;M18 ;0000000000000;0000000000000;00000000;00000000;00000000;00000000;00000000;0000009254288;0000009251915;0000000000000;00002373;
20170628;OC1;*;N17 ;0000000000000;0000000000000;00000000;00000000;00000000;00000000;00000000;0000009988496;0000009988488;0000000000000;00000008;
20170628;OC1;*;N18 ;0000000000000;0000000000000;00000000;00000000;00000000;00000000;00000000;0000009189318;0000009186370;0000000000000;00002948;
20170628;OC1;*;N19 ;0000000000000;0000000000000;00000000;00000000;00000000;00000000;00000000;0000008385321;0000008371694;0000000000000;00013627;
20170628;OC1;*;N20 ;0000000000000;0000000000000;00000000;00000000;00000000;00000000;00000000;0000007540759;0000007514165;0000000000000;00026594;
20170628;OC1;*;N21 ;0000000000000;0000000000000;00000000;00000000;00000000;00000000;00000000;0000006755710;0000006723981;0000000000000;00031729;
20170628;OC1;*;N22 ;0000000000000;0000000000000;00000000;00000000;00000000;00000000;00000000;0000006064888;0000006027962;0000000000000;00036926;
20170628;OC1;*;N23 ;0000000000000;0000000000000;00000000;00000000;00000000;00000000;00000000;0000005445357;0000005403899;0000000000000;00041458;
20170628;OC1;*;N24 ;0000000000000;0000000000000;00000000;00000000;00000000;00000000;00000000;0000004889535;0000004846235;0000000000000;00043300;
20170628;OC1;*;Q17 ;0000000000000;0000000000000;00000000;00000000;00000000;00000000;00000000;0000009909167;0000009909111;0000000000000;00000056;
20170628;OC1;*;U17 ;0000000000000;0000000000000;00000000;00000000;00000000;00000000;00000000;0000009829115;0000009829076;0000000000000;00000039;
20170628;OC1;*;V17 ;0000000000000;0000000000000;00000000;00000000;00000000;00000000;00000000;0000009763209;0000009762715;0000000000000;00000494;
20170628;OC1;*;V18 ;0000000000000;0000000000000;00000000;00000000;00000000;00000000;00000000;0000008988935;0000008983123;0000000000000;00005812;
20170628;OC1;*;V19 ;0000000000000;0000000000000;00000000;00000000;00000000;00000000;00000000;0000008162572;0000008142642;0000000000000;00019930;
20170628;OC1;*;V20 ;0000000000000;0000000000000;00000000;00000000;00000000;00000000;00000000;0000007329096;0000007294339;0000000000000;00034757;
20170628;OC1;*;V21 ;0000000000000;0000000000000;00000000;00000000;00000000;00000000;00000000;0000006568281;0000006535452;0000000000000;00032829;
20170628;OC1;*;X17 ;0000000000000;0000000000000;00000000;00000000;00000000;00000000;00000000;0000009695104;0000009694689;0000000000000;00000415;
20170628;OC1;*;Z17 ;0000000000000;0000000000000;00000000;00000000;00000000;00000000;00000000;0000009633163;0000009633143;0000000000000;00000020;
20170628;OZ1;*;0000;0000000625249;0000000189297;00000000;00131500;00131500;00132000;00131500;0000000131763;0000000132170;0000000000000;00001100;
20170628;OZ1;*;N17 ;0000000000000;0000000000000;00000000;00000000;00000000;00000000;00000000;0000000131601;0000000132753;0000000000000;00001152;
20170628;OZ1;*;Q17 ;0000000000000;0000000000000;00000000;00000000;00000000;00000000;00000000;0000000132654;0000000133815;0000000000000;00001161;
20170628;OZ2;*;0000;0000000085408;0000000025858;00000000;00132000;00130500;00132000;00130500;0000000131529;0000000132141;0000000000000;00001500;
20170628;OZ3;*;0000;0000000004728;0000000001431;00000000;00132000;00130500;00132000;00130500;0000000131351;0000000131767;0000000000000;00001500;
20170628;SCS;*;F802;0000000000000;0000000000000;00149220;00000000;00000000;00000000;00000000;0000000000000;0000000000000;0000000000000;00000000;
20170628;SCS;*;N703;0000000000000;0000000000000;00138770;00000000;00000000;00000000;00000000;0000000000000;0000000000000;0000000000000;00000000;
20170628;SCS;*;Q701;0000000000000;0000000000000;00123620;00000000;00000000;00000000;00000000;0000000000000;0000000000000;0000000000000;00000000;
20170628;SCS;*;V702;0000000000000;0000000000000;00143645;00000000;00000000;00000000;00000000;0000000000000;0000000000000;0000000000000;00000000;
20170628;SFI;*;K18 ;0000000000000;0000000000000;00000000;00000000;00000000;00000000;00000000;0000000002006;0000000001997;0000000000000;00000009;
20170628;SFI;*;N17 ;0000000000000;0000000000000;00000000;00000000;00000000;00000000;00000000;0000000002066;0000000002021;0000000000000;00000045;
20170628;SFI;*;X17 ;0000000000000;0000000000000;00000000;00000000;00000000;00000000;00000000;0000000001965;0000000001956;0000000000000;00000009;
20170628;SJC;*;F18 ;0000000000000;0000000000000;00000000;00000000;00000000;00000000;00000000;0000000204916;0000000203979;0000000000000;00000937;
20170628;SJC;*;H18 ;0000000000000;0000000000000;00000000;00000000;00000000;00000000;00000000;0000000206349;0000000205467;0000000000000;00000882;
20170628;SJC;*;K18 ;0000000000000;0000000000000;00000250;00000000;00000000;00000000;00000000;0000000207672;0000000206790;0000000013055;00000882;
20170628;SJC;*;N17 ;0000009957596;0000003027177;00001016;00002012;00002011;00002020;00002011;0000000201499;0000000200893;0000000008970;00000606;
20170628;SJC;*;N18 ;0000000000000;0000000000000;00000000;00000000;00000000;00000000;00000000;0000000208884;0000000208058;0000000000000;00000826;
20170628;SJC;*;Q17 ;0000008801757;0000002675794;00000523;00002029;00002027;00002032;00002027;0000000202601;0000000201940;0000000009784;00000661;
20170628;SJC;*;U17 ;0000000000000;0000000000000;00000041;00000000;00000000;00000000;00000000;0000000202987;0000000202216;0000000011412;00000771;
20170628;SJC;*;X17 ;0000002463014;0000000748773;00003070;00002037;00002029;00002037;00002029;0000000203208;0000000202271;0000000013869;00000937;
20170628;TRY;*;N17 ;0000000000000;0000000000000;00000125;00000000;00000000;00000000;00000000;0000009360720;0000009442270;0000000061162;00081550;
20170628;TRY;*;Q17 ;0000035062500;0000010615350;00000059;00935000;00935000;00935000;00935000;0000009333900;0000009418960;0000000063795;00085060;
20170628;TRY;*;U17 ;0000000000000;0000000000000;00000024;00000000;00000000;00000000;00000000;0000009311660;0000009393650;0000000061492;00081990;
20170628;T10;*;U17 ;0000010837047;0000003280971;00001761;00126094;00126032;00126359;00126141;0000001262031;0000001262812;0000000025796;00000781;
20170628;T10;*;Z17 ;0000000000000;0000000000000;00000000;00000000;00000000;00000000;00000000;0000001258906;0000001259531;0000000000000;00000625;
20170628;WDO;*;F18 ;0000000000000;0000000000000;00000000;00000000;00000000;00000000;00000000;0000033964370;0000034356370;0000000000000;00392000;
20170628;WDO;*;F19 ;0000000000000;0000000000000;00000000;00000000;00000000;00000000;00000000;0000036014750;0000036439800;0000000000000;00425050;
20170628;WDO;*;F20 ;0000000000000;0000000000000;00000000;00000000;00000000;00000000;00000000;0000038573880;0000039073350;0000000000000;00499470;
20170628;WDO;*;F21 ;0000000000000;0000000000000;00000000;00000000;00000000;00000000;00000000;0000041344340;0000041939550;0000000000000;00595210;
20170628;WDO;*;F25 ;0000000000000;0000000000000;00000000;00000000;00000000;00000000;00000000;0000052342450;0000053410210;0000000000000;01067760;
20170628;WDO;*;G18 ;0000000000000;0000000000000;00000000;00000000;00000000;00000000;00000000;0000034150100;0000034544260;0000000000000;00394160;
20170628;WDO;*;H18 ;0000000000000;0000000000000;00000000;00000000;00000000;00000000;00000000;0000034285220;0000034679610;0000000000000;00394390;
20170628;WDO;*;J18 ;0000000000000;0000000000000;00000000;00000000;00000000;00000000;00000000;0000034440400;0000034831120;0000000000000;00390720;
20170628;WDO;*;J19 ;0000000000000;0000000000000;00000000;00000000;00000000;00000000;00000000;0000036597440;0000037038610;0000000000000;00441170;
20170628;WDO;*;J20 ;0000000000000;0000000000000;00000000;00000000;00000000;00000000;00000000;0000039250420;0000039812390;0000000000000;00561970;
20170628;WDO;*;J22 ;0000000000000;0000000000000;00000000;00000000;00000000;00000000;00000000;0000044872440;0000045657610;0000000000000;00785170;
20170628;WDO;*;K18 ;0000000000000;0000000000000;00000000;00000000;00000000;00000000;00000000;0000034615990;0000035008190;0000000000000;00392200;
20170628;WDO;*;M18 ;0000000000000;0000000000000;00000000;00000000;00000000;00000000;00000000;0000034780100;0000035177420;0000000000000;00397320;
20170628;WDO;*;N17 ;0023473461785;0007106709593;00046143;03316000;03281000;03317000;03283000;0000032906700;0000033293430;0000000038673;00386730;
20170628;WDO;*;N18 ;0000000000000;0000000000000;00000000;00000000;00000000;00000000;00000000;0000034955090;0000035356100;0000000000000;00401010;
20170628;WDO;*;N19 ;0000000000000;0000000000000;00000000;00000000;00000000;00000000;00000000;0000037209880;0000037672370;0000000000000;00462490;
20170628;WDO;*;N21 ;0000000000000;0000000000000;00000000;00000000;00000000;00000000;00000000;0000042764440;0000043414520;0000000000000;00650080;
20170628;WDO;*;N22 ;0000000000000;0000000000000;00000000;00000000;00000000;00000000;00000000;0000045447720;0000046265360;0000000000000;00817640;
20170628;WDO;*;Q17 ;0000066901340;0000020254720;00001154;03332000;03301000;03336500;03302000;0000033107390;0000033493820;0000000038643;00386430;
20170628;WDO;*;U17 ;0000000000000;0000000000000;00000079;00000000;00000000;00000000;00000000;0000033329190;0000033713780;0000000038459;00384590;
20170628;WDO;*;V17 ;0000000000000;0000000000000;00000000;00000000;00000000;00000000;00000000;0000033490600;0000033878480;0000000000000;00387880;
20170628;WDO;*;V18 ;0000000000000;0000000000000;00000000;00000000;00000000;00000000;00000000;0000035505250;0000035912140;0000000000000;00406890;
20170628;WDO;*;V19 ;0000000000000;0000000000000;00000000;00000000;00000000;00000000;00000000;0000037909100;0000038398610;0000000000000;00489510;
20170628;WDO;*;X17 ;0000000000000;0000000000000;00000024;00000000;00000000;00000000;00000000;0000033664820;0000034052130;0000000038731;00387310;
20170628;WDO;*;Z17 ;0000000000000;0000000000000;00000012;00000000;00000000;00000000;00000000;0000033823860;0000034210200;0000000038634;00386340;
20170628;WD1;*;N7Q7;0000000000000;0000000000000;00000000;00020100;00020000;00021000;00020000;0000000000000;0000000000000;0000000000000;00000000;
20170628;WEU;*;N17 ;0000000000000;0000000000000;00000018;00000000;00000000;00000000;00000000;0000037456280;0000037784960;0000000032868;00328680;
20170628;WEU;*;Q17 ;0000000000000;0000000000000;00000000;00000000;00000000;00000000;00000000;0000037734230;0000038062420;0000000000000;00328190;
20170628;WEU;*;U17 ;0000000000000;0000000000000;00000000;00000000;00000000;00000000;00000000;0000038041970;0000038367760;0000000000000;00325790;
20170628;WEU;*;V17 ;0000000000000;0000000000000;00000000;00000000;00000000;00000000;00000000;0000038284090;0000038613230;0000000000000;00329140;
20170628;WIN;*;G18 ;0000000000000;0000000000000;00000000;00000000;00000000;00000000;00000000;0000000065014;0000000064653;0000000000000;00000361;
20170628;WIN;*;G19 ;0000000000000;0000000000000;00000000;00000000;00000000;00000000;00000000;0000000070257;0000000069923;0000000000000;00000334;
20170628;WIN;*;J18 ;0000000000000;0000000000000;00000000;00000000;00000000;00000000;00000000;0000000065848;0000000065487;0000000000000;00000361;
20170628;WIN;*;M18 ;0000000000000;0000000000000;00000000;00000000;00000000;00000000;00000000;0000000066601;0000000066241;0000000000000;00000360;
20170628;WIN;*;Q17 ;0012055181281;0003649767266;00039341;00062500;00062125;00062835;00062775;0000000062743;0000000062387;0000000007120;00000356;
20170628;WIN;*;Q18 ;0000000000000;0000000000000;00000000;00000000;00000000;00000000;00000000;0000000067521;0000000067171;0000000000000;00000350;
20170628;WIN;*;V17 ;0000000000000;0000000000000;00000002;00000000;00000000;00000000;00000000;0000000063572;0000000063232;0000000006800;00000340;
20170628;WIN;*;V18 ;0000000000000;0000000000000;00000000;00000000;00000000;00000000;00000000;0000000068427;0000000068084;0000000000000;00000343;
20170628;WIN;*;Z17 ;0000000000000;0000000000000;00000000;00000000;00000000;00000000;00000000;0000000064329;0000000063946;0000000000000;00000383;
20170628;WIN;*;Z18 ;0000000000000;0000000000000;00000000;00000000;00000000;00000000;00000000;0000000069254;0000000068913;0000000000000;00000341;
20170628;WTI;*;Q17 ;0000001450204;0000000440872;00000457;00004383;00004383;00004485;00004485;0000000004474;0000000004424;0000000016447;00000050;
20170628;WTI;*;U17 ;0000000191466;0000000058207;00000169;00004441;00004441;00004500;00004500;0000000004499;0000000004449;0000000016447;00000050;
20170628;ZAR;*;N17 ;0000000000000;0000000000000;00000252;00000000;00000000;00000000;00000000;0000025410170;0000025579260;0000000059181;00169090;
20170628;ZAR;*;Q17 ;0000034752900;0000010521617;00000102;02546000;02546000;02546000;02546000;0000025441340;0000025602010;0000000056234;00160670;
20170628;ZAR;*;U17 ;0000000000000;0000000000000;00000011;00000000;00000000;00000000;00000000;0000025468390;0000025635940;0000000058642;00167550;
