Data;Código do Contrato;Pregão;Vencimento;Volume(R$);Volume(U$);Número de contas em Aberto;Preço de Abertura;Preço Mínimo;Preço Máximo;Último Preço;Preço de Ajuste Atual; Preço de Ajuste Anterior;Valor de Ajuste por Contrato;Variação
20170329;AUD;*;J17 ;0000112032456;0000035874494;00001807;02392000;02390000;02394000;02394000;0000023963040;0000023979330;0000000009774;00016290;
20170329;AUD;*;K17 ;0000114004512;0000036505976;00000000;02402300;02401000;02407000;02405300;0000024084780;0000024106950;0000000013302;00022170;
20170329;AUD;*;M17 ;0000001454400;0000000465721;00000650;02426900;02421100;02426900;02421100;0000024254490;0000024274250;0000000011856;00019760;
20170329;BGI;*;F18 ;0000000000000;0000000000000;00000000;00000000;00000000;00000000;00000000;0000000014043;0000000014357;0000000000000;00000314;
20170329;BGI;*;H17 ;0000008965935;0000002874711;00001326;00014100;00013981;00014100;00013995;0000000013950;0000000014100;0000000049500;00000150;
20170329;BGI;*;J17 ;0000000046530;0000000014919;00000233;00014100;00014100;00014100;00014100;0000000013782;0000000014150;0000000121440;00000368;
20170329;BGI;*;K17 ;0000204650879;0000065616364;00005522;00013890;00013513;00013905;00013527;0000000013528;0000000013889;0000000119130;00000361;
20170329;BGI;*;M17 ;0000000000000;0000000000000;00000004;00000000;00000000;00000000;00000000;0000000013645;0000000013996;0000000115830;00000351;
20170329;BGI;*;N17 ;0000000508477;0000000163031;00000002;00014094;00013999;00014094;00013999;0000000013751;0000000014094;0000000113190;00000343;
20170329;BGI;*;Q17 ;0000000000000;0000000000000;00000000;00000000;00000000;00000000;00000000;0000000013861;0000000014194;0000000000000;00000333;
20170329;BGI;*;U17 ;0000000000000;0000000000000;00000000;00000000;00000000;00000000;00000000;0000000013959;0000000014283;0000000000000;00000324;
20170329;BGI;*;V17 ;0000033854313;0000010854568;00001585;00014400;00014020;00014400;00014049;0000000014061;0000000014375;0000000103620;00000314;
20170329;BGI;*;X17 ;0000000093720;0000000030049;00000012;00014300;00014100;00014300;00014100;0000000014056;0000000014370;0000000103620;00000314;
20170329;BGI;*;Z17 ;0000000000000;0000000000000;00000038;00000000;00000000;00000000;00000000;0000000014073;0000000014387;0000000103620;00000314;
20170329;BRI;*;J17 ;0000027399770;0000008773822;00000461;00010961;00010958;00010961;00010958;0000000010958;0000000010808;0000000150000;00000150;
20170329;BRI;*;M17 ;0000026621410;0000008524580;00000238;00011123;00011123;00011139;00011139;0000000011139;0000000010986;0000000153000;00000153;
20170329;BRI;*;Q17 ;0000000000000;0000000000000;00000000;00000000;00000000;00000000;00000000;0000000011311;0000000011156;0000000000000;00000155;
20170329;BSE;*;H17 ;0000000000000;0000000000000;00000000;00000000;00000000;00000000;00000000;0000000029538;0000000029424;0000000000000;00000114;
20170329;BSE;*;J17 ;0000000000000;0000000000000;00000000;00000000;00000000;00000000;00000000;0000000029743;0000000029628;0000000000000;00000115;
20170329;CAD;*;J17 ;0000128741760;0000041225066;00001741;02338000;02338000;02340000;02340000;0000023430870;0000023476940;0000000027642;00046070;
20170329;CAD;*;K17 ;0000139353324;0000044623050;00000000;02351500;02350800;02359000;02355100;0000023574280;0000023622220;0000000028764;00047940;
20170329;CAD;*;M17 ;0000000712110;0000000228028;00000410;02373700;02373700;02373700;02373700;0000023765530;0000023813310;0000000028668;00047780;
20170329;CCM;*;F18 ;0000000065025;0000000020849;00000131;00002890;00002890;00002890;00002890;0000000002939;0000000002917;0000000009900;00000022;
20170329;CCM;*;F19 ;0000000000000;0000000000000;00000000;00000000;00000000;00000000;00000000;0000000002633;0000000002551;0000000000000;00000082;
20170329;CCM;*;H18 ;0000000000000;0000000000000;00000090;00000000;00000000;00000000;00000000;0000000002939;0000000002917;0000000009900;00000022;
20170329;CCM;*;H19 ;0000000000000;0000000000000;00000000;00000000;00000000;00000000;00000000;0000000002521;0000000002442;0000000000000;00000079;
20170329;CCM;*;K17 ;0000020020977;0000006419243;00007977;00002811;00002806;00002855;00002843;0000000002843;0000000002811;0000000014400;00000032;
20170329;CCM;*;K18 ;0000000000000;0000000000000;00000000;00000000;00000000;00000000;00000000;0000000002677;0000000002657;0000000000000;00000020;
20170329;CCM;*;K19 ;0000000000000;0000000000000;00000000;00000000;00000000;00000000;00000000;0000000002414;0000000002337;0000000000000;00000077;
20170329;CCM;*;N17 ;0000000000000;0000000000000;00000000;00000000;00000000;00000000;00000000;0000000002815;0000000002789;0000000000000;00000026;
20170329;CCM;*;N18 ;0000000000000;0000000000000;00000000;00000000;00000000;00000000;00000000;0000000002588;0000000002538;0000000000000;00000050;
20170329;CCM;*;U17 ;0000015165828;0000004862557;00014718;00002764;00002758;00002790;00002784;0000000002784;0000000002764;0000000009000;00000020;
20170329;CCM;*;U18 ;0000000000000;0000000000000;00000000;00000000;00000000;00000000;00000000;0000000002500;0000000002422;0000000000000;00000078;
20170329;CCM;*;X17 ;0000001161463;0000000372395;00000516;00002823;00002823;00002845;00002843;0000000002836;0000000002815;0000000009450;00000021;
20170329;CCM;*;X18 ;0000000000000;0000000000000;00000000;00000000;00000000;00000000;00000000;0000000002565;0000000002485;0000000000000;00000080;
20170329;CHF;*;J17 ;0000000627400;0000000200903;00000184;03137000;03137000;03137000;03137000;0000031346260;0000031665250;0000000159495;00318990;
20170329;CHF;*;K17 ;0000000631580;0000000202242;00000000;03157900;03157900;03157900;03157900;0000031565900;0000031904500;0000000169300;00338600;
20170329;CHF;*;M17 ;0000000000000;0000000000000;00000210;00000000;00000000;00000000;00000000;0000031877050;0000032209440;0000000166195;00332390;
20170329;CLP;*;J17 ;0000007875850;0000002521967;00000067;04702000;04702000;04702000;04702000;0000047089000;0000047143000;0000000013500;00054000;
20170329;CLP;*;K17 ;0000007900975;0000002530012;00000000;04717000;04717000;04717000;04717000;0000047365000;0000047359000;0000000001500;00006000;
20170329;CLP;*;M17 ;0000000000000;0000000000000;00000775;00000000;00000000;00000000;00000000;0000047647000;0000047647000;0000000000000;00000000;
20170329;CNY;*;J17 ;0000014259735;0000004566184;00000175;04526900;04526900;04526900;04526900;0000045323520;0000045621710;0000000104366;00298190;
20170329;CNY;*;K17 ;0000000790090;0000000252999;00000000;04514800;04514800;04514800;04514800;0000045473990;0000045722690;0000000087045;00248700;
20170329;CNY;*;M17 ;0000000000000;0000000000000;00000000;00000000;00000000;00000000;00000000;0000045691290;0000045974390;0000000000000;00283100;
20170329;CR1;*;U7Z7;0000000000000;0000000000000;00000000;00000000;00000000;00000000;00000000;0000000000000;0000000000000;0000000000000;00000000;
20170329;DAP;*;F18 ;0000000000000;0000000000000;00000000;00000000;00000000;00000000;00000000;0000009529194;0000009536546;0000000000000;00007352;
20170329;DAP;*;J17 ;0000000000000;0000000000000;00000085;00000000;00000000;00000000;00000000;0000009950001;0000009950864;0000000001038;00000863;
20170329;DAP;*;K17 ;0000025031218;0000008015376;00038445;00000860;00000860;00000860;00000860;0000009903568;0000009906272;0000000003254;00002704;
20170329;DAP;*;K19 ;0000072893949;0000023341749;00044320;00000493;00000492;00000494;00000494;0000009035606;0000009035192;0000000000498;00000414;
20170329;DAP;*;K21 ;0000000000000;0000000000000;00011696;00000000;00000000;00000000;00000000;0000008150622;0000008145465;0000000006207;00005157;
20170329;DAP;*;K23 ;0000003088943;0000000989126;00011735;00000523;00000521;00000523;00000521;0000007330640;0000007327451;0000000003838;00003189;
20170329;DAP;*;M17 ;0000000000000;0000000000000;00000000;00000000;00000000;00000000;00000000;0000009827792;0000009833022;0000000000000;00005230;
20170329;DAP;*;Q18 ;0000139409503;0000044641040;00043445;00000511;00000510;00000513;00000513;0000009338028;0000009344289;0000000007536;00006261;
20170329;DAP;*;Q20 ;0000000000000;0000000000000;00003010;00000000;00000000;00000000;00000000;0000008480432;0000008473562;0000000008269;00006870;
20170329;DAP;*;Q22 ;0000000000000;0000000000000;00028830;00000000;00000000;00000000;00000000;0000007619473;0000007612819;0000000008009;00006654;
20170329;DAP;*;Q24 ;0000000000000;0000000000000;00005853;00000000;00000000;00000000;00000000;0000006891109;0000006882488;0000000010377;00008621;
20170329;DAP;*;Q26 ;0000000000000;0000000000000;00001345;00000000;00000000;00000000;00000000;0000006186848;0000006182235;0000000005552;00004613;
20170329;DAP;*;Q30 ;0000000000000;0000000000000;00000235;00000000;00000000;00000000;00000000;0000005115865;0000005103666;0000000014684;00012199;
20170329;DCO;*;F18 ;0000000000000;0000000000000;00000000;00000000;00000000;00000000;00000000;0000009803970;0000009856899;0000000000000;00052929;
20170329;DCO;*;F19 ;0000000000000;0000000000000;00000000;00000000;00000000;00000000;00000000;0000009545770;0000009582627;0000000000000;00036857;
20170329;DCO;*;F20 ;0000000000000;0000000000000;00000000;00000000;00000000;00000000;00000000;0000009198224;0000009233131;0000000000000;00034907;
20170329;DCO;*;F21 ;0000000000000;0000000000000;00000000;00000000;00000000;00000000;00000000;0000008807430;0000008827202;0000000000000;00019772;
20170329;DCO;*;F22 ;0000000000000;0000000000000;00000000;00000000;00000000;00000000;00000000;0000008413200;0000008434526;0000000000000;00021326;
20170329;DCO;*;F23 ;0000000000000;0000000000000;00000000;00000000;00000000;00000000;00000000;0000008005818;0000008026748;0000000000000;00020930;
20170329;DCO;*;F24 ;0000000000000;0000000000000;00000000;00000000;00000000;00000000;00000000;0000007608967;0000007616173;0000000000000;00007206;
20170329;DCO;*;F25 ;0000000000000;0000000000000;00000000;00000000;00000000;00000000;00000000;0000007202668;0000007210787;0000000000000;00008119;
20170329;DCO;*;F26 ;0000000000000;0000000000000;00000000;00000000;00000000;00000000;00000000;0000006801013;0000006809688;0000000000000;00008675;
20170329;DCO;*;F27 ;0000000000000;0000000000000;00000000;00000000;00000000;00000000;00000000;0000006410348;0000006419308;0000000000000;00008960;
20170329;DCO;*;F28 ;0000000000000;0000000000000;00000000;00000000;00000000;00000000;00000000;0000006057066;0000006062150;0000000000000;00005084;
20170329;DCO;*;F29 ;0000000000000;0000000000000;00000000;00000000;00000000;00000000;00000000;0000005719534;0000005720788;0000000000000;00001254;
20170329;DCO;*;F30 ;0000000000000;0000000000000;00000000;00000000;00000000;00000000;00000000;0000005406808;0000005408189;0000000000000;00001381;
20170329;DCO;*;G18 ;0000000000000;0000000000000;00000000;00000000;00000000;00000000;00000000;0000009785813;0000009838723;0000000000000;00052910;
20170329;DCO;*;H18 ;0000000000000;0000000000000;00000000;00000000;00000000;00000000;00000000;0000009768643;0000009821698;0000000000000;00053055;
20170329;DCO;*;J17 ;0000000000000;0000000000000;00000000;00000000;00000000;00000000;00000000;0000009965150;0000010019102;0000000000000;00053952;
20170329;DCO;*;J18 ;0000000000000;0000000000000;00000000;00000000;00000000;00000000;00000000;0000009747230;0000009801156;0000000000000;00053926;
20170329;DCO;*;J19 ;0000000000000;0000000000000;00000000;00000000;00000000;00000000;00000000;0000009467934;0000009503193;0000000000000;00035259;
20170329;DCO;*;J20 ;0000000000000;0000000000000;00000000;00000000;00000000;00000000;00000000;0000009104985;0000009135371;0000000000000;00030386;
20170329;DCO;*;J21 ;0000000000000;0000000000000;00000000;00000000;00000000;00000000;00000000;0000008707515;0000008728556;0000000000000;00021041;
20170329;DCO;*;K17 ;0000000000000;0000000000000;00000000;00000000;00000000;00000000;00000000;0000009943746;0000009998764;0000000000000;00055018;
20170329;DCO;*;K18 ;0000000000000;0000000000000;00000000;00000000;00000000;00000000;00000000;0000009726191;0000000000000;0000000000000;00000000;
20170329;DCO;*;M17 ;0000000000000;0000000000000;00000000;00000000;00000000;00000000;00000000;0000009927463;0000009982320;0000000000000;00054857;
20170329;DCO;*;N17 ;0000000000000;0000000000000;00000000;00000000;00000000;00000000;00000000;0000009914340;0000009968578;0000000000000;00054238;
20170329;DCO;*;N18 ;0000000000000;0000000000000;00000000;00000000;00000000;00000000;00000000;0000009684448;0000009733998;0000000000000;00049550;
20170329;DCO;*;N19 ;0000000000000;0000000000000;00000000;00000000;00000000;00000000;00000000;0000009379553;0000009415572;0000000000000;00036019;
20170329;DCO;*;N20 ;0000000000000;0000000000000;00000000;00000000;00000000;00000000;00000000;0000009005719;0000009033212;0000000000000;00027493;
20170329;DCO;*;N21 ;0000000000000;0000000000000;00000000;00000000;00000000;00000000;00000000;0000008615614;0000008634763;0000000000000;00019149;
20170329;DCO;*;Q17 ;0000000000000;0000000000000;00000000;00000000;00000000;00000000;00000000;0000009894527;0000009949482;0000000000000;00054955;
20170329;DCO;*;U17 ;0000000000000;0000000000000;00000000;00000000;00000000;00000000;00000000;0000009880967;0000009934936;0000000000000;00053969;
20170329;DCO;*;V17 ;0000000000000;0000000000000;00000000;00000000;00000000;00000000;00000000;0000009862195;0000009915483;0000000000000;00053288;
20170329;DCO;*;V18 ;0000000000000;0000000000000;00000000;00000000;00000000;00000000;00000000;0000009618701;0000009672154;0000000000000;00053453;
20170329;DCO;*;V19 ;0000000000000;0000000000000;00000000;00000000;00000000;00000000;00000000;0000009290802;0000009324486;0000000000000;00033684;
20170329;DCO;*;V20 ;0000000000000;0000000000000;00000000;00000000;00000000;00000000;00000000;0000008897378;0000008932613;0000000000000;00035235;
20170329;DCO;*;V21 ;0000000000000;0000000000000;00000000;00000000;00000000;00000000;00000000;0000008522298;0000008542602;0000000000000;00020304;
20170329;DCO;*;X17 ;0000000000000;0000000000000;00000000;00000000;00000000;00000000;00000000;0000009844528;0000009897826;0000000000000;00053298;
20170329;DCO;*;Z17 ;0000000000000;0000000000000;00000000;00000000;00000000;00000000;00000000;0000009825400;0000009879277;0000000000000;00053877;
20170329;DDI;*;F18 ;0000245123792;0000078492360;00271985;00000279;00000279;00000279;00000279;0000009804715;0000009857648;0000000082848;00052933;
20170329;DDI;*;F19 ;0000000000000;0000000000000;00117637;00000000;00000000;00000000;00000000;0000009547400;0000009584267;0000000057702;00036867;
20170329;DDI;*;F20 ;0000000000000;0000000000000;00097775;00000000;00000000;00000000;00000000;0000009202969;0000009237915;0000000054695;00034946;
20170329;DDI;*;F21 ;0000000000000;0000000000000;00104861;00000000;00000000;00000000;00000000;0000008813368;0000008833172;0000000030996;00019804;
20170329;DDI;*;F22 ;0000000000000;0000000000000;00039054;00000000;00000000;00000000;00000000;0000008420052;0000008441418;0000000033440;00021366;
20170329;DDI;*;F23 ;0000000000000;0000000000000;00030776;00000000;00000000;00000000;00000000;0000008013320;0000008034296;0000000032830;00020976;
20170329;DDI;*;F24 ;0000000000000;0000000000000;00028045;00000000;00000000;00000000;00000000;0000007616920;0000007624147;0000000011311;00007227;
20170329;DDI;*;F25 ;0000000000000;0000000000000;00018325;00000000;00000000;00000000;00000000;0000007210851;0000007218994;0000000012745;00008143;
20170329;DDI;*;F26 ;0000000000000;0000000000000;00014530;00000000;00000000;00000000;00000000;0000006809249;0000006817952;0000000013621;00008703;
20170329;DDI;*;F27 ;0000000000000;0000000000000;00010950;00000000;00000000;00000000;00000000;0000006418504;0000006427493;0000000014069;00008989;
20170329;DDI;*;F28 ;0000000000000;0000000000000;00000110;00000000;00000000;00000000;00000000;0000006065091;0000006070195;0000000007988;00005104;
20170329;DDI;*;F29 ;0000000000000;0000000000000;00000000;00000000;00000000;00000000;00000000;0000005731272;0000005732542;0000000000000;00001270;
20170329;DDI;*;F30 ;0000000000000;0000000000000;00000500;00000000;00000000;00000000;00000000;0000005418189;0000005419586;0000000002186;00001397;
20170329;DDI;*;G18 ;0000000000000;0000000000000;00023760;00000000;00000000;00000000;00000000;0000009786635;0000009839551;0000000082821;00052916;
20170329;DDI;*;H18 ;0000000000000;0000000000000;00005470;00000000;00000000;00000000;00000000;0000009769537;0000009822598;0000000083048;00053061;
20170329;DDI;*;J17 ;0000121572945;0000038929503;00370923;00003013;00003013;00003013;00003013;0000009965177;0000010019129;0000000084442;00053952;
20170329;DDI;*;J18 ;0000000000000;0000000000000;00073524;00000000;00000000;00000000;00000000;0000009748204;0000009802138;0000000084414;00053934;
20170329;DDI;*;J19 ;0000000000000;0000000000000;00045019;00000000;00000000;00000000;00000000;0000009469759;0000009505029;0000000055202;00035270;
20170329;DDI;*;J20 ;0000000000000;0000000000000;00025375;00000000;00000000;00000000;00000000;0000009110049;0000009140474;0000000047619;00030425;
20170329;DDI;*;J21 ;0000000000000;0000000000000;00005397;00000000;00000000;00000000;00000000;0000008713686;0000008734761;0000000032985;00021075;
20170329;DDI;*;K17 ;0000000000000;0000000000000;00662460;00000000;00000000;00000000;00000000;0000009943839;0000009998854;0000000086106;00055015;
20170329;DDI;*;K18 ;0000000000000;0000000000000;00000000;00000000;00000000;00000000;00000000;0000009727240;0000000000000;0000000000000;00000000;
20170329;DDI;*;M17 ;0000000000000;0000000000000;00188472;00000000;00000000;00000000;00000000;0000009927814;0000009982673;0000000085862;00054859;
20170329;DDI;*;N17 ;0000331901922;0000106280035;00377562;00000339;00000339;00000352;00000352;0000009914864;0000009969107;0000000084898;00054243;
20170329;DDI;*;N18 ;0000000000000;0000000000000;00044449;00000000;00000000;00000000;00000000;0000009685647;0000009735206;0000000077567;00049559;
20170329;DDI;*;N19 ;0000000000000;0000000000000;00056504;00000000;00000000;00000000;00000000;0000009383582;0000009419634;0000000056426;00036052;
20170329;DDI;*;N20 ;0000000000000;0000000000000;00036445;00000000;00000000;00000000;00000000;0000009011084;0000009038614;0000000043088;00027530;
20170329;DDI;*;N21 ;0000000000000;0000000000000;00004457;00000000;00000000;00000000;00000000;0000008622032;0000008641214;0000000030022;00019182;
20170329;DDI;*;Q17 ;0000000000000;0000000000000;00111094;00000000;00000000;00000000;00000000;0000009895207;0000009950169;0000000086023;00054962;
20170329;DDI;*;U17 ;0000000000000;0000000000000;00063870;00000000;00000000;00000000;00000000;0000009881814;0000009935791;0000000084482;00053977;
20170329;DDI;*;V17 ;0000180451112;0000057783186;00136487;00000285;00000285;00000285;00000285;0000009863206;0000009916504;0000000083419;00053298;
20170329;DDI;*;V18 ;0000000000000;0000000000000;00051858;00000000;00000000;00000000;00000000;0000009620118;0000009673582;0000000083679;00053464;
20170329;DDI;*;V19 ;0000000000000;0000000000000;00032414;00000000;00000000;00000000;00000000;0000009295197;0000009328916;0000000052775;00033719;
20170329;DDI;*;V20 ;0000000000000;0000000000000;00023840;00000000;00000000;00000000;00000000;0000008903019;0000008938303;0000000055224;00035284;
20170329;DDI;*;V21 ;0000000000000;0000000000000;00002072;00000000;00000000;00000000;00000000;0000008528948;0000008549290;0000000031838;00020342;
20170329;DDI;*;X17 ;0000000000000;0000000000000;00038079;00000000;00000000;00000000;00000000;0000009845696;0000009899007;0000000083439;00053311;
20170329;DDI;*;Z17 ;0000000000000;0000000000000;00036670;00000000;00000000;00000000;00000000;0000009826062;0000009879943;0000000084331;00053881;
20170329;DDM;*;K17 ;0000000000000;0000000000000;00000000;00000000;00000000;00000000;00000000;0000009913783;0000009914633;0000000000000;00000850;
20170329;DDM;*;K19 ;0000000000000;0000000000000;00000000;00000000;00000000;00000000;00000000;0000008931116;0000008931243;0000000000000;00000127;
20170329;DDM;*;K21 ;0000000000000;0000000000000;00000000;00000000;00000000;00000000;00000000;0000008047873;0000008049604;0000000000000;00001731;
20170329;DDM;*;K25 ;0000000000000;0000000000000;00000000;00000000;00000000;00000000;00000000;0000006542822;0000006539250;0000000000000;00003572;
20170329;DDM;*;Q18 ;0000000000000;0000000000000;00000000;00000000;00000000;00000000;00000000;0000009246516;0000009247142;0000000000000;00000626;
20170329;DDM;*;Q20 ;0000000000000;0000000000000;00000000;00000000;00000000;00000000;00000000;0000008366416;0000008368210;0000000000000;00001794;
20170329;DI1;*;F18 ;0024966940126;0007994793341;02710180;00009825;00009795;00009850;00009810;0000009321249;0000009320417;0000000000832;00000832;
20170329;DI1;*;F19 ;0026702440895;0008550527041;01784983;00009460;00009410;00009480;00009410;0000008547161;0000008543898;0000000003263;00003263;
20170329;DI1;*;F20 ;0004727679239;0001513874680;01252019;00009680;00009630;00009710;00009640;0000007764885;0000007757789;0000000007096;00007096;
20170329;DI1;*;F21 ;0007930469065;0002539456616;01490357;00009890;00009850;00009930;00009860;0000007028778;0000007022158;0000000006620;00006620;
20170329;DI1;*;F22 ;0000083540007;0000026750779;00086156;00010040;00010020;00010090;00010050;0000006356571;0000006347466;0000000009105;00009105;
20170329;DI1;*;F23 ;0002499025494;0000800225910;00670448;00010150;00010110;00010200;00010130;0000005750528;0000005738968;0000000011560;00011560;
20170329;DI1;*;F24 ;0000054127243;0000017332365;00047305;00010180;00010150;00010250;00010180;0000005214838;0000005194553;0000000020285;00020285;
20170329;DI1;*;F25 ;0001777656555;0000569232622;00549145;00010240;00010190;00010290;00010220;0000004713249;0000004700361;0000000012888;00012888;
20170329;DI1;*;F26 ;0000007676312;0000002458072;00061623;00010250;00010200;00010290;00010240;0000004267800;0000004252894;0000000014906;00014906;
20170329;DI1;*;F27 ;0000754347959;0000241553671;00332379;00010310;00010280;00010380;00010320;0000003853918;0000003840596;0000000013322;00013322;
20170329;DI1;*;F28 ;0000000000000;0000000000000;00000010;00000000;00000000;00000000;00000000;0000003487587;0000003474276;0000000013311;00013311;
20170329;DI1;*;F29 ;0000000000000;0000000000000;00003310;00000000;00000000;00000000;00000000;0000003156898;0000003143724;0000000013174;00013174;
20170329;DI1;*;F30 ;0000000000000;0000000000000;00000170;00000000;00000000;00000000;00000000;0000002855550;0000002842611;0000000012939;00012939;
20170329;DI1;*;G18 ;0000005550386;0000001777318;00018850;00009750;00009740;00009760;00009740;0000009252562;0000009251444;0000000001118;00001118;
20170329;DI1;*;H18 ;0000001379272;0000000441664;00009200;00009680;00009670;00009680;00009670;0000009195560;0000009194227;0000000001333;00001333;
20170329;DI1;*;J17 ;0002796186802;0000895381473;01914031;00012125;00012125;00012131;00012130;0000009986382;0000009986401;0000000000019;00000019;
20170329;DI1;*;J18 ;0004006388790;0001282906526;00594619;00009590;00009590;00009630;00009590;0000009130728;0000009129065;0000000001663;00001663;
20170329;DI1;*;J19 ;0001867190334;0000597902697;00346911;00009520;00009470;00009520;00009490;0000008355160;0000008349886;0000000005274;00005274;
20170329;DI1;*;J20 ;0000020060402;0000006423645;00074248;00009740;00009730;00009780;00009730;0000007578457;0000007567740;0000000010717;00010717;
20170329;DI1;*;J21 ;0000003429420;0000001098152;00029845;00009940;00009920;00009940;00009920;0000006861575;0000006849683;0000000011892;00011892;
20170329;DI1;*;K17 ;0005975357170;0001913400099;00467926;00011665;00011650;00011665;00011651;0000009908551;0000009908446;0000000000105;00000105;
20170329;DI1;*;K18 ;0000000000000;0000000000000;00000000;00000000;00000000;00000000;00000000;0000009064980;0000000000000;0000000000000;00000000;
20170329;DI1;*;M17 ;0003683557407;0001179531015;00267279;00011390;00011385;00011400;00011400;0000009817699;0000009817574;0000000000125;00000125;
20170329;DI1;*;N17 ;0028625003547;0009166160795;03062051;00010980;00010955;00010985;00010970;0000009738886;0000009738718;0000000000168;00000168;
20170329;DI1;*;N18 ;0006647221437;0002128541240;00712533;00009490;00009460;00009530;00009480;0000008934997;0000008932792;0000000002205;00002205;
20170329;DI1;*;N19 ;0000937297858;0000300137007;00450012;00009530;00009520;00009590;00009520;0000008162721;0000008155161;0000000007560;00007560;
20170329;DI1;*;N20 ;0000767138091;0000245649265;01019485;00009800;00009770;00009850;00009790;0000007395078;0000007384802;0000000010276;00010276;
20170329;DI1;*;N21 ;0000007024133;0000002249234;00055910;00009970;00009970;00009970;00009970;0000006689651;0000006681160;0000000008491;00008491;
20170329;DI1;*;N22 ;0000000000000;0000000000000;00004150;00000000;00000000;00000000;00000000;0000006049135;0000006038945;0000000010190;00010190;
20170329;DI1;*;N23 ;0000002730341;0000000874297;00003135;00010200;00010190;00010230;00010230;0000005477368;0000005461672;0000000015696;00015696;
20170329;DI1;*;N24 ;0000000000000;0000000000000;00001550;00000000;00000000;00000000;00000000;0000004963679;0000004946822;0000000016857;00016857;
20170329;DI1;*;Q17 ;0001958805044;0000627239119;00127963;00010820;00010750;00010820;00010785;0000009661461;0000009660893;0000000000568;00000568;
20170329;DI1;*;U17 ;0000000958139;0000000306811;00055433;00010505;00010480;00010505;00010480;0000009582121;0000009581674;0000000000447;00000447;
20170329;DI1;*;V17 ;0001895028893;0000606817027;00745362;00010240;00010240;00010285;00010245;0000009515779;0000009515529;0000000000250;00000250;
20170329;DI1;*;V18 ;0000660519731;0000211508448;00602280;00009440;00009420;00009480;00009430;0000008737583;0000008734833;0000000002750;00002750;
20170329;DI1;*;V19 ;0000323627620;0000103630478;00059668;00009640;00009580;00009640;00009600;0000007958642;0000007951212;0000000007430;00007430;
20170329;DI1;*;V20 ;0000003242456;0000001038284;00046883;00009840;00009840;00009840;00009840;0000007206605;0000007192305;0000000014300;00014300;
20170329;DI1;*;V21 ;0000000325983;0000000104385;00011957;00010000;00010000;00010000;00010000;0000006524994;0000006510856;0000000014138;00014138;
20170329;DI1;*;X17 ;0000047707234;0000015276581;00033992;00010100;00010090;00010100;00010090;0000009447475;0000009446937;0000000000538;00000538;
20170329;DI1;*;Z17 ;0000001407637;0000000450747;00043800;00009960;00009930;00009960;00009930;0000009384421;0000009383774;0000000000647;00000647;
20170329;DOL;*;F18 ;0000000000000;0000000000000;00004070;00000000;00000000;00000000;00000000;0000032926600;0000033107320;0000000090360;00180720;
20170329;DOL;*;F19 ;0000000000000;0000000000000;00000000;00000000;00000000;00000000;00000000;0000034966260;0000035114690;0000000000000;00148430;
20170329;DOL;*;F20 ;0000000000000;0000000000000;00000000;00000000;00000000;00000000;00000000;0000037100430;0000037275370;0000000000000;00174940;
20170329;DOL;*;F21 ;0000000000000;0000000000000;00003100;00000000;00000000;00000000;00000000;0000039250760;0000039376040;0000000062640;00125280;
20170329;DOL;*;F25 ;0000000000000;0000000000000;00000000;00000000;00000000;00000000;00000000;0000047890800;0000048076350;0000000000000;00185550;
20170329;DOL;*;G18 ;0000000000000;0000000000000;00000000;00000000;00000000;00000000;00000000;0000033109860;0000033292910;0000000000000;00183050;
20170329;DOL;*;H18 ;0000000000000;0000000000000;00000000;00000000;00000000;00000000;00000000;0000033256900;0000033442380;0000000000000;00185480;
20170329;DOL;*;J17 ;0043044976375;0013783655056;00472774;03135000;03115000;03140500;03123000;0000031236530;0000031405590;0000000084530;00169060;
20170329;DOL;*;J18 ;0000000000000;0000000000000;00000000;00000000;00000000;00000000;00000000;0000033419900;0000033610920;0000000000000;00191020;
20170329;DOL;*;J19 ;0000000000000;0000000000000;00000050;00000000;00000000;00000000;00000000;0000035478900;0000035633530;0000000077315;00154630;
20170329;DOL;*;K17 ;0000636111125;0000203692441;00192912;03151000;03135000;03158000;03143000;0000031414480;0000031588620;0000000087070;00174140;
20170329;DOL;*;K18 ;0000000000000;0000000000000;00000000;00000000;00000000;00000000;00000000;0000033589900;0000033900000;0000000000000;00310100;
20170329;DOL;*;M17 ;0000031616500;0000010124083;00006710;03169500;03160000;03169500;03163000;0000031654090;0000031829410;0000000087660;00175320;
20170329;DOL;*;N17 ;0000019897000;0000006371322;00032770;03191000;03182000;03191000;03182000;0000031868630;0000032043540;0000000087455;00174910;
20170329;DOL;*;N18 ;0000000000000;0000000000000;00000620;00000000;00000000;00000000;00000000;0000033932840;0000034114880;0000000091020;00182040;
20170329;DOL;*;N19 ;0000000000000;0000000000000;00000400;00000000;00000000;00000000;00000000;0000035984850;0000036156590;0000000085870;00171740;
20170329;DOL;*;N21 ;0000000000000;0000000000000;00000000;00000000;00000000;00000000;00000000;0000040345220;0000040486380;0000000000000;00141160;
20170329;DOL;*;Q17 ;0000000000000;0000000000000;00002905;00000000;00000000;00000000;00000000;0000032060340;0000032240310;0000000089985;00179970;
20170329;DOL;*;U17 ;0000000000000;0000000000000;00000855;00000000;00000000;00000000;00000000;0000032282040;0000032459890;0000000088925;00177850;
20170329;DOL;*;V17 ;0000000000000;0000000000000;00003905;00000000;00000000;00000000;00000000;0000032445890;0000032622080;0000000088095;00176190;
20170329;DOL;*;V18 ;0000000000000;0000000000000;00000005;00000000;00000000;00000000;00000000;0000034464740;0000034667200;0000000101230;00202460;
20170329;DOL;*;V19 ;0000000000000;0000000000000;00000000;00000000;00000000;00000000;00000000;0000036559950;0000036726860;0000000000000;00166910;
20170329;DOL;*;X17 ;0000000000000;0000000000000;00000090;00000000;00000000;00000000;00000000;0000032622460;0000032800960;0000000089250;00178500;
20170329;DOL;*;Z17 ;0000000000000;0000000000000;00000005;00000000;00000000;00000000;00000000;0000032776150;0000032958150;0000000091000;00182000;
20170329;DR1;*;J7K7;0000000000000;0000000000000;00000000;00018300;00017750;00018350;00017950;0000000000000;0000000000000;0000000000000;00000000;
20170329;ETH;*;F18 ;0000000000000;0000000000000;00000000;00000000;00000000;00000000;00000000;0000000168700;0000000168700;0000000000000;00000000;
20170329;ETH;*;H17 ;0000000000000;0000000000000;00000726;00000000;00000000;00000000;00000000;0000000158500;0000000158500;0000000000000;00000000;
20170329;ETH;*;J17 ;0000000000000;0000000000000;00000050;00000000;00000000;00000000;00000000;0000000148000;0000000148000;0000000000000;00000000;
20170329;ETH;*;K17 ;0000000000000;0000000000000;00000150;00000000;00000000;00000000;00000000;0000000148000;0000000148000;0000000000000;00000000;
20170329;ETH;*;M17 ;0000000000000;0000000000000;00000200;00000000;00000000;00000000;00000000;0000000152500;0000000152500;0000000000000;00000000;
20170329;ETH;*;N17 ;0000000000000;0000000000000;00000185;00000000;00000000;00000000;00000000;0000000156000;0000000156000;0000000000000;00000000;
20170329;ETH;*;Q17 ;0000000000000;0000000000000;00000185;00000000;00000000;00000000;00000000;0000000157000;0000000157000;0000000000000;00000000;
20170329;ETH;*;U17 ;0000000000000;0000000000000;00000000;00000000;00000000;00000000;00000000;0000000163000;0000000163000;0000000000000;00000000;
20170329;ETH;*;V17 ;0000000000000;0000000000000;00000000;00000000;00000000;00000000;00000000;0000000163000;0000000163000;0000000000000;00000000;
20170329;ETH;*;X17 ;0000000000000;0000000000000;00000000;00000000;00000000;00000000;00000000;0000000163000;0000000163000;0000000000000;00000000;
20170329;ETH;*;Z17 ;0000000000000;0000000000000;00000000;00000000;00000000;00000000;00000000;0000000165000;0000000165000;0000000000000;00000000;
20170329;EUR;*;J17 ;0000305791850;0000097919194;00002738;03375000;03353000;03377900;03360000;0000033610720;0000033950970;0000000170125;00340250;
20170329;EUR;*;K17 ;0000284243625;0000091019125;00009435;03399400;03372800;03399400;03382700;0000033839690;0000034186880;0000000173595;00347190;
20170329;EUR;*;M17 ;0000014472050;0000004634170;00001325;03402800;03402800;03414800;03414800;0000034138840;0000034488980;0000000175070;00350140;
20170329;EUR;*;N17 ;0000000000000;0000000000000;00003190;00000000;00000000;00000000;00000000;0000034424400;0000034775870;0000000175735;00351470;
20170329;EUR;*;V17 ;0000000000000;0000000000000;00000000;00000000;00000000;00000000;00000000;0000035216300;0000035571830;0000000000000;00355530;
20170329;FRC;*;F18 ;0000000000000;0000000000000;00000000;00000215;00000215;00000217;00000215;0000000000215;0000000000215;0000000000000;00000000;
20170329;FRC;*;F19 ;0000000000000;0000000000000;00000000;00000256;00000247;00000256;00000247;0000000000247;0000000000256;0000000000004;00000009;
20170329;FRC;*;F20 ;0000000000000;0000000000000;00000000;00000303;00000297;00000303;00000297;0000000000297;0000000000303;0000000000003;00000006;
20170329;FRC;*;F21 ;0000000000000;0000000000000;00000000;00000343;00000343;00000343;00000343;0000000000343;0000000000352;0000000000004;00000009;
20170329;FRC;*;F22 ;0000000000000;0000000000000;00000000;00000381;00000381;00000381;00000381;0000000000381;0000000000388;0000000000003;00000007;
20170329;FRC;*;F23 ;0000000000000;0000000000000;00000000;00000418;00000418;00000418;00000418;0000000000418;0000000000424;0000000000003;00000006;
20170329;FRC;*;F24 ;0000000000000;0000000000000;00000000;00000460;00000450;00000460;00000450;0000000000450;0000000000459;0000000000004;00000009;
20170329;FRC;*;F25 ;0000000000000;0000000000000;00000000;00000486;00000486;00000486;00000486;0000000000486;0000000000493;0000000000003;00000007;
20170329;FRC;*;F26 ;0000000000000;0000000000000;00000000;00000000;00000000;00000000;00000000;0000000000522;0000000000529;0000000000000;00000007;
20170329;FRC;*;F27 ;0000000000000;0000000000000;00000000;00000000;00000000;00000000;00000000;0000000000558;0000000000565;0000000000000;00000007;
20170329;FRC;*;F28 ;0000000000000;0000000000000;00000000;00000000;00000000;00000000;00000000;0000000000589;0000000000596;0000000000000;00000007;
20170329;FRC;*;F29 ;0000000000000;0000000000000;00000000;00000000;00000000;00000000;00000000;0000000000620;0000000000627;0000000000000;00000007;
20170329;FRC;*;F30 ;0000000000000;0000000000000;00000000;00000000;00000000;00000000;00000000;0000000000649;0000000000656;0000000000000;00000007;
20170329;FRC;*;G18 ;0000000000000;0000000000000;00000000;00000000;00000000;00000000;00000000;0000000000216;0000000000216;0000000000000;00000000;
20170329;FRC;*;H18 ;0000000000000;0000000000000;00000000;00000216;00000216;00000216;00000216;0000000000217;0000000000217;0000000000000;00000000;
20170329;FRC;*;J18 ;0000000000000;0000000000000;00000000;00000219;00000218;00000220;00000220;0000000000220;0000000000219;0000000000000;00000001;
20170329;FRC;*;J19 ;0000000000000;0000000000000;00000000;00000259;00000259;00000259;00000259;0000000000259;0000000000267;0000000000004;00000008;
20170329;FRC;*;J20 ;0000000000000;0000000000000;00000000;00000000;00000000;00000000;00000000;0000000000309;0000000000316;0000000000000;00000007;
20170329;FRC;*;J21 ;0000000000000;0000000000000;00000000;00000000;00000000;00000000;00000000;0000000000354;0000000000363;0000000000000;00000009;
20170329;FRC;*;K17 ;0000000000000;0000000000000;00000000;00000252;00000252;00000268;00000266;0000000000266;0000000000252;0000000000007;00000014;
20170329;FRC;*;K18 ;0000000000000;0000000000000;00000000;00000000;00000000;00000000;00000000;0000000000223;0000000000225;0000000000000;00000002;
20170329;FRC;*;M17 ;0000000000000;0000000000000;00000000;00000222;00000222;00000231;00000231;0000000000230;0000000000223;0000000000003;00000007;
20170329;FRC;*;N17 ;0000000000000;0000000000000;00000000;00000196;00000196;00000202;00000201;0000000000201;0000000000198;0000000000001;00000003;
20170329;FRC;*;N18 ;0000000000000;0000000000000;00000000;00000228;00000228;00000228;00000228;0000000000228;0000000000231;0000000000001;00000003;
20170329;FRC;*;N19 ;0000000000000;0000000000000;00000000;00000000;00000000;00000000;00000000;0000000000272;0000000000280;0000000000000;00000008;
20170329;FRC;*;N20 ;0000000000000;0000000000000;00000000;00000322;00000322;00000322;00000322;0000000000322;0000000000330;0000000000004;00000008;
20170329;FRC;*;N21 ;0000000000000;0000000000000;00000000;00000000;00000000;00000000;00000000;0000000000362;0000000000370;0000000000000;00000008;
20170329;FRC;*;Q17 ;0000000000000;0000000000000;00000000;00000204;00000204;00000212;00000210;0000000000212;0000000000208;0000000000002;00000004;
20170329;FRC;*;U17 ;0000000000000;0000000000000;00000000;00000201;00000201;00000201;00000201;0000000000201;0000000000200;0000000000000;00000001;
20170329;FRC;*;V17 ;0000000000000;0000000000000;00000000;00000204;00000204;00000206;00000206;0000000000205;0000000000205;0000000000000;00000000;
20170329;FRC;*;V18 ;0000000000000;0000000000000;00000000;00000236;00000236;00000236;00000236;0000000000236;0000000000236;0000000000000;00000000;
20170329;FRC;*;V19 ;0000000000000;0000000000000;00000000;00000285;00000285;00000285;00000285;0000000000285;0000000000292;0000000000003;00000007;
20170329;FRC;*;V20 ;0000000000000;0000000000000;00000000;00000000;00000000;00000000;00000000;0000000000336;0000000000341;0000000000000;00000005;
20170329;FRC;*;V21 ;0000000000000;0000000000000;00000000;00000000;00000000;00000000;00000000;0000000000369;0000000000377;0000000000000;00000008;
20170329;FRC;*;X17 ;0000000000000;0000000000000;00000000;00000206;00000206;00000206;00000206;0000000000206;0000000000206;0000000000000;00000000;
20170329;FRC;*;Z17 ;0000000000000;0000000000000;00000000;00000211;00000211;00000211;00000211;0000000000211;0000000000210;0000000000000;00000001;
20170329;FRO;*;F18 ;0000000000000;0000000000000;00000000;00000000;00000000;00000000;00000000;0000000000216;0000000000216;0000000000000;00000000;
20170329;FRO;*;F19 ;0000000000000;0000000000000;00000000;00000000;00000000;00000000;00000000;0000000000248;0000000000257;0000000000000;00000009;
20170329;FRO;*;F20 ;0000000000000;0000000000000;00000000;00000000;00000000;00000000;00000000;0000000000299;0000000000305;0000000000000;00000006;
20170329;FRO;*;F21 ;0000000000000;0000000000000;00000000;00000000;00000000;00000000;00000000;0000000000345;0000000000354;0000000000000;00000009;
20170329;FRO;*;F22 ;0000000000000;0000000000000;00000000;00000000;00000000;00000000;00000000;0000000000383;0000000000390;0000000000000;00000007;
20170329;FRO;*;F23 ;0000000000000;0000000000000;00000000;00000000;00000000;00000000;00000000;0000000000420;0000000000426;0000000000000;00000006;
20170329;FRO;*;F24 ;0000000000000;0000000000000;00000000;00000000;00000000;00000000;00000000;0000000000452;0000000000461;0000000000000;00000009;
20170329;FRO;*;F25 ;0000000000000;0000000000000;00000000;00000000;00000000;00000000;00000000;0000000000488;0000000000495;0000000000000;00000007;
20170329;FRO;*;F26 ;0000000000000;0000000000000;00000000;00000000;00000000;00000000;00000000;0000000000524;0000000000531;0000000000000;00000007;
20170329;FRO;*;F27 ;0000000000000;0000000000000;00000000;00000000;00000000;00000000;00000000;0000000000560;0000000000567;0000000000000;00000007;
20170329;FRO;*;F28 ;0000000000000;0000000000000;00000000;00000000;00000000;00000000;00000000;0000000000591;0000000000598;0000000000000;00000007;
20170329;FRO;*;F29 ;0000000000000;0000000000000;00000000;00000000;00000000;00000000;00000000;0000000000623;0000000000630;0000000000000;00000007;
20170329;FRO;*;F30 ;0000000000000;0000000000000;00000000;00000000;00000000;00000000;00000000;0000000000652;0000000000659;0000000000000;00000007;
20170329;FRO;*;G18 ;0000000000000;0000000000000;00000000;00000000;00000000;00000000;00000000;0000000000217;0000000000217;0000000000000;00000000;
20170329;FRO;*;H18 ;0000000000000;0000000000000;00000000;00000000;00000000;00000000;00000000;0000000000218;0000000000218;0000000000000;00000000;
20170329;FRO;*;J18 ;0000000000000;0000000000000;00000000;00000000;00000000;00000000;00000000;0000000000221;0000000000220;0000000000000;00000001;
20170329;FRO;*;J19 ;0000000000000;0000000000000;00000000;00000000;00000000;00000000;00000000;0000000000260;0000000000268;0000000000000;00000008;
20170329;FRO;*;J20 ;0000000000000;0000000000000;00000000;00000000;00000000;00000000;00000000;0000000000311;0000000000318;0000000000000;00000007;
20170329;FRO;*;J21 ;0000000000000;0000000000000;00000000;00000000;00000000;00000000;00000000;0000000000356;0000000000365;0000000000000;00000009;
20170329;FRO;*;K17 ;0000000000000;0000000000000;00000000;00000000;00000000;00000000;00000000;0000000000267;0000000000253;0000000000000;00000014;
20170329;FRO;*;K18 ;0000000000000;0000000000000;00000000;00000000;00000000;00000000;00000000;0000000000224;0000000000230;0000000000000;00000006;
20170329;FRO;*;M17 ;0000000000000;0000000000000;00000000;00000000;00000000;00000000;00000000;0000000000232;0000000000225;0000000000000;00000007;
20170329;FRO;*;N17 ;0000000000000;0000000000000;00000000;00000000;00000000;00000000;00000000;0000000000203;0000000000200;0000000000000;00000003;
20170329;FRO;*;N18 ;0000000000000;0000000000000;00000000;00000000;00000000;00000000;00000000;0000000000229;0000000000232;0000000000000;00000003;
20170329;FRO;*;N19 ;0000000000000;0000000000000;00000000;00000000;00000000;00000000;00000000;0000000000274;0000000000282;0000000000000;00000008;
20170329;FRO;*;N20 ;0000000000000;0000000000000;00000000;00000000;00000000;00000000;00000000;0000000000324;0000000000332;0000000000000;00000008;
20170329;FRO;*;N21 ;0000000000000;0000000000000;00000000;00000000;00000000;00000000;00000000;0000000000364;0000000000372;0000000000000;00000008;
20170329;FRO;*;Q17 ;0000000000000;0000000000000;00000000;00000000;00000000;00000000;00000000;0000000000214;0000000000210;0000000000000;00000004;
20170329;FRO;*;U17 ;0000000000000;0000000000000;00000000;00000000;00000000;00000000;00000000;0000000000203;0000000000202;0000000000000;00000001;
20170329;FRO;*;V17 ;0000000000000;0000000000000;00000000;00000000;00000000;00000000;00000000;0000000000207;0000000000207;0000000000000;00000000;
20170329;FRO;*;V18 ;0000000000000;0000000000000;00000000;00000000;00000000;00000000;00000000;0000000000237;0000000000237;0000000000000;00000000;
20170329;FRO;*;V19 ;0000000000000;0000000000000;00000000;00000000;00000000;00000000;00000000;0000000000287;0000000000294;0000000000000;00000007;
20170329;FRO;*;V20 ;0000000000000;0000000000000;00000000;00000000;00000000;00000000;00000000;0000000000338;0000000000343;0000000000000;00000005;
20170329;FRO;*;V21 ;0000000000000;0000000000000;00000000;00000000;00000000;00000000;00000000;0000000000371;0000000000379;0000000000000;00000008;
20170329;FRO;*;X17 ;0000000000000;0000000000000;00000000;00000000;00000000;00000000;00000000;0000000000208;0000000000208;0000000000000;00000000;
20170329;FRO;*;Z17 ;0000000000000;0000000000000;00000000;00000000;00000000;00000000;00000000;0000000000212;0000000000211;0000000000000;00000001;
20170329;FRP;*;FRP0;0000000000000;0000000000000;00000000;00000200;00000190;00000210;00000200;0000000000000;0000000000000;0000000000000;00000000;
20170329;FRP;*;FRP1;0000000000000;0000000000000;00000000;00000170;00000170;00000170;00000170;0000000000000;0000000000000;0000000000000;00000000;
20170329;GBP;*;J17 ;0000102419362;0000032796235;00000752;03889000;03875500;03889000;03875500;0000038849660;0000039114080;0000000092547;00264420;
20170329;GBP;*;K17 ;0000104171487;0000033357292;00000005;03914000;03900000;03914000;03903300;0000039093510;0000039364900;0000000094986;00271390;
20170329;GBP;*;M17 ;0000000000000;0000000000000;00000472;00000000;00000000;00000000;00000000;0000039415950;0000039689420;0000000095714;00273470;
20170329;HSI;*;H17 ;0000000000000;0000000000000;00000000;00000000;00000000;00000000;00000000;0000000024393;0000000024355;0000000000000;00000038;
20170329;HSI;*;J17 ;0000000000000;0000000000000;00000000;00000000;00000000;00000000;00000000;0000000024427;0000000024373;0000000000000;00000054;
20170329;IAP;*;J17 ;0000000000000;0000000000000;00000000;00000000;00000000;00000000;00000000;0000000481628;0000000481672;0000000001100;00000044;
20170329;IAP;*;K17 ;0000000000000;0000000000000;00000000;00000000;00000000;00000000;00000000;0000000483124;0000000483263;0000000000000;00000139;
20170329;IAP;*;K19 ;0000000000000;0000000000000;00000000;00000000;00000000;00000000;00000000;0000000527351;0000000527523;0000000000000;00000172;
20170329;IAP;*;K21 ;0000000000000;0000000000000;00000000;00000000;00000000;00000000;00000000;0000000579229;0000000579521;0000000000000;00000292;
20170329;IAP;*;M17 ;0000000000000;0000000000000;00000000;00000000;00000000;00000000;00000000;0000000483905;0000000484172;0000000000000;00000267;
20170329;IAP;*;Q18 ;0000000000000;0000000000000;00000000;00000000;00000000;00000000;00000000;0000000509661;0000000509882;0000000000000;00000221;
20170329;IAP;*;Q20 ;0000000000000;0000000000000;00000000;00000000;00000000;00000000;00000000;0000000559802;0000000560478;0000000000000;00000676;
20170329;IAP;*;Q22 ;0000000000000;0000000000000;00000000;00000000;00000000;00000000;00000000;0000000613090;0000000614268;0000000000000;00001178;
20170329;ICF;*;H18 ;0000000000000;0000000000000;00000000;00000000;00000000;00000000;00000000;0000000018135;0000000018060;0000000000000;00000075;
20170329;ICF;*;K17 ;0000000000000;0000000000000;00000102;00000000;00000000;00000000;00000000;0000000016630;0000000016570;0000000018713;00000060;
20170329;ICF;*;N17 ;0000001734264;0000000556050;00000133;00016850;00016850;00016850;00016850;0000000016870;0000000016805;0000000020272;00000065;
20170329;ICF;*;U17 ;0000008306785;0000002663370;00004624;00017150;00016995;00017280;00017180;0000000017180;0000000017145;0000000010916;00000035;
20170329;ICF;*;U18 ;0000001025323;0000000328745;00000403;00018080;00018080;00018390;00018390;0000000017970;0000000017890;0000000024951;00000080;
20170329;ICF;*;U19 ;0000001611676;0000000516745;00000222;00018460;00018455;00018460;00018455;0000000018575;0000000018550;0000000007797;00000025;
20170329;ICF;*;Z17 ;0000000000000;0000000000000;00000199;00000000;00000000;00000000;00000000;0000000017705;0000000017635;0000000021832;00000070;
20170329;ICF;*;Z18 ;0000000000000;0000000000000;00000029;00000000;00000000;00000000;00000000;0000000018115;0000000018030;0000000026510;00000085;
20170329;IGM;*;K17 ;0000000000000;0000000000000;00000000;00000000;00000000;00000000;00000000;0000000666799;0000000666863;0000000001280;00000064;
20170329;IGM;*;K19 ;0000000000000;0000000000000;00000000;00000000;00000000;00000000;00000000;0000000718029;0000000718569;0000000000000;00000540;
20170329;IGM;*;K21 ;0000000000000;0000000000000;00000000;00000000;00000000;00000000;00000000;0000000788080;0000000789501;0000000000000;00001421;
20170329;IGM;*;Q18 ;0000000000000;0000000000000;00000000;00000000;00000000;00000000;00000000;0000000695003;0000000695238;0000000000000;00000235;
20170329;IGM;*;Q20 ;0000000000000;0000000000000;00000000;00000000;00000000;00000000;00000000;0000000760894;0000000762286;0000000000000;00001392;
20170329;IND;*;G18 ;0000000000000;0000000000000;00000000;00000000;00000000;00000000;00000000;0000000070472;0000000069489;0000000000000;00000983;
20170329;IND;*;J17 ;0003992933750;0001278598018;00268843;00064780;00064650;00065975;00065975;0000000065832;0000000064905;0000000092700;00000927;
20170329;IND;*;J18 ;0000000000000;0000000000000;00000000;00000000;00000000;00000000;00000000;0000000071422;0000000070430;0000000000000;00000992;
20170329;IND;*;M17 ;0000075364000;0000024132697;00044130;00066400;00066400;00066400;00066400;0000000066881;0000000065940;0000000094100;00000941;
20170329;IND;*;M18 ;0000000000000;0000000000000;00001080;00000000;00000000;00000000;00000000;0000000072262;0000000071260;0000000100200;00001002;
20170329;IND;*;Q17 ;0000056616000;0000018129303;00002350;00067300;00067300;00067500;00067500;0000000067888;0000000066935;0000000095300;00000953;
20170329;IND;*;Q18 ;0000000000000;0000000000000;00000000;00000000;00000000;00000000;00000000;0000000073281;0000000072269;0000000000000;00001012;
20170329;IND;*;V17 ;0000000000000;0000000000000;00001600;00000000;00000000;00000000;00000000;0000000068794;0000000067828;0000000096600;00000966;
20170329;IND;*;V18 ;0000000000000;0000000000000;00000000;00000000;00000000;00000000;00000000;0000000074278;0000000073256;0000000000000;00001022;
20170329;IND;*;Z17 ;0000004158000;0000001331455;00014225;00069300;00069300;00069300;00069300;0000000069607;0000000068632;0000000097500;00000975;
20170329;IND;*;Z18 ;0000000000000;0000000000000;00000150;00000000;00000000;00000000;00000000;0000000075184;0000000074153;0000000103100;00001031;
20170329;IR1;*;J7M7;0000000000000;0000000000000;00000000;00000000;00000000;00000000;00000000;0000000000000;0000000000000;0000000000000;00000000;
20170329;ISP;*;M17 ;0000240551594;0000077127062;00003194;00235150;00234975;00235900;00235850;0000000235850;0000000235150;0000000109161;00000700;
20170329;ISP;*;U17 ;0000000366159;0000000117400;00000002;00234800;00234800;00234800;00234800;0000000235550;0000000234825;0000000113060;00000725;
20170329;ISP;*;Z17 ;0000000000000;0000000000000;00000000;00000000;00000000;00000000;00000000;0000000235350;0000000234600;0000000000000;00000750;
20170329;JPY;*;J17 ;0000023092650;0000007394617;00000712;02830000;02808000;02830000;02808000;0000028132300;0000028275200;0000000071450;00142900;
20170329;JPY;*;K17 ;0000022669055;0000007258976;00000230;02850700;02824000;02850700;02824000;0000028315300;0000028463400;0000000074050;00148100;
20170329;JPY;*;M17 ;0000004285050;0000001372138;00001074;02856700;02856700;02856700;02856700;0000028557000;0000028706300;0000000074650;00149300;
20170329;JPY;*;N17 ;0000000000000;0000000000000;00000218;00000000;00000000;00000000;00000000;0000028786400;0000028935800;0000000074700;00149400;
20170329;JSE;*;M17 ;0000000000000;0000000000000;00000000;00000000;00000000;00000000;00000000;0000000045997;0000000045715;0000000000000;00000282;
20170329;JSE;*;U17 ;0000000000000;0000000000000;00000000;00000000;00000000;00000000;00000000;0000000046329;0000000045999;0000000000000;00000330;
20170329;MIX;*;M17 ;0000000000000;0000000000000;00000000;00000000;00000000;00000000;00000000;0000000002058;0000000002063;0000000000000;00000005;
20170329;MIX;*;U17 ;0000000000000;0000000000000;00000000;00000000;00000000;00000000;00000000;0000000002060;0000000002045;0000000000000;00000015;
20170329;MXN;*;J17 ;0000043350600;0000013881520;00000685;01656000;01656000;01664000;01664000;0000016632050;0000016558510;0000000055155;00073540;
20170329;MXN;*;K17 ;0000044444512;0000014231808;00000201;01660000;01658400;01670000;01668600;0000016650320;0000016578920;0000000053550;00071400;
20170329;MXN;*;M17 ;0000015571875;0000004986351;00000019;01661000;01661000;01661000;01661000;0000016696920;0000016625230;0000000053767;00071690;
20170329;NZD;*;J17 ;0000000000000;0000000000000;00000000;00000000;00000000;00000000;00000000;0000021963570;0000022025400;0000000000000;00061830;
20170329;NZD;*;K17 ;0000000000000;0000000000000;00000000;00000000;00000000;00000000;00000000;0000022070800;0000022138680;0000000000000;00067880;
20170329;NZD;*;M17 ;0000001666237;0000000533554;00000020;02221200;02221200;02222100;02222100;0000022218670;0000022287590;0000000051690;00068920;
20170329;OC1;*;F18 ;0000000000000;0000000000000;00000000;00000000;00000000;00000000;00000000;0000009320230;0000009319400;0000000000000;00000830;
20170329;OC1;*;F19 ;0000000000000;0000000000000;00000000;00000000;00000000;00000000;00000000;0000008545121;0000008541724;0000000000000;00003397;
20170329;OC1;*;F20 ;0000000000000;0000000000000;00000000;00000000;00000000;00000000;00000000;0000007761774;0000007754684;0000000000000;00007090;
20170329;OC1;*;F21 ;0000000000000;0000000000000;00000000;00000000;00000000;00000000;00000000;0000007024949;0000007018336;0000000000000;00006613;
20170329;OC1;*;F22 ;0000000000000;0000000000000;00000000;00000000;00000000;00000000;00000000;0000006352193;0000006342824;0000000000000;00009369;
20170329;OC1;*;F23 ;0000000000000;0000000000000;00000000;00000000;00000000;00000000;00000000;0000005745441;0000005733893;0000000000000;00011548;
20170329;OC1;*;F24 ;0000000000000;0000000000000;00000000;00000000;00000000;00000000;00000000;0000005209432;0000005189173;0000000000000;00020259;
20170329;OC1;*;F25 ;0000000000000;0000000000000;00000000;00000000;00000000;00000000;00000000;0000004707633;0000004694763;0000000000000;00012870;
20170329;OC1;*;F26 ;0000000000000;0000000000000;00000000;00000000;00000000;00000000;00000000;0000004262056;0000004247173;0000000000000;00014883;
20170329;OC1;*;F27 ;0000000000000;0000000000000;00000000;00000000;00000000;00000000;00000000;0000003848145;0000003834845;0000000000000;00013300;
20170329;OC1;*;F28 ;0000000000000;0000000000000;00000000;00000000;00000000;00000000;00000000;0000003481829;0000003468543;0000000000000;00013286;
20170329;OC1;*;F29 ;0000000000000;0000000000000;00000000;00000000;00000000;00000000;00000000;0000003151209;0000003138060;0000000000000;00013149;
20170329;OC1;*;F30 ;0000000000000;0000000000000;00000000;00000000;00000000;00000000;00000000;0000002849969;0000002837058;0000000000000;00012911;
20170329;OC1;*;G18 ;0000000000000;0000000000000;00000000;00000000;00000000;00000000;00000000;0000009251433;0000009250316;0000000000000;00001117;
20170329;OC1;*;H18 ;0000000000000;0000000000000;00000000;00000000;00000000;00000000;00000000;0000009194341;0000009193010;0000000000000;00001331;
20170329;OC1;*;J17 ;0000000000000;0000000000000;00029800;00000000;00000000;00000000;00000000;0000009986361;0000009986380;0000000000019;00000019;
20170329;OC1;*;J18 ;0000000000000;0000000000000;00000000;00000000;00000000;00000000;00000000;0000009129406;0000009127745;0000000000000;00001661;
20170329;OC1;*;J19 ;0000000000000;0000000000000;00000000;00000000;00000000;00000000;00000000;0000008352738;0000008347468;0000000000000;00005270;
20170329;OC1;*;J20 ;0000000000000;0000000000000;00000000;00000000;00000000;00000000;00000000;0000007575151;0000007564442;0000000000000;00010709;
20170329;OC1;*;J21 ;0000000000000;0000000000000;00000000;00000000;00000000;00000000;00000000;0000006857597;0000006845715;0000000000000;00011882;
20170329;OC1;*;K17 ;0000000000000;0000000000000;00000000;00000000;00000000;00000000;00000000;0000009908411;0000009908306;0000000000000;00000105;
20170329;OC1;*;K18 ;0000000000000;0000000000000;00000000;00000000;00000000;00000000;00000000;0000009063557;0000000000000;0000000000000;00000000;
20170329;OC1;*;M17 ;0000000000000;0000000000000;00000000;00000000;00000000;00000000;00000000;0000009817414;0000009817289;0000000000000;00000125;
20170329;OC1;*;N17 ;0000000000000;0000000000000;00000000;00000000;00000000;00000000;00000000;0000009738485;0000009738318;0000000000000;00000167;
20170329;OC1;*;N18 ;0000000000000;0000000000000;00000000;00000000;00000000;00000000;00000000;0000008933376;0000008931173;0000000000000;00002203;
20170329;OC1;*;N19 ;0000000000000;0000000000000;00000000;00000000;00000000;00000000;00000000;0000008160062;0000008152507;0000000000000;00007555;
20170329;OC1;*;N20 ;0000000000000;0000000000000;00000000;00000000;00000000;00000000;00000000;0000007391593;0000007381325;0000000000000;00010268;
20170329;OC1;*;N21 ;0000000000000;0000000000000;00000000;00000000;00000000;00000000;00000000;0000006685536;0000006677051;0000000000000;00008485;
20170329;OC1;*;N22 ;0000000000000;0000000000000;00000000;00000000;00000000;00000000;00000000;0000006044252;0000006034072;0000000000000;00010180;
20170329;OC1;*;N23 ;0000000000000;0000000000000;00000000;00000000;00000000;00000000;00000000;0000005472108;0000005456430;0000000000000;00015678;
20170329;OC1;*;N24 ;0000000000000;0000000000000;00000000;00000000;00000000;00000000;00000000;0000004958158;0000004941323;0000000000000;00016835;
20170329;OC1;*;Q17 ;0000000000000;0000000000000;00000000;00000000;00000000;00000000;00000000;0000009660931;0000009660364;0000000000000;00000567;
20170329;OC1;*;U17 ;0000000000000;0000000000000;00000000;00000000;00000000;00000000;00000000;0000009581489;0000009581043;0000000000000;00000446;
20170329;OC1;*;V17 ;0000000000000;0000000000000;00000000;00000000;00000000;00000000;00000000;0000009515034;0000009514784;0000000000000;00000250;
20170329;OC1;*;V18 ;0000000000000;0000000000000;00000000;00000000;00000000;00000000;00000000;0000008735792;0000008732925;0000000000000;00002867;
20170329;OC1;*;V19 ;0000000000000;0000000000000;00000000;00000000;00000000;00000000;00000000;0000007955747;0000007948323;0000000000000;00007424;
20170329;OC1;*;V20 ;0000000000000;0000000000000;00000000;00000000;00000000;00000000;00000000;0000007202940;0000007188650;0000000000000;00014290;
20170329;OC1;*;V21 ;0000000000000;0000000000000;00000000;00000000;00000000;00000000;00000000;0000006520735;0000006506610;0000000000000;00014125;
20170329;OC1;*;X17 ;0000000000000;0000000000000;00000000;00000000;00000000;00000000;00000000;0000009446612;0000009446076;0000000000000;00000536;
20170329;OC1;*;Z17 ;0000000000000;0000000000000;00000000;00000000;00000000;00000000;00000000;0000009383505;0000009382860;0000000000000;00000645;
20170329;OZ1;*;0000;0000000968456;0000000310114;00000000;00124801;00124801;00125300;00125100;0000000125087;0000000124736;0000000000000;00000310;
20170329;OZ1;*;J17 ;0000000000000;0000000000000;00000000;00000000;00000000;00000000;00000000;0000000125214;0000000125581;0000000000000;00000367;
20170329;OZ1;*;K17 ;0000000000000;0000000000000;00000000;00000000;00000000;00000000;00000000;0000000126200;0000000126571;0000000000000;00000371;
20170329;OZ2;*;0000;0000000067221;0000000021525;00000000;00124830;00124000;00125000;00125000;0000000124608;0000000124823;0000000000000;00000150;
20170329;OZ3;*;0000;0000000000894;0000000000286;00000000;00125000;00124000;00125000;00124500;0000000124244;0000000124000;0000000000000;00000500;
20170329;SCS;*;J703;0000000000000;0000000000000;00194220;00000000;00000000;00000000;00000000;0000000000000;0000000000000;0000000000000;00000000;
20170329;SCS;*;K702;0000000000000;0000000000000;00127785;00000000;00000000;00000000;00000000;0000000000000;0000000000000;0000000000000;00000000;
20170329;SCS;*;M701;0000000000000;0000000000000;00026000;00000000;00000000;00000000;00000000;0000000000000;0000000000000;0000000000000;00000000;
20170329;SCS;*;N703;0000000000000;0000000000000;00091470;00000000;00000000;00000000;00000000;0000000000000;0000000000000;0000000000000;00000000;
20170329;SFI;*;K17 ;0000000000000;0000000000000;00000000;00000000;00000000;00000000;00000000;0000000002072;0000000002078;0000000000000;00000006;
20170329;SFI;*;N17 ;0000000000000;0000000000000;00000000;00000000;00000000;00000000;00000000;0000000002094;0000000002100;0000000000000;00000006;
20170329;SFI;*;X17 ;0000000000000;0000000000000;00000000;00000000;00000000;00000000;00000000;0000000002065;0000000002074;0000000000000;00000009;
20170329;SJC;*;F18 ;0000000000000;0000000000000;00000000;00000000;00000000;00000000;00000000;0000000214616;0000000215498;0000000000000;00000882;
20170329;SJC;*;H18 ;0000000000000;0000000000000;00000000;00000000;00000000;00000000;00000000;0000000215168;0000000215994;0000000000000;00000826;
20170329;SJC;*;K17 ;0000000841301;0000000269743;00001195;00002145;00002135;00002145;00002135;0000000213624;0000000214286;0000000009291;00000662;
20170329;SJC;*;K18 ;0000000000000;0000000000000;00000000;00000000;00000000;00000000;00000000;0000000215829;0000000216711;0000000000000;00000882;
20170329;SJC;*;N17 ;0000000606314;0000000194400;00000593;00002160;00002160;00002160;00002160;0000000215939;0000000216545;0000000008505;00000606;
20170329;SJC;*;Q17 ;0000000000000;0000000000000;00000000;00000000;00000000;00000000;00000000;0000000216380;0000000216986;0000000000000;00000606;
20170329;SJC;*;U17 ;0000000000000;0000000000000;00000000;00000000;00000000;00000000;00000000;0000000214616;0000000215388;0000000000000;00000772;
20170329;SJC;*;X17 ;0000000000000;0000000000000;00001033;00000000;00000000;00000000;00000000;0000000213404;0000000214341;0000000013150;00000937;
20170329;TRY;*;J17 ;0000002565000;0000000821352;00000040;00855000;00855000;00855000;00855000;0000008547660;0000008572330;0000000018502;00024670;
20170329;TRY;*;K17 ;0000002559000;0000000819431;00000000;00853000;00853000;00853000;00853000;0000008529330;0000008552960;0000000017722;00023630;
20170329;TRY;*;M17 ;0000000000000;0000000000000;00000000;00000000;00000000;00000000;00000000;0000008508890;0000008536090;0000000000000;00027200;
20170329;T10;*;M17 ;0000002334711;0000000747610;00002590;00124640;00124594;00124640;00124594;0000001245781;0000001243593;0000000068329;00002188;
20170329;T10;*;U17 ;0000000000000;0000000000000;00000000;00000000;00000000;00000000;00000000;0000001240625;0000001238437;0000000000000;00002188;
20170329;WDO;*;F18 ;0000000000000;0000000000000;00000000;00000000;00000000;00000000;00000000;0000032926600;0000033107320;0000000000000;00180720;
20170329;WDO;*;F19 ;0000000000000;0000000000000;00000000;00000000;00000000;00000000;00000000;0000034966260;0000035114690;0000000000000;00148430;
20170329;WDO;*;F20 ;0000000000000;0000000000000;00000000;00000000;00000000;00000000;00000000;0000037100430;0000037275370;0000000000000;00174940;
20170329;WDO;*;F21 ;0000000000000;0000000000000;00000000;00000000;00000000;00000000;00000000;0000039250760;0000039376040;0000000000000;00125280;
20170329;WDO;*;F25 ;0000000000000;0000000000000;00000000;00000000;00000000;00000000;00000000;0000047890800;0000048076350;0000000000000;00185550;
20170329;WDO;*;G18 ;0000000000000;0000000000000;00000000;00000000;00000000;00000000;00000000;0000033109860;0000033292910;0000000000000;00183050;
20170329;WDO;*;H18 ;0000000000000;0000000000000;00000000;00000000;00000000;00000000;00000000;0000033256900;0000033442380;0000000000000;00185480;
20170329;WDO;*;J17 ;0013735069605;0004398177849;00042770;03137000;03115000;03140500;03123500;0000031236530;0000031405590;0000000016906;00169060;
20170329;WDO;*;J18 ;0000000000000;0000000000000;00000000;00000000;00000000;00000000;00000000;0000033419900;0000033610920;0000000000000;00191020;
20170329;WDO;*;J19 ;0000000000000;0000000000000;00000000;00000000;00000000;00000000;00000000;0000035478900;0000035633530;0000000000000;00154630;
20170329;WDO;*;K17 ;0000072718685;0000023285627;00000574;03156500;03134000;03157000;03143000;0000031414480;0000031588620;0000000017414;00174140;
20170329;WDO;*;M17 ;0000000000000;0000000000000;00000030;00000000;00000000;00000000;00000000;0000031654090;0000031829410;0000000017532;00175320;
20170329;WDO;*;N17 ;0000000000000;0000000000000;00000006;00000000;00000000;00000000;00000000;0000031868630;0000032043540;0000000017491;00174910;
20170329;WDO;*;N18 ;0000000000000;0000000000000;00000000;00000000;00000000;00000000;00000000;0000033932840;0000034114880;0000000000000;00182040;
20170329;WDO;*;N19 ;0000000000000;0000000000000;00000000;00000000;00000000;00000000;00000000;0000035984850;0000036156590;0000000000000;00171740;
20170329;WDO;*;N21 ;0000000000000;0000000000000;00000000;00000000;00000000;00000000;00000000;0000040345220;0000040486380;0000000000000;00141160;
20170329;WDO;*;Q17 ;0000000000000;0000000000000;00000000;00000000;00000000;00000000;00000000;0000032060340;0000032240310;0000000000000;00179970;
20170329;WDO;*;U17 ;0000000000000;0000000000000;00000063;00000000;00000000;00000000;00000000;0000032282040;0000032459890;0000000017785;00177850;
20170329;WDO;*;V17 ;0000000000000;0000000000000;00000000;00000000;00000000;00000000;00000000;0000032445890;0000032622080;0000000000000;00176190;
20170329;WDO;*;V18 ;0000000000000;0000000000000;00000000;00000000;00000000;00000000;00000000;0000034464740;0000034667200;0000000000000;00202460;
20170329;WDO;*;V19 ;0000000000000;0000000000000;00000000;00000000;00000000;00000000;00000000;0000036559950;0000036726860;0000000000000;00166910;
20170329;WDO;*;X17 ;0000000000000;0000000000000;00000000;00000000;00000000;00000000;00000000;0000032622460;0000032800960;0000000000000;00178500;
20170329;WDO;*;Z17 ;0000000000000;0000000000000;00000000;00000000;00000000;00000000;00000000;0000032776150;0000032958150;0000000000000;00182000;
20170329;WD1;*;J7K7;0000000000000;0000000000000;00000000;00018200;00017700;00018200;00017700;0000000000000;0000000000000;0000000000000;00000000;
20170329;WEU;*;J17 ;0000000000000;0000000000000;00000000;00000000;00000000;00000000;00000000;0000033610720;0000033950970;0000000000000;00340250;
20170329;WEU;*;K17 ;0000000000000;0000000000000;00000000;00000000;00000000;00000000;00000000;0000033839690;0000034186880;0000000000000;00347190;
20170329;WEU;*;M17 ;0000000000000;0000000000000;00000000;00000000;00000000;00000000;00000000;0000034138840;0000034488980;0000000000000;00350140;
20170329;WEU;*;N17 ;0000000000000;0000000000000;00000000;00000000;00000000;00000000;00000000;0000034424400;0000034775870;0000000000000;00351470;
20170329;WEU;*;V17 ;0000000000000;0000000000000;00000000;00000000;00000000;00000000;00000000;0000035216300;0000035571830;0000000000000;00355530;
20170329;WIN;*;G18 ;0000000000000;0000000000000;00000000;00000000;00000000;00000000;00000000;0000000070472;0000000069489;0000000000000;00000983;
20170329;WIN;*;J17 ;0010479685025;0003355754275;00085802;00064780;00064640;00065995;00065995;0000000065832;0000000064905;0000000018540;00000927;
20170329;WIN;*;J18 ;0000000000000;0000000000000;00000000;00000000;00000000;00000000;00000000;0000000071422;0000000070430;0000000000000;00000992;
20170329;WIN;*;M17 ;0000000066775;0000000021382;00000021;00066775;00066775;00066775;00066775;0000000066881;0000000065940;0000000018820;00000941;
20170329;WIN;*;M18 ;0000000000000;0000000000000;00000000;00000000;00000000;00000000;00000000;0000000072262;0000000071260;0000000000000;00001002;
20170329;WIN;*;Q17 ;0000000000000;0000000000000;00000000;00000000;00000000;00000000;00000000;0000000067888;0000000066935;0000000000000;00000953;
20170329;WIN;*;Q18 ;0000000000000;0000000000000;00000000;00000000;00000000;00000000;00000000;0000000073281;0000000072269;0000000000000;00001012;
20170329;WIN;*;V17 ;0000000000000;0000000000000;00000000;00000000;00000000;00000000;00000000;0000000068794;0000000067828;0000000000000;00000966;
20170329;WIN;*;V18 ;0000000000000;0000000000000;00000000;00000000;00000000;00000000;00000000;0000000074278;0000000073256;0000000000000;00001022;
20170329;WIN;*;Z17 ;0000000000000;0000000000000;00000000;00000000;00000000;00000000;00000000;0000000069607;0000000068632;0000000000000;00000975;
20170329;WIN;*;Z18 ;0000000000000;0000000000000;00000000;00000000;00000000;00000000;00000000;0000000075184;0000000074153;0000000000000;00001031;
20170329;WTI;*;K17 ;0000000463437;0000000148590;00000660;00004953;00004953;00004953;00004953;0000000004951;0000000004837;0000000035555;00000114;
20170329;WTI;*;M17 ;0000000000000;0000000000000;00000100;00000000;00000000;00000000;00000000;0000000005000;0000000004890;0000000034307;00000110;
20170329;ZAR;*;J17 ;0000000000000;0000000000000;00000123;00000000;00000000;00000000;00000000;0000023976110;0000024139760;0000000057277;00163650;
20170329;ZAR;*;K17 ;0000000000000;0000000000000;00000000;00000000;00000000;00000000;00000000;0000024005910;0000024166970;0000000000000;00161060;
20170329;ZAR;*;M17 ;0000000000000;0000000000000;00000010;00000000;00000000;00000000;00000000;0000024040330;0000024210180;0000000059447;00169850;
