Data;Código do Contrato;Pregão;Vencimento;Volume(R$);Volume(U$);Número de contas em Aberto;Preço de Abertura;Preço Mínimo;Preço Máximo;Último Preço;Preço de Ajuste Atual; Preço de Ajuste Anterior;Valor de Ajuste por Contrato;Variação
20170130;AUD;*;G17 ;0000072476820;0000023143703;00000583;02375000;02356200;02375000;02356200;0000023546320;0000023795480;0000000149496;00249160;
20170130;AUD;*;H17 ;0000075082650;0000023975811;00000737;02390500;02371400;02390500;02375400;0000023710960;0000023951190;0000000144138;00240230;
20170130;AUD;*;J17 ;0000000000000;0000000000000;00000867;00000000;00000000;00000000;00000000;0000023903130;0000024143210;0000000144048;00240080;
20170130;BGI;*;F17 ;0000002461255;0000000789826;00000821;00014615;00014610;00014630;00014621;0000000014625;0000000014599;0000000008580;00000026;
20170130;BGI;*;F18 ;0000000000000;0000000000000;00000000;00000000;00000000;00000000;00000000;0000000014380;0000000014396;0000000000000;00000016;
20170130;BGI;*;G17 ;0000001428144;0000000458297;00000225;00014450;00014400;00014450;00014400;0000000014450;0000000014431;0000000006270;00000019;
20170130;BGI;*;H17 ;0000001698840;0000000545164;00000169;00014300;00014300;00014300;00014300;0000000014300;0000000014283;0000000005610;00000017;
20170130;BGI;*;J17 ;0000002012686;0000000645878;00000002;00014165;00014165;00014195;00014195;0000000014195;0000000014224;0000000009570;00000029;
20170130;BGI;*;K17 ;0000026274131;0000008431465;00003729;00014053;00014050;00014100;00014061;0000000014061;0000000014040;0000000006930;00000021;
20170130;BGI;*;M17 ;0000000000000;0000000000000;00000003;00000000;00000000;00000000;00000000;0000000014137;0000000014123;0000000004620;00000014;
20170130;BGI;*;N17 ;0000000000000;0000000000000;00000000;00000000;00000000;00000000;00000000;0000000014204;0000000014196;0000000000000;00000008;
20170130;BGI;*;Q17 ;0000000000000;0000000000000;00000000;00000000;00000000;00000000;00000000;0000000014275;0000000014274;0000000000000;00000001;
20170130;BGI;*;U17 ;0000000000000;0000000000000;00000000;00000000;00000000;00000000;00000000;0000000014337;0000000014346;0000000000000;00000009;
20170130;BGI;*;V17 ;0000007903183;0000002536160;00001542;00014450;00014400;00014490;00014400;0000000014400;0000000014416;0000000005280;00000016;
20170130;BGI;*;X17 ;0000000000000;0000000000000;00000077;00000000;00000000;00000000;00000000;0000000014365;0000000014381;0000000005280;00000016;
20170130;BGI;*;Z17 ;0000000000000;0000000000000;00000087;00000000;00000000;00000000;00000000;0000000014430;0000000014446;0000000005280;00000016;
20170130;BRI;*;G17 ;0000044554400;0000014227360;00000462;00010736;00010736;00010736;00010736;0000000010735;0000000011028;0000000293000;00000293;
20170130;BRI;*;J17 ;0000044662800;0000014261975;00000796;00010920;00010920;00010920;00010920;0000000010934;0000000011232;0000000298000;00000298;
20170130;BRI;*;M17 ;0000000000000;0000000000000;00000000;00000000;00000000;00000000;00000000;0000000011116;0000000011421;0000000000000;00000305;
20170130;BSE;*;G17 ;0000000000000;0000000000000;00000000;00000000;00000000;00000000;00000000;0000000028015;0000000028068;0000000000000;00000053;
20170130;BSE;*;H17 ;0000000000000;0000000000000;00000000;00000000;00000000;00000000;00000000;0000000028257;0000000028312;0000000000000;00000055;
20170130;CAD;*;G17 ;0000061485390;0000019633858;00000570;02383200;02383100;02383200;02383100;0000023799000;0000024009770;0000000126462;00210770;
20170130;CAD;*;H17 ;0000063417180;0000020250728;00000224;02402600;02402100;02402600;02402100;0000023983110;0000024187080;0000000122382;00203970;
20170130;CAD;*;J17 ;0000000726000;0000000231830;00000345;02420000;02420000;02420000;02420000;0000024205440;0000024412280;0000000124104;00206840;
20170130;CCM;*;F18 ;0000000000000;0000000000000;00000085;00000000;00000000;00000000;00000000;0000000003086;0000000003140;0000000024300;00000054;
20170130;CCM;*;F19 ;0000000000000;0000000000000;00000000;00000000;00000000;00000000;00000000;0000000002713;0000000002763;0000000000000;00000050;
20170130;CCM;*;H17 ;0000038446335;0000012337570;00008028;00003522;00003410;00003540;00003414;0000000003419;0000000003516;0000000043650;00000097;
20170130;CCM;*;H18 ;0000000000000;0000000000000;00000000;00000000;00000000;00000000;00000000;0000000003131;0000000003105;0000000000000;00000026;
20170130;CCM;*;H19 ;0000000000000;0000000000000;00000000;00000000;00000000;00000000;00000000;0000000002599;0000000002646;0000000000000;00000047;
20170130;CCM;*;K17 ;0000006644241;0000002132161;00006474;00003370;00003256;00003370;00003256;0000000003256;0000000003370;0000000051300;00000114;
20170130;CCM;*;K18 ;0000000000000;0000000000000;00000000;00000000;00000000;00000000;00000000;0000000002816;0000000002866;0000000000000;00000050;
20170130;CCM;*;K19 ;0000000000000;0000000000000;00000000;00000000;00000000;00000000;00000000;0000000002489;0000000002535;0000000000000;00000046;
20170130;CCM;*;N17 ;0000000000000;0000000000000;00000000;00000000;00000000;00000000;00000000;0000000003150;0000000003232;0000000000000;00000082;
20170130;CCM;*;N18 ;0000000000000;0000000000000;00000000;00000000;00000000;00000000;00000000;0000000002693;0000000002742;0000000000000;00000049;
20170130;CCM;*;U17 ;0000004455513;0000001429790;00007376;00003125;00003030;00003125;00003047;0000000003047;0000000003100;0000000023850;00000053;
20170130;CCM;*;U18 ;0000000000000;0000000000000;00000000;00000000;00000000;00000000;00000000;0000000002573;0000000002620;0000000000000;00000047;
20170130;CCM;*;X17 ;0000000000000;0000000000000;00000001;00000000;00000000;00000000;00000000;0000000003067;0000000003120;0000000023850;00000053;
20170130;CCM;*;X18 ;0000000000000;0000000000000;00000000;00000000;00000000;00000000;00000000;0000000002641;0000000002690;0000000000000;00000049;
20170130;CHF;*;G17 ;0000000000000;0000000000000;00000066;00000000;00000000;00000000;00000000;0000031309070;0000031543130;0000000117030;00234060;
20170130;CHF;*;H17 ;0000018904315;0000006036631;00000246;03150800;03150700;03150800;03150700;0000031600170;0000031817450;0000000108640;00217280;
20170130;CHF;*;J17 ;0000000000000;0000000000000;00000000;00000000;00000000;00000000;00000000;0000031956690;0000032169140;0000000000000;00212450;
20170130;CLP;*;G17 ;0000008654400;0000002763571;00000099;04808000;04808000;04808000;04808000;0000048069000;0000048437000;0000000092000;00368000;
20170130;CLP;*;H17 ;0000008694900;0000002776504;00000867;04830500;04830500;04830500;04830500;0000048390000;0000048731000;0000000085250;00341000;
20170130;CLP;*;J17 ;0000000000000;0000000000000;00000000;00000000;00000000;00000000;00000000;0000048716000;0000049049000;0000000000000;00333000;
20170130;CNY;*;G17 ;0000000000000;0000000000000;00000000;00000000;00000000;00000000;00000000;0000045268490;0000045785840;0000000000000;00517350;
20170130;CNY;*;H17 ;0000000000000;0000000000000;00000000;00000000;00000000;00000000;00000000;0000045379260;0000045889450;0000000000000;00510190;
20170130;CNY;*;J17 ;0000000000000;0000000000000;00000000;00000000;00000000;00000000;00000000;0000045560250;0000046012030;0000000000000;00451780;
20170130;CR1;*;H7U7;0000000000000;0000000000000;00000000;00000910;00000910;00000910;00000910;0000000000000;0000000000000;0000000000000;00000000;
20170130;CR1;*;U7Z7;0000000000000;0000000000000;00000000;00000000;00000000;00000000;00000000;0000000000000;0000000000000;0000000000000;00000000;
20170130;DAP;*;F18 ;0000000000000;0000000000000;00000000;00000000;00000000;00000000;00000000;0000009448557;0000009453820;0000000000000;00005263;
20170130;DAP;*;G17 ;0000000000000;0000000000000;00001600;00000000;00000000;00000000;00000000;0000009969122;0000009969232;0000000000131;00000110;
20170130;DAP;*;H17 ;0000000000000;0000000000000;00000485;00000000;00000000;00000000;00000000;0000009933888;0000009934613;0000000000867;00000725;
20170130;DAP;*;J17 ;0000000000000;0000000000000;00000085;00000000;00000000;00000000;00000000;0000009882985;0000009884094;0000000001327;00001109;
20170130;DAP;*;K17 ;0000000000000;0000000000000;00018288;00000000;00000000;00000000;00000000;0000009844608;0000009843647;0000000001149;00000961;
20170130;DAP;*;K19 ;0000022164003;0000007077533;00035087;00000563;00000563;00000571;00000571;0000008819658;0000008835143;0000000018529;00015485;
20170130;DAP;*;K21 ;0000006126126;0000001956229;00008405;00000575;00000575;00000577;00000577;0000007876700;0000007902460;0000000030823;00025760;
20170130;DAP;*;K23 ;0000105636550;0000033732453;00011900;00000572;00000572;00000581;00000581;0000007034304;0000007072100;0000000045225;00037796;
20170130;DAP;*;Q18 ;0000001648403;0000000526377;00023225;00000573;00000573;00000573;00000573;0000009177339;0000009184320;0000000008353;00006981;
20170130;DAP;*;Q20 ;0000000000000;0000000000000;00002790;00000000;00000000;00000000;00000000;0000008211842;0000008228606;0000000020059;00016764;
20170130;DAP;*;Q22 ;0000000000000;0000000000000;00005500;00000000;00000000;00000000;00000000;0000007317431;0000007352103;0000000041487;00034672;
20170130;DAP;*;Q24 ;0000000000000;0000000000000;00005840;00000000;00000000;00000000;00000000;0000006582900;0000006620669;0000000045193;00037769;
20170130;DAP;*;Q26 ;0000000000000;0000000000000;00001155;00000000;00000000;00000000;00000000;0000005876838;0000005919516;0000000051067;00042678;
20170130;DAP;*;Q30 ;0000000000000;0000000000000;00000235;00000000;00000000;00000000;00000000;0000004760814;0000004797613;0000000044032;00036799;
20170130;DCO;*;F18 ;0000000000000;0000000000000;00000000;00000000;00000000;00000000;00000000;0000009650390;0000009762719;0000000000000;00112329;
20170130;DCO;*;F19 ;0000000000000;0000000000000;00000000;00000000;00000000;00000000;00000000;0000009355981;0000009468075;0000000000000;00112094;
20170130;DCO;*;F20 ;0000000000000;0000000000000;00000000;00000000;00000000;00000000;00000000;0000009002120;0000009107051;0000000000000;00104931;
20170130;DCO;*;F21 ;0000000000000;0000000000000;00000000;00000000;00000000;00000000;00000000;0000008586445;0000008683282;0000000000000;00096837;
20170130;DCO;*;F22 ;0000000000000;0000000000000;00000000;00000000;00000000;00000000;00000000;0000008160769;0000008253000;0000000000000;00092231;
20170130;DCO;*;F23 ;0000000000000;0000000000000;00000000;00000000;00000000;00000000;00000000;0000007754332;0000007843289;0000000000000;00088957;
20170130;DCO;*;F24 ;0000000000000;0000000000000;00000000;00000000;00000000;00000000;00000000;0000007332716;0000007420448;0000000000000;00087732;
20170130;DCO;*;F25 ;0000000000000;0000000000000;00000000;00000000;00000000;00000000;00000000;0000006911030;0000006992638;0000000000000;00081608;
20170130;DCO;*;F26 ;0000000000000;0000000000000;00000000;00000000;00000000;00000000;00000000;0000006506902;0000006581820;0000000000000;00074918;
20170130;DCO;*;F27 ;0000000000000;0000000000000;00000000;00000000;00000000;00000000;00000000;0000006114124;0000006185850;0000000000000;00071726;
20170130;DCO;*;F28 ;0000000000000;0000000000000;00000000;00000000;00000000;00000000;00000000;0000005767955;0000005840492;0000000000000;00072537;
20170130;DCO;*;F29 ;0000000000000;0000000000000;00000000;00000000;00000000;00000000;00000000;0000005443280;0000005509064;0000000000000;00065784;
20170130;DCO;*;F30 ;0000000000000;0000000000000;00000000;00000000;00000000;00000000;00000000;0000005140566;0000005203365;0000000000000;00062799;
20170130;DCO;*;G17 ;0000000000000;0000000000000;00000000;00000000;00000000;00000000;00000000;0000009856096;0000009971681;0000000000000;00115585;
20170130;DCO;*;H17 ;0000000000000;0000000000000;00000000;00000000;00000000;00000000;00000000;0000009843650;0000009959119;0000000000000;00115469;
20170130;DCO;*;J17 ;0000000000000;0000000000000;00000000;00000000;00000000;00000000;00000000;0000009828010;0000009943075;0000000000000;00115065;
20170130;DCO;*;J18 ;0000000000000;0000000000000;00000000;00000000;00000000;00000000;00000000;0000009588305;0000009699925;0000000000000;00111620;
20170130;DCO;*;J19 ;0000000000000;0000000000000;00000000;00000000;00000000;00000000;00000000;0000009276426;0000009387430;0000000000000;00111004;
20170130;DCO;*;J20 ;0000000000000;0000000000000;00000000;00000000;00000000;00000000;00000000;0000008903990;0000009013495;0000000000000;00109505;
20170130;DCO;*;J21 ;0000000000000;0000000000000;00000000;00000000;00000000;00000000;00000000;0000008476871;0000008571144;0000000000000;00094273;
20170130;DCO;*;K17 ;0000000000000;0000000000000;00000000;00000000;00000000;00000000;00000000;0000009812676;0000009927379;0000000000000;00114703;
20170130;DCO;*;M17 ;0000000000000;0000000000000;00000000;00000000;00000000;00000000;00000000;0000009795838;0000009910324;0000000000000;00114486;
20170130;DCO;*;N17 ;0000000000000;0000000000000;00000000;00000000;00000000;00000000;00000000;0000009779531;0000009893771;0000000000000;00114240;
20170130;DCO;*;N18 ;0000000000000;0000000000000;00000000;00000000;00000000;00000000;00000000;0000009516624;0000009627599;0000000000000;00110975;
20170130;DCO;*;N19 ;0000000000000;0000000000000;00000000;00000000;00000000;00000000;00000000;0000009187419;0000009295975;0000000000000;00108556;
20170130;DCO;*;N20 ;0000000000000;0000000000000;00000000;00000000;00000000;00000000;00000000;0000008798273;0000008901431;0000000000000;00103158;
20170130;DCO;*;N21 ;0000000000000;0000000000000;00000000;00000000;00000000;00000000;00000000;0000008365735;0000008457227;0000000000000;00091492;
20170130;DCO;*;Q17 ;0000000000000;0000000000000;00000000;00000000;00000000;00000000;00000000;0000009758422;0000009873262;0000000000000;00114840;
20170130;DCO;*;U17 ;0000000000000;0000000000000;00000000;00000000;00000000;00000000;00000000;0000009740597;0000009855623;0000000000000;00115026;
20170130;DCO;*;V17 ;0000000000000;0000000000000;00000000;00000000;00000000;00000000;00000000;0000009716966;0000009832257;0000000000000;00115291;
20170130;DCO;*;V18 ;0000000000000;0000000000000;00000000;00000000;00000000;00000000;00000000;0000009442521;0000009554179;0000000000000;00111658;
20170130;DCO;*;V19 ;0000000000000;0000000000000;00000000;00000000;00000000;00000000;00000000;0000009092273;0000009201644;0000000000000;00109371;
20170130;DCO;*;V20 ;0000000000000;0000000000000;00000000;00000000;00000000;00000000;00000000;0000008695610;0000008794441;0000000000000;00098831;
20170130;DCO;*;V21 ;0000000000000;0000000000000;00000000;00000000;00000000;00000000;00000000;0000008259296;0000008354397;0000000000000;00095101;
20170130;DCO;*;X17 ;0000000000000;0000000000000;00000000;00000000;00000000;00000000;00000000;0000009696317;0000009811554;0000000000000;00115237;
20170130;DCO;*;Z17 ;0000000000000;0000000000000;00000000;00000000;00000000;00000000;00000000;0000009675391;0000009789269;0000000000000;00113878;
20170130;DDI;*;F18 ;0000000000000;0000000000000;00229400;00000000;00000000;00000000;00000000;0000009652134;0000009764499;0000000177514;00112365;
20170130;DDI;*;F19 ;0000000000000;0000000000000;00104484;00000000;00000000;00000000;00000000;0000009359396;0000009471556;0000000177190;00112160;
20170130;DDI;*;F20 ;0000000000000;0000000000000;00088449;00000000;00000000;00000000;00000000;0000009006926;0000009111943;0000000165905;00105017;
20170130;DDI;*;F21 ;0000000000000;0000000000000;00093182;00000000;00000000;00000000;00000000;0000008592326;0000008689262;0000000153139;00096936;
20170130;DDI;*;F22 ;0000000000000;0000000000000;00037124;00000000;00000000;00000000;00000000;0000008167431;0000008259771;0000000145878;00092340;
20170130;DDI;*;F23 ;0000000000000;0000000000000;00027576;00000000;00000000;00000000;00000000;0000007761565;0000007850641;0000000140722;00089076;
20170130;DDI;*;F24 ;0000000000000;0000000000000;00025595;00000000;00000000;00000000;00000000;0000007344061;0000007428139;0000000132826;00084078;
20170130;DDI;*;F25 ;0000000000000;0000000000000;00017340;00000000;00000000;00000000;00000000;0000006918718;0000007000456;0000000129129;00081738;
20170130;DDI;*;F26 ;0000000000000;0000000000000;00014330;00000000;00000000;00000000;00000000;0000006514577;0000006589620;0000000118552;00075043;
20170130;DDI;*;F27 ;0000000000000;0000000000000;00009600;00000000;00000000;00000000;00000000;0000006125441;0000006197357;0000000113612;00071916;
20170130;DDI;*;F28 ;0000000000000;0000000000000;00000110;00000000;00000000;00000000;00000000;0000005779038;0000005851781;0000000114919;00072743;
20170130;DDI;*;F29 ;0000000000000;0000000000000;00000000;00000000;00000000;00000000;00000000;0000005454054;0000005520026;0000000000000;00065972;
20170130;DDI;*;F30 ;0000000000000;0000000000000;00000500;00000000;00000000;00000000;00000000;0000005150981;0000005213964;0000000099500;00062983;
20170130;DDI;*;G17 ;0003769923358;0001203832979;00302941;00016450;00016450;00023556;00023556;0000009856106;0000009971688;0000000182596;00115582;
20170130;DDI;*;H17 ;0000178081244;0000056865897;00578103;00000446;00000446;00001721;00001721;0000009843731;0000009959293;0000000182564;00115562;
20170130;DDI;*;J17 ;0000000000000;0000000000000;00276157;00000000;00000000;00000000;00000000;0000009828179;0000009943428;0000000182070;00115249;
20170130;DDI;*;J18 ;0000000000000;0000000000000;00054232;00000000;00000000;00000000;00000000;0000009589395;0000009702151;0000000178131;00112756;
20170130;DDI;*;J19 ;0000000000000;0000000000000;00042219;00000000;00000000;00000000;00000000;0000009280209;0000009391284;0000000175476;00111075;
20170130;DDI;*;J20 ;0000000000000;0000000000000;00020565;00000000;00000000;00000000;00000000;0000008909089;0000009018691;0000000173149;00109602;
20170130;DDI;*;J21 ;0000000000000;0000000000000;00005137;00000000;00000000;00000000;00000000;0000008482951;0000008577323;0000000149088;00094372;
20170130;DDI;*;K17 ;0000000000000;0000000000000;00105550;00000000;00000000;00000000;00000000;0000009812922;0000009927630;0000000181215;00114708;
20170130;DDI;*;M17 ;0000000000000;0000000000000;00080703;00000000;00000000;00000000;00000000;0000009796489;0000009910993;0000000180893;00114504;
20170130;DDI;*;N17 ;0000622145169;0000198666870;00269667;00000486;00000486;00000486;00000486;0000009780350;0000009894613;0000000180512;00114263;
20170130;DDI;*;N18 ;0000000000000;0000000000000;00047623;00000000;00000000;00000000;00000000;0000009519231;0000009630258;0000000175400;00111027;
20170130;DDI;*;N19 ;0000000000000;0000000000000;00053474;00000000;00000000;00000000;00000000;0000009191557;0000009300189;0000000171616;00108632;
20170130;DDI;*;N20 ;0000000000000;0000000000000;00030405;00000000;00000000;00000000;00000000;0000008803644;0000008906896;0000000163117;00103252;
20170130;DDI;*;N21 ;0000000000000;0000000000000;00004337;00000000;00000000;00000000;00000000;0000008372011;0000008463602;0000000144695;00091591;
20170130;DDI;*;Q17 ;0000000000000;0000000000000;00075514;00000000;00000000;00000000;00000000;0000009759390;0000009874256;0000000181465;00114866;
20170130;DDI;*;U17 ;0000000000000;0000000000000;00034895;00000000;00000000;00000000;00000000;0000009741725;0000009856779;0000000181762;00115054;
20170130;DDI;*;V17 ;0000000000000;0000000000000;00095632;00000000;00000000;00000000;00000000;0000009718252;0000009833572;0000000182182;00115320;
20170130;DDI;*;V18 ;0000000000000;0000000000000;00046398;00000000;00000000;00000000;00000000;0000009445539;0000009557255;0000000176488;00111716;
20170130;DDI;*;V19 ;0000000000000;0000000000000;00030784;00000000;00000000;00000000;00000000;0000009096748;0000009206204;0000000172918;00109456;
20170130;DDI;*;V20 ;0000000000000;0000000000000;00021624;00000000;00000000;00000000;00000000;0000008701243;0000008800168;0000000156281;00098925;
20170130;DDI;*;V21 ;0000000000000;0000000000000;00002042;00000000;00000000;00000000;00000000;0000008265763;0000008360973;0000000150412;00095210;
20170130;DDI;*;X17 ;0000000000000;0000000000000;00022489;00000000;00000000;00000000;00000000;0000009697753;0000009813025;0000000182106;00115272;
20170130;DDI;*;Z17 ;0000000000000;0000000000000;00011830;00000000;00000000;00000000;00000000;0000009676977;0000009790891;0000000179961;00113914;
20170130;DDM;*;K17 ;0000000000000;0000000000000;00000000;00000000;00000000;00000000;00000000;0000009897687;0000009825640;0000000000000;00072047;
20170130;DDM;*;K19 ;0000000000000;0000000000000;00000000;00000000;00000000;00000000;00000000;0000008779745;0000008750065;0000000000000;00029680;
20170130;DDM;*;K21 ;0000000000000;0000000000000;00000000;00000000;00000000;00000000;00000000;0000007843998;0000007837920;0000000000000;00006078;
20170130;DDM;*;Q18 ;0000000000000;0000000000000;00000000;00000000;00000000;00000000;00000000;0000009157859;0000009115276;0000000000000;00042583;
20170130;DDM;*;Q20 ;0000000000000;0000000000000;00000000;00000000;00000000;00000000;00000000;0000008184150;0000008166638;0000000000000;00017512;
20170130;DI1;*;F18 ;0005732627684;0001830574685;02336934;00010955;00010940;00010970;00010960;0000009099699;0000009100699;0000000001000;00001000;
20170130;DI1;*;F19 ;0007611784005;0002430637375;01581373;00010420;00010410;00010450;00010440;0000008282761;0000008286343;0000000003582;00003582;
20170130;DI1;*;F20 ;0002581166013;0000824232345;01007853;00010550;00010530;00010570;00010550;0000007472608;0000007481097;0000000008489;00008489;
20170130;DI1;*;F21 ;0006087827267;0001943999000;01443315;00010690;00010650;00010730;00010700;0000006726501;0000006741278;0000000014777;00014777;
20170130;DI1;*;F22 ;0000122988667;0000039273428;00073713;00010810;00010800;00010870;00010840;0000006043950;0000006063133;0000000019183;00019183;
20170130;DI1;*;F23 ;0000966597597;0000308659343;00641388;00010930;00010910;00010990;00010940;0000005423778;0000005444376;0000000020598;00020598;
20170130;DI1;*;F24 ;0000008544842;0000002728587;00047895;00010960;00010960;00011020;00010990;0000004878310;0000004904436;0000000026126;00026126;
20170130;DI1;*;F25 ;0000964380424;0000307951342;00526377;00011000;00010980;00011070;00011030;0000004380525;0000004405806;0000000025281;00025281;
20170130;DI1;*;F26 ;0000007101377;0000002267651;00065233;00011040;00011000;00011060;00011030;0000003943715;0000003966165;0000000022450;00022450;
20170130;DI1;*;F27 ;0000524372629;0000167445596;00288110;00011060;00011030;00011110;00011060;0000003545407;0000003567811;0000000022404;00022404;
20170130;DI1;*;F28 ;0000000000000;0000000000000;00000010;00000000;00000000;00000000;00000000;0000003188662;0000003212397;0000000023735;00023735;
20170130;DI1;*;F29 ;0000000000000;0000000000000;00003500;00000000;00000000;00000000;00000000;0000002870305;0000002894835;0000000024530;00024530;
20170130;DI1;*;F30 ;0000002582655;0000000824708;00000020;00011100;00011100;00011100;00011100;0000002582655;0000002597818;0000000015163;00015163;
20170130;DI1;*;G17 ;0000437079536;0000139570678;00934518;00012879;00012879;00012880;00012879;0000009990390;0000009990399;0000000000009;00000009;
20170130;DI1;*;H17 ;0003052169720;0000974635879;00436460;00012810;00012805;00012810;00012810;0000009904828;0000009904810;0000000000018;00000018;
20170130;DI1;*;J17 ;0009612450014;0003069501218;01915118;00012470;00012460;00012479;00012470;0000009801518;0000009801568;0000000000050;00000050;
20170130;DI1;*;J18 ;0000697285251;0000222661020;00765957;00010730;00010710;00010730;00010730;0000008894159;0000008895768;0000000001609;00001609;
20170130;DI1;*;J19 ;0001078374044;0000344352422;00136552;00010450;00010450;00010470;00010460;0000008081687;0000008085527;0000000003840;00003840;
20170130;DI1;*;J20 ;0000009826045;0000003137708;00073733;00010600;00010590;00010620;00010610;0000007279051;0000007288990;0000000009939;00009939;
20170130;DI1;*;J21 ;0000001310270;0000000418403;00025225;00010750;00010740;00010750;00010740;0000006553925;0000006569170;0000000015245;00015245;
20170130;DI1;*;K17 ;0000223648037;0000071416540;00127752;00012240;00012240;00012270;00012270;0000009723732;0000009724047;0000000000315;00000315;
20170130;DI1;*;M17 ;0000000963645;0000000307717;00102245;00011900;00011900;00011900;00011900;0000009634154;0000009632480;0000000001674;00001674;
20170130;DI1;*;N17 ;0002872420912;0000917237486;01247510;00011850;00011810;00011850;00011830;0000009549400;0000009549579;0000000000179;00000179;
20170130;DI1;*;N18 ;0001239100020;0000395676338;00594774;00010550;00010550;00010590;00010590;0000008687066;0000008689986;0000000002920;00002920;
20170130;DI1;*;N19 ;0000401256677;0000128131523;00435993;00010480;00010450;00010490;00010470;0000007883046;0000007888845;0000000005799;00005799;
20170130;DI1;*;N20 ;0001568514573;0000500866833;00750479;00010650;00010640;00010690;00010660;0000007091628;0000007103083;0000000011455;00011455;
20170130;DI1;*;N21 ;0000020432330;0000006524566;00044731;00010770;00010740;00010790;00010770;0000006382912;0000006398854;0000000015942;00015942;
20170130;DI1;*;N22 ;0000001713701;0000000547229;00004110;00010950;00010950;00010950;00010950;0000005729293;0000005749242;0000000019949;00019949;
20170130;DI1;*;N23 ;0000000000000;0000000000000;00003135;00000000;00000000;00000000;00000000;0000005144769;0000005168581;0000000023812;00023812;
20170130;DI1;*;N24 ;0000000000000;0000000000000;00001550;00000000;00000000;00000000;00000000;0000004628689;0000004654297;0000000025608;00025608;
20170130;DI1;*;Q17 ;0000047338150;0000015116282;00021973;00011660;00011660;00011660;00011660;0000009468345;0000009468461;0000000000116;00000116;
20170130;DI1;*;U17 ;0000000469109;0000000149799;00026057;00011470;00011470;00011470;00011470;0000009383323;0000009383648;0000000000325;00000325;
20170130;DI1;*;V17 ;0001495690265;0000477612168;00596251;00011325;00011310;00011330;00011320;0000009310033;0000009310826;0000000000793;00000793;
20170130;DI1;*;V18 ;0000927567327;0000296195979;00607464;00010500;00010470;00010500;00010490;0000008480879;0000008481605;0000000000726;00000726;
20170130;DI1;*;V19 ;0000011126048;0000003552832;00056512;00010500;00010500;00010510;00010510;0000007675517;0000007681703;0000000006186;00006186;
20170130;DI1;*;V20 ;0000009663700;0000003085867;00044298;00010690;00010680;00010690;00010680;0000006901911;0000006914997;0000000013086;00013086;
20170130;DI1;*;V21 ;0000002173850;0000000694166;00015301;00010780;00010780;00010810;00010810;0000006208360;0000006226046;0000000017686;00017686;
20170130;DI1;*;X17 ;0000000000000;0000000000000;00012617;00000000;00000000;00000000;00000000;0000009237100;0000009237975;0000000000875;00000875;
20170130;DI1;*;Z17 ;0000000458338;0000000146359;00006090;00011060;00011060;00011060;00011060;0000009168134;0000009169074;0000000000940;00000940;
20170130;DOL;*;F18 ;0000005875625;0000001876237;00003420;03357500;03357500;03357500;03357500;0000033514170;0000033900600;0000000193215;00386430;
20170130;DOL;*;F19 ;0000000000000;0000000000000;00000000;00000000;00000000;00000000;00000000;0000035703010;0000036115240;0000000000000;00412230;
20170130;DOL;*;F20 ;0000000000000;0000000000000;00000000;00000000;00000000;00000000;00000000;0000038083470;0000038483790;0000000000000;00400320;
20170130;DOL;*;F21 ;0000000000000;0000000000000;00003100;00000000;00000000;00000000;00000000;0000040360230;0000040726100;0000000182935;00365870;
20170130;DOL;*;F25 ;0000000000000;0000000000000;00000000;00000000;00000000;00000000;00000000;0000049903560;0000050203390;0000000000000;00299830;
20170130;DOL;*;G17 ;0040793174000;0013026304126;00445047;03141000;03114000;03154000;03126500;0000031171310;0000031536840;0000000182765;00365530;
20170130;DOL;*;H17 ;0002305759500;0000736288000;00275950;03174500;03136000;03176000;03151000;0000031401220;0000031769800;0000000184290;00368580;
20170130;DOL;*;J17 ;0000076245000;0000024346979;00007793;03181000;03175000;03181000;03175000;0000031681940;0000032053290;0000000185675;00371350;
20170130;DOL;*;J18 ;0000000000000;0000000000000;00000000;00000000;00000000;00000000;00000000;0000034065790;0000034460110;0000000000000;00394320;
20170130;DOL;*;J19 ;0000000000000;0000000000000;00000000;00000000;00000000;00000000;00000000;0000036281720;0000036698540;0000000000000;00416820;
20170130;DOL;*;K17 ;0000000797000;0000000254502;00000265;03188000;03188000;03188000;03188000;0000031885810;0000032257500;0000000185845;00371690;
20170130;DOL;*;M17 ;0000000000000;0000000000000;00000350;00000000;00000000;00000000;00000000;0000032128390;0000032509570;0000000190590;00381180;
20170130;DOL;*;N17 ;0000000000000;0000000000000;00017120;00000000;00000000;00000000;00000000;0000032360140;0000032737590;0000000188725;00377450;
20170130;DOL;*;N18 ;0000000000000;0000000000000;00000170;00000000;00000000;00000000;00000000;0000034622690;0000035014740;0000000196025;00392050;
20170130;DOL;*;N19 ;0000000000000;0000000000000;00000400;00000000;00000000;00000000;00000000;0000036840640;0000037248640;0000000204000;00408000;
20170130;DOL;*;N21 ;0000000000000;0000000000000;00000000;00000000;00000000;00000000;00000000;0000041442220;0000041791230;0000000000000;00349010;
20170130;DOL;*;Q17 ;0000000000000;0000000000000;00000270;00000000;00000000;00000000;00000000;0000032567220;0000032950120;0000000191450;00382900;
20170130;DOL;*;U17 ;0000000000000;0000000000000;00000790;00000000;00000000;00000000;00000000;0000032802830;0000033189090;0000000193130;00386260;
20170130;DOL;*;V17 ;0000000000000;0000000000000;00001035;00000000;00000000;00000000;00000000;0000032981400;0000033369920;0000000194260;00388520;
20170130;DOL;*;V18 ;0000000000000;0000000000000;00000000;00000000;00000000;00000000;00000000;0000035189890;0000035603050;0000000000000;00413160;
20170130;DOL;*;V19 ;0000000000000;0000000000000;00000000;00000000;00000000;00000000;00000000;0000037446450;0000037866500;0000000000000;00420050;
20170130;DOL;*;X17 ;0000000000000;0000000000000;00000000;00000000;00000000;00000000;00000000;0000033171690;0000033562800;0000000000000;00391110;
20170130;DOL;*;Z17 ;0000000000000;0000000000000;00000000;00000000;00000000;00000000;00000000;0000033349620;0000033738730;0000000000000;00389110;
20170130;DR1;*;G7H7;0000000000000;0000000000000;00000000;00023250;00022600;00023390;00023250;0000000000000;0000000000000;0000000000000;00000000;
20170130;DR1;*;G7J7;0000000000000;0000000000000;00000000;00050900;00050900;00050900;00050900;0000000000000;0000000000000;0000000000000;00000000;
20170130;ETH;*;F17 ;0000000000000;0000000000000;00001820;00000000;00000000;00000000;00000000;0000000181250;0000000181250;0000000000000;00000000;
20170130;ETH;*;G17 ;0000000000000;0000000000000;00000884;00000000;00000000;00000000;00000000;0000000190000;0000000190000;0000000000000;00000000;
20170130;ETH;*;H17 ;0000000000000;0000000000000;00000677;00000000;00000000;00000000;00000000;0000000190000;0000000190000;0000000000000;00000000;
20170130;ETH;*;J17 ;0000000000000;0000000000000;00000000;00000000;00000000;00000000;00000000;0000000155100;0000000155100;0000000000000;00000000;
20170130;ETH;*;K17 ;0000000000000;0000000000000;00000100;00000000;00000000;00000000;00000000;0000000161500;0000000161500;0000000000000;00000000;
20170130;ETH;*;M17 ;0000000000000;0000000000000;00000200;00000000;00000000;00000000;00000000;0000000161500;0000000161500;0000000000000;00000000;
20170130;ETH;*;N17 ;0000000000000;0000000000000;00000205;00000000;00000000;00000000;00000000;0000000165000;0000000165000;0000000000000;00000000;
20170130;ETH;*;Q17 ;0000000000000;0000000000000;00000205;00000000;00000000;00000000;00000000;0000000165000;0000000165000;0000000000000;00000000;
20170130;ETH;*;U17 ;0000000000000;0000000000000;00000000;00000000;00000000;00000000;00000000;0000000163000;0000000163000;0000000000000;00000000;
20170130;ETH;*;V17 ;0000000000000;0000000000000;00000000;00000000;00000000;00000000;00000000;0000000163000;0000000163000;0000000000000;00000000;
20170130;ETH;*;X17 ;0000000000000;0000000000000;00000000;00000000;00000000;00000000;00000000;0000000163000;0000000163000;0000000000000;00000000;
20170130;ETH;*;Z17 ;0000000000000;0000000000000;00000000;00000000;00000000;00000000;00000000;0000000165000;0000000165000;0000000000000;00000000;
20170130;EUR;*;G17 ;0000658684000;0000210334653;00005100;03361000;03328000;03361000;03338000;0000033333630;0000033696220;0000000181295;00362590;
20170130;EUR;*;H17 ;0000137060850;0000043767036;00011170;03399800;03356100;03399800;03365000;0000033609670;0000033975720;0000000183025;00366050;
20170130;EUR;*;J17 ;0000006800525;0000002171582;00001350;03400200;03400200;03400700;03400700;0000033950490;0000034321860;0000000185685;00371370;
20170130;EUR;*;K17 ;0000000000000;0000000000000;00000000;00000000;00000000;00000000;00000000;0000034216580;0000034588340;0000000000000;00371760;
20170130;EUR;*;N17 ;0000555538500;0000177397656;00000000;03483000;03483000;03483000;03483000;0000034837280;0000035214670;0000000188695;00377390;
20170130;EUR;*;V17 ;0000000000000;0000000000000;00000000;00000000;00000000;00000000;00000000;0000035684430;0000036076650;0000000000000;00392220;
20170130;FRC;*;F18 ;0000000000000;0000000000000;00000000;00000234;00000233;00000236;00000233;0000000000233;0000000000228;0000000000002;00000005;
20170130;FRC;*;F19 ;0000000000000;0000000000000;00000000;00000276;00000276;00000277;00000277;0000000000277;0000000000272;0000000000002;00000005;
20170130;FRC;*;F20 ;0000000000000;0000000000000;00000000;00000323;00000323;00000323;00000323;0000000000323;0000000000319;0000000000002;00000004;
20170130;FRC;*;F21 ;0000000000000;0000000000000;00000000;00000375;00000373;00000375;00000373;0000000000373;0000000000371;0000000000001;00000002;
20170130;FRC;*;F22 ;0000000000000;0000000000000;00000000;00000000;00000000;00000000;00000000;0000000000418;0000000000415;0000000000000;00000003;
20170130;FRC;*;F23 ;0000000000000;0000000000000;00000000;00000453;00000453;00000453;00000453;0000000000453;0000000000450;0000000000001;00000003;
20170130;FRC;*;F24 ;0000000000000;0000000000000;00000000;00000000;00000000;00000000;00000000;0000000000491;0000000000488;0000000000000;00000003;
20170130;FRC;*;F25 ;0000000000000;0000000000000;00000000;00000529;00000529;00000529;00000529;0000000000531;0000000000528;0000000000001;00000003;
20170130;FRC;*;F26 ;0000000000000;0000000000000;00000000;00000000;00000000;00000000;00000000;0000000000570;0000000000567;0000000000000;00000003;
20170130;FRC;*;F27 ;0000000000000;0000000000000;00000000;00000000;00000000;00000000;00000000;0000000000608;0000000000605;0000000000000;00000003;
20170130;FRC;*;F28 ;0000000000000;0000000000000;00000000;00000000;00000000;00000000;00000000;0000000000639;0000000000636;0000000000000;00000003;
20170130;FRC;*;F29 ;0000000000000;0000000000000;00000000;00000000;00000000;00000000;00000000;0000000000670;0000000000667;0000000000000;00000003;
20170130;FRC;*;F30 ;0000000000000;0000000000000;00000000;00000000;00000000;00000000;00000000;0000000000699;0000000000696;0000000000000;00000003;
20170130;FRC;*;J17 ;0000000000000;0000000000000;00000000;00000169;00000169;00000172;00000172;0000000000172;0000000000168;0000000000002;00000004;
20170130;FRC;*;J18 ;0000000000000;0000000000000;00000000;00000240;00000240;00000243;00000243;0000000000240;0000000000235;0000000000002;00000005;
20170130;FRC;*;J19 ;0000000000000;0000000000000;00000000;00000000;00000000;00000000;00000000;0000000000287;0000000000282;0000000000000;00000005;
20170130;FRC;*;J20 ;0000000000000;0000000000000;00000000;00000000;00000000;00000000;00000000;0000000000335;0000000000329;0000000000000;00000006;
20170130;FRC;*;J21 ;0000000000000;0000000000000;00000000;00000000;00000000;00000000;00000000;0000000000387;0000000000385;0000000000000;00000002;
20170130;FRC;*;K17 ;0000000000000;0000000000000;00000000;00000182;00000182;00000182;00000182;0000000000182;0000000000177;0000000000002;00000005;
20170130;FRC;*;M17 ;0000000000000;0000000000000;00000000;00000189;00000189;00000189;00000189;0000000000189;0000000000184;0000000000002;00000005;
20170130;FRC;*;N17 ;0000000000000;0000000000000;00000000;00000189;00000188;00000190;00000188;0000000000188;0000000000184;0000000000002;00000004;
20170130;FRC;*;N18 ;0000000000000;0000000000000;00000000;00000251;00000251;00000251;00000251;0000000000251;0000000000247;0000000000002;00000004;
20170130;FRC;*;N19 ;0000000000000;0000000000000;00000000;00000000;00000000;00000000;00000000;0000000000300;0000000000295;0000000000000;00000005;
20170130;FRC;*;N20 ;0000000000000;0000000000000;00000000;00000349;00000349;00000349;00000349;0000000000349;0000000000345;0000000000002;00000004;
20170130;FRC;*;N21 ;0000000000000;0000000000000;00000000;00000397;00000397;00000397;00000397;0000000000400;0000000000398;0000000000001;00000002;
20170130;FRC;*;Q17 ;0000000000000;0000000000000;00000000;00000203;00000203;00000203;00000203;0000000000203;0000000000196;0000000000003;00000007;
20170130;FRC;*;U17 ;0000000000000;0000000000000;00000000;00000000;00000000;00000000;00000000;0000000000205;0000000000198;0000000000000;00000007;
20170130;FRC;*;V17 ;0000000000000;0000000000000;00000000;00000214;00000214;00000216;00000216;0000000000216;0000000000208;0000000000004;00000008;
20170130;FRC;*;V18 ;0000000000000;0000000000000;00000000;00000262;00000262;00000262;00000262;0000000000262;0000000000257;0000000000002;00000005;
20170130;FRC;*;V19 ;0000000000000;0000000000000;00000000;00000000;00000000;00000000;00000000;0000000000313;0000000000308;0000000000000;00000005;
20170130;FRC;*;V20 ;0000000000000;0000000000000;00000000;00000000;00000000;00000000;00000000;0000000000361;0000000000358;0000000000000;00000003;
20170130;FRC;*;V21 ;0000000000000;0000000000000;00000000;00000000;00000000;00000000;00000000;0000000000410;0000000000407;0000000000000;00000003;
20170130;FRC;*;X17 ;0000000000000;0000000000000;00000000;00000000;00000000;00000000;00000000;0000000000221;0000000000213;0000000000000;00000008;
20170130;FRC;*;Z17 ;0000000000000;0000000000000;00000000;00000226;00000226;00000226;00000226;0000000000226;0000000000219;0000000000003;00000007;
20170130;FRO;*;F18 ;0000000000000;0000000000000;00000000;00000000;00000000;00000000;00000000;0000000000235;0000000000230;0000000000000;00000005;
20170130;FRO;*;F19 ;0000000000000;0000000000000;00000000;00000000;00000000;00000000;00000000;0000000000279;0000000000274;0000000000000;00000005;
20170130;FRO;*;F20 ;0000000000000;0000000000000;00000000;00000000;00000000;00000000;00000000;0000000000325;0000000000321;0000000000000;00000004;
20170130;FRO;*;F21 ;0000000000000;0000000000000;00000000;00000000;00000000;00000000;00000000;0000000000375;0000000000373;0000000000000;00000002;
20170130;FRO;*;F22 ;0000000000000;0000000000000;00000000;00000000;00000000;00000000;00000000;0000000000420;0000000000417;0000000000000;00000003;
20170130;FRO;*;F23 ;0000000000000;0000000000000;00000000;00000000;00000000;00000000;00000000;0000000000455;0000000000452;0000000000000;00000003;
20170130;FRO;*;F24 ;0000000000000;0000000000000;00000000;00000000;00000000;00000000;00000000;0000000000493;0000000000490;0000000000000;00000003;
20170130;FRO;*;F25 ;0000000000000;0000000000000;00000000;00000000;00000000;00000000;00000000;0000000000533;0000000000530;0000000000000;00000003;
20170130;FRO;*;F26 ;0000000000000;0000000000000;00000000;00000000;00000000;00000000;00000000;0000000000572;0000000000569;0000000000000;00000003;
20170130;FRO;*;F27 ;0000000000000;0000000000000;00000000;00000000;00000000;00000000;00000000;0000000000611;0000000000608;0000000000000;00000003;
20170130;FRO;*;F28 ;0000000000000;0000000000000;00000000;00000000;00000000;00000000;00000000;0000000000642;0000000000639;0000000000000;00000003;
20170130;FRO;*;F29 ;0000000000000;0000000000000;00000000;00000000;00000000;00000000;00000000;0000000000673;0000000000670;0000000000000;00000003;
20170130;FRO;*;F30 ;0000000000000;0000000000000;00000000;00000000;00000000;00000000;00000000;0000000000702;0000000000699;0000000000000;00000003;
20170130;FRO;*;J17 ;0000000000000;0000000000000;00000000;00000000;00000000;00000000;00000000;0000000000174;0000000000170;0000000000000;00000004;
20170130;FRO;*;J18 ;0000000000000;0000000000000;00000000;00000000;00000000;00000000;00000000;0000000000242;0000000000237;0000000000000;00000005;
20170130;FRO;*;J19 ;0000000000000;0000000000000;00000000;00000000;00000000;00000000;00000000;0000000000289;0000000000284;0000000000000;00000005;
20170130;FRO;*;J20 ;0000000000000;0000000000000;00000000;00000000;00000000;00000000;00000000;0000000000337;0000000000331;0000000000000;00000006;
20170130;FRO;*;J21 ;0000000000000;0000000000000;00000000;00000000;00000000;00000000;00000000;0000000000389;0000000000387;0000000000000;00000002;
20170130;FRO;*;K17 ;0000000000000;0000000000000;00000000;00000000;00000000;00000000;00000000;0000000000184;0000000000179;0000000000000;00000005;
20170130;FRO;*;M17 ;0000000000000;0000000000000;00000000;00000000;00000000;00000000;00000000;0000000000191;0000000000186;0000000000000;00000005;
20170130;FRO;*;N17 ;0000000000000;0000000000000;00000000;00000000;00000000;00000000;00000000;0000000000190;0000000000186;0000000000000;00000004;
20170130;FRO;*;N18 ;0000000000000;0000000000000;00000000;00000000;00000000;00000000;00000000;0000000000253;0000000000249;0000000000000;00000004;
20170130;FRO;*;N19 ;0000000000000;0000000000000;00000000;00000000;00000000;00000000;00000000;0000000000302;0000000000297;0000000000000;00000005;
20170130;FRO;*;N20 ;0000000000000;0000000000000;00000000;00000000;00000000;00000000;00000000;0000000000351;0000000000347;0000000000000;00000004;
20170130;FRO;*;N21 ;0000000000000;0000000000000;00000000;00000000;00000000;00000000;00000000;0000000000402;0000000000400;0000000000000;00000002;
20170130;FRO;*;Q17 ;0000000000000;0000000000000;00000000;00000000;00000000;00000000;00000000;0000000000205;0000000000198;0000000000000;00000007;
20170130;FRO;*;U17 ;0000000000000;0000000000000;00000000;00000000;00000000;00000000;00000000;0000000000207;0000000000200;0000000000000;00000007;
20170130;FRO;*;V17 ;0000000000000;0000000000000;00000000;00000000;00000000;00000000;00000000;0000000000218;0000000000210;0000000000000;00000008;
20170130;FRO;*;V18 ;0000000000000;0000000000000;00000000;00000000;00000000;00000000;00000000;0000000000264;0000000000259;0000000000000;00000005;
20170130;FRO;*;V19 ;0000000000000;0000000000000;00000000;00000000;00000000;00000000;00000000;0000000000315;0000000000310;0000000000000;00000005;
20170130;FRO;*;V20 ;0000000000000;0000000000000;00000000;00000000;00000000;00000000;00000000;0000000000363;0000000000360;0000000000000;00000003;
20170130;FRO;*;V21 ;0000000000000;0000000000000;00000000;00000000;00000000;00000000;00000000;0000000000412;0000000000409;0000000000000;00000003;
20170130;FRO;*;X17 ;0000000000000;0000000000000;00000000;00000000;00000000;00000000;00000000;0000000000223;0000000000215;0000000000000;00000008;
20170130;FRO;*;Z17 ;0000000000000;0000000000000;00000000;00000000;00000000;00000000;00000000;0000000000228;0000000000221;0000000000000;00000007;
20170130;FRP;*;FRP0;0000000000000;0000000000000;00000000;00002420;00002390;00002430;00002400;0000000000000;0000000000000;0000000000000;00000000;
20170130;GBP;*;G17 ;0000000000000;0000000000000;00000371;00000000;00000000;00000000;00000000;0000038902920;0000039543670;0000000224262;00640750;
20170130;GBP;*;H17 ;0000000000000;0000000000000;00000796;00000000;00000000;00000000;00000000;0000039205550;0000039851510;0000000226086;00645960;
20170130;GBP;*;J17 ;0000000000000;0000000000000;00000000;00000000;00000000;00000000;00000000;0000039576360;0000040229770;0000000000000;00653410;
20170130;HSI;*;F17 ;0000000000000;0000000000000;00000000;00000000;00000000;00000000;00000000;0000000023348;0000000023348;0000000000000;00000000;
20170130;HSI;*;G17 ;0000000000000;0000000000000;00000000;00000000;00000000;00000000;00000000;0000000023332;0000000023332;0000000000000;00000000;
20170130;HSI;*;H17 ;0000000000000;0000000000000;00000000;00000000;00000000;00000000;00000000;0000000023328;0000000023328;0000000000000;00000000;
20170130;IAP;*;G17 ;0000000000000;0000000000000;00000000;00000000;00000000;00000000;00000000;0000000479924;0000000479932;0000000000200;00000008;
20170130;IAP;*;H17 ;0000000000000;0000000000000;00000000;00000000;00000000;00000000;00000000;0000000481894;0000000481917;0000000000000;00000023;
20170130;IAP;*;J17 ;0000000000000;0000000000000;00000000;00000000;00000000;00000000;00000000;0000000484376;0000000484418;0000000000000;00000042;
20170130;IAP;*;K17 ;0000000000000;0000000000000;00000000;00000000;00000000;00000000;00000000;0000000486433;0000000486540;0000000000000;00000107;
20170130;IAP;*;K19 ;0000000000000;0000000000000;00000000;00000000;00000000;00000000;00000000;0000000528890;0000000529388;0000000000000;00000498;
20170130;IAP;*;K21 ;0000000000000;0000000000000;00000000;00000000;00000000;00000000;00000000;0000000582407;0000000582896;0000000000000;00000489;
20170130;IAP;*;Q18 ;0000000000000;0000000000000;00000000;00000000;00000000;00000000;00000000;0000000512125;0000000512483;0000000000000;00000358;
20170130;IAP;*;Q20 ;0000000000000;0000000000000;00000000;00000000;00000000;00000000;00000000;0000000562300;0000000562641;0000000000000;00000341;
20170130;IAP;*;Q22 ;0000000000000;0000000000000;00000000;00000000;00000000;00000000;00000000;0000000619207;0000000619611;0000000000000;00000404;
20170130;ICF;*;H17 ;0000012320380;0000003953655;00002857;00018300;00018010;00018300;00018115;0000000018190;0000000018350;0000000049859;00000160;
20170130;ICF;*;K17 ;0000000000000;0000000000000;00000100;00000000;00000000;00000000;00000000;0000000018535;0000000018695;0000000049859;00000160;
20170130;ICF;*;N17 ;0000000000000;0000000000000;00000000;00000000;00000000;00000000;00000000;0000000018770;0000000018920;0000000000000;00000150;
20170130;ICF;*;U17 ;0000005113856;0000001641055;00002529;00019000;00018995;00019100;00019095;0000000019065;0000000019220;0000000048301;00000155;
20170130;ICF;*;U18 ;0000000000000;0000000000000;00000294;00000000;00000000;00000000;00000000;0000000019525;0000000019685;0000000049859;00000160;
20170130;ICF;*;Z17 ;0000000000000;0000000000000;00000192;00000000;00000000;00000000;00000000;0000000019560;0000000019715;0000000048301;00000155;
20170130;ICF;*;Z18 ;0000000000000;0000000000000;00000029;00000000;00000000;00000000;00000000;0000000019815;0000000019970;0000000048301;00000155;
20170130;IGM;*;K17 ;0000000000000;0000000000000;00000000;00000000;00000000;00000000;00000000;0000000677049;0000000672099;0000000099000;00004950;
20170130;IGM;*;K19 ;0000000000000;0000000000000;00000000;00000000;00000000;00000000;00000000;0000000728715;0000000725852;0000000000000;00002863;
20170130;IGM;*;K21 ;0000000000000;0000000000000;00000000;00000000;00000000;00000000;00000000;0000000802884;0000000800367;0000000000000;00002517;
20170130;IGM;*;Q18 ;0000000000000;0000000000000;00000000;00000000;00000000;00000000;00000000;0000000707014;0000000703544;0000000000000;00003470;
20170130;IGM;*;Q20 ;0000000000000;0000000000000;00000000;00000000;00000000;00000000;00000000;0000000775020;0000000772034;0000000000000;00002986;
20170130;IND;*;G17 ;0005055641650;0001614395724;00259804;00066200;00064450;00066260;00064595;0000000064594;0000000066480;0000000188600;00001886;
20170130;IND;*;G18 ;0000000000000;0000000000000;00000000;00000000;00000000;00000000;00000000;0000000070645;0000000072698;0000000000000;00002053;
20170130;IND;*;J17 ;0000013508500;0000004313610;00014405;00066550;00065600;00066550;00065600;0000000065624;0000000067539;0000000191500;00001915;
20170130;IND;*;J18 ;0000000000000;0000000000000;00000000;00000000;00000000;00000000;00000000;0000000071692;0000000073769;0000000000000;00002077;
20170130;IND;*;M17 ;0000078436000;0000025046622;00021355;00069000;00067400;00069000;00067400;0000000066692;0000000068646;0000000195400;00001954;
20170130;IND;*;M18 ;0000000000000;0000000000000;00001080;00000000;00000000;00000000;00000000;0000000072606;0000000074704;0000000209800;00002098;
20170130;IND;*;Q17 ;0000000000000;0000000000000;00002350;00000000;00000000;00000000;00000000;0000000067808;0000000069786;0000000197800;00001978;
20170130;IND;*;Q18 ;0000000000000;0000000000000;00000000;00000000;00000000;00000000;00000000;0000000073708;0000000075844;0000000000000;00002136;
20170130;IND;*;V17 ;0000000000000;0000000000000;00000950;00000000;00000000;00000000;00000000;0000000068791;0000000070793;0000000200200;00002002;
20170130;IND;*;V18 ;0000000000000;0000000000000;00000000;00000000;00000000;00000000;00000000;0000000074783;0000000076955;0000000000000;00002172;
20170130;IND;*;Z17 ;0000029526000;0000009428407;00008830;00070300;00070300;00070300;00070300;0000000069684;0000000071711;0000000202700;00002027;
20170130;IND;*;Z18 ;0000000000000;0000000000000;00000000;00000000;00000000;00000000;00000000;0000000075758;0000000077942;0000000000000;00002184;
20170130;IR1;*;G7J7;0000000000000;0000000000000;00000000;00000000;00000000;00000000;00000000;0000000000000;0000000000000;0000000000000;00000000;
20170130;ISP;*;H17 ;0000137041087;0000043976987;00002455;00228250;00226400;00228325;00227200;0000000227200;0000000228925;0000000268772;00001725;
20170130;ISP;*;M17 ;0000000000000;0000000000000;00000010;00000000;00000000;00000000;00000000;0000000226700;0000000228400;0000000264877;00001700;
20170130;ISP;*;U17 ;0000000000000;0000000000000;00000000;00000000;00000000;00000000;00000000;0000000226275;0000000227975;0000000000000;00001700;
20170130;ISP;*;Z17 ;0000000000000;0000000000000;00000000;00000000;00000000;00000000;00000000;0000000225925;0000000227625;0000000000000;00001700;
20170130;JPY;*;G17 ;0000013736475;0000004386408;00000311;02733900;02733900;02748000;02748000;0000027440700;0000027374000;0000000033350;00066700;
20170130;JPY;*;H17 ;0000021447325;0000006848680;00000861;02770900;02753000;02770900;02768300;0000027660000;0000027593100;0000000033450;00066900;
20170130;JPY;*;J17 ;0000000699050;0000000223225;00001716;02796200;02796200;02796200;02796200;0000027932000;0000027865800;0000000033100;00066200;
20170130;JPY;*;K17 ;0000000000000;0000000000000;00000000;00000000;00000000;00000000;00000000;0000028145100;0000028077100;0000000000000;00068000;
20170130;JSE;*;H17 ;0000000000000;0000000000000;00000000;00000000;00000000;00000000;00000000;0000000046150;0000000046510;0000000000000;00000360;
20170130;JSE;*;M17 ;0000000000000;0000000000000;00000000;00000000;00000000;00000000;00000000;0000000046719;0000000047069;0000000000000;00000350;
20170130;MIX;*;H17 ;0000000000000;0000000000000;00000000;00000000;00000000;00000000;00000000;0000000002259;0000000002291;0000000000000;00000032;
20170130;MIX;*;M17 ;0000000000000;0000000000000;00000000;00000000;00000000;00000000;00000000;0000000002295;0000000002327;0000000000000;00000032;
20170130;MXN;*;G17 ;0000033772500;0000010784423;00000227;01501000;01501000;01501000;01501000;0000015005030;0000015039930;0000000026175;00034900;
20170130;MXN;*;H17 ;0000034065967;0000010878135;00000026;01508000;01502700;01508000;01502700;0000015052670;0000015088030;0000000026520;00035360;
20170130;MXN;*;J17 ;0000000000000;0000000000000;00000037;00000000;00000000;00000000;00000000;0000015111230;0000015146310;0000000026310;00035080;
20170130;NZD;*;G17 ;0000004260000;0000001360327;00000037;02272000;02272000;02272000;02272000;0000022716670;0000022877760;0000000120817;00161090;
20170130;NZD;*;H17 ;0000004285875;0000001368590;00000025;02285800;02285800;02285800;02285800;0000022866270;0000023026700;0000000120322;00160430;
20170130;NZD;*;J17 ;0000000000000;0000000000000;00000025;00000000;00000000;00000000;00000000;0000023044380;0000023202760;0000000118785;00158380;
20170130;OC1;*;F18 ;0000000000000;0000000000000;00000000;00000000;00000000;00000000;00000000;0000009098358;0000009099357;0000000000000;00000999;
20170130;OC1;*;F19 ;0000000000000;0000000000000;00000000;00000000;00000000;00000000;00000000;0000008280338;0000008283919;0000000000000;00003581;
20170130;OC1;*;F20 ;0000000000000;0000000000000;00000000;00000000;00000000;00000000;00000000;0000007469271;0000007477756;0000000000000;00008485;
20170130;OC1;*;F21 ;0000000000000;0000000000000;00000000;00000000;00000000;00000000;00000000;0000006722474;0000006737239;0000000000000;00014765;
20170130;OC1;*;F22 ;0000000000000;0000000000000;00000000;00000000;00000000;00000000;00000000;0000006039145;0000006058311;0000000000000;00019166;
20170130;OC1;*;F23 ;0000000000000;0000000000000;00000000;00000000;00000000;00000000;00000000;0000005418595;0000005439171;0000000000000;00020576;
20170130;OC1;*;F24 ;0000000000000;0000000000000;00000000;00000000;00000000;00000000;00000000;0000004872869;0000004898963;0000000000000;00026094;
20170130;OC1;*;F25 ;0000000000000;0000000000000;00000000;00000000;00000000;00000000;00000000;0000004374927;0000004400172;0000000000000;00025245;
20170130;OC1;*;F26 ;0000000000000;0000000000000;00000000;00000000;00000000;00000000;00000000;0000003938034;0000003960448;0000000000000;00022414;
20170130;OC1;*;F27 ;0000000000000;0000000000000;00000000;00000000;00000000;00000000;00000000;0000003539732;0000003562096;0000000000000;00022364;
20170130;OC1;*;F28 ;0000000000000;0000000000000;00000000;00000000;00000000;00000000;00000000;0000003183045;0000003206734;0000000000000;00023689;
20170130;OC1;*;F29 ;0000000000000;0000000000000;00000000;00000000;00000000;00000000;00000000;0000002864791;0000002889270;0000000000000;00024479;
20170130;OC1;*;F30 ;0000000000000;0000000000000;00000000;00000000;00000000;00000000;00000000;0000002577280;0000002592410;0000000000000;00015130;
20170130;OC1;*;G17 ;0000000000000;0000000000000;00010000;00000000;00000000;00000000;00000000;0000009990376;0000009990385;0000000000009;00000009;
20170130;OC1;*;H17 ;0000000000000;0000000000000;00000000;00000000;00000000;00000000;00000000;0000009904689;0000009904671;0000000000000;00000018;
20170130;OC1;*;J17 ;0000000000000;0000000000000;00029800;00000000;00000000;00000000;00000000;0000009801220;0000009801271;0000000000051;00000051;
20170130;OC1;*;J18 ;0000000000000;0000000000000;00000000;00000000;00000000;00000000;00000000;0000008892588;0000008894197;0000000000000;00001609;
20170130;OC1;*;J19 ;0000000000000;0000000000000;00000000;00000000;00000000;00000000;00000000;0000008079022;0000008082861;0000000000000;00003839;
20170130;OC1;*;J20 ;0000000000000;0000000000000;00000000;00000000;00000000;00000000;00000000;0000007275527;0000007285460;0000000000000;00009933;
20170130;OC1;*;J21 ;0000000000000;0000000000000;00000000;00000000;00000000;00000000;00000000;0000006549758;0000006564992;0000000000000;00015234;
20170130;OC1;*;K17 ;0000000000000;0000000000000;00000000;00000000;00000000;00000000;00000000;0000009723334;0000009723628;0000000000000;00000294;
20170130;OC1;*;M17 ;0000000000000;0000000000000;00000000;00000000;00000000;00000000;00000000;0000009633615;0000009631943;0000000000000;00001672;
20170130;OC1;*;N17 ;0000000000000;0000000000000;00000000;00000000;00000000;00000000;00000000;0000009548730;0000009548910;0000000000000;00000180;
20170130;OC1;*;N18 ;0000000000000;0000000000000;00000000;00000000;00000000;00000000;00000000;0000008685196;0000008688115;0000000000000;00002919;
20170130;OC1;*;N19 ;0000000000000;0000000000000;00000000;00000000;00000000;00000000;00000000;0000007880148;0000007885946;0000000000000;00005798;
20170130;OC1;*;N20 ;0000000000000;0000000000000;00000000;00000000;00000000;00000000;00000000;0000007087933;0000007099381;0000000000000;00011448;
20170130;OC1;*;N21 ;0000000000000;0000000000000;00000000;00000000;00000000;00000000;00000000;0000006378615;0000006394290;0000000000000;00015675;
20170130;OC1;*;N22 ;0000000000000;0000000000000;00000000;00000000;00000000;00000000;00000000;0000005724284;0000005744213;0000000000000;00019929;
20170130;OC1;*;N23 ;0000000000000;0000000000000;00000000;00000000;00000000;00000000;00000000;0000005139444;0000005163227;0000000000000;00023783;
20170130;OC1;*;N24 ;0000000000000;0000000000000;00000000;00000000;00000000;00000000;00000000;0000004623159;0000004648732;0000000000000;00025573;
20170130;OC1;*;Q17 ;0000000000000;0000000000000;00000000;00000000;00000000;00000000;00000000;0000009467545;0000009467662;0000000000000;00000117;
20170130;OC1;*;U17 ;0000000000000;0000000000000;00000000;00000000;00000000;00000000;00000000;0000009382433;0000009382710;0000000000000;00000277;
20170130;OC1;*;V17 ;0000000000000;0000000000000;00000000;00000000;00000000;00000000;00000000;0000009309029;0000009309824;0000000000000;00000795;
20170130;OC1;*;V18 ;0000000000000;0000000000000;00000000;00000000;00000000;00000000;00000000;0000008478720;0000008479447;0000000000000;00000727;
20170130;OC1;*;V19 ;0000000000000;0000000000000;00000000;00000000;00000000;00000000;00000000;0000007672388;0000007678570;0000000000000;00006182;
20170130;OC1;*;V20 ;0000000000000;0000000000000;00000000;00000000;00000000;00000000;00000000;0000006898043;0000006911119;0000000000000;00013076;
20170130;OC1;*;V21 ;0000000000000;0000000000000;00000000;00000000;00000000;00000000;00000000;0000006203935;0000006221345;0000000000000;00017410;
20170130;OC1;*;X17 ;0000000000000;0000000000000;00000000;00000000;00000000;00000000;00000000;0000009235979;0000009236854;0000000000000;00000875;
20170130;OC1;*;Z17 ;0000000000000;0000000000000;00000000;00000000;00000000;00000000;00000000;0000009166901;0000009167842;0000000000000;00000941;
20170130;OZ1;*;0000;0000001097458;0000000350446;00000000;00119600;00118450;00119600;00118450;0000000118763;0000000119308;0000000000000;00001550;
20170130;OZ1;*;G17 ;0000000000000;0000000000000;00000000;00000000;00000000;00000000;00000000;0000000118507;0000000120115;0000000000000;00001608;
20170130;OZ1;*;H17 ;0000000000000;0000000000000;00000000;00000000;00000000;00000000;00000000;0000000119531;0000000121154;0000000000000;00001623;
20170130;OZ2;*;0000;0000000023919;0000000007638;00000000;00120000;00119500;00120000;00119500;0000000119717;0000000119505;0000000000000;00000000;
20170130;OZ3;*;0000;0000000001782;0000000000569;00000000;00118000;00118000;00119000;00119000;0000000118233;0000000119273;0000000000000;00000500;
20170130;SCS;*;G701;0000000000000;0000000000000;00128620;00000000;00000000;00000000;00000000;0000000000000;0000000000000;0000000000000;00000000;
20170130;SCS;*;H701;0000000000000;0000000000000;00139075;00000000;00000000;00000000;00000000;0000000000000;0000000000000;0000000000000;00000000;
20170130;SCS;*;J703;0000000000000;0000000000000;00194220;00000000;00000000;00000000;00000000;0000000000000;0000000000000;0000000000000;00000000;
20170130;SCS;*;K702;0000000000000;0000000000000;00069255;00000000;00000000;00000000;00000000;0000000000000;0000000000000;0000000000000;00000000;
20170130;SFI;*;K17 ;0000000000000;0000000000000;00000000;00000000;00000000;00000000;00000000;0000000002210;0000000002266;0000000000000;00000056;
20170130;SFI;*;N17 ;0000000000000;0000000000000;00000000;00000000;00000000;00000000;00000000;0000000002222;0000000002275;0000000000000;00000053;
20170130;SFI;*;X17 ;0000000000000;0000000000000;00000000;00000000;00000000;00000000;00000000;0000000002142;0000000002187;0000000000000;00000045;
20170130;SJC;*;F18 ;0000000000000;0000000000000;00000000;00000000;00000000;00000000;00000000;0000000222167;0000000226576;0000000000000;00004409;
20170130;SJC;*;H17 ;0000001775957;0000000569911;00000510;00002290;00002247;00002290;00002252;0000000225474;0000000231316;0000000081921;00005842;
20170130;SJC;*;K17 ;0000010968544;0000003519846;00001515;00002313;00002271;00002313;00002279;0000000227679;0000000233410;0000000080365;00005731;
20170130;SJC;*;K18 ;0000000000000;0000000000000;00000000;00000000;00000000;00000000;00000000;0000000222002;0000000225915;0000000000000;00003913;
20170130;SJC;*;N17 ;0000000000000;0000000000000;00000078;00000000;00000000;00000000;00000000;0000000229387;0000000234899;0000000077294;00005512;
20170130;SJC;*;Q17 ;0000000000000;0000000000000;00000000;00000000;00000000;00000000;00000000;0000000228946;0000000234292;0000000000000;00005346;
20170130;SJC;*;U17 ;0000000000000;0000000000000;00000000;00000000;00000000;00000000;00000000;0000000224978;0000000230049;0000000000000;00005071;
20170130;SJC;*;X17 ;0000000000000;0000000000000;00000010;00000000;00000000;00000000;00000000;0000000221340;0000000226025;0000000065697;00004685;
20170130;TRY;*;G17 ;0000000000000;0000000000000;00000003;00000000;00000000;00000000;00000000;0000008235700;0000008136440;0000000074445;00099260;
20170130;TRY;*;H17 ;0000000000000;0000000000000;00000235;00000000;00000000;00000000;00000000;0000008234190;0000008136690;0000000073125;00097500;
20170130;TRY;*;J17 ;0000000000000;0000000000000;00000000;00000000;00000000;00000000;00000000;0000008234830;0000008128970;0000000000000;00105860;
20170130;T10;*;H17 ;0000008163038;0000002606667;00002508;00124109;00124109;00124172;00124172;0000001242187;0000001241718;0000000014687;00000469;
20170130;T10;*;M17 ;0000000000000;0000000000000;00000000;00000000;00000000;00000000;00000000;0000001236562;0000001236093;0000000000000;00000469;
20170130;WDO;*;F18 ;0000000000000;0000000000000;00000000;00000000;00000000;00000000;00000000;0000033514170;0000033900600;0000000000000;00386430;
20170130;WDO;*;F19 ;0000000000000;0000000000000;00000000;00000000;00000000;00000000;00000000;0000035703010;0000036115240;0000000000000;00412230;
20170130;WDO;*;F20 ;0000000000000;0000000000000;00000000;00000000;00000000;00000000;00000000;0000038083470;0000038483790;0000000000000;00400320;
20170130;WDO;*;F21 ;0000000000000;0000000000000;00000000;00000000;00000000;00000000;00000000;0000040360230;0000040726100;0000000000000;00365870;
20170130;WDO;*;F25 ;0000000000000;0000000000000;00000000;00000000;00000000;00000000;00000000;0000049903560;0000050203390;0000000000000;00299830;
20170130;WDO;*;G17 ;0011830246425;0003777700353;00036106;03142000;03113500;03154000;03127500;0000031171310;0000031536840;0000000036553;00365530;
20170130;WDO;*;H17 ;0000119536045;0000038170917;00003425;03165500;03137500;03178000;03149000;0000031401220;0000031769800;0000000036858;00368580;
20170130;WDO;*;J17 ;0000000000000;0000000000000;00000014;00000000;00000000;00000000;00000000;0000031681940;0000032053290;0000000037135;00371350;
20170130;WDO;*;J18 ;0000000000000;0000000000000;00000000;00000000;00000000;00000000;00000000;0000034065790;0000034460110;0000000000000;00394320;
20170130;WDO;*;J19 ;0000000000000;0000000000000;00000000;00000000;00000000;00000000;00000000;0000036281720;0000036698540;0000000000000;00416820;
20170130;WDO;*;K17 ;0000000000000;0000000000000;00000017;00000000;00000000;00000000;00000000;0000031885810;0000032257500;0000000037169;00371690;
20170130;WDO;*;M17 ;0000000000000;0000000000000;00000000;00000000;00000000;00000000;00000000;0000032128390;0000032509570;0000000000000;00381180;
20170130;WDO;*;N17 ;0000000000000;0000000000000;00000006;00000000;00000000;00000000;00000000;0000032360140;0000032737590;0000000037745;00377450;
20170130;WDO;*;N18 ;0000000000000;0000000000000;00000000;00000000;00000000;00000000;00000000;0000034622690;0000035014740;0000000000000;00392050;
20170130;WDO;*;N19 ;0000000000000;0000000000000;00000000;00000000;00000000;00000000;00000000;0000036840640;0000037248640;0000000000000;00408000;
20170130;WDO;*;N21 ;0000000000000;0000000000000;00000000;00000000;00000000;00000000;00000000;0000041442220;0000041791230;0000000000000;00349010;
20170130;WDO;*;Q17 ;0000000000000;0000000000000;00000000;00000000;00000000;00000000;00000000;0000032567220;0000032950120;0000000000000;00382900;
20170130;WDO;*;U17 ;0000000000000;0000000000000;00000000;00000000;00000000;00000000;00000000;0000032802830;0000033189090;0000000000000;00386260;
20170130;WDO;*;V17 ;0000000000000;0000000000000;00000000;00000000;00000000;00000000;00000000;0000032981400;0000033369920;0000000000000;00388520;
20170130;WDO;*;V18 ;0000000000000;0000000000000;00000000;00000000;00000000;00000000;00000000;0000035189890;0000035603050;0000000000000;00413160;
20170130;WDO;*;V19 ;0000000000000;0000000000000;00000000;00000000;00000000;00000000;00000000;0000037446450;0000037866500;0000000000000;00420050;
20170130;WDO;*;X17 ;0000000000000;0000000000000;00000000;00000000;00000000;00000000;00000000;0000033171690;0000033562800;0000000000000;00391110;
20170130;WDO;*;Z17 ;0000000000000;0000000000000;00000000;00000000;00000000;00000000;00000000;0000033349620;0000033738730;0000000000000;00389110;
20170130;WD1;*;G7H7;0000000000000;0000000000000;00000000;00023290;00022510;00023800;00023800;0000000000000;0000000000000;0000000000000;00000000;
20170130;WEU;*;G17 ;0000000000000;0000000000000;00000000;00000000;00000000;00000000;00000000;0000033333630;0000033696220;0000000000000;00362590;
20170130;WEU;*;H17 ;0000000000000;0000000000000;00000000;00000000;00000000;00000000;00000000;0000033609670;0000033975720;0000000000000;00366050;
20170130;WEU;*;J17 ;0000000000000;0000000000000;00000000;00000000;00000000;00000000;00000000;0000033950490;0000034321860;0000000000000;00371370;
20170130;WEU;*;K17 ;0000000000000;0000000000000;00000000;00000000;00000000;00000000;00000000;0000034216580;0000034588340;0000000000000;00371760;
20170130;WEU;*;N17 ;0000000000000;0000000000000;00000000;00000000;00000000;00000000;00000000;0000034837280;0000035214670;0000000000000;00377390;
20170130;WEU;*;V17 ;0000000000000;0000000000000;00000000;00000000;00000000;00000000;00000000;0000035684430;0000036076650;0000000000000;00392220;
20170130;WIN;*;G17 ;0011866025140;0003789125412;00112512;00066200;00064460;00066290;00064570;0000000064594;0000000066480;0000000037720;00001886;
20170130;WIN;*;G18 ;0000000000000;0000000000000;00000000;00000000;00000000;00000000;00000000;0000000070645;0000000072698;0000000000000;00002053;
20170130;WIN;*;J17 ;0000000385069;0000000122962;00000086;00067100;00065500;00067100;00065750;0000000065624;0000000067539;0000000038300;00001915;
20170130;WIN;*;J18 ;0000000000000;0000000000000;00000000;00000000;00000000;00000000;00000000;0000000071692;0000000073769;0000000000000;00002077;
20170130;WIN;*;M17 ;0000000296125;0000000094560;00000000;00066435;00066435;00068095;00068095;0000000066692;0000000068646;0000000039080;00001954;
20170130;WIN;*;M18 ;0000000000000;0000000000000;00000000;00000000;00000000;00000000;00000000;0000000072606;0000000074704;0000000000000;00002098;
20170130;WIN;*;Q17 ;0000000000000;0000000000000;00000000;00000000;00000000;00000000;00000000;0000000067808;0000000069786;0000000000000;00001978;
20170130;WIN;*;Q18 ;0000000000000;0000000000000;00000000;00000000;00000000;00000000;00000000;0000000073708;0000000075844;0000000000000;00002136;
20170130;WIN;*;V17 ;0000000000000;0000000000000;00000000;00000000;00000000;00000000;00000000;0000000068791;0000000070793;0000000000000;00002002;
20170130;WIN;*;V18 ;0000000000000;0000000000000;00000000;00000000;00000000;00000000;00000000;0000000074783;0000000076955;0000000000000;00002172;
20170130;WIN;*;Z17 ;0000000000000;0000000000000;00000000;00000000;00000000;00000000;00000000;0000000069684;0000000071711;0000000000000;00002027;
20170130;WIN;*;Z18 ;0000000000000;0000000000000;00000000;00000000;00000000;00000000;00000000;0000000075758;0000000077942;0000000000000;00002184;
20170130;WTI;*;H17 ;0000000000000;0000000000000;00000480;00000000;00000000;00000000;00000000;0000000005263;0000000005317;0000000016827;00000054;
20170130;WTI;*;J17 ;0000000000000;0000000000000;00000000;00000000;00000000;00000000;00000000;0000000005324;0000000005375;0000000000000;00000051;
20170130;ZAR;*;G17 ;0000000000000;0000000000000;00000023;00000000;00000000;00000000;00000000;0000023011790;0000023359580;0000000121726;00347790;
20170130;ZAR;*;H17 ;0000000000000;0000000000000;00000021;00000000;00000000;00000000;00000000;0000023076310;0000023421400;0000000120781;00345090;
20170130;ZAR;*;J17 ;0000000000000;0000000000000;00000010;00000000;00000000;00000000;00000000;0000023134230;0000023469400;0000000117309;00335170;
