Data;Código do Contrato;Pregão;Vencimento;Volume(R$);Volume(U$);Número de contas em Aberto;Preço de Abertura;Preço Mínimo;Preço Máximo;Último Preço;Preço de Ajuste Atual; Preço de Ajuste Anterior;Valor de Ajuste por Contrato;Variação
20170630;AUD;*;N17 ;0000000000000;0000000000000;00000230;00000000;00000000;00000000;00000000;0000025375550;0000025368060;0000000004494;00007490;
20170630;AUD;*;Q17 ;0000018871674;0000005704514;00002380;02561000;02551000;02561000;02557000;0000025537010;0000025515480;0000000012918;00021530;
20170630;AUD;*;U17 ;0000032422740;0000009800719;00000011;02573200;02573200;02573300;02573300;0000025695450;0000025673920;0000000012918;00021530;
20170630;BGI;*;F18 ;0000000000000;0000000000000;00000000;00000000;00000000;00000000;00000000;0000000012325;0000000012323;0000000000000;00000002;
20170630;BGI;*;K18 ;0000000000000;0000000000000;00000070;00000000;00000000;00000000;00000000;0000000012594;0000000012601;0000000002310;00000007;
20170630;BGI;*;M17 ;0000006821212;0000002062347;00001116;00012775;00012755;00012775;00012760;0000000012748;0000000012789;0000000013530;00000041;
20170630;BGI;*;N17 ;0000001303344;0000000394057;00000709;00012330;00012330;00012398;00012350;0000000012363;0000000012352;0000000003630;00000011;
20170630;BGI;*;Q17 ;0000000407550;0000000123220;00000354;00012350;00012350;00012350;00012350;0000000012406;0000000012395;0000000003630;00000011;
20170630;BGI;*;U17 ;0000000122611;0000000037071;00000100;00012385;00012385;00012385;00012385;0000000012396;0000000012385;0000000003630;00000011;
20170630;BGI;*;V17 ;0000010263551;0000003103114;00004255;00012421;00012400;00012460;00012450;0000000012458;0000000012447;0000000003630;00000011;
20170630;BGI;*;V18 ;0000000000000;0000000000000;00000040;00000000;00000000;00000000;00000000;0000000013081;0000000013088;0000000002310;00000007;
20170630;BGI;*;X17 ;0000000000000;0000000000000;00000069;00000000;00000000;00000000;00000000;0000000012524;0000000012513;0000000003630;00000011;
20170630;BGI;*;Z17 ;0000000000000;0000000000000;00000003;00000000;00000000;00000000;00000000;0000000012565;0000000012554;0000000003630;00000011;
20170630;BRI;*;Q17 ;0000000955440;0000000288810;00000987;00010616;00010616;00010616;00010616;0000000010613;0000000010502;0000000111000;00000111;
20170630;BRI;*;V17 ;0000000000000;0000000000000;00000016;00000000;00000000;00000000;00000000;0000000010761;0000000010648;0000000113000;00000113;
20170630;BSE;*;N17 ;0000000000000;0000000000000;00000000;00000000;00000000;00000000;00000000;0000000031128;0000000031071;0000000000000;00000057;
20170630;BSE;*;Q17 ;0000000000000;0000000000000;00000000;00000000;00000000;00000000;00000000;0000000031398;0000000031340;0000000000000;00000058;
20170630;CAD;*;N17 ;0000000000000;0000000000000;00000108;00000000;00000000;00000000;00000000;0000025473170;0000025403570;0000000041760;00069600;
20170630;CAD;*;Q17 ;0000013246656;0000004004188;00000796;02567000;02567000;02575000;02567100;0000025659320;0000025575580;0000000050244;00083740;
20170630;CAD;*;U17 ;0000000000000;0000000000000;00000210;00000000;00000000;00000000;00000000;0000025840490;0000025760550;0000000047964;00079940;
20170630;CCM;*;F18 ;0000002930832;0000000886117;00001544;00002700;00002690;00002730;00002730;0000000002730;0000000002697;0000000014850;00000033;
20170630;CCM;*;H18 ;0000000131400;0000000039728;00000525;00002920;00002920;00002920;00002920;0000000002898;0000000002825;0000000032850;00000073;
20170630;CCM;*;K18 ;0000000000000;0000000000000;00000000;00000000;00000000;00000000;00000000;0000000002849;0000000002777;0000000000000;00000072;
20170630;CCM;*;N17 ;0000000448717;0000000135667;00001196;00002551;00002535;00002560;00002546;0000000002555;0000000002551;0000000001800;00000004;
20170630;CCM;*;N18 ;0000000000000;0000000000000;00000000;00000000;00000000;00000000;00000000;0000000002901;0000000002827;0000000000000;00000074;
20170630;CCM;*;U17 ;0000046477462;0000014052143;00023338;00002558;00002535;00002587;00002583;0000000002584;0000000002563;0000000009450;00000021;
20170630;CCM;*;U18 ;0000000000000;0000000000000;00000054;00000000;00000000;00000000;00000000;0000000002955;0000000002880;0000000033750;00000075;
20170630;CCM;*;X17 ;0000001347570;0000000407429;00002079;00002643;00002641;00002685;00002680;0000000002680;0000000002652;0000000012600;00000028;
20170630;CCM;*;X18 ;0000000000000;0000000000000;00000000;00000000;00000000;00000000;00000000;0000000003026;0000000002949;0000000000000;00000077;
20170630;CHF;*;N17 ;0000000000000;0000000000000;00000000;00000000;00000000;00000000;00000000;0000034544980;0000034555580;0000000000000;00010600;
20170630;CHF;*;Q17 ;0000000174005;0000000052598;00000072;03480100;03480100;03480100;03480100;0000034764120;0000034831250;0000000033565;00067130;
20170630;CHF;*;U17 ;0000000000000;0000000000000;00000160;00000000;00000000;00000000;00000000;0000035064410;0000035144160;0000000039875;00079750;
20170630;CLP;*;N17 ;0000000000000;0000000000000;00000047;00000000;00000000;00000000;00000000;0000049767950;0000049685000;0000000020737;00082950;
20170630;CLP;*;Q17 ;0000000000000;0000000000000;00000000;00000000;00000000;00000000;00000000;0000050070000;0000049938000;0000000000000;00132000;
20170630;CLP;*;U17 ;0000004446750;0000001344160;00000460;05082000;05082000;05082000;05082000;0000050356000;0000050218000;0000000034500;00138000;
20170630;CNY;*;N17 ;0000000000000;0000000000000;00000090;00000000;00000000;00000000;00000000;0000048797110;0000048687370;0000000038409;00109740;
20170630;CNY;*;Q17 ;0000000000000;0000000000000;00000000;00000000;00000000;00000000;00000000;0000048997960;0000048834560;0000000000000;00163400;
20170630;CNY;*;U17 ;0000000000000;0000000000000;00000000;00000000;00000000;00000000;00000000;0000049189570;0000049029420;0000000000000;00160150;
20170630;CR1;*;U7Z7;0000000000000;0000000000000;00000000;00000500;00000500;00000500;00000500;0000000000000;0000000000000;0000000000000;00000000;
20170630;DAP;*;F18 ;0000059446464;0000017969429;00027130;00000525;00000525;00000526;00000526;0000009729607;0000009726659;0000000003566;00002948;
20170630;DAP;*;F19 ;0000022459344;0000006788992;00000000;00000500;00000500;00000500;00000500;0000009289807;0000009290983;0000000001422;00001176;
20170630;DAP;*;K19 ;0000260461701;0000078732151;00042630;00000487;00000476;00000487;00000476;0000009174327;0000009155778;0000000022441;00018549;
20170630;DAP;*;K21 ;0000000000000;0000000000000;00013653;00000000;00000000;00000000;00000000;0000008144795;0000008123060;0000000026296;00021735;
20170630;DAP;*;K23 ;0000000000000;0000000000000;00012013;00000000;00000000;00000000;00000000;0000007257916;0000007247663;0000000012404;00010253;
20170630;DAP;*;N17 ;0000003008506;0000000909409;00005365;00001307;00001307;00001307;00001307;0000009946217;0000009947379;0000000001405;00001162;
20170630;DAP;*;Q17 ;0000000000000;0000000000000;00001600;00000000;00000000;00000000;00000000;0000009883700;0000009883137;0000000000681;00000563;
20170630;DAP;*;Q18 ;0000539928723;0000163209214;00071845;00000489;00000475;00000489;00000480;0000009488876;0000009482366;0000000007876;00006510;
20170630;DAP;*;Q20 ;0000085986589;0000025991956;00006025;00000533;00000530;00000533;00000530;0000008514004;0000008501091;0000000015623;00012913;
20170630;DAP;*;Q22 ;0000000000000;0000000000000;00018701;00000000;00000000;00000000;00000000;0000007561524;0000007552427;0000000011006;00009097;
20170630;DAP;*;Q24 ;0000038631327;0000011677446;00008695;00000562;00000559;00000562;00000559;0000006793583;0000006786136;0000000009009;00007447;
20170630;DAP;*;Q26 ;0000000000000;0000000000000;00003874;00000000;00000000;00000000;00000000;0000006054224;0000006050493;0000000004514;00003731;
20170630;DAP;*;Q30 ;0000000000000;0000000000000;00000235;00000000;00000000;00000000;00000000;0000004875190;0000004870356;0000000005848;00004834;
20170630;DAP;*;U17 ;0000000000000;0000000000000;00000000;00000000;00000000;00000000;00000000;0000009831953;0000009830851;0000000000000;00001102;
20170630;DCO;*;F18 ;0000000000000;0000000000000;00000000;00000000;00000000;00000000;00000000;0000009919536;0000009915745;0000000000000;00003791;
20170630;DCO;*;F19 ;0000000000000;0000000000000;00000000;00000000;00000000;00000000;00000000;0000009651381;0000009655892;0000000000000;00004511;
20170630;DCO;*;F20 ;0000000000000;0000000000000;00000000;00000000;00000000;00000000;00000000;0000009341594;0000009346610;0000000000000;00005016;
20170630;DCO;*;F21 ;0000000000000;0000000000000;00000000;00000000;00000000;00000000;00000000;0000008978461;0000008988048;0000000000000;00009587;
20170630;DCO;*;F22 ;0000000000000;0000000000000;00000000;00000000;00000000;00000000;00000000;0000008595299;0000008601283;0000000000000;00005984;
20170630;DCO;*;F23 ;0000000000000;0000000000000;00000000;00000000;00000000;00000000;00000000;0000008161718;0000008175965;0000000000000;00014247;
20170630;DCO;*;F24 ;0000000000000;0000000000000;00000000;00000000;00000000;00000000;00000000;0000007732975;0000007745601;0000000000000;00012626;
20170630;DCO;*;F25 ;0000000000000;0000000000000;00000000;00000000;00000000;00000000;00000000;0000007334349;0000007349706;0000000000000;00015357;
20170630;DCO;*;F26 ;0000000000000;0000000000000;00000000;00000000;00000000;00000000;00000000;0000006951331;0000006969775;0000000000000;00018444;
20170630;DCO;*;F27 ;0000000000000;0000000000000;00000000;00000000;00000000;00000000;00000000;0000006573541;0000006590978;0000000000000;00017437;
20170630;DCO;*;F28 ;0000000000000;0000000000000;00000000;00000000;00000000;00000000;00000000;0000006223646;0000006240157;0000000000000;00016511;
20170630;DCO;*;F29 ;0000000000000;0000000000000;00000000;00000000;00000000;00000000;00000000;0000005880047;0000005899699;0000000000000;00019652;
20170630;DCO;*;F30 ;0000000000000;0000000000000;00000000;00000000;00000000;00000000;00000000;0000005560789;0000005579487;0000000000000;00018698;
20170630;DCO;*;G18 ;0000000000000;0000000000000;00000000;00000000;00000000;00000000;00000000;0000009902559;0000009899224;0000000000000;00003335;
20170630;DCO;*;H18 ;0000000000000;0000000000000;00000000;00000000;00000000;00000000;00000000;0000009882779;0000009880258;0000000000000;00002521;
20170630;DCO;*;J18 ;0000000000000;0000000000000;00000000;00000000;00000000;00000000;00000000;0000009860896;0000009858359;0000000000000;00002537;
20170630;DCO;*;J19 ;0000000000000;0000000000000;00000000;00000000;00000000;00000000;00000000;0000009582624;0000009585468;0000000000000;00002844;
20170630;DCO;*;J20 ;0000000000000;0000000000000;00000000;00000000;00000000;00000000;00000000;0000009259936;0000009265533;0000000000000;00005597;
20170630;DCO;*;J21 ;0000000000000;0000000000000;00000000;00000000;00000000;00000000;00000000;0000008892584;0000008901250;0000000000000;00008666;
20170630;DCO;*;J22 ;0000000000000;0000000000000;00000000;00000000;00000000;00000000;00000000;0000008503321;0000008508530;0000000000000;00005209;
20170630;DCO;*;K18 ;0000000000000;0000000000000;00000000;00000000;00000000;00000000;00000000;0000009840244;0000009838734;0000000000000;00001510;
20170630;DCO;*;M18 ;0000000000000;0000000000000;00000000;00000000;00000000;00000000;00000000;0000009817653;0000009816167;0000000000000;00001486;
20170630;DCO;*;N17 ;0000000000000;0000000000000;00000000;00000000;00000000;00000000;00000000;0000010035601;0000010025566;0000000000000;00010035;
20170630;DCO;*;N18 ;0000000000000;0000000000000;00000000;00000000;00000000;00000000;00000000;0000009796270;0000009795216;0000000000000;00001054;
20170630;DCO;*;N19 ;0000000000000;0000000000000;00000000;00000000;00000000;00000000;00000000;0000009507699;0000009511154;0000000000000;00003455;
20170630;DCO;*;N20 ;0000000000000;0000000000000;00000000;00000000;00000000;00000000;00000000;0000009170084;0000009174095;0000000000000;00004011;
20170630;DCO;*;N21 ;0000000000000;0000000000000;00000000;00000000;00000000;00000000;00000000;0000008799305;0000008807047;0000000000000;00007742;
20170630;DCO;*;N22 ;0000000000000;0000000000000;00000000;00000000;00000000;00000000;00000000;0000008386852;0000008394887;0000000000000;00008035;
20170630;DCO;*;Q17 ;0000000000000;0000000000000;00000000;00000000;00000000;00000000;00000000;0000010012282;0000010006418;0000000000000;00005864;
20170630;DCO;*;U17 ;0000000000000;0000000000000;00000000;00000000;00000000;00000000;00000000;0000009997201;0000009991634;0000000000000;00005567;
20170630;DCO;*;V17 ;0000000000000;0000000000000;00000000;00000000;00000000;00000000;00000000;0000009977855;0000009972514;0000000000000;00005341;
20170630;DCO;*;V18 ;0000000000000;0000000000000;00000000;00000000;00000000;00000000;00000000;0000009727732;0000009729784;0000000000000;00002052;
20170630;DCO;*;V19 ;0000000000000;0000000000000;00000000;00000000;00000000;00000000;00000000;0000009428786;0000009431684;0000000000000;00002898;
20170630;DCO;*;V20 ;0000000000000;0000000000000;00000000;00000000;00000000;00000000;00000000;0000009079392;0000009084586;0000000000000;00005194;
20170630;DCO;*;V21 ;0000000000000;0000000000000;00000000;00000000;00000000;00000000;00000000;0000008710334;0000008717177;0000000000000;00006843;
20170630;DCO;*;X17 ;0000000000000;0000000000000;00000000;00000000;00000000;00000000;00000000;0000009959862;0000009954241;0000000000000;00005621;
20170630;DCO;*;Z17 ;0000000000000;0000000000000;00000000;00000000;00000000;00000000;00000000;0000009941736;0000009937238;0000000000000;00004498;
20170630;DDI;*;F18 ;0000000000000;0000000000000;00432488;00000000;00000000;00000000;00000000;0000009920044;0000009916252;0000000006247;00003792;
20170630;DDI;*;F19 ;0000000000000;0000000000000;00115394;00000000;00000000;00000000;00000000;0000009652807;0000009657315;0000000007427;00004508;
20170630;DDI;*;F20 ;0000000000000;0000000000000;00097239;00000000;00000000;00000000;00000000;0000009343815;0000009348826;0000000008256;00005011;
20170630;DDI;*;F21 ;0000000000000;0000000000000;00092896;00000000;00000000;00000000;00000000;0000008981337;0000008990921;0000000015790;00009584;
20170630;DDI;*;F22 ;0000000000000;0000000000000;00035824;00000000;00000000;00000000;00000000;0000008598682;0000008604662;0000000009852;00005980;
20170630;DDI;*;F23 ;0000000000000;0000000000000;00029756;00000000;00000000;00000000;00000000;0000008169171;0000008183424;0000000023483;00014253;
20170630;DDI;*;F24 ;0000000000000;0000000000000;00034325;00000000;00000000;00000000;00000000;0000007740880;0000007753511;0000000020810;00012631;
20170630;DDI;*;F25 ;0000000000000;0000000000000;00021020;00000000;00000000;00000000;00000000;0000007342556;0000007357926;0000000025323;00015370;
20170630;DDI;*;F26 ;0000000000000;0000000000000;00013960;00000000;00000000;00000000;00000000;0000006959685;0000006978150;0000000030422;00018465;
20170630;DDI;*;F27 ;0000000000000;0000000000000;00011100;00000000;00000000;00000000;00000000;0000006581894;0000006599353;0000000028765;00017459;
20170630;DDI;*;F28 ;0000000000000;0000000000000;00000110;00000000;00000000;00000000;00000000;0000006231918;0000006248450;0000000027238;00016532;
20170630;DDI;*;F29 ;0000000000000;0000000000000;00000000;00000000;00000000;00000000;00000000;0000005888133;0000005907818;0000000000000;00019685;
20170630;DDI;*;F30 ;0000000000000;0000000000000;00000500;00000000;00000000;00000000;00000000;0000005568650;0000005587378;0000000030856;00018728;
20170630;DDI;*;G18 ;0000000000000;0000000000000;00037440;00000000;00000000;00000000;00000000;0000009903147;0000009899810;0000000005498;00003337;
20170630;DDI;*;H18 ;0000000000000;0000000000000;00022030;00000000;00000000;00000000;00000000;0000009883441;0000009880918;0000000004156;00002523;
20170630;DDI;*;J18 ;0000325551520;0000098407448;00098044;00000159;00000159;00000159;00000159;0000009861641;0000009859102;0000000004183;00002539;
20170630;DDI;*;J19 ;0000000000000;0000000000000;00049340;00000000;00000000;00000000;00000000;0000009584256;0000009587097;0000000004680;00002841;
20170630;DDI;*;J20 ;0000000000000;0000000000000;00027835;00000000;00000000;00000000;00000000;0000009262332;0000009267926;0000000009216;00005594;
20170630;DDI;*;J21 ;0000000000000;0000000000000;00006137;00000000;00000000;00000000;00000000;0000008895597;0000008904259;0000000014271;00008662;
20170630;DDI;*;J22 ;0000000000000;0000000000000;00000640;00000000;00000000;00000000;00000000;0000008506809;0000008512012;0000000008572;00005203;
20170630;DDI;*;K18 ;0000324880680;0000098204667;00019770;00000168;00000168;00000168;00000168;0000009841067;0000009839554;0000000002492;00001513;
20170630;DDI;*;M18 ;0000000000000;0000000000000;00010670;00000000;00000000;00000000;00000000;0000009818553;0000009817065;0000000002451;00001488;
20170630;DDI;*;N17 ;0000000000000;0000000000000;00383565;00000000;00000000;00000000;00000000;0000010035601;0000010025574;0000000016520;00010027;
20170630;DDI;*;N18 ;0000403548675;0000121984365;00110157;00000203;00000203;00000203;00000203;0000009797249;0000009796191;0000000001743;00001058;
20170630;DDI;*;N19 ;0000000000000;0000000000000;00057894;00000000;00000000;00000000;00000000;0000009509535;0000009512986;0000000005685;00003451;
20170630;DDI;*;N20 ;0000000000000;0000000000000;00045735;00000000;00000000;00000000;00000000;0000009172648;0000009176653;0000000006598;00004005;
20170630;DDI;*;N21 ;0000000000000;0000000000000;00006040;00000000;00000000;00000000;00000000;0000008802451;0000008810189;0000000012749;00007738;
20170630;DDI;*;N22 ;0000000000000;0000000000000;00001180;00000000;00000000;00000000;00000000;0000008390423;0000008398454;0000000013231;00008031;
20170630;DDI;*;Q17 ;0000404161359;0000122169566;00588031;00000139;00000139;00000139;00000139;0000010012371;0000010006506;0000000009663;00005865;
20170630;DDI;*;U17 ;0000000000000;0000000000000;00181010;00000000;00000000;00000000;00000000;0000009997376;0000009991808;0000000009173;00005568;
20170630;DDI;*;V17 ;0000082375695;0000024900458;00271514;00000002;00000002;00000002;00000002;0000009978115;0000009972773;0000000008801;00005342;
20170630;DDI;*;V18 ;0000000000000;0000000000000;00065358;00000000;00000000;00000000;00000000;0000009728936;0000009730984;0000000003374;00002048;
20170630;DDI;*;V19 ;0000000000000;0000000000000;00036804;00000000;00000000;00000000;00000000;0000009430819;0000009433712;0000000004766;00002893;
20170630;DDI;*;V20 ;0000000000000;0000000000000;00022910;00000000;00000000;00000000;00000000;0000009082116;0000009087304;0000000008547;00005188;
20170630;DDI;*;V21 ;0000000000000;0000000000000;00002102;00000000;00000000;00000000;00000000;0000008713610;0000008720450;0000000011269;00006840;
20170630;DDI;*;X17 ;0000000000000;0000000000000;00111170;00000000;00000000;00000000;00000000;0000009960203;0000009954581;0000000009262;00005622;
20170630;DDI;*;Z17 ;0000000000000;0000000000000;00084320;00000000;00000000;00000000;00000000;0000009942159;0000009937659;0000000007414;00004500;
20170630;DDM;*;K25 ;0000000000000;0000000000000;00000000;00000000;00000000;00000000;00000000;0000006522611;0000006516149;0000000000000;00006462;
20170630;DI1;*;F18 ;0015026814720;0004542293308;03671890;00008985;00008925;00008990;00008925;0000009580900;0000009579322;0000000001578;00001578;
20170630;DI1;*;F19 ;0014837308638;0004485009564;02170565;00008960;00008890;00008990;00008890;0000008804254;0000008794979;0000000009275;00009275;
20170630;DI1;*;F20 ;0007026937078;0002124096813;01595406;00009650;00009520;00009670;00009520;0000007962094;0000007945932;0000000016162;00016162;
20170630;DI1;*;F21 ;0013189749001;0003986986579;01295681;00010180;00010040;00010220;00010060;0000007150749;0000007128100;0000000022649;00022649;
20170630;DI1;*;F22 ;0000127621278;0000038577256;00097291;00010510;00010340;00010510;00010340;0000006424762;0000006393424;0000000031338;00031338;
20170630;DI1;*;F23 ;0002731565834;0000825695494;00680163;00010670;00010500;00010690;00010500;0000005772099;0000005743443;0000000028656;00028656;
20170630;DI1;*;F24 ;0000007531451;0000002276601;00056685;00010680;00010640;00010680;00010640;0000005197455;0000005164021;0000000033434;00033434;
20170630;DI1;*;F25 ;0001435311364;0000433864749;00573809;00010870;00010730;00010910;00010730;0000004659098;0000004627632;0000000031466;00031466;
20170630;DI1;*;F26 ;0000005850324;0000001768431;00062418;00010920;00010810;00010920;00010810;0000004185877;0000004160213;0000000025664;00025664;
20170630;DI1;*;F27 ;0000636408703;0000192373104;00376362;00011000;00010840;00011010;00010850;0000003761262;0000003732341;0000000028921;00028921;
20170630;DI1;*;F28 ;0000000000000;0000000000000;00000010;00000000;00000000;00000000;00000000;0000003377900;0000003349225;0000000028675;00028675;
20170630;DI1;*;F29 ;0000000000000;0000000000000;00004387;00000000;00000000;00000000;00000000;0000003039672;0000003011459;0000000028213;00028213;
20170630;DI1;*;F30 ;0000000000000;0000000000000;00000720;00000000;00000000;00000000;00000000;0000002725680;0000002698218;0000000027462;00027462;
20170630;DI1;*;G18 ;0000049944817;0000015097279;00032830;00008895;00008840;00008895;00008870;0000009512983;0000009510940;0000000002043;00002043;
20170630;DI1;*;H18 ;0000493647235;0000149219284;00017610;00008840;00008830;00008855;00008830;0000009457166;0000009454676;0000000002490;00002490;
20170630;DI1;*;J18 ;0002306983388;0000697353058;00737037;00008830;00008780;00008835;00008785;0000009393959;0000009390877;0000000003082;00003082;
20170630;DI1;*;J19 ;0002162450947;0000653663910;00550319;00009150;00009050;00009150;00009050;0000008603660;0000008593037;0000000010623;00010623;
20170630;DI1;*;J20 ;0000060054913;0000018153350;00077739;00009760;00009690;00009760;00009690;0000007758989;0000007741659;0000000017330;00017330;
20170630;DI1;*;J21 ;0000019465870;0000005884127;00031085;00010240;00010150;00010240;00010150;0000006963964;0000006942731;0000000021233;00021233;
20170630;DI1;*;J22 ;0000007192504;0000002174144;00001370;00010420;00010420;00010430;00010430;0000006257651;0000006226801;0000000030850;00030850;
20170630;DI1;*;K18 ;0000103077160;0000031158080;00020965;00008790;00008770;00008790;00008770;0000009329370;0000009325565;0000000003805;00003805;
20170630;DI1;*;M18 ;0000345504682;0000104438874;00007510;00008810;00008780;00008810;00008800;0000009266071;0000009261486;0000000004585;00004585;
20170630;DI1;*;N17 ;0003358712404;0001015268848;03031637;00010142;00010141;00010143;00010141;0000009996168;0000009996166;0000000000002;00000002;
20170630;DI1;*;N18 ;0005467617514;0001652746966;00732412;00008840;00008760;00008840;00008760;0000009199847;0000009194411;0000000005436;00005436;
20170630;DI1;*;N19 ;0000871804299;0000263528293;00477944;00009320;00009210;00009330;00009210;0000008396086;0000008382653;0000000013433;00013433;
20170630;DI1;*;N20 ;0002962116777;0000895386245;01283514;00009970;00009820;00009970;00009820;0000007555226;0000007536838;0000000018388;00018388;
20170630;DI1;*;N21 ;0000072774386;0000021998182;00059953;00010360;00010240;00010360;00010250;0000006779063;0000006752155;0000000026908;00026908;
20170630;DI1;*;N22 ;0000001825710;0000000551874;00006110;00010540;00010460;00010540;00010460;0000006095485;0000006065251;0000000030234;00030234;
20170630;DI1;*;N23 ;0000000000000;0000000000000;00003535;00000000;00000000;00000000;00000000;0000005480449;0000005449346;0000000031103;00031103;
20170630;DI1;*;N24 ;0000000000000;0000000000000;00003300;00000000;00000000;00000000;00000000;0000004928725;0000004896172;0000000032553;00032553;
20170630;DI1;*;Q17 ;0001391834318;0000420722543;00808656;00010030;00010030;00010040;00010030;0000009916886;0000009916859;0000000000027;00000027;
20170630;DI1;*;U17 ;0001043687721;0000315485074;00374660;00009675;00009645;00009675;00009650;0000009836760;0000009836768;0000000000008;00000008;
20170630;DI1;*;V17 ;0009747125048;0002946353016;01961576;00009395;00009380;00009405;00009385;0000009771278;0000009770726;0000000000552;00000552;
20170630;DI1;*;V18 ;0002487646489;0000751963753;00600261;00008890;00008820;00008900;00008820;0000008998297;0000008992524;0000000005773;00005773;
20170630;DI1;*;V19 ;0000201817108;0000061005111;00087019;00009490;00009400;00009490;00009400;0000008173945;0000008155732;0000000018213;00018213;
20170630;DI1;*;V20 ;0000048020892;0000014515716;00045615;00010060;00009970;00010060;00009970;0000007346125;0000007325607;0000000020518;00020518;
20170630;DI1;*;V21 ;0000003620651;0000001094447;00011827;00010390;00010310;00010390;00010310;0000006593922;0000006571108;0000000022814;00022814;
20170630;DI1;*;X17 ;0000478371562;0000144601766;00137375;00009230;00009175;00009230;00009175;0000009703505;0000009702601;0000000000904;00000904;
20170630;DI1;*;Z17 ;0000326824656;0000098792291;00171440;00009090;00009050;00009090;00009050;0000009641394;0000009640079;0000000001315;00001315;
20170630;DOL;*;F18 ;0000000000000;0000000000000;00009085;00000000;00000000;00000000;00000000;0000034118430;0000034111010;0000000003710;00007420;
20170630;DOL;*;F19 ;0000000000000;0000000000000;00000000;00000000;00000000;00000000;00000000;0000036127910;0000036182900;0000000000000;00054990;
20170630;DOL;*;F20 ;0000000000000;0000000000000;00000000;00000000;00000000;00000000;00000000;0000038670410;0000038769840;0000000000000;00099430;
20170630;DOL;*;F21 ;0000000000000;0000000000000;00003100;00000000;00000000;00000000;00000000;0000041387690;0000041563510;0000000087910;00175820;
20170630;DOL;*;F25 ;0000000000000;0000000000000;00000000;00000000;00000000;00000000;00000000;0000051931060;0000052393620;0000000000000;00462560;
20170630;DOL;*;G18 ;0000000000000;0000000000000;00000000;00000000;00000000;00000000;00000000;0000034303490;0000034299300;0000000000000;00004190;
20170630;DOL;*;H18 ;0000000000000;0000000000000;00000000;00000000;00000000;00000000;00000000;0000034437290;0000034437570;0000000000000;00000280;
20170630;DOL;*;J18 ;0000000000000;0000000000000;00000180;00000000;00000000;00000000;00000000;0000034592530;0000034594980;0000000001225;00002450;
20170630;DOL;*;J19 ;0000000000000;0000000000000;00000050;00000000;00000000;00000000;00000000;0000036707680;0000036763950;0000000028135;00056270;
20170630;DOL;*;J20 ;0000000000000;0000000000000;00000000;00000000;00000000;00000000;00000000;0000039336620;0000039448480;0000000000000;00111860;
20170630;DOL;*;J22 ;0000000000000;0000000000000;00000000;00000000;00000000;00000000;00000000;0000044795780;0000045045260;0000000000000;00249480;
20170630;DOL;*;K18 ;0000087125000;0000026336074;00000000;03485000;03485000;03485000;03485000;0000034759350;0000034768190;0000000004420;00008840;
20170630;DOL;*;M18 ;0000000000000;0000000000000;00000000;00000000;00000000;00000000;00000000;0000034916740;0000034928730;0000000000000;00011990;
20170630;DOL;*;N17 ;0002275990125;0000687984440;00456623;03298000;03287000;03310000;03308500;0000033082000;0000033048940;0000000016530;00033060;
20170630;DOL;*;N18 ;0000000000000;0000000000000;00000665;00000000;00000000;00000000;00000000;0000035091770;0000035108740;0000000008485;00016970;
20170630;DOL;*;N19 ;0000000000000;0000000000000;00000400;00000000;00000000;00000000;00000000;0000037321940;0000037395320;0000000036690;00073380;
20170630;DOL;*;N21 ;0000000000000;0000000000000;00000000;00000000;00000000;00000000;00000000;0000042787380;0000042995660;0000000000000;00208280;
20170630;DOL;*;N22 ;0000000000000;0000000000000;00000000;00000000;00000000;00000000;00000000;0000045358360;0000045628110;0000000000000;00269750;
20170630;DOL;*;Q17 ;0053205202125;0016082825139;00427990;03321000;03306500;03336500;03327500;0000033269420;0000033250020;0000000009700;00019400;
20170630;DOL;*;U17 ;0000197659500;0000059748353;00003731;03350000;03350000;03351000;03351000;0000033490040;0000033471370;0000000009335;00018670;
20170630;DOL;*;V17 ;0000000000000;0000000000000;00011850;00000000;00000000;00000000;00000000;0000033649520;0000033633410;0000000008055;00016110;
20170630;DOL;*;V18 ;0000000000000;0000000000000;00000035;00000000;00000000;00000000;00000000;0000035627620;0000035658000;0000000015190;00030380;
20170630;DOL;*;V19 ;0000000000000;0000000000000;00000000;00000000;00000000;00000000;00000000;0000038018890;0000038115490;0000000000000;00096600;
20170630;DOL;*;X17 ;0000000000000;0000000000000;00000245;00000000;00000000;00000000;00000000;0000033823720;0000033807780;0000000007970;00015940;
20170630;DOL;*;Z17 ;0000000000000;0000000000000;00000010;00000000;00000000;00000000;00000000;0000033979940;0000033969200;0000000005370;00010740;
20170630;DR1;*;N7Q7;0000000000000;0000000000000;00000000;00020100;00016510;00025000;00025000;0000000000000;0000000000000;0000000000000;00000000;
20170630;ETH;*;F18 ;0000000000000;0000000000000;00000030;00000000;00000000;00000000;00000000;0000000155000;0000000155000;0000000000000;00000000;
20170630;ETH;*;G18 ;0000000000000;0000000000000;00000030;00000000;00000000;00000000;00000000;0000000155000;0000000155000;0000000000000;00000000;
20170630;ETH;*;H18 ;0000000000000;0000000000000;00000030;00000000;00000000;00000000;00000000;0000000155000;0000000155000;0000000000000;00000000;
20170630;ETH;*;J18 ;0000000000000;0000000000000;00000000;00000000;00000000;00000000;00000000;0000000157350;0000000157350;0000000000000;00000000;
20170630;ETH;*;K18 ;0000000000000;0000000000000;00000000;00000000;00000000;00000000;00000000;0000000150050;0000000150050;0000000000000;00000000;
20170630;ETH;*;M17 ;0000000000000;0000000000000;00000435;00000000;00000000;00000000;00000000;0000000134400;0000000132500;0000000057000;00001900;
20170630;ETH;*;N17 ;0000000000000;0000000000000;00000427;00000000;00000000;00000000;00000000;0000000140000;0000000138000;0000000060000;00002000;
20170630;ETH;*;Q17 ;0000000000000;0000000000000;00000769;00000000;00000000;00000000;00000000;0000000141500;0000000139000;0000000075000;00002500;
20170630;ETH;*;U17 ;0000000000000;0000000000000;00000000;00000000;00000000;00000000;00000000;0000000143600;0000000141100;0000000000000;00002500;
20170630;ETH;*;V17 ;0000000000000;0000000000000;00000410;00000000;00000000;00000000;00000000;0000000145000;0000000145000;0000000000000;00000000;
20170630;ETH;*;X17 ;0000000000000;0000000000000;00000299;00000000;00000000;00000000;00000000;0000000150000;0000000150000;0000000000000;00000000;
20170630;ETH;*;Z17 ;0000004788630;0000001447810;00000623;00150500;00150000;00151600;00151500;0000000150500;0000000150500;0000000000000;00000000;
20170630;EUR;*;N17 ;0000000000000;0000000000000;00001133;00000000;00000000;00000000;00000000;0000037731680;0000037791710;0000000030015;00060030;
20170630;EUR;*;Q17 ;0000073084675;0000022091976;00012971;03782800;03782800;03815600;03810500;0000038045300;0000038071510;0000000013105;00026210;
20170630;EUR;*;U17 ;0000000000000;0000000000000;00000505;00000000;00000000;00000000;00000000;0000038352990;0000038380310;0000000013660;00027320;
20170630;EUR;*;V17 ;0000000000000;0000000000000;00003190;00000000;00000000;00000000;00000000;0000038593970;0000038623850;0000000014940;00029880;
20170630;FRC;*;F18 ;0000000000000;0000000000000;00000000;00000215;00000215;00000218;00000218;0000000000218;0000000000213;0000000000002;00000005;
20170630;FRC;*;F19 ;0000000000000;0000000000000;00000000;00000252;00000251;00000258;00000258;0000000000258;0000000000251;0000000000003;00000007;
20170630;FRC;*;F20 ;0000000000000;0000000000000;00000000;00000291;00000291;00000291;00000291;0000000000291;0000000000287;0000000000002;00000004;
20170630;FRC;*;F21 ;0000000000000;0000000000000;00000000;00000330;00000330;00000330;00000330;0000000000330;0000000000325;0000000000002;00000005;
20170630;FRC;*;F22 ;0000000000000;0000000000000;00000000;00000366;00000366;00000366;00000366;0000000000366;0000000000363;0000000000001;00000003;
20170630;FRC;*;F23 ;0000000000000;0000000000000;00000000;00000410;00000410;00000410;00000410;0000000000410;0000000000405;0000000000002;00000005;
20170630;FRC;*;F24 ;0000000000000;0000000000000;00000000;00000000;00000000;00000000;00000000;0000000000450;0000000000446;0000000000000;00000004;
20170630;FRC;*;F25 ;0000000000000;0000000000000;00000000;00000483;00000483;00000483;00000483;0000000000483;0000000000478;0000000000002;00000005;
20170630;FRC;*;F26 ;0000000000000;0000000000000;00000000;00000000;00000000;00000000;00000000;0000000000513;0000000000508;0000000000000;00000005;
20170630;FRC;*;F27 ;0000000000000;0000000000000;00000000;00000000;00000000;00000000;00000000;0000000000545;0000000000540;0000000000000;00000005;
20170630;FRC;*;F28 ;0000000000000;0000000000000;00000000;00000000;00000000;00000000;00000000;0000000000574;0000000000569;0000000000000;00000005;
20170630;FRC;*;F29 ;0000000000000;0000000000000;00000000;00000000;00000000;00000000;00000000;0000000000604;0000000000599;0000000000000;00000005;
20170630;FRC;*;F30 ;0000000000000;0000000000000;00000000;00000000;00000000;00000000;00000000;0000000000633;0000000000628;0000000000000;00000005;
20170630;FRC;*;G18 ;0000000000000;0000000000000;00000000;00000216;00000216;00000216;00000216;0000000000216;0000000000211;0000000000002;00000005;
20170630;FRC;*;H18 ;0000000000000;0000000000000;00000000;00000218;00000218;00000221;00000221;0000000000221;0000000000216;0000000000002;00000005;
20170630;FRC;*;J18 ;0000000000000;0000000000000;00000000;00000221;00000221;00000226;00000226;0000000000226;0000000000221;0000000000002;00000005;
20170630;FRC;*;J19 ;0000000000000;0000000000000;00000000;00000000;00000000;00000000;00000000;0000000000265;0000000000259;0000000000000;00000006;
20170630;FRC;*;J20 ;0000000000000;0000000000000;00000000;00000299;00000299;00000299;00000299;0000000000299;0000000000295;0000000000002;00000004;
20170630;FRC;*;J21 ;0000000000000;0000000000000;00000000;00000000;00000000;00000000;00000000;0000000000338;0000000000333;0000000000000;00000005;
20170630;FRC;*;J22 ;0000000000000;0000000000000;00000000;00000000;00000000;00000000;00000000;0000000000374;0000000000371;0000000000000;00000003;
20170630;FRC;*;K18 ;0000000000000;0000000000000;00000000;00000223;00000223;00000229;00000229;0000000000229;0000000000223;0000000000003;00000006;
20170630;FRC;*;M18 ;0000000000000;0000000000000;00000000;00000228;00000228;00000234;00000234;0000000000234;0000000000228;0000000000003;00000006;
20170630;FRC;*;N18 ;0000000000000;0000000000000;00000000;00000231;00000231;00000236;00000236;0000000000236;0000000000231;0000000000002;00000005;
20170630;FRC;*;N19 ;0000000000000;0000000000000;00000000;00000000;00000000;00000000;00000000;0000000000272;0000000000267;0000000000000;00000005;
20170630;FRC;*;N20 ;0000000000000;0000000000000;00000000;00000309;00000309;00000309;00000309;0000000000309;0000000000306;0000000000001;00000003;
20170630;FRC;*;N21 ;0000000000000;0000000000000;00000000;00000000;00000000;00000000;00000000;0000000000346;0000000000342;0000000000000;00000004;
20170630;FRC;*;N22 ;0000000000000;0000000000000;00000000;00000000;00000000;00000000;00000000;0000000000388;0000000000384;0000000000000;00000004;
20170630;FRC;*;U17 ;0000000000000;0000000000000;00000000;00000172;00000172;00000180;00000174;0000000000174;0000000000170;0000000000002;00000004;
20170630;FRC;*;V17 ;0000000000000;0000000000000;00000000;00000200;00000197;00000200;00000198;0000000000199;0000000000197;0000000000001;00000002;
20170630;FRC;*;V18 ;0000000000000;0000000000000;00000000;00000246;00000246;00000246;00000246;0000000000246;0000000000239;0000000000003;00000007;
20170630;FRC;*;V19 ;0000000000000;0000000000000;00000000;00000000;00000000;00000000;00000000;0000000000281;0000000000276;0000000000000;00000005;
20170630;FRC;*;V20 ;0000000000000;0000000000000;00000000;00000000;00000000;00000000;00000000;0000000000319;0000000000315;0000000000000;00000004;
20170630;FRC;*;V21 ;0000000000000;0000000000000;00000000;00000000;00000000;00000000;00000000;0000000000353;0000000000349;0000000000000;00000004;
20170630;FRC;*;X17 ;0000000000000;0000000000000;00000000;00000206;00000205;00000206;00000205;0000000000205;0000000000204;0000000000000;00000001;
20170630;FRC;*;Z17 ;0000000000000;0000000000000;00000000;00000207;00000207;00000209;00000209;0000000000209;0000000000205;0000000000002;00000004;
20170630;FRO;*;F18 ;0000000000000;0000000000000;00000000;00000000;00000000;00000000;00000000;0000000000219;0000000000214;0000000000000;00000005;
20170630;FRO;*;F19 ;0000000000000;0000000000000;00000000;00000000;00000000;00000000;00000000;0000000000259;0000000000252;0000000000000;00000007;
20170630;FRO;*;F20 ;0000000000000;0000000000000;00000000;00000000;00000000;00000000;00000000;0000000000292;0000000000288;0000000000000;00000004;
20170630;FRO;*;F21 ;0000000000000;0000000000000;00000000;00000000;00000000;00000000;00000000;0000000000331;0000000000326;0000000000000;00000005;
20170630;FRO;*;F22 ;0000000000000;0000000000000;00000000;00000000;00000000;00000000;00000000;0000000000367;0000000000364;0000000000000;00000003;
20170630;FRO;*;F23 ;0000000000000;0000000000000;00000000;00000000;00000000;00000000;00000000;0000000000412;0000000000407;0000000000000;00000005;
20170630;FRO;*;F24 ;0000000000000;0000000000000;00000000;00000000;00000000;00000000;00000000;0000000000452;0000000000448;0000000000000;00000004;
20170630;FRO;*;F25 ;0000000000000;0000000000000;00000000;00000000;00000000;00000000;00000000;0000000000485;0000000000480;0000000000000;00000005;
20170630;FRO;*;F26 ;0000000000000;0000000000000;00000000;00000000;00000000;00000000;00000000;0000000000515;0000000000510;0000000000000;00000005;
20170630;FRO;*;F27 ;0000000000000;0000000000000;00000000;00000000;00000000;00000000;00000000;0000000000547;0000000000542;0000000000000;00000005;
20170630;FRO;*;F28 ;0000000000000;0000000000000;00000000;00000000;00000000;00000000;00000000;0000000000576;0000000000571;0000000000000;00000005;
20170630;FRO;*;F29 ;0000000000000;0000000000000;00000000;00000000;00000000;00000000;00000000;0000000000606;0000000000601;0000000000000;00000005;
20170630;FRO;*;F30 ;0000000000000;0000000000000;00000000;00000000;00000000;00000000;00000000;0000000000635;0000000000630;0000000000000;00000005;
20170630;FRO;*;G18 ;0000000000000;0000000000000;00000000;00000000;00000000;00000000;00000000;0000000000217;0000000000212;0000000000000;00000005;
20170630;FRO;*;H18 ;0000000000000;0000000000000;00000000;00000000;00000000;00000000;00000000;0000000000222;0000000000217;0000000000000;00000005;
20170630;FRO;*;J18 ;0000000000000;0000000000000;00000000;00000000;00000000;00000000;00000000;0000000000227;0000000000222;0000000000000;00000005;
20170630;FRO;*;J19 ;0000000000000;0000000000000;00000000;00000000;00000000;00000000;00000000;0000000000266;0000000000260;0000000000000;00000006;
20170630;FRO;*;J20 ;0000000000000;0000000000000;00000000;00000000;00000000;00000000;00000000;0000000000300;0000000000296;0000000000000;00000004;
20170630;FRO;*;J21 ;0000000000000;0000000000000;00000000;00000000;00000000;00000000;00000000;0000000000339;0000000000334;0000000000000;00000005;
20170630;FRO;*;J22 ;0000000000000;0000000000000;00000000;00000000;00000000;00000000;00000000;0000000000375;0000000000372;0000000000000;00000003;
20170630;FRO;*;K18 ;0000000000000;0000000000000;00000000;00000000;00000000;00000000;00000000;0000000000230;0000000000224;0000000000000;00000006;
20170630;FRO;*;M18 ;0000000000000;0000000000000;00000000;00000000;00000000;00000000;00000000;0000000000235;0000000000229;0000000000000;00000006;
20170630;FRO;*;N18 ;0000000000000;0000000000000;00000000;00000000;00000000;00000000;00000000;0000000000237;0000000000232;0000000000000;00000005;
20170630;FRO;*;N19 ;0000000000000;0000000000000;00000000;00000000;00000000;00000000;00000000;0000000000273;0000000000268;0000000000000;00000005;
20170630;FRO;*;N20 ;0000000000000;0000000000000;00000000;00000000;00000000;00000000;00000000;0000000000310;0000000000307;0000000000000;00000003;
20170630;FRO;*;N21 ;0000000000000;0000000000000;00000000;00000000;00000000;00000000;00000000;0000000000347;0000000000343;0000000000000;00000004;
20170630;FRO;*;N22 ;0000000000000;0000000000000;00000000;00000000;00000000;00000000;00000000;0000000000389;0000000000385;0000000000000;00000004;
20170630;FRO;*;U17 ;0000000000000;0000000000000;00000000;00000000;00000000;00000000;00000000;0000000000175;0000000000171;0000000000000;00000004;
20170630;FRO;*;V17 ;0000000000000;0000000000000;00000000;00000000;00000000;00000000;00000000;0000000000200;0000000000198;0000000000000;00000002;
20170630;FRO;*;V18 ;0000000000000;0000000000000;00000000;00000000;00000000;00000000;00000000;0000000000247;0000000000240;0000000000000;00000007;
20170630;FRO;*;V19 ;0000000000000;0000000000000;00000000;00000000;00000000;00000000;00000000;0000000000282;0000000000277;0000000000000;00000005;
20170630;FRO;*;V20 ;0000000000000;0000000000000;00000000;00000000;00000000;00000000;00000000;0000000000320;0000000000316;0000000000000;00000004;
20170630;FRO;*;V21 ;0000000000000;0000000000000;00000000;00000000;00000000;00000000;00000000;0000000000354;0000000000350;0000000000000;00000004;
20170630;FRO;*;X17 ;0000000000000;0000000000000;00000000;00000000;00000000;00000000;00000000;0000000000206;0000000000205;0000000000000;00000001;
20170630;FRO;*;Z17 ;0000000000000;0000000000000;00000000;00000000;00000000;00000000;00000000;0000000000210;0000000000206;0000000000000;00000004;
20170630;FRP;*;FRP0;0000000000000;0000000000000;00000000;00002010;00001970;00002050;00002000;0000000000000;0000000000000;0000000000000;00000000;
20170630;FRP;*;FRP1;0000000000000;0000000000000;00000000;00001970;00001960;00001970;00001960;0000000000000;0000000000000;0000000000000;00000000;
20170630;GBP;*;N17 ;0000000000000;0000000000000;00000040;00000000;00000000;00000000;00000000;0000042971860;0000042941830;0000000010510;00030030;
20170630;GBP;*;Q17 ;0000000152183;0000000046002;00000720;04348100;04348100;04348100;04348100;0000043333980;0000043236730;0000000034037;00097250;
20170630;GBP;*;U17 ;0000000000000;0000000000000;00000012;00000000;00000000;00000000;00000000;0000043658780;0000043561800;0000000033943;00096980;
20170630;HSI;*;N17 ;0000000000000;0000000000000;00000000;00000000;00000000;00000000;00000000;0000000025585;0000000025803;0000000000000;00000218;
20170630;HSI;*;Q17 ;0000000000000;0000000000000;00000000;00000000;00000000;00000000;00000000;0000000025542;0000000025744;0000000000000;00000202;
20170630;ICF;*;H18 ;0000000000000;0000000000000;00000000;00000000;00000000;00000000;00000000;0000000015770;0000000015850;0000000000000;00000080;
20170630;ICF;*;N17 ;0000000000000;0000000000000;00000010;00000000;00000000;00000000;00000000;0000000014535;0000000014630;0000000031421;00000095;
20170630;ICF;*;U17 ;0000003433450;0000001038080;00004536;00015000;00014860;00015250;00015000;0000000014905;0000000014975;0000000023152;00000070;
20170630;ICF;*;U18 ;0000000160778;0000000048610;00001703;00016205;00016200;00016205;00016200;0000000016050;0000000016115;0000000021498;00000065;
20170630;ICF;*;U19 ;0000000000000;0000000000000;00000461;00000000;00000000;00000000;00000000;0000000017030;0000000016770;0000000085995;00000260;
20170630;ICF;*;Z17 ;0000020384916;0000006163240;00002391;00015415;00015400;00015565;00015475;0000000015400;0000000015390;0000000003307;00000010;
20170630;ICF;*;Z18 ;0000015602089;0000004717185;00000032;00016665;00016635;00016685;00016635;0000000016555;0000000016045;0000000168682;00000510;
20170630;IND;*;G18 ;0000000000000;0000000000000;00000000;00000000;00000000;00000000;00000000;0000000065910;0000000065304;0000000000000;00000606;
20170630;IND;*;G19 ;0000000000000;0000000000000;00000000;00000000;00000000;00000000;00000000;0000000071210;0000000070619;0000000000000;00000591;
20170630;IND;*;J18 ;0000000000000;0000000000000;00000000;00000000;00000000;00000000;00000000;0000000066749;0000000066144;0000000000000;00000605;
20170630;IND;*;M18 ;0000000000000;0000000000000;00001785;00000000;00000000;00000000;00000000;0000000067495;0000000066894;0000000060100;00000601;
20170630;IND;*;Q17 ;0003619076150;0001093971389;00252680;00063345;00062980;00063760;00063500;0000000063608;0000000063008;0000000060000;00000600;
20170630;IND;*;Q18 ;0000000000000;0000000000000;00000000;00000000;00000000;00000000;00000000;0000000068438;0000000067834;0000000000000;00000604;
20170630;IND;*;V17 ;0000000000000;0000000000000;00001685;00000000;00000000;00000000;00000000;0000000064453;0000000063845;0000000060800;00000608;
20170630;IND;*;V18 ;0000000000000;0000000000000;00000000;00000000;00000000;00000000;00000000;0000000069360;0000000068755;0000000000000;00000605;
20170630;IND;*;Z17 ;0000089448000;0000027038269;00022065;00064800;00064800;00065100;00064800;0000000065217;0000000064611;0000000060600;00000606;
20170630;IND;*;Z18 ;0000000000000;0000000000000;00000150;00000000;00000000;00000000;00000000;0000000070196;0000000069601;0000000059500;00000595;
20170630;IR1;*;Q7V7;0000000000000;0000000000000;00000000;00000845;00000845;00000845;00000845;0000000000000;0000000000000;0000000000000;00000000;
20170630;ISP;*;H18 ;0000000000000;0000000000000;00000000;00000000;00000000;00000000;00000000;0000000241725;0000000241875;0000000000000;00000150;
20170630;ISP;*;M18 ;0000000000000;0000000000000;00000000;00000000;00000000;00000000;00000000;0000000241625;0000000241775;0000000000000;00000150;
20170630;ISP;*;U17 ;0000267304212;0000080817600;00003724;00242500;00241900;00242975;00242025;0000000242100;0000000242225;0000000020671;00000125;
20170630;ISP;*;Z17 ;0000000000000;0000000000000;00000010;00000000;00000000;00000000;00000000;0000000241900;0000000242025;0000000020671;00000125;
20170630;JPY;*;N17 ;0000000000000;0000000000000;00000482;00000000;00000000;00000000;00000000;0000029442860;0000029493700;0000000025420;00050840;
20170630;JPY;*;Q17 ;0000003108700;0000000939695;00002104;02960200;02960200;02970000;02970000;0000029579100;0000029702700;0000000061800;00123600;
20170630;JPY;*;U17 ;0000000000000;0000000000000;00000030;00000000;00000000;00000000;00000000;0000029808200;0000029933500;0000000062650;00125300;
20170630;JPY;*;V17 ;0000000000000;0000000000000;00000085;00000000;00000000;00000000;00000000;0000029987000;0000030114000;0000000063500;00127000;
20170630;JSE;*;U17 ;0000000000000;0000000000000;00000000;00000000;00000000;00000000;00000000;0000000045682;0000000045419;0000000000000;00000263;
20170630;JSE;*;Z17 ;0000000000000;0000000000000;00000000;00000000;00000000;00000000;00000000;0000000046399;0000000046136;0000000000000;00000263;
20170630;MIX;*;U17 ;0000000000000;0000000000000;00000000;00000000;00000000;00000000;00000000;0000000001881;0000000001870;0000000000000;00000011;
20170630;MIX;*;Z17 ;0000000000000;0000000000000;00000000;00000000;00000000;00000000;00000000;0000000001897;0000000001895;0000000000000;00000002;
20170630;MXN;*;N17 ;0000000000000;0000000000000;00000178;00000000;00000000;00000000;00000000;0000018277600;0000018287080;0000000007110;00009480;
20170630;MXN;*;Q17 ;0000008919750;0000002696255;00001019;01834000;01826700;01834000;01826700;0000018242140;0000018307930;0000000049342;00065790;
20170630;MXN;*;U17 ;0000000000000;0000000000000;00000031;00000000;00000000;00000000;00000000;0000018268380;0000018334560;0000000049635;00066180;
20170630;NZD;*;N17 ;0000000000000;0000000000000;00000000;00000000;00000000;00000000;00000000;0000024222640;0000024095200;0000000000000;00127440;
20170630;NZD;*;Q17 ;0000000000000;0000000000000;00000010;00000000;00000000;00000000;00000000;0000024342490;0000024225220;0000000087952;00117270;
20170630;NZD;*;U17 ;0000000000000;0000000000000;00000000;00000000;00000000;00000000;00000000;0000024489330;0000024371250;0000000000000;00118080;
20170630;OC1;*;F18 ;0000000000000;0000000000000;00000000;00000000;00000000;00000000;00000000;0000009580373;0000009578794;0000000000000;00001579;
20170630;OC1;*;F19 ;0000000000000;0000000000000;00000000;00000000;00000000;00000000;00000000;0000008802807;0000008793533;0000000000000;00009274;
20170630;OC1;*;F20 ;0000000000000;0000000000000;00000000;00000000;00000000;00000000;00000000;0000007959917;0000007943580;0000000000000;00016337;
20170630;OC1;*;F21 ;0000000000000;0000000000000;00000000;00000000;00000000;00000000;00000000;0000007147801;0000007125163;0000000000000;00022638;
20170630;OC1;*;F22 ;0000000000000;0000000000000;00000000;00000000;00000000;00000000;00000000;0000006421367;0000006389787;0000000000000;00031580;
20170630;OC1;*;F23 ;0000000000000;0000000000000;00000000;00000000;00000000;00000000;00000000;0000005768091;0000005739458;0000000000000;00028633;
20170630;OC1;*;F24 ;0000000000000;0000000000000;00000000;00000000;00000000;00000000;00000000;0000005193200;0000005159797;0000000000000;00033403;
20170630;OC1;*;F25 ;0000000000000;0000000000000;00000000;00000000;00000000;00000000;00000000;0000004654695;0000004623262;0000000000000;00031433;
20170630;OC1;*;F26 ;0000000000000;0000000000000;00000000;00000000;00000000;00000000;00000000;0000004181393;0000004155760;0000000000000;00025633;
20170630;OC1;*;F27 ;0000000000000;0000000000000;00000000;00000000;00000000;00000000;00000000;0000003756764;0000003727880;0000000000000;00028884;
20170630;OC1;*;F28 ;0000000000000;0000000000000;00000000;00000000;00000000;00000000;00000000;0000003373438;0000003344805;0000000000000;00028633;
20170630;OC1;*;F29 ;0000000000000;0000000000000;00000000;00000000;00000000;00000000;00000000;0000003035280;0000003007111;0000000000000;00028169;
20170630;OC1;*;F30 ;0000000000000;0000000000000;00000000;00000000;00000000;00000000;00000000;0000002721403;0000002693685;0000000000000;00027718;
20170630;OC1;*;G18 ;0000000000000;0000000000000;00000000;00000000;00000000;00000000;00000000;0000009512367;0000009510324;0000000000000;00002043;
20170630;OC1;*;H18 ;0000000000000;0000000000000;00000000;00000000;00000000;00000000;00000000;0000009456537;0000009453988;0000000000000;00002549;
20170630;OC1;*;J18 ;0000000000000;0000000000000;00000000;00000000;00000000;00000000;00000000;0000009393254;0000009390107;0000000000000;00003147;
20170630;OC1;*;J19 ;0000000000000;0000000000000;00000000;00000000;00000000;00000000;00000000;0000008602019;0000008591398;0000000000000;00010621;
20170630;OC1;*;J20 ;0000000000000;0000000000000;00000000;00000000;00000000;00000000;00000000;0000007756468;0000007739145;0000000000000;00017323;
20170630;OC1;*;J21 ;0000000000000;0000000000000;00000000;00000000;00000000;00000000;00000000;0000006960896;0000006939674;0000000000000;00021222;
20170630;OC1;*;J22 ;0000000000000;0000000000000;00000000;00000000;00000000;00000000;00000000;0000006253896;0000006223066;0000000000000;00030830;
20170630;OC1;*;K18 ;0000000000000;0000000000000;00000000;00000000;00000000;00000000;00000000;0000009328591;0000009324716;0000000000000;00003875;
20170630;OC1;*;M18 ;0000000000000;0000000000000;00000000;00000000;00000000;00000000;00000000;0000009265219;0000009260556;0000000000000;00004663;
20170630;OC1;*;N17 ;0000000000000;0000000000000;00000000;00000000;00000000;00000000;00000000;0000009996165;0000009996162;0000000000000;00000003;
20170630;OC1;*;N18 ;0000000000000;0000000000000;00000000;00000000;00000000;00000000;00000000;0000009198925;0000009193403;0000000000000;00005522;
20170630;OC1;*;N19 ;0000000000000;0000000000000;00000000;00000000;00000000;00000000;00000000;0000008394260;0000008380830;0000000000000;00013430;
20170630;OC1;*;N20 ;0000000000000;0000000000000;00000000;00000000;00000000;00000000;00000000;0000007552558;0000007534178;0000000000000;00018380;
20170630;OC1;*;N21 ;0000000000000;0000000000000;00000000;00000000;00000000;00000000;00000000;0000006775883;0000006748746;0000000000000;00027137;
20170630;OC1;*;N22 ;0000000000000;0000000000000;00000000;00000000;00000000;00000000;00000000;0000006091639;0000006061425;0000000000000;00030214;
20170630;OC1;*;N23 ;0000000000000;0000000000000;00000000;00000000;00000000;00000000;00000000;0000005476304;0000005445227;0000000000000;00031077;
20170630;OC1;*;N24 ;0000000000000;0000000000000;00000000;00000000;00000000;00000000;00000000;0000004924386;0000004891865;0000000000000;00032521;
20170630;OC1;*;Q17 ;0000000000000;0000000000000;00000000;00000000;00000000;00000000;00000000;0000009916792;0000009916763;0000000000000;00000029;
20170630;OC1;*;U17 ;0000000000000;0000000000000;00000000;00000000;00000000;00000000;00000000;0000009836568;0000009836575;0000000000000;00000007;
20170630;OC1;*;V17 ;0000000000000;0000000000000;00000000;00000000;00000000;00000000;00000000;0000009771002;0000009770448;0000000000000;00000554;
20170630;OC1;*;V18 ;0000000000000;0000000000000;00000000;00000000;00000000;00000000;00000000;0000008997164;0000008991288;0000000000000;00005876;
20170630;OC1;*;V19 ;0000000000000;0000000000000;00000000;00000000;00000000;00000000;00000000;0000008171935;0000008153728;0000000000000;00018207;
20170630;OC1;*;V20 ;0000000000000;0000000000000;00000000;00000000;00000000;00000000;00000000;0000007343310;0000007322801;0000000000000;00020509;
20170630;OC1;*;V21 ;0000000000000;0000000000000;00000000;00000000;00000000;00000000;00000000;0000006590630;0000006567576;0000000000000;00023054;
20170630;OC1;*;X17 ;0000000000000;0000000000000;00000000;00000000;00000000;00000000;00000000;0000009703141;0000009702235;0000000000000;00000906;
20170630;OC1;*;Z17 ;0000000000000;0000000000000;00000000;00000000;00000000;00000000;00000000;0000009640948;0000009639631;0000000000000;00001317;
20170630;OZ1;*;0000;0000001049599;0000000317272;00000000;00131050;00131050;00131500;00131500;0000000131331;0000000130857;0000000000000;00000500;
20170630;OZ1;*;N17 ;0000000000000;0000000000000;00000000;00000000;00000000;00000000;00000000;0000000131500;0000000131050;0000000000000;00000450;
20170630;OZ1;*;Q17 ;0000000000000;0000000000000;00000000;00000000;00000000;00000000;00000000;0000000132552;0000000132099;0000000000000;00000453;
20170630;OZ2;*;0000;0000000044730;0000000013521;00000000;00131990;00130870;00132500;00130870;0000000131693;0000000130907;0000000000000;00000030;
20170630;OZ3;*;0000;0000000001681;0000000000508;00000000;00131000;00131000;00131500;00131500;0000000131115;0000000132000;0000000000000;00000500;
20170630;SCS;*;F802;0000000000000;0000000000000;00149220;00000000;00000000;00000000;00000000;0000000000000;0000000000000;0000000000000;00000000;
20170630;SCS;*;N703;0000000000000;0000000000000;00138770;00000000;00000000;00000000;00000000;0000000000000;0000000000000;0000000000000;00000000;
20170630;SCS;*;Q701;0000000000000;0000000000000;00123620;00000000;00000000;00000000;00000000;0000000000000;0000000000000;0000000000000;00000000;
20170630;SCS;*;V702;0000000000000;0000000000000;00143645;00000000;00000000;00000000;00000000;0000000000000;0000000000000;0000000000000;00000000;
20170630;SFI;*;K18 ;0000000000000;0000000000000;00000000;00000000;00000000;00000000;00000000;0000000002071;0000000002013;0000000000000;00000058;
20170630;SFI;*;N18 ;0000000000000;0000000000000;00000000;00000000;00000000;00000000;00000000;0000000002082;0000000002018;0000000000000;00000064;
20170630;SFI;*;X17 ;0000000000000;0000000000000;00000000;00000000;00000000;00000000;00000000;0000000002035;0000000001971;0000000000000;00000064;
20170630;SJC;*;F18 ;0000000000000;0000000000000;00000000;00000000;00000000;00000000;00000000;0000000212191;0000000205633;0000000000000;00006558;
20170630;SJC;*;H18 ;0000000000000;0000000000000;00000000;00000000;00000000;00000000;00000000;0000000213128;0000000207066;0000000000000;00006062;
20170630;SJC;*;K18 ;0000001605064;0000000485280;00000300;00002090;00002090;00002115;00002115;0000000214451;0000000208444;0000000089406;00006007;
20170630;SJC;*;N18 ;0000000000000;0000000000000;00000000;00000000;00000000;00000000;00000000;0000000215553;0000000209656;0000000000000;00005897;
20170630;SJC;*;Q17 ;0000009800159;0000002963011;00000750;00002038;00002038;00002092;00002089;0000000208774;0000000202987;0000000086132;00005787;
20170630;SJC;*;U17 ;0000001361192;0000000411547;00000040;00002050;00002050;00002095;00002095;0000000209546;0000000203538;0000000089421;00006008;
20170630;SJC;*;X17 ;0000016710224;0000005052222;00003142;00002052;00002040;00002112;00002100;0000000210483;0000000203869;0000000098441;00006614;
20170630;TRY;*;N17 ;0000000000000;0000000000000;00000059;00000000;00000000;00000000;00000000;0000009391490;0000009354100;0000000028042;00037390;
20170630;TRY;*;Q17 ;0000011657647;0000003523864;00000625;00936300;00936300;00936400;00936400;0000009368460;0000009328330;0000000030097;00040130;
20170630;TRY;*;U17 ;0000000000000;0000000000000;00000024;00000000;00000000;00000000;00000000;0000009338060;0000009298870;0000000029392;00039190;
20170630;T10;*;U17 ;0000061530079;0000018599262;00001855;00125645;00125469;00125843;00125469;0000001255312;0000001258125;0000000093059;00002813;
20170630;T10;*;Z17 ;0000000000000;0000000000000;00000000;00000000;00000000;00000000;00000000;0000001251875;0000001254843;0000000000000;00002968;
20170630;WDO;*;F18 ;0000000000000;0000000000000;00000000;00000000;00000000;00000000;00000000;0000034118430;0000034111010;0000000000000;00007420;
20170630;WDO;*;F19 ;0000000000000;0000000000000;00000000;00000000;00000000;00000000;00000000;0000036127910;0000036182900;0000000000000;00054990;
20170630;WDO;*;F20 ;0000000000000;0000000000000;00000000;00000000;00000000;00000000;00000000;0000038670410;0000038769840;0000000000000;00099430;
20170630;WDO;*;F21 ;0000000000000;0000000000000;00000000;00000000;00000000;00000000;00000000;0000041387690;0000041563510;0000000000000;00175820;
20170630;WDO;*;F25 ;0000000000000;0000000000000;00000000;00000000;00000000;00000000;00000000;0000051931060;0000052393620;0000000000000;00462560;
20170630;WDO;*;G18 ;0000000000000;0000000000000;00000000;00000000;00000000;00000000;00000000;0000034303490;0000034299300;0000000000000;00004190;
20170630;WDO;*;H18 ;0000000000000;0000000000000;00000000;00000000;00000000;00000000;00000000;0000034437290;0000034437570;0000000000000;00000280;
20170630;WDO;*;J18 ;0000000000000;0000000000000;00000000;00000000;00000000;00000000;00000000;0000034592530;0000034594980;0000000000000;00002450;
20170630;WDO;*;J19 ;0000000000000;0000000000000;00000000;00000000;00000000;00000000;00000000;0000036707680;0000036763950;0000000000000;00056270;
20170630;WDO;*;J20 ;0000000000000;0000000000000;00000000;00000000;00000000;00000000;00000000;0000039336620;0000039448480;0000000000000;00111860;
20170630;WDO;*;J22 ;0000000000000;0000000000000;00000000;00000000;00000000;00000000;00000000;0000044795780;0000045045260;0000000000000;00249480;
20170630;WDO;*;K18 ;0000000000000;0000000000000;00000000;00000000;00000000;00000000;00000000;0000034759350;0000034768190;0000000000000;00008840;
20170630;WDO;*;M18 ;0000000000000;0000000000000;00000000;00000000;00000000;00000000;00000000;0000034916740;0000034928730;0000000000000;00011990;
20170630;WDO;*;N17 ;0001406020185;0000425010636;00048513;03299000;03286500;03311000;03308000;0000033082000;0000033048940;0000000003306;00033060;
20170630;WDO;*;N18 ;0000000000000;0000000000000;00000000;00000000;00000000;00000000;00000000;0000035091770;0000035108740;0000000000000;00016970;
20170630;WDO;*;N19 ;0000000000000;0000000000000;00000000;00000000;00000000;00000000;00000000;0000037321940;0000037395320;0000000000000;00073380;
20170630;WDO;*;N21 ;0000000000000;0000000000000;00000000;00000000;00000000;00000000;00000000;0000042787380;0000042995660;0000000000000;00208280;
20170630;WDO;*;N22 ;0000000000000;0000000000000;00000000;00000000;00000000;00000000;00000000;0000045358360;0000045628110;0000000000000;00269750;
20170630;WDO;*;Q17 ;0020260188920;0006124233396;00006744;03320000;03306500;03337000;03327500;0000033269420;0000033250020;0000000001940;00019400;
20170630;WDO;*;U17 ;0000000000000;0000000000000;00000079;00000000;00000000;00000000;00000000;0000033490040;0000033471370;0000000001867;00018670;
20170630;WDO;*;V17 ;0000000000000;0000000000000;00000000;00000000;00000000;00000000;00000000;0000033649520;0000033633410;0000000000000;00016110;
20170630;WDO;*;V18 ;0000000000000;0000000000000;00000000;00000000;00000000;00000000;00000000;0000035627620;0000035658000;0000000000000;00030380;
20170630;WDO;*;V19 ;0000000000000;0000000000000;00000000;00000000;00000000;00000000;00000000;0000038018890;0000038115490;0000000000000;00096600;
20170630;WDO;*;X17 ;0000000000000;0000000000000;00000024;00000000;00000000;00000000;00000000;0000033823720;0000033807780;0000000001594;00015940;
20170630;WDO;*;Z17 ;0000000000000;0000000000000;00000012;00000000;00000000;00000000;00000000;0000033979940;0000033969200;0000000001074;00010740;
20170630;WD1;*;N7Q7;0000000000000;0000000000000;00000000;00020310;00019200;00022500;00022500;0000000000000;0000000000000;0000000000000;00000000;
20170630;WEU;*;N17 ;0000000000000;0000000000000;00000018;00000000;00000000;00000000;00000000;0000037731680;0000037791710;0000000006003;00060030;
20170630;WEU;*;Q17 ;0000000000000;0000000000000;00000000;00000000;00000000;00000000;00000000;0000038045300;0000038071510;0000000000000;00026210;
20170630;WEU;*;U17 ;0000000000000;0000000000000;00000000;00000000;00000000;00000000;00000000;0000038352990;0000038380310;0000000000000;00027320;
20170630;WEU;*;V17 ;0000000000000;0000000000000;00000000;00000000;00000000;00000000;00000000;0000038593970;0000038623850;0000000000000;00029880;
20170630;WIN;*;G18 ;0000000000000;0000000000000;00000000;00000000;00000000;00000000;00000000;0000000065910;0000000065304;0000000000000;00000606;
20170630;WIN;*;G19 ;0000000000000;0000000000000;00000000;00000000;00000000;00000000;00000000;0000000071210;0000000070619;0000000000000;00000591;
20170630;WIN;*;J18 ;0000000000000;0000000000000;00000000;00000000;00000000;00000000;00000000;0000000066749;0000000066144;0000000000000;00000605;
20170630;WIN;*;M18 ;0000000000000;0000000000000;00000000;00000000;00000000;00000000;00000000;0000000067495;0000000066894;0000000000000;00000601;
20170630;WIN;*;Q17 ;0011753219548;0003552753627;00039621;00063350;00062980;00063765;00063500;0000000063608;0000000063008;0000000012000;00000600;
20170630;WIN;*;Q18 ;0000000000000;0000000000000;00000000;00000000;00000000;00000000;00000000;0000000068438;0000000067834;0000000000000;00000604;
20170630;WIN;*;V17 ;0000000000000;0000000000000;00000002;00000000;00000000;00000000;00000000;0000000064453;0000000063845;0000000012160;00000608;
20170630;WIN;*;V18 ;0000000000000;0000000000000;00000000;00000000;00000000;00000000;00000000;0000000069360;0000000068755;0000000000000;00000605;
20170630;WIN;*;Z17 ;0000000000000;0000000000000;00000000;00000000;00000000;00000000;00000000;0000000065217;0000000064611;0000000000000;00000606;
20170630;WIN;*;Z18 ;0000000000000;0000000000000;00000000;00000000;00000000;00000000;00000000;0000000070196;0000000069601;0000000000000;00000595;
20170630;WTI;*;Q17 ;0000000376807;0000000113925;00000404;00004512;00004511;00004598;00004598;0000000004604;0000000004493;0000000036713;00000111;
20170630;WTI;*;U17 ;0000000030360;0000000009179;00000175;00004589;00004589;00004590;00004590;0000000004629;0000000004520;0000000036051;00000109;
20170630;ZAR;*;N17 ;0000000000000;0000000000000;00000252;00000000;00000000;00000000;00000000;0000025248620;0000025338070;0000000031307;00089450;
20170630;ZAR;*;Q17 ;0000000000000;0000000000000;00000540;00000000;00000000;00000000;00000000;0000025266200;0000025356260;0000000031521;00090060;
20170630;ZAR;*;U17 ;0000000000000;0000000000000;00000011;00000000;00000000;00000000;00000000;0000025299160;0000025369730;0000000024699;00070570;
