Data;Código do Contrato;Pregão;Vencimento;Volume(R$);Volume(U$);Número de contas em Aberto;Preço de Abertura;Preço Mínimo;Preço Máximo;Último Preço;Preço de Ajuste Atual; Preço de Ajuste Anterior;Valor de Ajuste por Contrato;Variação
20170530;AUD;*;M17 ;0000155178306;0000047514714;00001130;02440200;02432400;02440200;02435000;0000024347290;0000024347690;0000000000240;00000400;
20170530;AUD;*;N17 ;0000156338682;0000047870015;00000006;02456100;02449500;02457000;02457000;0000024520370;0000024515890;0000000002688;00004480;
20170530;AUD;*;Q17 ;0000000000000;0000000000000;00000691;00000000;00000000;00000000;00000000;0000024666290;0000024659970;0000000003792;00006320;
20170530;AUD;*;U17 ;0000000000000;0000000000000;00000150;00000000;00000000;00000000;00000000;0000024826720;0000024817300;0000000005652;00009420;
20170530;BGI;*;F18 ;0000000000000;0000000000000;00000000;00000000;00000000;00000000;00000000;0000000013133;0000000013189;0000000000000;00000056;
20170530;BGI;*;K17 ;0000036866527;0000011298007;00002549;00013280;00013280;00013310;00013290;0000000013290;0000000013267;0000000007590;00000023;
20170530;BGI;*;K18 ;0000000000000;0000000000000;00000058;00000000;00000000;00000000;00000000;0000000013500;0000000013564;0000000021120;00000064;
20170530;BGI;*;M17 ;0000013491393;0000004134532;00001655;00012970;00012860;00013000;00012911;0000000012911;0000000012943;0000000010560;00000032;
20170530;BGI;*;N17 ;0000000644008;0000000197361;00000371;00013020;00012979;00013030;00012980;0000000013042;0000000013055;0000000004290;00000013;
20170530;BGI;*;Q17 ;0000001206955;0000000369880;00000251;00013194;00013050;00013194;00013050;0000000013100;0000000013194;0000000031020;00000094;
20170530;BGI;*;U17 ;0000002032958;0000000623014;00000005;00013224;00013100;00013224;00013100;0000000013174;0000000013224;0000000016500;00000050;
20170530;BGI;*;V17 ;0000050101471;0000015353949;00004524;00013290;00013190;00013300;00013220;0000000013220;0000000013270;0000000016500;00000050;
20170530;BGI;*;V18 ;0000000000000;0000000000000;00000065;00000000;00000000;00000000;00000000;0000000014104;0000000014169;0000000021450;00000065;
20170530;BGI;*;X17 ;0000000306840;0000000094033;00000057;00013337;00013250;00013337;00013250;0000000013287;0000000013337;0000000016500;00000050;
20170530;BGI;*;Z17 ;0000000000000;0000000000000;00000002;00000000;00000000;00000000;00000000;0000000013329;0000000013379;0000000016500;00000050;
20170530;BRI;*;M17 ;0000067606470;0000020700716;00000632;00010697;00010697;00010698;00010698;0000000010698;0000000010670;0000000028000;00000028;
20170530;BRI;*;Q17 ;0000067579420;0000020692434;00000319;00010844;00010844;00010859;00010859;0000000010859;0000000010830;0000000029000;00000029;
20170530;BRI;*;V17 ;0000000000000;0000000000000;00000000;00000000;00000000;00000000;00000000;0000000011011;0000000010850;0000000000000;00000161;
20170530;BSE;*;M17 ;0000000000000;0000000000000;00000000;00000000;00000000;00000000;00000000;0000000031390;0000000031348;0000000000000;00000042;
20170530;BSE;*;N17 ;0000000000000;0000000000000;00000000;00000000;00000000;00000000;00000000;0000000031608;0000000031565;0000000000000;00000043;
20170530;CAD;*;M17 ;0000002326662;0000000712411;00000087;02423600;02423600;02423700;02423700;0000024223760;0000024332120;0000000065016;00108360;
20170530;CAD;*;N17 ;0000002344032;0000000717729;00000009;02441700;02441700;02441700;02441700;0000024427130;0000024525570;0000000059064;00098440;
20170530;CAD;*;Q17 ;0000000000000;0000000000000;00000680;00000000;00000000;00000000;00000000;0000024595910;0000024693170;0000000058356;00097260;
20170530;CAD;*;U17 ;0000000000000;0000000000000;00000105;00000000;00000000;00000000;00000000;0000024781960;0000024876110;0000000056490;00094150;
20170530;CCM;*;F18 ;0000000364455;0000000111690;00000720;00002920;00002890;00002920;00002890;0000000002910;0000000002948;0000000017100;00000038;
20170530;CCM;*;H18 ;0000000000000;0000000000000;00000198;00000000;00000000;00000000;00000000;0000000002991;0000000002972;0000000008550;00000019;
20170530;CCM;*;K18 ;0000000000000;0000000000000;00000000;00000000;00000000;00000000;00000000;0000000002932;0000000002913;0000000000000;00000019;
20170530;CCM;*;N17 ;0000000000000;0000000000000;00000000;00000000;00000000;00000000;00000000;0000000002738;0000000002772;0000000000000;00000034;
20170530;CCM;*;N18 ;0000000000000;0000000000000;00000000;00000000;00000000;00000000;00000000;0000000002913;0000000002887;0000000000000;00000026;
20170530;CCM;*;U17 ;0000022205632;0000006805072;00019867;00002708;00002675;00002710;00002678;0000000002680;0000000002713;0000000014850;00000033;
20170530;CCM;*;U18 ;0000000000000;0000000000000;00000000;00000000;00000000;00000000;00000000;0000000002895;0000000002861;0000000000000;00000034;
20170530;CCM;*;X17 ;0000002859021;0000000876167;00001043;00002797;00002767;00002807;00002767;0000000002770;0000000002817;0000000021150;00000047;
20170530;CCM;*;X18 ;0000000000000;0000000000000;00000000;00000000;00000000;00000000;00000000;0000000002966;0000000002932;0000000000000;00000034;
20170530;CHF;*;M17 ;0000027637500;0000008462445;00000165;03350000;03350000;03350000;03350000;0000033479240;0000033516660;0000000018710;00037420;
20170530;CHF;*;N17 ;0000000846000;0000000259040;00000004;03384000;03384000;03384000;03384000;0000033792140;0000033821200;0000000014530;00029060;
20170530;CHF;*;Q17 ;0000000000000;0000000000000;00000000;00000000;00000000;00000000;00000000;0000034065910;0000034103110;0000000000000;00037200;
20170530;CHF;*;U17 ;0000027465600;0000008409810;00000000;03433200;03433200;03433200;03433200;0000034377590;0000034410290;0000000016350;00032700;
20170530;CLP;*;M17 ;0000000000000;0000000000000;00000005;00000000;00000000;00000000;00000000;0000048326000;0000048495000;0000000042250;00169000;
20170530;CLP;*;N17 ;0000000000000;0000000000000;00000067;00000000;00000000;00000000;00000000;0000048597000;0000048800000;0000000050750;00203000;
20170530;CLP;*;Q17 ;0000000000000;0000000000000;00000000;00000000;00000000;00000000;00000000;0000048854000;0000049052000;0000000000000;00198000;
20170530;CLP;*;U17 ;0000000000000;0000000000000;00000460;00000000;00000000;00000000;00000000;0000049127000;0000049320000;0000000048250;00193000;
20170530;CNY;*;M17 ;0000000000000;0000000000000;00000000;00000000;00000000;00000000;00000000;0000047574350;0000047727370;0000000000000;00153020;
20170530;CNY;*;N17 ;0000000000000;0000000000000;00000090;00000000;00000000;00000000;00000000;0000047884500;0000048023560;0000000048671;00139060;
20170530;CNY;*;Q17 ;0000000000000;0000000000000;00000000;00000000;00000000;00000000;00000000;0000048068340;0000048208780;0000000000000;00140440;
20170530;CR1;*;U7Z7;0000000000000;0000000000000;00000000;00000000;00000000;00000000;00000000;0000000000000;0000000000000;0000000000000;00000000;
20170530;DAP;*;F18 ;0000000000000;0000000000000;00005410;00000000;00000000;00000000;00000000;0000009678795;0000009680542;0000000002113;00001747;
20170530;DAP;*;F19 ;0000000000000;0000000000000;00000000;00000000;00000000;00000000;00000000;0000009230886;0000009240974;0000000000000;00010088;
20170530;DAP;*;K19 ;0000158316139;0000048475501;00037489;00000498;00000498;00000508;00000506;0000009086596;0000009100194;0000000016451;00013598;
20170530;DAP;*;K21 ;0000028349737;0000008680528;00012879;00000548;00000548;00000557;00000557;0000008076796;0000008103972;0000000032879;00027176;
20170530;DAP;*;K23 ;0000003057013;0000000936040;00012705;00000565;00000565;00000565;00000565;0000007198959;0000007235359;0000000044039;00036400;
20170530;DAP;*;M17 ;0000000000000;0000000000000;00000000;00000000;00000000;00000000;00000000;0000009975438;0000009974902;0000000000000;00000536;
20170530;DAP;*;N17 ;0000000000000;0000000000000;00003000;00000000;00000000;00000000;00000000;0000009891590;0000009890154;0000000001737;00001436;
20170530;DAP;*;Q17 ;0000000000000;0000000000000;00000000;00000000;00000000;00000000;00000000;0000009855668;0000009854682;0000000000000;00000986;
20170530;DAP;*;Q18 ;0000046136919;0000014126862;00053780;00000508;00000508;00000512;00000512;0000009414344;0000009419874;0000000006690;00005530;
20170530;DAP;*;Q20 ;0000000000000;0000000000000;00005785;00000000;00000000;00000000;00000000;0000008444847;0000008465432;0000000024905;00020585;
20170530;DAP;*;Q22 ;0000015007624;0000004595249;00016050;00000563;00000563;00000569;00000569;0000007492260;0000007525398;0000000040092;00033138;
20170530;DAP;*;Q24 ;0000000000000;0000000000000;00008370;00000000;00000000;00000000;00000000;0000006756746;0000006784352;0000000033399;00027606;
20170530;DAP;*;Q26 ;0000000000000;0000000000000;00002375;00000000;00000000;00000000;00000000;0000006004233;0000006035581;0000000037927;00031348;
20170530;DAP;*;Q30 ;0000000000000;0000000000000;00000235;00000000;00000000;00000000;00000000;0000004839784;0000004882139;0000000051244;00042355;
20170530;DCO;*;F18 ;0000000000000;0000000000000;00000000;00000000;00000000;00000000;00000000;0000009845696;0000009875864;0000000000000;00030168;
20170530;DCO;*;F19 ;0000000000000;0000000000000;00000000;00000000;00000000;00000000;00000000;0000009592157;0000009613933;0000000000000;00021776;
20170530;DCO;*;F20 ;0000000000000;0000000000000;00000000;00000000;00000000;00000000;00000000;0000009279869;0000009296986;0000000000000;00017117;
20170530;DCO;*;F21 ;0000000000000;0000000000000;00000000;00000000;00000000;00000000;00000000;0000008915536;0000008936321;0000000000000;00020785;
20170530;DCO;*;F22 ;0000000000000;0000000000000;00000000;00000000;00000000;00000000;00000000;0000008535110;0000008554030;0000000000000;00018920;
20170530;DCO;*;F23 ;0000000000000;0000000000000;00000000;00000000;00000000;00000000;00000000;0000008127405;0000008147811;0000000000000;00020406;
20170530;DCO;*;F24 ;0000000000000;0000000000000;00000000;00000000;00000000;00000000;00000000;0000007718140;0000007738184;0000000000000;00020044;
20170530;DCO;*;F25 ;0000000000000;0000000000000;00000000;00000000;00000000;00000000;00000000;0000007308202;0000007338933;0000000000000;00030731;
20170530;DCO;*;F26 ;0000000000000;0000000000000;00000000;00000000;00000000;00000000;00000000;0000006884496;0000006916533;0000000000000;00032037;
20170530;DCO;*;F27 ;0000000000000;0000000000000;00000000;00000000;00000000;00000000;00000000;0000006499582;0000006532404;0000000000000;00032822;
20170530;DCO;*;F28 ;0000000000000;0000000000000;00000000;00000000;00000000;00000000;00000000;0000006147321;0000006180446;0000000000000;00033125;
20170530;DCO;*;F29 ;0000000000000;0000000000000;00000000;00000000;00000000;00000000;00000000;0000005810149;0000005835018;0000000000000;00024869;
20170530;DCO;*;F30 ;0000000000000;0000000000000;00000000;00000000;00000000;00000000;00000000;0000005493499;0000005518043;0000000000000;00024544;
20170530;DCO;*;G18 ;0000000000000;0000000000000;00000000;00000000;00000000;00000000;00000000;0000009830039;0000009859672;0000000000000;00029633;
20170530;DCO;*;H18 ;0000000000000;0000000000000;00000000;00000000;00000000;00000000;00000000;0000009811871;0000009840845;0000000000000;00028974;
20170530;DCO;*;J18 ;0000000000000;0000000000000;00000000;00000000;00000000;00000000;00000000;0000009787987;0000009816408;0000000000000;00028421;
20170530;DCO;*;J19 ;0000000000000;0000000000000;00000000;00000000;00000000;00000000;00000000;0000009519173;0000009540597;0000000000000;00021424;
20170530;DCO;*;J20 ;0000000000000;0000000000000;00000000;00000000;00000000;00000000;00000000;0000009185089;0000009212767;0000000000000;00027678;
20170530;DCO;*;J21 ;0000000000000;0000000000000;00000000;00000000;00000000;00000000;00000000;0000008830715;0000008850667;0000000000000;00019952;
20170530;DCO;*;J22 ;0000000000000;0000000000000;00000000;00000000;00000000;00000000;00000000;0000008435010;0000008455323;0000000000000;00020313;
20170530;DCO;*;K18 ;0000000000000;0000000000000;00000000;00000000;00000000;00000000;00000000;0000009766857;0000009793086;0000000000000;00026229;
20170530;DCO;*;M17 ;0000000000000;0000000000000;00000000;00000000;00000000;00000000;00000000;0000009963043;0000009995680;0000000000000;00032637;
20170530;DCO;*;N17 ;0000000000000;0000000000000;00000000;00000000;00000000;00000000;00000000;0000009954590;0000009987763;0000000000000;00033173;
20170530;DCO;*;N18 ;0000000000000;0000000000000;00000000;00000000;00000000;00000000;00000000;0000009726859;0000009753530;0000000000000;00026671;
20170530;DCO;*;N19 ;0000000000000;0000000000000;00000000;00000000;00000000;00000000;00000000;0000009451826;0000009469380;0000000000000;00017554;
20170530;DCO;*;N20 ;0000000000000;0000000000000;00000000;00000000;00000000;00000000;00000000;0000009101666;0000009127814;0000000000000;00026148;
20170530;DCO;*;N21 ;0000000000000;0000000000000;00000000;00000000;00000000;00000000;00000000;0000008732459;0000008751235;0000000000000;00018776;
20170530;DCO;*;Q17 ;0000000000000;0000000000000;00000000;00000000;00000000;00000000;00000000;0000009937740;0000009970353;0000000000000;00032613;
20170530;DCO;*;U17 ;0000000000000;0000000000000;00000000;00000000;00000000;00000000;00000000;0000009924847;0000009956747;0000000000000;00031900;
20170530;DCO;*;V17 ;0000000000000;0000000000000;00000000;00000000;00000000;00000000;00000000;0000009905417;0000009937228;0000000000000;00031811;
20170530;DCO;*;V18 ;0000000000000;0000000000000;00000000;00000000;00000000;00000000;00000000;0000009662684;0000009687683;0000000000000;00024999;
20170530;DCO;*;V19 ;0000000000000;0000000000000;00000000;00000000;00000000;00000000;00000000;0000009364650;0000009382405;0000000000000;00017755;
20170530;DCO;*;V20 ;0000000000000;0000000000000;00000000;00000000;00000000;00000000;00000000;0000009005133;0000009028889;0000000000000;00023756;
20170530;DCO;*;V21 ;0000000000000;0000000000000;00000000;00000000;00000000;00000000;00000000;0000008638417;0000008655727;0000000000000;00017310;
20170530;DCO;*;X17 ;0000000000000;0000000000000;00000000;00000000;00000000;00000000;00000000;0000009887611;0000009919260;0000000000000;00031649;
20170530;DCO;*;Z17 ;0000000000000;0000000000000;00000000;00000000;00000000;00000000;00000000;0000009869151;0000009899442;0000000000000;00030291;
20170530;DDI;*;F18 ;0000000000000;0000000000000;00387038;00000000;00000000;00000000;00000000;0000009846865;0000009876450;0000000048384;00029585;
20170530;DDI;*;F19 ;0000000000000;0000000000000;00116229;00000000;00000000;00000000;00000000;0000009595133;0000009615427;0000000033189;00020294;
20170530;DDI;*;F20 ;0000000000000;0000000000000;00100295;00000000;00000000;00000000;00000000;0000009284402;0000009301545;0000000028036;00017143;
20170530;DDI;*;F21 ;0000000000000;0000000000000;00089991;00000000;00000000;00000000;00000000;0000008921347;0000008942172;0000000034058;00020825;
20170530;DDI;*;F22 ;0000000000000;0000000000000;00035124;00000000;00000000;00000000;00000000;0000008541910;0000008560876;0000000031017;00018966;
20170530;DDI;*;F23 ;0000000000000;0000000000000;00030236;00000000;00000000;00000000;00000000;0000008134909;0000008155370;0000000033462;00020461;
20170530;DDI;*;F24 ;0000000000000;0000000000000;00034555;00000000;00000000;00000000;00000000;0000007726118;0000007746222;0000000032879;00020104;
20170530;DDI;*;F25 ;0000000000000;0000000000000;00020280;00000000;00000000;00000000;00000000;0000007316443;0000007347261;0000000050401;00030818;
20170530;DDI;*;F26 ;0000000000000;0000000000000;00015230;00000000;00000000;00000000;00000000;0000006896916;0000006929100;0000000052635;00032184;
20170530;DDI;*;F27 ;0000000000000;0000000000000;00010950;00000000;00000000;00000000;00000000;0000006511948;0000006544926;0000000053933;00032978;
20170530;DDI;*;F28 ;0000000000000;0000000000000;00000110;00000000;00000000;00000000;00000000;0000006159532;0000006192819;0000000054439;00033287;
20170530;DDI;*;F29 ;0000000000000;0000000000000;00000000;00000000;00000000;00000000;00000000;0000005822087;0000005847088;0000000000000;00025001;
20170530;DDI;*;F30 ;0000000000000;0000000000000;00000500;00000000;00000000;00000000;00000000;0000005505092;0000005529768;0000000040356;00024676;
20170530;DDI;*;G18 ;0000000000000;0000000000000;00029610;00000000;00000000;00000000;00000000;0000009831365;0000009860336;0000000047380;00028971;
20170530;DDI;*;H18 ;0000000000000;0000000000000;00017320;00000000;00000000;00000000;00000000;0000009813342;0000009841582;0000000046185;00028240;
20170530;DDI;*;J18 ;0000032098584;0000009828404;00094376;00000223;00000223;00000223;00000223;0000009789621;0000009817228;0000000045149;00027607;
20170530;DDI;*;J19 ;0000000000000;0000000000000;00049706;00000000;00000000;00000000;00000000;0000009522552;0000009543998;0000000035073;00021446;
20170530;DDI;*;J20 ;0000000000000;0000000000000;00028295;00000000;00000000;00000000;00000000;0000009189952;0000009217670;0000000045331;00027718;
20170530;DDI;*;J21 ;0000000000000;0000000000000;00005347;00000000;00000000;00000000;00000000;0000008836793;0000008856786;0000000032697;00019993;
20170530;DDI;*;J22 ;0000000000000;0000000000000;00000120;00000000;00000000;00000000;00000000;0000008442001;0000008462362;0000000033299;00020361;
20170530;DDI;*;K18 ;0000000000000;0000000000000;00013640;00000000;00000000;00000000;00000000;0000009768643;0000009793982;0000000041440;00025339;
20170530;DDI;*;M17 ;0005548489466;0001698915909;00317303;00002677;00002677;00005593;00005593;0000009963059;0000009995698;0000000053379;00032639;
20170530;DDI;*;N17 ;0000319278688;0000097761318;00621226;00000421;00000421;00000421;00000421;0000009954778;0000009987950;0000000054251;00033172;
20170530;DDI;*;N18 ;0000000000000;0000000000000;00094269;00000000;00000000;00000000;00000000;0000009728951;0000009754581;0000000041916;00025630;
20170530;DDI;*;N19 ;0000000000000;0000000000000;00056874;00000000;00000000;00000000;00000000;0000009455609;0000009473184;0000000028743;00017575;
20170530;DDI;*;N20 ;0000000000000;0000000000000;00041835;00000000;00000000;00000000;00000000;0000009106860;0000009133049;0000000042830;00026189;
20170530;DDI;*;N21 ;0000000000000;0000000000000;00004950;00000000;00000000;00000000;00000000;0000008738789;0000008757606;0000000030774;00018817;
20170530;DDI;*;Q17 ;0000000000000;0000000000000;00372434;00000000;00000000;00000000;00000000;0000009938086;0000009970701;0000000053340;00032615;
20170530;DDI;*;U17 ;0000000000000;0000000000000;00086955;00000000;00000000;00000000;00000000;0000009925361;0000009957265;0000000052177;00031904;
20170530;DDI;*;V17 ;0000000000000;0000000000000;00241132;00000000;00000000;00000000;00000000;0000009906098;0000009937915;0000000052035;00031817;
20170530;DDI;*;V18 ;0000031668018;0000009696567;00057798;00000242;00000242;00000242;00000242;0000009665221;0000009688957;0000000038819;00023736;
20170530;DDI;*;V19 ;0000000000000;0000000000000;00031714;00000000;00000000;00000000;00000000;0000009368813;0000009386592;0000000029076;00017779;
20170530;DDI;*;V20 ;0000000000000;0000000000000;00023820;00000000;00000000;00000000;00000000;0000009010633;0000009034429;0000000038917;00023796;
20170530;DDI;*;V21 ;0000000000000;0000000000000;00002042;00000000;00000000;00000000;00000000;0000008644993;0000008662344;0000000028376;00017351;
20170530;DDI;*;X17 ;0000000000000;0000000000000;00077820;00000000;00000000;00000000;00000000;0000009888453;0000009920108;0000000051770;00031655;
20170530;DDI;*;Z17 ;0000000000000;0000000000000;00063720;00000000;00000000;00000000;00000000;0000009870153;0000009900449;0000000049547;00030296;
20170530;DDM;*;K25 ;0000000000000;0000000000000;00000000;00000000;00000000;00000000;00000000;0000006549968;0000006582911;0000000000000;00032943;
20170530;DI1;*;F18 ;0021767424690;0006665061603;02972159;00009325;00009250;00009335;00009330;0000009490629;0000009493561;0000000002932;00002932;
20170530;DI1;*;F19 ;0043576456573;0013342863092;01812731;00009220;00009200;00009430;00009400;0000008682169;0000008695308;0000000013139;00013139;
20170530;DI1;*;F20 ;0025806591871;0007901831615;01276865;00009870;00009800;00010040;00009960;0000007828544;0000007841790;0000000013246;00013246;
20170530;DI1;*;F21 ;0018399935583;0005633955597;01407016;00010350;00010290;00010520;00010420;0000007013203;0000007029336;0000000016133;00016133;
20170530;DI1;*;F22 ;0000197443895;0000060456197;00084271;00010620;00010620;00010800;00010710;0000006280686;0000006295092;0000000014406;00014406;
20170530;DI1;*;F23 ;0002809091263;0000860127764;00626987;00010810;00010750;00010970;00010880;0000005630410;0000005644643;0000000014233;00014233;
20170530;DI1;*;F24 ;0000000252605;0000000077346;00057410;00010970;00010970;00010970;00010970;0000005053604;0000005067106;0000000013502;00013502;
20170530;DI1;*;F25 ;0001383813600;0000423715852;00555295;00010970;00010950;00011160;00011060;0000004524182;0000004536552;0000000012370;00012370;
20170530;DI1;*;F26 ;0000003449549;0000001056232;00062713;00011060;00011040;00011110;00011110;0000004053500;0000004067608;0000000014108;00014108;
20170530;DI1;*;F27 ;0000939070362;0000287538002;00407372;00011100;00011100;00011270;00011180;0000003626192;0000003641822;0000000015630;00015630;
20170530;DI1;*;F28 ;0000000000000;0000000000000;00000010;00000000;00000000;00000000;00000000;0000003260152;0000003275669;0000000015517;00015517;
20170530;DI1;*;F29 ;0000013705589;0000004196573;00003400;00011260;00011080;00011450;00011260;0000002929765;0000002945014;0000000015249;00015249;
20170530;DI1;*;F30 ;0000001451080;0000000444312;00000620;00011210;00011120;00011230;00011230;0000002616371;0000002631147;0000000014776;00014776;
20170530;DI1;*;G18 ;0000000942123;0000000288473;00022550;00009240;00009240;00009240;00009240;0000009420939;0000009424797;0000000003858;00003858;
20170530;DI1;*;H18 ;0000001404483;0000000430045;00010025;00009220;00009220;00009220;00009220;0000009358940;0000009363674;0000000004734;00004734;
20170530;DI1;*;J18 ;0001882373431;0000576372036;00725744;00009150;00009150;00009225;00009225;0000009295719;0000009301687;0000000005968;00005968;
20170530;DI1;*;J19 ;0000610212453;0000186843582;00496659;00009410;00009390;00009570;00009510;0000008474962;0000008489601;0000000014639;00014639;
20170530;DI1;*;J20 ;0000047276514;0000014475800;00075423;00009950;00009950;00010170;00010080;0000007619664;0000007632712;0000000013048;00013048;
20170530;DI1;*;J21 ;0000006145568;0000001881738;00030410;00010460;00010450;00010590;00010500;0000006832262;0000006844973;0000000012711;00012711;
20170530;DI1;*;J22 ;0000000000000;0000000000000;00001365;00000000;00000000;00000000;00000000;0000006113829;0000006128319;0000000014490;00014490;
20170530;DI1;*;K18 ;0000138433695;0000042387610;00014975;00009190;00009190;00009190;00009190;0000009228913;0000009235528;0000000006615;00006615;
20170530;DI1;*;M17 ;0001634630343;0000500514511;00467894;00011130;00011129;00011130;00011129;0000009991627;0000009991628;0000000000001;00000001;
20170530;DI1;*;N17 ;0060942869024;0018660359786;03567173;00010340;00010240;00010340;00010270;0000009911211;0000009911286;0000000000075;00000075;
20170530;DI1;*;N18 ;0004896889314;0001499399649;00698254;00009100;00009100;00009260;00009250;0000009091071;0000009101622;0000000010551;00010551;
20170530;DI1;*;N19 ;0000875198934;0000267980935;00494157;00009500;00009500;00009740;00009680;0000008264220;0000008280289;0000000016069;00016069;
20170530;DI1;*;N20 ;0002628714635;0000804897466;01238110;00010090;00010090;00010330;00010230;0000007416520;0000007429192;0000000012672;00012672;
20170530;DI1;*;N21 ;0000062407162;0000019108718;00059781;00010500;00010500;00010670;00010590;0000006646406;0000006655113;0000000008707;00008707;
20170530;DI1;*;N22 ;0000000297485;0000000091088;00004380;00010790;00010790;00010790;00010790;0000005952423;0000005966961;0000000014538;00014538;
20170530;DI1;*;N23 ;0000000000000;0000000000000;00003180;00000000;00000000;00000000;00000000;0000005338162;0000005352244;0000000014082;00014082;
20170530;DI1;*;N24 ;0000000000000;0000000000000;00001610;00000000;00000000;00000000;00000000;0000004790114;0000004803249;0000000013135;00013135;
20170530;DI1;*;Q17 ;0000731032897;0000223838114;00278393;00010180;00010164;00010190;00010170;0000009832311;0000009832553;0000000000242;00000242;
20170530;DI1;*;U17 ;0000816711709;0000250072479;00157145;00009890;00009890;00009925;00009925;0000009751666;0000009752568;0000000000902;00000902;
20170530;DI1;*;V17 ;0006725316714;0002059253717;01434931;00009625;00009625;00009715;00009715;0000009685435;0000009686703;0000000001268;00001268;
20170530;DI1;*;V18 ;0000531836808;0000162845405;00588218;00009150;00009150;00009340;00009330;0000008880828;0000008895555;0000000014727;00014727;
20170530;DI1;*;V19 ;0000069571818;0000021302495;00077734;00009670;00009670;00009890;00009810;0000008039667;0000008053727;0000000014060;00014060;
20170530;DI1;*;V20 ;0000033517608;0000010262901;00046250;00010230;00010230;00010430;00010340;0000007205445;0000007219813;0000000014368;00014368;
20170530;DI1;*;V21 ;0000003231768;0000000989549;00012077;00010600;00010590;00010680;00010640;0000006459743;0000006471246;0000000011503;00011503;
20170530;DI1;*;X17 ;0000320739671;0000098208663;00095850;00009540;00009520;00009540;00009535;0000009617767;0000009618893;0000000001126;00001126;
20170530;DI1;*;Z17 ;0000135653052;0000041536193;00077615;00009440;00009415;00009445;00009420;0000009553523;0000009555455;0000000001932;00001932;
20170530;DOL;*;F18 ;0000000000000;0000000000000;00007905;00000000;00000000;00000000;00000000;0000033936750;0000034028200;0000000045725;00091450;
20170530;DOL;*;F19 ;0000000000000;0000000000000;00000000;00000000;00000000;00000000;00000000;0000036148480;0000036170200;0000000000000;00021720;
20170530;DOL;*;F20 ;0000000000000;0000000000000;00000000;00000000;00000000;00000000;00000000;0000038791820;0000038797800;0000000000000;00005980;
20170530;DOL;*;F21 ;0000000000000;0000000000000;00003100;00000000;00000000;00000000;00000000;0000041608430;0000041609830;0000000000700;00001400;
20170530;DOL;*;F25 ;0000000000000;0000000000000;00000000;00000000;00000000;00000000;00000000;0000052896530;0000052974500;0000000000000;00077970;
20170530;DOL;*;G18 ;0000000000000;0000000000000;00000000;00000000;00000000;00000000;00000000;0000034133980;0000034220550;0000000000000;00086570;
20170530;DOL;*;H18 ;0000000000000;0000000000000;00000000;00000000;00000000;00000000;00000000;0000034297110;0000034378420;0000000000000;00081310;
20170530;DOL;*;J18 ;0000000000000;0000000000000;00000180;00000000;00000000;00000000;00000000;0000034446900;0000034521880;0000000037490;00074980;
20170530;DOL;*;J19 ;0000000000000;0000000000000;00000050;00000000;00000000;00000000;00000000;0000036752160;0000036771410;0000000009625;00019250;
20170530;DOL;*;J20 ;0000000000000;0000000000000;00000000;00000000;00000000;00000000;00000000;0000039449790;0000039501130;0000000000000;00051340;
20170530;DOL;*;J22 ;0000000000000;0000000000000;00000000;00000000;00000000;00000000;00000000;0000045164720;0000045166610;0000000000000;00001890;
20170530;DOL;*;K18 ;0000000000000;0000000000000;00000000;00000000;00000000;00000000;00000000;0000034621900;0000034686850;0000000000000;00064950;
20170530;DOL;*;M17 ;0050417114750;0015437433709;00468413;03271000;03257000;03273500;03260000;0000032615480;0000032722320;0000000053420;00106840;
20170530;DOL;*;N17 ;0005639017375;0001726635039;00186346;03294500;03280500;03297000;03280500;0000032852760;0000032962000;0000000054620;00109240;
20170530;DOL;*;N18 ;0000000000000;0000000000000;00000620;00000000;00000000;00000000;00000000;0000035004050;0000035055570;0000000025760;00051520;
20170530;DOL;*;N19 ;0000000000000;0000000000000;00000400;00000000;00000000;00000000;00000000;0000037424410;0000037421200;0000000001605;00003210;
20170530;DOL;*;N21 ;0000000000000;0000000000000;00000000;00000000;00000000;00000000;00000000;0000043006260;0000043042470;0000000000000;00036210;
20170530;DOL;*;Q17 ;0000026464000;0000008103126;00010365;03308000;03308000;03308000;03308000;0000033060880;0000033168560;0000000053840;00107680;
20170530;DOL;*;U17 ;0000027497250;0000008419502;00001430;03333000;03333000;03333000;03333000;0000033291610;0000033395530;0000000051960;00103920;
20170530;DOL;*;V17 ;0000000000000;0000000000000;00003940;00000000;00000000;00000000;00000000;0000033454210;0000033557260;0000000051525;00103050;
20170530;DOL;*;V18 ;0000000000000;0000000000000;00000035;00000000;00000000;00000000;00000000;0000035598000;0000035626350;0000000014175;00028350;
20170530;DOL;*;V19 ;0000000000000;0000000000000;00000000;00000000;00000000;00000000;00000000;0000038116560;0000038122230;0000000000000;00005670;
20170530;DOL;*;X17 ;0000000000000;0000000000000;00000230;00000000;00000000;00000000;00000000;0000033629570;0000033733280;0000000051855;00103710;
20170530;DOL;*;Z17 ;0000000000000;0000000000000;00000005;00000000;00000000;00000000;00000000;0000033793070;0000033889940;0000000048435;00096870;
20170530;DR1;*;M7N7;0000000000000;0000000000000;00000000;00023910;00023600;00023950;00023650;0000000000000;0000000000000;0000000000000;00000000;
20170530;DR1;*;M7Q7;0000000000000;0000000000000;00000000;00044000;00044000;00045010;00044700;0000000000000;0000000000000;0000000000000;00000000;
20170530;ETH;*;F18 ;0000000000000;0000000000000;00000000;00000000;00000000;00000000;00000000;0000000168700;0000000168700;0000000000000;00000000;
20170530;ETH;*;K17 ;0000000000000;0000000000000;00000162;00000000;00000000;00000000;00000000;0000000144000;0000000144000;0000000000000;00000000;
20170530;ETH;*;K18 ;0000000000000;0000000000000;00000000;00000000;00000000;00000000;00000000;0000000150050;0000000150050;0000000000000;00000000;
20170530;ETH;*;M17 ;0000000000000;0000000000000;00000360;00000000;00000000;00000000;00000000;0000000139000;0000000139500;0000000015000;00000500;
20170530;ETH;*;N17 ;0000000000000;0000000000000;00000271;00000000;00000000;00000000;00000000;0000000140000;0000000141000;0000000030000;00001000;
20170530;ETH;*;Q17 ;0000000000000;0000000000000;00000550;00000000;00000000;00000000;00000000;0000000141500;0000000142500;0000000030000;00001000;
20170530;ETH;*;U17 ;0000000000000;0000000000000;00000000;00000000;00000000;00000000;00000000;0000000150000;0000000150000;0000000000000;00000000;
20170530;ETH;*;V17 ;0000000000000;0000000000000;00000330;00000000;00000000;00000000;00000000;0000000155000;0000000155000;0000000000000;00000000;
20170530;ETH;*;X17 ;0000000000000;0000000000000;00000102;00000000;00000000;00000000;00000000;0000000163000;0000000163000;0000000000000;00000000;
20170530;ETH;*;Z17 ;0000000000000;0000000000000;00000117;00000000;00000000;00000000;00000000;0000000165000;0000000165000;0000000000000;00000000;
20170530;EUR;*;M17 ;0000031969100;0000009788757;00000834;03656000;03653000;03656000;03653000;0000036496370;0000036558490;0000000031060;00062120;
20170530;EUR;*;N17 ;0000064407075;0000019721080;00014290;03673400;03673400;03687000;03687000;0000036809660;0000036874350;0000000032345;00064690;
20170530;EUR;*;Q17 ;0000000000000;0000000000000;00001750;00000000;00000000;00000000;00000000;0000037089920;0000037153130;0000000031605;00063210;
20170530;EUR;*;U17 ;0000000000000;0000000000000;00000130;00000000;00000000;00000000;00000000;0000037403900;0000037461960;0000000029030;00058060;
20170530;EUR;*;V17 ;0000000000000;0000000000000;00000000;00000000;00000000;00000000;00000000;0000037647610;0000037704540;0000000000000;00056930;
20170530;FRC;*;F18 ;0000000000000;0000000000000;00000000;00000222;00000215;00000222;00000215;0000000000215;0000000000202;0000000000006;00000013;
20170530;FRC;*;F19 ;0000000000000;0000000000000;00000000;00000254;00000246;00000254;00000247;0000000000246;0000000000245;0000000000000;00000001;
20170530;FRC;*;F20 ;0000000000000;0000000000000;00000000;00000291;00000285;00000293;00000285;0000000000285;0000000000284;0000000000000;00000001;
20170530;FRC;*;F21 ;0000000000000;0000000000000;00000000;00000329;00000326;00000329;00000326;0000000000326;0000000000323;0000000000001;00000003;
20170530;FRC;*;F22 ;0000000000000;0000000000000;00000000;00000363;00000363;00000363;00000363;0000000000362;0000000000360;0000000000001;00000002;
20170530;FRC;*;F23 ;0000000000000;0000000000000;00000000;00000403;00000403;00000403;00000403;0000000000401;0000000000398;0000000000001;00000003;
20170530;FRC;*;F24 ;0000000000000;0000000000000;00000000;00000437;00000437;00000437;00000437;0000000000437;0000000000435;0000000000001;00000002;
20170530;FRC;*;F25 ;0000000000000;0000000000000;00000000;00000474;00000474;00000474;00000474;0000000000474;0000000000468;0000000000003;00000006;
20170530;FRC;*;F26 ;0000000000000;0000000000000;00000000;00000000;00000000;00000000;00000000;0000000000514;0000000000508;0000000000000;00000006;
20170530;FRC;*;F27 ;0000000000000;0000000000000;00000000;00000000;00000000;00000000;00000000;0000000000548;0000000000542;0000000000000;00000006;
20170530;FRC;*;F28 ;0000000000000;0000000000000;00000000;00000000;00000000;00000000;00000000;0000000000578;0000000000572;0000000000000;00000006;
20170530;FRC;*;F29 ;0000000000000;0000000000000;00000000;00000000;00000000;00000000;00000000;0000000000608;0000000000603;0000000000000;00000005;
20170530;FRC;*;F30 ;0000000000000;0000000000000;00000000;00000000;00000000;00000000;00000000;0000000000637;0000000000632;0000000000000;00000005;
20170530;FRC;*;G18 ;0000000000000;0000000000000;00000000;00000000;00000000;00000000;00000000;0000000000212;0000000000202;0000000000000;00000010;
20170530;FRC;*;H18 ;0000000000000;0000000000000;00000000;00000000;00000000;00000000;00000000;0000000000215;0000000000206;0000000000000;00000009;
20170530;FRC;*;J18 ;0000000000000;0000000000000;00000000;00000223;00000223;00000223;00000223;0000000000223;0000000000215;0000000000004;00000008;
20170530;FRC;*;J19 ;0000000000000;0000000000000;00000000;00000256;00000256;00000256;00000256;0000000000256;0000000000255;0000000000000;00000001;
20170530;FRC;*;J20 ;0000000000000;0000000000000;00000000;00000299;00000298;00000299;00000298;0000000000299;0000000000294;0000000000002;00000005;
20170530;FRC;*;J21 ;0000000000000;0000000000000;00000000;00000000;00000000;00000000;00000000;0000000000333;0000000000331;0000000000000;00000002;
20170530;FRC;*;J22 ;0000000000000;0000000000000;00000000;00000000;00000000;00000000;00000000;0000000000372;0000000000370;0000000000000;00000002;
20170530;FRC;*;K18 ;0000000000000;0000000000000;00000000;00000226;00000226;00000226;00000226;0000000000226;0000000000221;0000000000002;00000005;
20170530;FRC;*;N18 ;0000000000000;0000000000000;00000000;00000237;00000230;00000239;00000230;0000000000230;0000000000225;0000000000002;00000005;
20170530;FRC;*;N19 ;0000000000000;0000000000000;00000000;00000000;00000000;00000000;00000000;0000000000261;0000000000261;0000000000000;00000000;
20170530;FRC;*;N20 ;0000000000000;0000000000000;00000000;00000000;00000000;00000000;00000000;0000000000306;0000000000302;0000000000000;00000004;
20170530;FRC;*;N21 ;0000000000000;0000000000000;00000000;00000000;00000000;00000000;00000000;0000000000343;0000000000341;0000000000000;00000002;
20170530;FRC;*;Q17 ;0000000000000;0000000000000;00000000;00000211;00000205;00000211;00000208;0000000000208;0000000000148;0000000000030;00000060;
20170530;FRC;*;U17 ;0000000000000;0000000000000;00000000;00000178;00000178;00000178;00000178;0000000000178;0000000000151;0000000000013;00000027;
20170530;FRC;*;V17 ;0000000000000;0000000000000;00000000;00000199;00000195;00000199;00000195;0000000000195;0000000000170;0000000000012;00000025;
20170530;FRC;*;V18 ;0000000000000;0000000000000;00000000;00000000;00000000;00000000;00000000;0000000000237;0000000000234;0000000000000;00000003;
20170530;FRC;*;V19 ;0000000000000;0000000000000;00000000;00000000;00000000;00000000;00000000;0000000000275;0000000000274;0000000000000;00000001;
20170530;FRC;*;V20 ;0000000000000;0000000000000;00000000;00000000;00000000;00000000;00000000;0000000000318;0000000000314;0000000000000;00000004;
20170530;FRC;*;V21 ;0000000000000;0000000000000;00000000;00000000;00000000;00000000;00000000;0000000000352;0000000000350;0000000000000;00000002;
20170530;FRC;*;X17 ;0000000000000;0000000000000;00000000;00000199;00000199;00000199;00000199;0000000000199;0000000000179;0000000000010;00000020;
20170530;FRC;*;Z17 ;0000000000000;0000000000000;00000000;00000000;00000000;00000000;00000000;0000000000205;0000000000189;0000000000000;00000016;
20170530;FRO;*;F18 ;0000000000000;0000000000000;00000000;00000000;00000000;00000000;00000000;0000000000217;0000000000203;0000000000000;00000014;
20170530;FRO;*;F19 ;0000000000000;0000000000000;00000000;00000000;00000000;00000000;00000000;0000000000248;0000000000246;0000000000000;00000002;
20170530;FRO;*;F20 ;0000000000000;0000000000000;00000000;00000000;00000000;00000000;00000000;0000000000287;0000000000286;0000000000000;00000001;
20170530;FRO;*;F21 ;0000000000000;0000000000000;00000000;00000000;00000000;00000000;00000000;0000000000328;0000000000325;0000000000000;00000003;
20170530;FRO;*;F22 ;0000000000000;0000000000000;00000000;00000000;00000000;00000000;00000000;0000000000364;0000000000362;0000000000000;00000002;
20170530;FRO;*;F23 ;0000000000000;0000000000000;00000000;00000000;00000000;00000000;00000000;0000000000403;0000000000400;0000000000000;00000003;
20170530;FRO;*;F24 ;0000000000000;0000000000000;00000000;00000000;00000000;00000000;00000000;0000000000439;0000000000437;0000000000000;00000002;
20170530;FRO;*;F25 ;0000000000000;0000000000000;00000000;00000000;00000000;00000000;00000000;0000000000476;0000000000470;0000000000000;00000006;
20170530;FRO;*;F26 ;0000000000000;0000000000000;00000000;00000000;00000000;00000000;00000000;0000000000517;0000000000511;0000000000000;00000006;
20170530;FRO;*;F27 ;0000000000000;0000000000000;00000000;00000000;00000000;00000000;00000000;0000000000551;0000000000545;0000000000000;00000006;
20170530;FRO;*;F28 ;0000000000000;0000000000000;00000000;00000000;00000000;00000000;00000000;0000000000581;0000000000575;0000000000000;00000006;
20170530;FRO;*;F29 ;0000000000000;0000000000000;00000000;00000000;00000000;00000000;00000000;0000000000611;0000000000606;0000000000000;00000005;
20170530;FRO;*;F30 ;0000000000000;0000000000000;00000000;00000000;00000000;00000000;00000000;0000000000640;0000000000635;0000000000000;00000005;
20170530;FRO;*;G18 ;0000000000000;0000000000000;00000000;00000000;00000000;00000000;00000000;0000000000214;0000000000203;0000000000000;00000011;
20170530;FRO;*;H18 ;0000000000000;0000000000000;00000000;00000000;00000000;00000000;00000000;0000000000217;0000000000207;0000000000000;00000010;
20170530;FRO;*;J18 ;0000000000000;0000000000000;00000000;00000000;00000000;00000000;00000000;0000000000225;0000000000216;0000000000000;00000009;
20170530;FRO;*;J19 ;0000000000000;0000000000000;00000000;00000000;00000000;00000000;00000000;0000000000258;0000000000257;0000000000000;00000001;
20170530;FRO;*;J20 ;0000000000000;0000000000000;00000000;00000000;00000000;00000000;00000000;0000000000301;0000000000296;0000000000000;00000005;
20170530;FRO;*;J21 ;0000000000000;0000000000000;00000000;00000000;00000000;00000000;00000000;0000000000335;0000000000333;0000000000000;00000002;
20170530;FRO;*;J22 ;0000000000000;0000000000000;00000000;00000000;00000000;00000000;00000000;0000000000374;0000000000372;0000000000000;00000002;
20170530;FRO;*;K18 ;0000000000000;0000000000000;00000000;00000000;00000000;00000000;00000000;0000000000228;0000000000222;0000000000000;00000006;
20170530;FRO;*;N18 ;0000000000000;0000000000000;00000000;00000000;00000000;00000000;00000000;0000000000232;0000000000226;0000000000000;00000006;
20170530;FRO;*;N19 ;0000000000000;0000000000000;00000000;00000000;00000000;00000000;00000000;0000000000263;0000000000263;0000000000000;00000000;
20170530;FRO;*;N20 ;0000000000000;0000000000000;00000000;00000000;00000000;00000000;00000000;0000000000308;0000000000304;0000000000000;00000004;
20170530;FRO;*;N21 ;0000000000000;0000000000000;00000000;00000000;00000000;00000000;00000000;0000000000345;0000000000343;0000000000000;00000002;
20170530;FRO;*;Q17 ;0000000000000;0000000000000;00000000;00000000;00000000;00000000;00000000;0000000000210;0000000000150;0000000000000;00000060;
20170530;FRO;*;U17 ;0000000000000;0000000000000;00000000;00000000;00000000;00000000;00000000;0000000000180;0000000000153;0000000000000;00000027;
20170530;FRO;*;V17 ;0000000000000;0000000000000;00000000;00000000;00000000;00000000;00000000;0000000000197;0000000000172;0000000000000;00000025;
20170530;FRO;*;V18 ;0000000000000;0000000000000;00000000;00000000;00000000;00000000;00000000;0000000000239;0000000000235;0000000000000;00000004;
20170530;FRO;*;V19 ;0000000000000;0000000000000;00000000;00000000;00000000;00000000;00000000;0000000000277;0000000000276;0000000000000;00000001;
20170530;FRO;*;V20 ;0000000000000;0000000000000;00000000;00000000;00000000;00000000;00000000;0000000000320;0000000000316;0000000000000;00000004;
20170530;FRO;*;V21 ;0000000000000;0000000000000;00000000;00000000;00000000;00000000;00000000;0000000000354;0000000000352;0000000000000;00000002;
20170530;FRO;*;X17 ;0000000000000;0000000000000;00000000;00000000;00000000;00000000;00000000;0000000000201;0000000000181;0000000000000;00000020;
20170530;FRO;*;Z17 ;0000000000000;0000000000000;00000000;00000000;00000000;00000000;00000000;0000000000207;0000000000191;0000000000000;00000016;
20170530;FRP;*;FRP0;0000000000000;0000000000000;00000000;00002530;00002470;00002550;00002500;0000000000000;0000000000000;0000000000000;00000000;
20170530;FRP;*;FRP1;0000000000000;0000000000000;00000000;00002450;00002450;00002470;00002470;0000000000000;0000000000000;0000000000000;00000000;
20170530;GBP;*;M17 ;0000010572667;0000003237290;00000287;04201800;04189700;04201800;04189800;0000041945340;0000042014950;0000000024363;00069610;
20170530;GBP;*;N17 ;0000014380138;0000004403116;00000580;04238500;04228700;04242400;04228800;0000042280540;0000042353440;0000000025515;00072900;
20170530;GBP;*;Q17 ;0000000000000;0000000000000;00000012;00000000;00000000;00000000;00000000;0000042579740;0000042650490;0000000024762;00070750;
20170530;GBP;*;U17 ;0000000000000;0000000000000;00000120;00000000;00000000;00000000;00000000;0000042914530;0000042979290;0000000022666;00064760;
20170530;HSI;*;K17 ;0000000000000;0000000000000;00000000;00000000;00000000;00000000;00000000;0000000025684;0000000025684;0000000000000;00000000;
20170530;HSI;*;M17 ;0000000000000;0000000000000;00000000;00000000;00000000;00000000;00000000;0000000025483;0000000025483;0000000000000;00000000;
20170530;HSI;*;N17 ;0000000000000;0000000000000;00000000;00000000;00000000;00000000;00000000;0000000025377;0000000025500;0000000000000;00000123;
20170530;IAP;*;K19 ;0000000000000;0000000000000;00000000;00000000;00000000;00000000;00000000;0000000525624;0000000525449;0000000000000;00000175;
20170530;IAP;*;K21 ;0000000000000;0000000000000;00000000;00000000;00000000;00000000;00000000;0000000579566;0000000581024;0000000000000;00001458;
20170530;IAP;*;M17 ;0000000000000;0000000000000;00000000;00000000;00000000;00000000;00000000;0000000485096;0000000485073;0000000000575;00000023;
20170530;IAP;*;N17 ;0000000000000;0000000000000;00000000;00000000;00000000;00000000;00000000;0000000485926;0000000485881;0000000000000;00000045;
20170530;IAP;*;Q17 ;0000000000000;0000000000000;00000000;00000000;00000000;00000000;00000000;0000000487007;0000000486935;0000000000000;00000072;
20170530;IAP;*;Q18 ;0000000000000;0000000000000;00000000;00000000;00000000;00000000;00000000;0000000507580;0000000507166;0000000000000;00000414;
20170530;IAP;*;Q20 ;0000000000000;0000000000000;00000000;00000000;00000000;00000000;00000000;0000000560211;0000000560534;0000000000000;00000323;
20170530;IAP;*;Q22 ;0000000000000;0000000000000;00000000;00000000;00000000;00000000;00000000;0000000617472;0000000618685;0000000000000;00001213;
20170530;ICF;*;H18 ;0000000000000;0000000000000;00000000;00000000;00000000;00000000;00000000;0000000016910;0000000016790;0000000000000;00000120;
20170530;ICF;*;N17 ;0000000000000;0000000000000;00000077;00000000;00000000;00000000;00000000;0000000015600;0000000015480;0000000039157;00000120;
20170530;ICF;*;U17 ;0000009202301;0000002820110;00005870;00016000;00015910;00016100;00016005;0000000016045;0000000015900;0000000047314;00000145;
20170530;ICF;*;U18 ;0000000000000;0000000000000;00001292;00000000;00000000;00000000;00000000;0000000017175;0000000017035;0000000045683;00000140;
20170530;ICF;*;U19 ;0000000000000;0000000000000;00000377;00000000;00000000;00000000;00000000;0000000017520;0000000017400;0000000039157;00000120;
20170530;ICF;*;Z17 ;0000000000000;0000000000000;00000282;00000000;00000000;00000000;00000000;0000000016460;0000000016340;0000000039157;00000120;
20170530;ICF;*;Z18 ;0000000000000;0000000000000;00000032;00000000;00000000;00000000;00000000;0000000017050;0000000016920;0000000042420;00000130;
20170530;IND;*;G18 ;0000000000000;0000000000000;00000000;00000000;00000000;00000000;00000000;0000000067649;0000000067352;0000000000000;00000297;
20170530;IND;*;G19 ;0000000000000;0000000000000;00000000;00000000;00000000;00000000;00000000;0000000073419;0000000073011;0000000000000;00000408;
20170530;IND;*;J18 ;0000000000000;0000000000000;00000000;00000000;00000000;00000000;00000000;0000000068557;0000000068240;0000000000000;00000317;
20170530;IND;*;M17 ;0003722593825;0001139837051;00265890;00064040;00063710;00064365;00064190;0000000064229;0000000063975;0000000025400;00000254;
20170530;IND;*;M18 ;0000000000000;0000000000000;00001080;00000000;00000000;00000000;00000000;0000000069392;0000000069047;0000000034500;00000345;
20170530;IND;*;Q17 ;0000014662500;0000004489574;00032300;00065000;00065000;00065300;00065200;0000000065211;0000000064950;0000000026100;00000261;
20170530;IND;*;Q18 ;0000000000000;0000000000000;00000000;00000000;00000000;00000000;00000000;0000000070421;0000000070044;0000000000000;00000377;
20170530;IND;*;V17 ;0000000000000;0000000000000;00001880;00000000;00000000;00000000;00000000;0000000066109;0000000065840;0000000026900;00000269;
20170530;IND;*;V18 ;0000000000000;0000000000000;00000000;00000000;00000000;00000000;00000000;0000000071424;0000000071026;0000000000000;00000398;
20170530;IND;*;Z17 ;0000013998300;0000004286200;00015725;00066900;00066640;00066900;00066640;0000000066845;0000000066564;0000000028100;00000281;
20170530;IND;*;Z18 ;0000000000000;0000000000000;00000150;00000000;00000000;00000000;00000000;0000000072322;0000000071925;0000000039700;00000397;
20170530;IR1;*;M7Q7;0000000000000;0000000000000;00000000;00000967;00000967;00000967;00000967;0000000000000;0000000000000;0000000000000;00000000;
20170530;ISP;*;M17 ;0000081845277;0000025082062;00004063;00240800;00240800;00241425;00241100;0000000241175;0000000241375;0000000032631;00000200;
20170530;ISP;*;M18 ;0000000000000;0000000000000;00000000;00000000;00000000;00000000;00000000;0000000240475;0000000240675;0000000000000;00000200;
20170530;ISP;*;U17 ;0000000000000;0000000000000;00000012;00000000;00000000;00000000;00000000;0000000240900;0000000241100;0000000032631;00000200;
20170530;ISP;*;Z17 ;0000000000000;0000000000000;00000000;00000000;00000000;00000000;00000000;0000000240600;0000000240800;0000000000000;00000200;
20170530;JPY;*;M17 ;0000002357400;0000000721822;00000544;02944000;02944000;02948000;02948000;0000029440700;0000029400000;0000000020350;00040700;
20170530;JPY;*;N17 ;0000035246480;0000010792272;00000333;02961300;02961300;02971000;02971000;0000029683400;0000029644000;0000000019700;00039400;
20170530;JPY;*;Q17 ;0000001498050;0000000458694;00001689;02996100;02996100;02996100;02996100;0000029900200;0000029859500;0000000020350;00040700;
20170530;JPY;*;U17 ;0000000000000;0000000000000;00000000;00000000;00000000;00000000;00000000;0000030145800;0000030099600;0000000000000;00046200;
20170530;JSE;*;M17 ;0000000000000;0000000000000;00000000;00000000;00000000;00000000;00000000;0000000047881;0000000047715;0000000000000;00000166;
20170530;JSE;*;U17 ;0000000000000;0000000000000;00000000;00000000;00000000;00000000;00000000;0000000048311;0000000048147;0000000000000;00000164;
20170530;MIX;*;M17 ;0000000000000;0000000000000;00000000;00000000;00000000;00000000;00000000;0000000001938;0000000001944;0000000000000;00000006;
20170530;MIX;*;U17 ;0000000000000;0000000000000;00000000;00000000;00000000;00000000;00000000;0000000001929;0000000001937;0000000000000;00000008;
20170530;MXN;*;M17 ;0000000000000;0000000000000;00000242;00000000;00000000;00000000;00000000;0000017437850;0000017692140;0000000190717;00254290;
20170530;MXN;*;N17 ;0000000000000;0000000000000;00000319;00000000;00000000;00000000;00000000;0000017470000;0000017725740;0000000191805;00255740;
20170530;MXN;*;Q17 ;0000000000000;0000000000000;00000144;00000000;00000000;00000000;00000000;0000017495260;0000017750420;0000000191370;00255160;
20170530;NZD;*;M17 ;0000000000000;0000000000000;00000000;00000000;00000000;00000000;00000000;0000023156170;0000023106860;0000000000000;00049310;
20170530;NZD;*;N17 ;0000000000000;0000000000000;00000000;00000000;00000000;00000000;00000000;0000023307810;0000023259580;0000000000000;00048230;
20170530;NZD;*;Q17 ;0000000000000;0000000000000;00000000;00000000;00000000;00000000;00000000;0000023442870;0000023392300;0000000000000;00050570;
20170530;OC1;*;F18 ;0000000000000;0000000000000;00000000;00000000;00000000;00000000;00000000;0000009489762;0000009492746;0000000000000;00002984;
20170530;OC1;*;F19 ;0000000000000;0000000000000;00000000;00000000;00000000;00000000;00000000;0000008680038;0000008693298;0000000000000;00013260;
20170530;OC1;*;F20 ;0000000000000;0000000000000;00000000;00000000;00000000;00000000;00000000;0000007825234;0000007838657;0000000000000;00013423;
20170530;OC1;*;F21 ;0000000000000;0000000000000;00000000;00000000;00000000;00000000;00000000;0000007008885;0000007025234;0000000000000;00016349;
20170530;OC1;*;F22 ;0000000000000;0000000000000;00000000;00000000;00000000;00000000;00000000;0000006275757;0000006290150;0000000000000;00014393;
20170530;OC1;*;F23 ;0000000000000;0000000000000;00000000;00000000;00000000;00000000;00000000;0000005624754;0000005639254;0000000000000;00014500;
20170530;OC1;*;F24 ;0000000000000;0000000000000;00000000;00000000;00000000;00000000;00000000;0000005047634;0000005061416;0000000000000;00013782;
20170530;OC1;*;F25 ;0000000000000;0000000000000;00000000;00000000;00000000;00000000;00000000;0000004518021;0000004530681;0000000000000;00012660;
20170530;OC1;*;F26 ;0000000000000;0000000000000;00000000;00000000;00000000;00000000;00000000;0000004047251;0000004061335;0000000000000;00014084;
20170530;OC1;*;F27 ;0000000000000;0000000000000;00000000;00000000;00000000;00000000;00000000;0000003619960;0000003635560;0000000000000;00015600;
20170530;OC1;*;F28 ;0000000000000;0000000000000;00000000;00000000;00000000;00000000;00000000;0000003253967;0000003269452;0000000000000;00015485;
20170530;OC1;*;F29 ;0000000000000;0000000000000;00000000;00000000;00000000;00000000;00000000;0000002923688;0000002938902;0000000000000;00015214;
20170530;OC1;*;F30 ;0000000000000;0000000000000;00000000;00000000;00000000;00000000;00000000;0000002610482;0000002625222;0000000000000;00014740;
20170530;OC1;*;G18 ;0000000000000;0000000000000;00000000;00000000;00000000;00000000;00000000;0000009419950;0000009423868;0000000000000;00003918;
20170530;OC1;*;H18 ;0000000000000;0000000000000;00000000;00000000;00000000;00000000;00000000;0000009357854;0000009362652;0000000000000;00004798;
20170530;OC1;*;J18 ;0000000000000;0000000000000;00000000;00000000;00000000;00000000;00000000;0000009294519;0000009300557;0000000000000;00006038;
20170530;OC1;*;J19 ;0000000000000;0000000000000;00000000;00000000;00000000;00000000;00000000;0000008472566;0000008487200;0000000000000;00014634;
20170530;OC1;*;J20 ;0000000000000;0000000000000;00000000;00000000;00000000;00000000;00000000;0000007616140;0000007629180;0000000000000;00013040;
20170530;OC1;*;J21 ;0000000000000;0000000000000;00000000;00000000;00000000;00000000;00000000;0000006827774;0000006840711;0000000000000;00012937;
20170530;OC1;*;J22 ;0000000000000;0000000000000;00000000;00000000;00000000;00000000;00000000;0000006108774;0000006123250;0000000000000;00014476;
20170530;OC1;*;K18 ;0000000000000;0000000000000;00000000;00000000;00000000;00000000;00000000;0000009227602;0000009234293;0000000000000;00006691;
20170530;OC1;*;M17 ;0000000000000;0000000000000;00000000;00000000;00000000;00000000;00000000;0000009991612;0000009991613;0000000000000;00000001;
20170530;OC1;*;N17 ;0000000000000;0000000000000;00000000;00000000;00000000;00000000;00000000;0000009911063;0000009911139;0000000000000;00000076;
20170530;OC1;*;N18 ;0000000000000;0000000000000;00000000;00000000;00000000;00000000;00000000;0000009089544;0000009100183;0000000000000;00010639;
20170530;OC1;*;N19 ;0000000000000;0000000000000;00000000;00000000;00000000;00000000;00000000;0000008261572;0000008277634;0000000000000;00016062;
20170530;OC1;*;N20 ;0000000000000;0000000000000;00000000;00000000;00000000;00000000;00000000;0000007412801;0000007425466;0000000000000;00012665;
20170530;OC1;*;N21 ;0000000000000;0000000000000;00000000;00000000;00000000;00000000;00000000;0000006641762;0000006650462;0000000000000;00008700;
20170530;OC1;*;N22 ;0000000000000;0000000000000;00000000;00000000;00000000;00000000;00000000;0000005947253;0000005961776;0000000000000;00014523;
20170530;OC1;*;N23 ;0000000000000;0000000000000;00000000;00000000;00000000;00000000;00000000;0000005332328;0000005346685;0000000000000;00014357;
20170530;OC1;*;N24 ;0000000000000;0000000000000;00000000;00000000;00000000;00000000;00000000;0000004784033;0000004797453;0000000000000;00013420;
20170530;OC1;*;Q17 ;0000000000000;0000000000000;00000000;00000000;00000000;00000000;00000000;0000009832031;0000009832273;0000000000000;00000242;
20170530;OC1;*;U17 ;0000000000000;0000000000000;00000000;00000000;00000000;00000000;00000000;0000009751241;0000009752143;0000000000000;00000902;
20170530;OC1;*;V17 ;0000000000000;0000000000000;00000000;00000000;00000000;00000000;00000000;0000009684917;0000009686186;0000000000000;00001269;
20170530;OC1;*;V18 ;0000000000000;0000000000000;00000000;00000000;00000000;00000000;00000000;0000008878987;0000008893817;0000000000000;00014830;
20170530;OC1;*;V19 ;0000000000000;0000000000000;00000000;00000000;00000000;00000000;00000000;0000008036599;0000008050823;0000000000000;00014224;
20170530;OC1;*;V20 ;0000000000000;0000000000000;00000000;00000000;00000000;00000000;00000000;0000007201316;0000007215892;0000000000000;00014576;
20170530;OC1;*;V21 ;0000000000000;0000000000000;00000000;00000000;00000000;00000000;00000000;0000006454947;0000006466440;0000000000000;00011493;
20170530;OC1;*;X17 ;0000000000000;0000000000000;00000000;00000000;00000000;00000000;00000000;0000009617127;0000009618254;0000000000000;00001127;
20170530;OC1;*;Z17 ;0000000000000;0000000000000;00000000;00000000;00000000;00000000;00000000;0000009552769;0000009554702;0000000000000;00001933;
20170530;OZ1;*;0000;0000000295828;0000000090581;00000000;00132000;00131000;00132000;00131000;0000000131611;0000000131937;0000000000000;00001100;
20170530;OZ1;*;M17 ;0000000000000;0000000000000;00000000;00000000;00000000;00000000;00000000;0000000131055;0000000132211;0000000000000;00001156;
20170530;OZ1;*;N17 ;0000000000000;0000000000000;00000000;00000000;00000000;00000000;00000000;0000000132123;0000000133287;0000000000000;00001164;
20170530;OZ2;*;0000;0000000131389;0000000040231;00000000;00131800;00131000;00133000;00131000;0000000131521;0000000131739;0000000000000;00001000;
20170530;OZ3;*;0000;0000000015931;0000000004878;00000000;00131000;00130500;00131500;00130500;0000000130643;0000000130254;0000000000000;00000500;
20170530;SCS;*;F802;0000000000000;0000000000000;00077520;00000000;00000000;00000000;00000000;0000000000000;0000000000000;0000000000000;00000000;
20170530;SCS;*;M701;0000000000000;0000000000000;00088700;00000000;00000000;00000000;00000000;0000000000000;0000000000000;0000000000000;00000000;
20170530;SCS;*;N703;0000000000000;0000000000000;00138770;00000000;00000000;00000000;00000000;0000000000000;0000000000000;0000000000000;00000000;
20170530;SCS;*;Q701;0000000000000;0000000000000;00123620;00000000;00000000;00000000;00000000;0000000000000;0000000000000;0000000000000;00000000;
20170530;SCS;*;V702;0000000000000;0000000000000;00126645;00000000;00000000;00000000;00000000;0000000000000;0000000000000;0000000000000;00000000;
20170530;SFI;*;K18 ;0000000000000;0000000000000;00000000;00000000;00000000;00000000;00000000;0000000002002;0000000002018;0000000000000;00000016;
20170530;SFI;*;N17 ;0000000000000;0000000000000;00000000;00000000;00000000;00000000;00000000;0000000001952;0000000001981;0000000000000;00000029;
20170530;SFI;*;X17 ;0000000000000;0000000000000;00000000;00000000;00000000;00000000;00000000;0000000001960;0000000001980;0000000000000;00000020;
20170530;SJC;*;F18 ;0000000000000;0000000000000;00000000;00000000;00000000;00000000;00000000;0000000204530;0000000206515;0000000000000;00001985;
20170530;SJC;*;H18 ;0000000000000;0000000000000;00000000;00000000;00000000;00000000;00000000;0000000205963;0000000207782;0000000000000;00001819;
20170530;SJC;*;K18 ;0000000000000;0000000000000;00000000;00000000;00000000;00000000;00000000;0000000207396;0000000209105;0000000000000;00001709;
20170530;SJC;*;N17 ;0000001479186;0000000453307;00002050;00002031;00002009;00002031;00002012;0000000201224;0000000204255;0000000044507;00003031;
20170530;SJC;*;N18 ;0000000000000;0000000000000;00000000;00000000;00000000;00000000;00000000;0000000208940;0000000210593;0000000000000;00001653;
20170530;SJC;*;Q17 ;0000000089778;0000000027513;00000109;00002038;00002038;00002038;00002038;0000000201940;0000000204916;0000000043699;00002976;
20170530;SJC;*;U17 ;0000000029662;0000000009090;00000010;00002020;00002020;00002020;00002020;0000000202050;0000000204530;0000000036416;00002480;
20170530;SJC;*;X17 ;0000000000000;0000000000000;00001238;00000000;00000000;00000000;00000000;0000000202767;0000000204861;0000000030748;00002094;
20170530;TRY;*;M17 ;0000004524300;0000001385315;00000066;00914000;00914000;00914000;00914000;0000009175050;0000009143890;0000000023370;00031160;
20170530;TRY;*;N17 ;0000004512697;0000001381762;00000000;00911600;00911600;00911700;00911700;0000009155260;0000009125730;0000000022147;00029530;
20170530;TRY;*;Q17 ;0000000000000;0000000000000;00000000;00000000;00000000;00000000;00000000;0000009136400;0000009107020;0000000000000;00029380;
20170530;T10;*;M17 ;0000030539333;0000009350970;00000106;00126336;00126336;00126375;00126375;0000001264375;0000001261875;0000000081647;00002500;
20170530;T10;*;U17 ;0000057200276;0000017514399;00001323;00125844;00125844;00126109;00126109;0000001261562;0000001258906;0000000086742;00002656;
20170530;WDO;*;F18 ;0000000000000;0000000000000;00000000;00000000;00000000;00000000;00000000;0000033936750;0000034028200;0000000000000;00091450;
20170530;WDO;*;F19 ;0000000000000;0000000000000;00000000;00000000;00000000;00000000;00000000;0000036148480;0000036170200;0000000000000;00021720;
20170530;WDO;*;F20 ;0000000000000;0000000000000;00000000;00000000;00000000;00000000;00000000;0000038791820;0000038797800;0000000000000;00005980;
20170530;WDO;*;F21 ;0000000000000;0000000000000;00000000;00000000;00000000;00000000;00000000;0000041608430;0000041609830;0000000000000;00001400;
20170530;WDO;*;F25 ;0000000000000;0000000000000;00000000;00000000;00000000;00000000;00000000;0000052896530;0000052974500;0000000000000;00077970;
20170530;WDO;*;G18 ;0000000000000;0000000000000;00000000;00000000;00000000;00000000;00000000;0000034133980;0000034220550;0000000000000;00086570;
20170530;WDO;*;H18 ;0000000000000;0000000000000;00000000;00000000;00000000;00000000;00000000;0000034297110;0000034378420;0000000000000;00081310;
20170530;WDO;*;J18 ;0000000000000;0000000000000;00000000;00000000;00000000;00000000;00000000;0000034446900;0000034521880;0000000000000;00074980;
20170530;WDO;*;J19 ;0000000000000;0000000000000;00000000;00000000;00000000;00000000;00000000;0000036752160;0000036771410;0000000000000;00019250;
20170530;WDO;*;J20 ;0000000000000;0000000000000;00000000;00000000;00000000;00000000;00000000;0000039449790;0000039501130;0000000000000;00051340;
20170530;WDO;*;J22 ;0000000000000;0000000000000;00000000;00000000;00000000;00000000;00000000;0000045164720;0000045166610;0000000000000;00001890;
20170530;WDO;*;K18 ;0000000000000;0000000000000;00000000;00000000;00000000;00000000;00000000;0000034621900;0000034686850;0000000000000;00064950;
20170530;WDO;*;M17 ;0015386590525;0004711286483;00034185;03271500;03256500;03273500;03259500;0000032615480;0000032722320;0000000010684;00106840;
20170530;WDO;*;N17 ;0000176198960;0000053951119;00003096;03294000;03281000;03299000;03282500;0000032852760;0000032962000;0000000010924;00109240;
20170530;WDO;*;N18 ;0000000000000;0000000000000;00000000;00000000;00000000;00000000;00000000;0000035004050;0000035055570;0000000000000;00051520;
20170530;WDO;*;N19 ;0000000000000;0000000000000;00000000;00000000;00000000;00000000;00000000;0000037424410;0000037421200;0000000000000;00003210;
20170530;WDO;*;N21 ;0000000000000;0000000000000;00000000;00000000;00000000;00000000;00000000;0000043006260;0000043042470;0000000000000;00036210;
20170530;WDO;*;Q17 ;0000000496420;0000000152001;00000032;03307000;03306000;03317000;03306000;0000033060880;0000033168560;0000000010768;00107680;
20170530;WDO;*;U17 ;0000000000000;0000000000000;00000079;00000000;00000000;00000000;00000000;0000033291610;0000033395530;0000000010392;00103920;
20170530;WDO;*;V17 ;0000000000000;0000000000000;00000000;00000000;00000000;00000000;00000000;0000033454210;0000033557260;0000000000000;00103050;
20170530;WDO;*;V18 ;0000000000000;0000000000000;00000000;00000000;00000000;00000000;00000000;0000035598000;0000035626350;0000000000000;00028350;
20170530;WDO;*;V19 ;0000000000000;0000000000000;00000000;00000000;00000000;00000000;00000000;0000038116560;0000038122230;0000000000000;00005670;
20170530;WDO;*;X17 ;0000000000000;0000000000000;00000024;00000000;00000000;00000000;00000000;0000033629570;0000033733280;0000000010371;00103710;
20170530;WDO;*;Z17 ;0000000000000;0000000000000;00000012;00000000;00000000;00000000;00000000;0000033793070;0000033889940;0000000009687;00096870;
20170530;WD1;*;M7N7;0000000000000;0000000000000;00000000;00023920;00023350;00023950;00023450;0000000000000;0000000000000;0000000000000;00000000;
20170530;WEU;*;M17 ;0000000000000;0000000000000;00000004;00000000;00000000;00000000;00000000;0000036496370;0000036558490;0000000006212;00062120;
20170530;WEU;*;N17 ;0000000000000;0000000000000;00000000;00000000;00000000;00000000;00000000;0000036809660;0000036874350;0000000000000;00064690;
20170530;WEU;*;Q17 ;0000000000000;0000000000000;00000000;00000000;00000000;00000000;00000000;0000037089920;0000037153130;0000000000000;00063210;
20170530;WEU;*;U17 ;0000000000000;0000000000000;00000000;00000000;00000000;00000000;00000000;0000037403900;0000037461960;0000000000000;00058060;
20170530;WEU;*;V17 ;0000000000000;0000000000000;00000000;00000000;00000000;00000000;00000000;0000037647610;0000037704540;0000000000000;00056930;
20170530;WIN;*;G18 ;0000000000000;0000000000000;00000000;00000000;00000000;00000000;00000000;0000000067649;0000000067352;0000000000000;00000297;
20170530;WIN;*;G19 ;0000000000000;0000000000000;00000000;00000000;00000000;00000000;00000000;0000000073419;0000000073011;0000000000000;00000408;
20170530;WIN;*;J18 ;0000000000000;0000000000000;00000000;00000000;00000000;00000000;00000000;0000000068557;0000000068240;0000000000000;00000317;
20170530;WIN;*;M17 ;0011829130754;0003622012540;00109245;00064050;00063700;00064370;00064200;0000000064229;0000000063975;0000000005080;00000254;
20170530;WIN;*;M18 ;0000000000000;0000000000000;00000000;00000000;00000000;00000000;00000000;0000000069392;0000000069047;0000000000000;00000345;
20170530;WIN;*;Q17 ;0000000000000;0000000000000;00000018;00000000;00000000;00000000;00000000;0000000065211;0000000064950;0000000005220;00000261;
20170530;WIN;*;Q18 ;0000000000000;0000000000000;00000000;00000000;00000000;00000000;00000000;0000000070421;0000000070044;0000000000000;00000377;
20170530;WIN;*;V17 ;0000000000000;0000000000000;00000000;00000000;00000000;00000000;00000000;0000000066109;0000000065840;0000000000000;00000269;
20170530;WIN;*;V18 ;0000000000000;0000000000000;00000000;00000000;00000000;00000000;00000000;0000000071424;0000000071026;0000000000000;00000398;
20170530;WIN;*;Z17 ;0000000000000;0000000000000;00000000;00000000;00000000;00000000;00000000;0000000066845;0000000066564;0000000000000;00000281;
20170530;WIN;*;Z18 ;0000000000000;0000000000000;00000000;00000000;00000000;00000000;00000000;0000000072322;0000000071925;0000000000000;00000397;
20170530;WTI;*;N17 ;0000000000000;0000000000000;00000639;00000000;00000000;00000000;00000000;0000000004966;0000000004980;0000000004568;00000014;
20170530;WTI;*;Q17 ;0000000048490;0000000014860;00000000;00004960;00004940;00004960;00004940;0000000004991;0000000005005;0000000004568;00000014;
20170530;ZAR;*;M17 ;0000001132449;0000000346749;00000144;02488900;02488900;02488900;02488900;0000024818680;0000025214070;0000000138386;00395390;
20170530;ZAR;*;N17 ;0000002439612;0000000746995;00000272;02489400;02489400;02489400;02489400;0000024848130;0000025258150;0000000143507;00410020;
20170530;ZAR;*;Q17 ;0000000000000;0000000000000;00000030;00000000;00000000;00000000;00000000;0000024888370;0000025289490;0000000140392;00401120;
