Data;Código do Contrato;Pregão;Vencimento;Volume(R$);Volume(U$);Número de contas em Aberto;Preço de Abertura;Preço Mínimo;Preço Máximo;Último Preço;Preço de Ajuste Atual; Preço de Ajuste Anterior;Valor de Ajuste por Contrato;Variação
20170531;AUD;*;M17 ;0000000000000;0000000000000;00000073;00000000;00000000;00000000;00000000;0000024147720;0000024347290;0000000119742;00199570;
20170531;AUD;*;N17 ;0000011319000;0000003489534;00001065;02450000;02450000;02450000;02450000;0000024225860;0000024520370;0000000176706;00294510;
20170531;AUD;*;Q17 ;0000000731310;0000000225455;00000691;02437700;02437700;02437700;02437700;0000024367490;0000024666290;0000000179280;00298800;
20170531;AUD;*;U17 ;0000000000000;0000000000000;00000150;00000000;00000000;00000000;00000000;0000024522530;0000024826720;0000000182514;00304190;
20170531;BGI;*;F18 ;0000000000000;0000000000000;00000000;00000000;00000000;00000000;00000000;0000000013177;0000000013133;0000000000000;00000044;
20170531;BGI;*;K17 ;0000003198795;0000000987648;00002364;00013290;00013266;00013290;00013280;0000000013280;0000000013290;0000000003300;00000010;
20170531;BGI;*;K18 ;0000000000000;0000000000000;00000058;00000000;00000000;00000000;00000000;0000000013550;0000000013500;0000000016500;00000050;
20170531;BGI;*;M17 ;0000000852558;0000000263233;00001625;00012911;00012900;00012951;00012908;0000000012900;0000000012911;0000000003630;00000011;
20170531;BGI;*;N17 ;0000004161775;0000001284974;00000364;00013042;00013000;00013042;00013000;0000000013056;0000000013042;0000000004620;00000014;
20170531;BGI;*;Q17 ;0000000129855;0000000040094;00000276;00013100;00013100;00013150;00013100;0000000013175;0000000013100;0000000024750;00000075;
20170531;BGI;*;U17 ;0000000086786;0000000026796;00000046;00013149;00013149;00013150;00013150;0000000013214;0000000013174;0000000013200;00000040;
20170531;BGI;*;V17 ;0000062395509;0000019265008;00004700;00013220;00013190;00013300;00013260;0000000013260;0000000013220;0000000013200;00000040;
20170531;BGI;*;V18 ;0000000000000;0000000000000;00000065;00000000;00000000;00000000;00000000;0000000014155;0000000014104;0000000016830;00000051;
20170531;BGI;*;X17 ;0000000043847;0000000013538;00000058;00013287;00013287;00013287;00013287;0000000013327;0000000013287;0000000013200;00000040;
20170531;BGI;*;Z17 ;0000000043985;0000000013581;00000002;00013329;00013329;00013329;00013329;0000000013369;0000000013329;0000000013200;00000040;
20170531;BRI;*;M17 ;0000001153130;0000000355498;00000242;00010483;00010483;00010483;00010483;0000000010482;0000000010698;0000000216000;00000216;
20170531;BRI;*;Q17 ;0000003507240;0000001081247;00000938;00010628;00010628;00010628;00010628;0000000010640;0000000010859;0000000219000;00000219;
20170531;BRI;*;V17 ;0000000000000;0000000000000;00000000;00000000;00000000;00000000;00000000;0000000010788;0000000011011;0000000000000;00000223;
20170531;BSE;*;M17 ;0000000000000;0000000000000;00000000;00000000;00000000;00000000;00000000;0000000031369;0000000031390;0000000000000;00000021;
20170531;BSE;*;N17 ;0000000000000;0000000000000;00000000;00000000;00000000;00000000;00000000;0000000031586;0000000031608;0000000000000;00000022;
20170531;CAD;*;M17 ;0000000000000;0000000000000;00000072;00000000;00000000;00000000;00000000;0000024014960;0000024223760;0000000125280;00208800;
20170531;CAD;*;N17 ;0000000000000;0000000000000;00000025;00000000;00000000;00000000;00000000;0000024156420;0000024427130;0000000162426;00270710;
20170531;CAD;*;Q17 ;0000001457100;0000000449209;00000680;02428500;02428500;02428500;02428500;0000024318440;0000024595910;0000000166482;00277470;
20170531;CAD;*;U17 ;0000000000000;0000000000000;00000105;00000000;00000000;00000000;00000000;0000024499660;0000024781960;0000000169380;00282300;
20170531;CCM;*;F18 ;0000000521172;0000000160915;00000721;00002895;00002892;00002900;00002892;0000000002921;0000000002910;0000000004950;00000011;
20170531;CCM;*;H18 ;0000000000000;0000000000000;00000198;00000000;00000000;00000000;00000000;0000000002983;0000000002991;0000000003600;00000008;
20170531;CCM;*;K18 ;0000000000000;0000000000000;00000000;00000000;00000000;00000000;00000000;0000000002924;0000000002932;0000000000000;00000008;
20170531;CCM;*;N17 ;0000006046470;0000001866886;00000000;00002682;00002660;00002682;00002660;0000000002660;0000000002738;0000000035100;00000078;
20170531;CCM;*;N18 ;0000000000000;0000000000000;00000000;00000000;00000000;00000000;00000000;0000000002902;0000000002913;0000000000000;00000011;
20170531;CCM;*;U17 ;0000016786755;0000005183017;00019973;00002678;00002671;00002705;00002690;0000000002690;0000000002680;0000000004500;00000010;
20170531;CCM;*;U18 ;0000000000000;0000000000000;00000000;00000000;00000000;00000000;00000000;0000000002880;0000000002895;0000000000000;00000015;
20170531;CCM;*;X17 ;0000000049936;0000000015418;00001031;00002770;00002770;00002778;00002778;0000000002780;0000000002770;0000000004500;00000010;
20170531;CCM;*;X18 ;0000000000000;0000000000000;00000000;00000000;00000000;00000000;00000000;0000000002951;0000000002966;0000000000000;00000015;
20170531;CHF;*;M17 ;0000000000000;0000000000000;00000160;00000000;00000000;00000000;00000000;0000033524880;0000033479240;0000000022820;00045640;
20170531;CHF;*;N17 ;0000000000000;0000000000000;00000009;00000000;00000000;00000000;00000000;0000033782740;0000033792140;0000000004700;00009400;
20170531;CHF;*;Q17 ;0000000000000;0000000000000;00000000;00000000;00000000;00000000;00000000;0000034057480;0000034065910;0000000000000;00008430;
20170531;CHF;*;U17 ;0000000000000;0000000000000;00000160;00000000;00000000;00000000;00000000;0000034367820;0000034377590;0000000004885;00009770;
20170531;CLP;*;M17 ;0000000000000;0000000000000;00000005;00000000;00000000;00000000;00000000;0000048304570;0000048326000;0000000005357;00021430;
20170531;CLP;*;N17 ;0000000000000;0000000000000;00000067;00000000;00000000;00000000;00000000;0000048403000;0000048597000;0000000048500;00194000;
20170531;CLP;*;Q17 ;0000000000000;0000000000000;00000000;00000000;00000000;00000000;00000000;0000048642000;0000048854000;0000000000000;00212000;
20170531;CLP;*;U17 ;0000000000000;0000000000000;00000460;00000000;00000000;00000000;00000000;0000048922000;0000049127000;0000000051250;00205000;
20170531;CNY;*;M17 ;0000000000000;0000000000000;00000000;00000000;00000000;00000000;00000000;0000047554610;0000047574350;0000000000000;00019740;
20170531;CNY;*;N17 ;0000000000000;0000000000000;00000090;00000000;00000000;00000000;00000000;0000047744780;0000047884500;0000000048902;00139720;
20170531;CNY;*;Q17 ;0000000000000;0000000000000;00000000;00000000;00000000;00000000;00000000;0000047972970;0000048068340;0000000000000;00095370;
20170531;CR1;*;U7Z7;0000000000000;0000000000000;00000000;00000000;00000000;00000000;00000000;0000000000000;0000000000000;0000000000000;00000000;
20170531;DAP;*;F18 ;0002870183820;0000884848728;00005410;00000538;00000538;00000538;00000538;0000009680808;0000009680829;0000000000025;00000021;
20170531;DAP;*;F19 ;0000000000000;0000000000000;00000000;00000000;00000000;00000000;00000000;0000009246875;0000009232825;0000000000000;00014050;
20170531;DAP;*;K19 ;0000339698160;0000104725517;00037415;00000502;00000496;00000503;00000497;0000009103472;0000009088505;0000000018112;00014967;
20170531;DAP;*;K21 ;0000014217674;0000004383166;00012589;00000549;00000549;00000549;00000549;0000008099655;0000008078493;0000000025608;00021162;
20170531;DAP;*;K23 ;0000000873805;0000000269385;00012705;00000565;00000565;00000565;00000565;0000007236974;0000007200472;0000000044172;00036502;
20170531;DAP;*;M17 ;0000000000000;0000000000000;00000000;00000000;00000000;00000000;00000000;0000009977855;0000009977534;0000000000000;00000321;
20170531;DAP;*;N17 ;0000023939190;0000007380211;00003000;00000900;00000900;00000900;00000900;0000009894858;0000009893668;0000000001440;00001190;
20170531;DAP;*;Q17 ;0000000000000;0000000000000;00000000;00000000;00000000;00000000;00000000;0000009858903;0000009857739;0000000000000;00001164;
20170531;DAP;*;Q18 ;0000192216121;0000059258292;00053780;00000505;00000503;00000505;00000503;0000009426994;0000009416322;0000000012914;00010672;
20170531;DAP;*;Q20 ;0000014857210;0000004580328;00005785;00000534;00000534;00000534;00000534;0000008467150;0000008446621;0000000024842;00020529;
20170531;DAP;*;Q22 ;0000006812377;0000002100187;00016035;00000570;00000561;00000570;00000561;0000007527090;0000007493834;0000000040244;00033256;
20170531;DAP;*;Q24 ;0000000000000;0000000000000;00008370;00000000;00000000;00000000;00000000;0000006785836;0000006758166;0000000033484;00027670;
20170531;DAP;*;Q26 ;0000000000000;0000000000000;00002375;00000000;00000000;00000000;00000000;0000006031702;0000006005494;0000000031715;00026208;
20170531;DAP;*;Q30 ;0000000000000;0000000000000;00000235;00000000;00000000;00000000;00000000;0000004852912;0000004840801;0000000014655;00012111;
20170531;DCO;*;F18 ;0000000000000;0000000000000;00000000;00000000;00000000;00000000;00000000;0000009790867;0000009864906;0000000000000;00074039;
20170531;DCO;*;F19 ;0000000000000;0000000000000;00000000;00000000;00000000;00000000;00000000;0000009539661;0000009610872;0000000000000;00071211;
20170531;DCO;*;F20 ;0000000000000;0000000000000;00000000;00000000;00000000;00000000;00000000;0000009228810;0000009297975;0000000000000;00069165;
20170531;DCO;*;F21 ;0000000000000;0000000000000;00000000;00000000;00000000;00000000;00000000;0000008870084;0000008932931;0000000000000;00062847;
20170531;DCO;*;F22 ;0000000000000;0000000000000;00000000;00000000;00000000;00000000;00000000;0000008491932;0000008551763;0000000000000;00059831;
20170531;DCO;*;F23 ;0000000000000;0000000000000;00000000;00000000;00000000;00000000;00000000;0000008090848;0000008143262;0000000000000;00052414;
20170531;DCO;*;F24 ;0000000000000;0000000000000;00000000;00000000;00000000;00000000;00000000;0000007687134;0000007733199;0000000000000;00046065;
20170531;DCO;*;F25 ;0000000000000;0000000000000;00000000;00000000;00000000;00000000;00000000;0000007276140;0000007322461;0000000000000;00046321;
20170531;DCO;*;F26 ;0000000000000;0000000000000;00000000;00000000;00000000;00000000;00000000;0000006856375;0000006897928;0000000000000;00041553;
20170531;DCO;*;F27 ;0000000000000;0000000000000;00000000;00000000;00000000;00000000;00000000;0000006471561;0000006512263;0000000000000;00040702;
20170531;DCO;*;F28 ;0000000000000;0000000000000;00000000;00000000;00000000;00000000;00000000;0000006123656;0000006159315;0000000000000;00035659;
20170531;DCO;*;F29 ;0000000000000;0000000000000;00000000;00000000;00000000;00000000;00000000;0000005786994;0000005821485;0000000000000;00034491;
20170531;DCO;*;F30 ;0000000000000;0000000000000;00000000;00000000;00000000;00000000;00000000;0000005470998;0000005504217;0000000000000;00033219;
20170531;DCO;*;G18 ;0000000000000;0000000000000;00000000;00000000;00000000;00000000;00000000;0000009774900;0000009849218;0000000000000;00074318;
20170531;DCO;*;H18 ;0000000000000;0000000000000;00000000;00000000;00000000;00000000;00000000;0000009757885;0000009831015;0000000000000;00073130;
20170531;DCO;*;J18 ;0000000000000;0000000000000;00000000;00000000;00000000;00000000;00000000;0000009734397;0000009807084;0000000000000;00072687;
20170531;DCO;*;J19 ;0000000000000;0000000000000;00000000;00000000;00000000;00000000;00000000;0000009466186;0000009537746;0000000000000;00071560;
20170531;DCO;*;J20 ;0000000000000;0000000000000;00000000;00000000;00000000;00000000;00000000;0000009135099;0000009203010;0000000000000;00067911;
20170531;DCO;*;J21 ;0000000000000;0000000000000;00000000;00000000;00000000;00000000;00000000;0000008786156;0000008847945;0000000000000;00061789;
20170531;DCO;*;J22 ;0000000000000;0000000000000;00000000;00000000;00000000;00000000;00000000;0000008394074;0000008451468;0000000000000;00057394;
20170531;DCO;*;K18 ;0000000000000;0000000000000;00000000;00000000;00000000;00000000;00000000;0000009714397;0000009785913;0000000000000;00071516;
20170531;DCO;*;M17 ;0000000000000;0000000000000;00000000;00000000;00000000;00000000;00000000;0000009927860;0000009982482;0000000000000;00054622;
20170531;DCO;*;N17 ;0000000000000;0000000000000;00000000;00000000;00000000;00000000;00000000;0000009900712;0000009974012;0000000000000;00073300;
20170531;DCO;*;N18 ;0000000000000;0000000000000;00000000;00000000;00000000;00000000;00000000;0000009674598;0000009745837;0000000000000;00071239;
20170531;DCO;*;N19 ;0000000000000;0000000000000;00000000;00000000;00000000;00000000;00000000;0000009392449;0000009470267;0000000000000;00077818;
20170531;DCO;*;N20 ;0000000000000;0000000000000;00000000;00000000;00000000;00000000;00000000;0000009055941;0000009119424;0000000000000;00063483;
20170531;DCO;*;N21 ;0000000000000;0000000000000;00000000;00000000;00000000;00000000;00000000;0000008689171;0000008749497;0000000000000;00060326;
20170531;DCO;*;Q17 ;0000000000000;0000000000000;00000000;00000000;00000000;00000000;00000000;0000009883403;0000009957130;0000000000000;00073727;
20170531;DCO;*;U17 ;0000000000000;0000000000000;00000000;00000000;00000000;00000000;00000000;0000009869712;0000009944211;0000000000000;00074499;
20170531;DCO;*;V17 ;0000000000000;0000000000000;00000000;00000000;00000000;00000000;00000000;0000009850039;0000009924743;0000000000000;00074704;
20170531;DCO;*;V18 ;0000000000000;0000000000000;00000000;00000000;00000000;00000000;00000000;0000009609225;0000009681537;0000000000000;00072312;
20170531;DCO;*;V19 ;0000000000000;0000000000000;00000000;00000000;00000000;00000000;00000000;0000009311623;0000009382921;0000000000000;00071298;
20170531;DCO;*;V20 ;0000000000000;0000000000000;00000000;00000000;00000000;00000000;00000000;0000008959421;0000009022703;0000000000000;00063282;
20170531;DCO;*;V21 ;0000000000000;0000000000000;00000000;00000000;00000000;00000000;00000000;0000008593428;0000008655271;0000000000000;00061843;
20170531;DCO;*;X17 ;0000000000000;0000000000000;00000000;00000000;00000000;00000000;00000000;0000009831768;0000009906903;0000000000000;00075135;
20170531;DCO;*;Z17 ;0000000000000;0000000000000;00000000;00000000;00000000;00000000;00000000;0000009813907;0000009888407;0000000000000;00074500;
20170531;DDI;*;F18 ;0000303807625;0000093660827;00388888;00000354;00000354;00000354;00000354;0000009792018;0000009866070;0000000120923;00074052;
20170531;DDI;*;F19 ;0000233738805;0000072059317;00116529;00000297;00000297;00000297;00000297;0000009542599;0000009613847;0000000116344;00071248;
20170531;DDI;*;F20 ;0000075405785;0000023246843;00100005;00000315;00000315;00000315;00000315;0000009233288;0000009302510;0000000113036;00069222;
20170531;DDI;*;F21 ;0000000000000;0000000000000;00090151;00000000;00000000;00000000;00000000;0000008875832;0000008938747;0000000102737;00062915;
20170531;DDI;*;F22 ;0000000000000;0000000000000;00034824;00000000;00000000;00000000;00000000;0000008498660;0000008558570;0000000097830;00059910;
20170531;DDI;*;F23 ;0000000000000;0000000000000;00030246;00000000;00000000;00000000;00000000;0000008098281;0000008150775;0000000085720;00052494;
20170531;DDI;*;F24 ;0000000000000;0000000000000;00034515;00000000;00000000;00000000;00000000;0000007695044;0000007741187;0000000075349;00046143;
20170531;DDI;*;F25 ;0000000000000;0000000000000;00020180;00000000;00000000;00000000;00000000;0000007284306;0000007330713;0000000075780;00046407;
20170531;DDI;*;F26 ;0000000000000;0000000000000;00015230;00000000;00000000;00000000;00000000;0000006868690;0000006910368;0000000068058;00041678;
20170531;DDI;*;F27 ;0000000000000;0000000000000;00010950;00000000;00000000;00000000;00000000;0000006483817;0000006524649;0000000066676;00040832;
20170531;DDI;*;F28 ;0000000000000;0000000000000;00000110;00000000;00000000;00000000;00000000;0000006135770;0000006171546;0000000058420;00035776;
20170531;DDI;*;F29 ;0000000000000;0000000000000;00000000;00000000;00000000;00000000;00000000;0000005798835;0000005833442;0000000000000;00034607;
20170531;DDI;*;F30 ;0000000000000;0000000000000;00000500;00000000;00000000;00000000;00000000;0000005482494;0000005515829;0000000054434;00033335;
20170531;DDI;*;G18 ;0000000000000;0000000000000;00029610;00000000;00000000;00000000;00000000;0000009776206;0000009850540;0000000121383;00074334;
20170531;DDI;*;H18 ;0000079688445;0000024567144;00017320;00000323;00000323;00000323;00000323;0000009759335;0000009832482;0000000119445;00073147;
20170531;DDI;*;J18 ;0000238456470;0000073513725;00094656;00000320;00000320;00000320;00000320;0000009735202;0000009808715;0000000120043;00073513;
20170531;DDI;*;J19 ;0000000000000;0000000000000;00049906;00000000;00000000;00000000;00000000;0000009469523;0000009541125;0000000116922;00071602;
20170531;DDI;*;J20 ;0000000000000;0000000000000;00028095;00000000;00000000;00000000;00000000;0000009139905;0000009207876;0000000110993;00067971;
20170531;DDI;*;J21 ;0000000000000;0000000000000;00005347;00000000;00000000;00000000;00000000;0000008792169;0000008854028;0000000101012;00061859;
20170531;DDI;*;J22 ;0000000000000;0000000000000;00000120;00000000;00000000;00000000;00000000;0000008400992;0000008458466;0000000093852;00057474;
20170531;DDI;*;K18 ;0000190616949;0000058765283;00013640;00000290;00000290;00000314;00000314;0000009715278;0000009787696;0000000118254;00072418;
20170531;DDI;*;M17 ;0000000000000;0000000000000;00348763;00000000;00000000;00000000;00000000;0000009927866;0000009982491;0000000089199;00054625;
20170531;DDI;*;N17 ;0000000000000;0000000000000;00619429;00000000;00000000;00000000;00000000;0000009900802;0000009974194;0000000119845;00073392;
20170531;DDI;*;N18 ;0000000000000;0000000000000;00094229;00000000;00000000;00000000;00000000;0000009675630;0000009747926;0000000118055;00072296;
20170531;DDI;*;N19 ;0000153434930;0000047302442;00056874;00000304;00000304;00000304;00000304;0000009396181;0000009474051;0000000127157;00077870;
20170531;DDI;*;N20 ;0000000000000;0000000000000;00041835;00000000;00000000;00000000;00000000;0000009061078;0000009124622;0000000103764;00063544;
20170531;DDI;*;N21 ;0000000000000;0000000000000;00004950;00000000;00000000;00000000;00000000;0000008695434;0000008755833;0000000098628;00060399;
20170531;DDI;*;Q17 ;0000121047397;0000037317692;00378284;00000683;00000683;00000683;00000683;0000009883740;0000009957469;0000000120395;00073729;
20170531;DDI;*;U17 ;0000241757340;0000074531350;00089335;00000510;00000510;00000510;00000510;0000009869963;0000009944719;0000000122072;00074756;
20170531;DDI;*;V17 ;0001423440549;0000438832367;00239932;00000443;00000443;00000443;00000443;0000009850373;0000009925419;0000000122546;00075046;
20170531;DDI;*;V18 ;0000110083456;0000033937619;00057698;00000283;00000283;00000283;00000283;0000009611729;0000009684072;0000000118132;00072343;
20170531;DDI;*;V19 ;0000304242520;0000093794901;00031714;00000310;00000310;00000310;00000310;0000009315733;0000009387086;0000000116515;00071353;
20170531;DDI;*;V20 ;0000000000000;0000000000000;00023820;00000000;00000000;00000000;00000000;0000008964860;0000009028207;0000000103442;00063347;
20170531;DDI;*;V21 ;0000000000000;0000000000000;00002042;00000000;00000000;00000000;00000000;0000008599931;0000008661854;0000000101117;00061923;
20170531;DDI;*;X17 ;0000160568100;0000049501526;00077910;00000397;00000397;00000397;00000397;0000009832595;0000009907739;0000000122706;00075144;
20170531;DDI;*;Z17 ;0000040068065;0000012352580;00063720;00000369;00000369;00000369;00000369;0000009814891;0000009889404;0000000121676;00074513;
20170531;DDM;*;K25 ;0000000000000;0000000000000;00000000;00000000;00000000;00000000;00000000;0000006531812;0000006555490;0000000000000;00023678;
20170531;DI1;*;F18 ;0026701673946;0008231856814;03063639;00009300;00009245;00009320;00009250;0000009497023;0000009494604;0000000002419;00002419;
20170531;DI1;*;F19 ;0024802075954;0007646229908;01839738;00009360;00009300;00009400;00009320;0000008692765;0000008685805;0000000006960;00006960;
20170531;DI1;*;F20 ;0013368736980;0004121446798;01391120;00009940;00009830;00009960;00009860;0000007849893;0000007831823;0000000018070;00018070;
20170531;DI1;*;F21 ;0015407016995;0004749827973;01416141;00010410;00010300;00010440;00010330;0000007043291;0000007016140;0000000027151;00027151;
20170531;DI1;*;F22 ;0000262283599;0000080859389;00084926;00010610;00010590;00010700;00010600;0000006311841;0000006283316;0000000028525;00028525;
20170531;DI1;*;F23 ;0003167979666;0000976656185;00625192;00010840;00010750;00010880;00010770;0000005663932;0000005632768;0000000031164;00031164;
20170531;DI1;*;F24 ;0000017206702;0000005304653;00057410;00010960;00010890;00010970;00010890;0000005085661;0000005055720;0000000029941;00029941;
20170531;DI1;*;F25 ;0002876891995;0000886916791;00551041;00011030;00010940;00011060;00010960;0000004553905;0000004526077;0000000027828;00027828;
20170531;DI1;*;F26 ;0000021853075;0000006737083;00062713;00011040;00011010;00011080;00011010;0000004089754;0000004055198;0000000034556;00034556;
20170531;DI1;*;F27 ;0001206289321;0000371886833;00404467;00011130;00011050;00011170;00011050;0000003665359;0000003627711;0000000037648;00037648;
20170531;DI1;*;F28 ;0000000000000;0000000000000;00000010;00000000;00000000;00000000;00000000;0000003303617;0000003261517;0000000042100;00042100;
20170531;DI1;*;F29 ;0000010049087;0000003098032;00003398;00011110;00011110;00011140;00011140;0000002977023;0000002930992;0000000046031;00046031;
20170531;DI1;*;F30 ;0000006660257;0000002053290;00000620;00011150;00011120;00011170;00011120;0000002666623;0000002617467;0000000049156;00049156;
20170531;DI1;*;G18 ;0000001414114;0000000435957;00022560;00009190;00009190;00009190;00009190;0000009427834;0000009424884;0000000002950;00002950;
20170531;DI1;*;H18 ;0000001405643;0000000433346;00010040;00009150;00009150;00009150;00009150;0000009366246;0000009362860;0000000003386;00003386;
20170531;DI1;*;J18 ;0001610545313;0000496514879;00718902;00009170;00009140;00009215;00009150;0000009303539;0000009299612;0000000003927;00003927;
20170531;DI1;*;J19 ;0000456959585;0000140876032;00492086;00009490;00009430;00009520;00009450;0000008487876;0000008478511;0000000009365;00009365;
20170531;DI1;*;J20 ;0000084028820;0000025905238;00076023;00010050;00009980;00010080;00010000;0000007639224;0000007622855;0000000016369;00016369;
20170531;DI1;*;J21 ;0000009240858;0000002848863;00030440;00010390;00010390;00010500;00010390;0000006855788;0000006835123;0000000020665;00020665;
20170531;DI1;*;J22 ;0000000000000;0000000000000;00001365;00000000;00000000;00000000;00000000;0000006145657;0000006116389;0000000029268;00029268;
20170531;DI1;*;K18 ;0000111708821;0000034438703;00016475;00009190;00009190;00009190;00009190;0000009236361;0000009232778;0000000003583;00003583;
20170531;DI1;*;M17 ;0001499871740;0000462395332;00472016;00011132;00011130;00011132;00011130;0000009995813;0000009995811;0000000000002;00000002;
20170531;DI1;*;N17 ;0086218798696;0026580386194;03876723;00010224;00010196;00010225;00010205;0000009915565;0000009915362;0000000000203;00000203;
20170531;DI1;*;N18 ;0003334982166;0001028141371;00703691;00009200;00009160;00009240;00009170;0000009100528;0000009094878;0000000005650;00005650;
20170531;DI1;*;N19 ;0000782728454;0000241307289;00491723;00009650;00009580;00009680;00009600;0000008278145;0000008267681;0000000010464;00010464;
20170531;DI1;*;N20 ;0003329821818;0001026550488;01232219;00010170;00010110;00010230;00010140;0000007442144;0000007419626;0000000022518;00022518;
20170531;DI1;*;N21 ;0000125190119;0000038594851;00059877;00010500;00010470;00010580;00010490;0000006662512;0000006649190;0000000013322;00013322;
20170531;DI1;*;N22 ;0000000000000;0000000000000;00004385;00000000;00000000;00000000;00000000;0000005984872;0000005954916;0000000029956;00029956;
20170531;DI1;*;N23 ;0000000000000;0000000000000;00003180;00000000;00000000;00000000;00000000;0000005371094;0000005340398;0000000030696;00030696;
20170531;DI1;*;N24 ;0000022203186;0000006845018;00001610;00011020;00011020;00011150;00011020;0000004821103;0000004792120;0000000028983;00028983;
20170531;DI1;*;Q17 ;0003399506095;0001048033448;00276738;00010180;00010115;00010180;00010135;0000009836929;0000009836429;0000000000500;00000500;
20170531;DI1;*;U17 ;0000171716261;0000052938392;00154000;00009880;00009845;00009900;00009855;0000009756838;0000009755750;0000000001088;00001088;
20170531;DI1;*;V17 ;0013084832648;0004033921956;01452208;00009660;00009625;00009695;00009635;0000009690954;0000009689491;0000000001463;00001463;
20170531;DI1;*;V18 ;0000311180898;0000095933933;00587573;00009280;00009220;00009310;00009220;0000008893699;0000008884547;0000000009152;00009152;
20170531;DI1;*;V19 ;0000068883133;0000021235975;00078144;00009770;00009730;00009770;00009730;0000008053737;0000008043034;0000000010703;00010703;
20170531;DI1;*;V20 ;0000206365291;0000063620338;00046380;00010280;00010230;00010350;00010250;0000007228935;0000007208463;0000000020472;00020472;
20170531;DI1;*;V21 ;0000000648155;0000000199820;00012092;00010560;00010550;00010560;00010550;0000006483074;0000006462448;0000000020626;00020626;
20170531;DI1;*;X17 ;0000189093993;0000058295771;00095445;00009470;00009470;00009470;00009470;0000009623104;0000009621795;0000000001309;00001309;
20170531;DI1;*;Z17 ;0000686697886;0000211702033;00078235;00009410;00009370;00009410;00009370;0000009558649;0000009557524;0000000001125;00001125;
20170531;DOL;*;F18 ;0000000000000;0000000000000;00007905;00000000;00000000;00000000;00000000;0000033673450;0000033936750;0000000131650;00263300;
20170531;DOL;*;F19 ;0000000000000;0000000000000;00000000;00000000;00000000;00000000;00000000;0000035851860;0000036148480;0000000000000;00296620;
20170531;DOL;*;F20 ;0000000000000;0000000000000;00000000;00000000;00000000;00000000;00000000;0000038414530;0000038791820;0000000000000;00377290;
20170531;DOL;*;F21 ;0000000000000;0000000000000;00003100;00000000;00000000;00000000;00000000;0000041156300;0000041608430;0000000226065;00452130;
20170531;DOL;*;F25 ;0000000000000;0000000000000;00000000;00000000;00000000;00000000;00000000;0000052240470;0000052896530;0000000000000;00656060;
20170531;DOL;*;G18 ;0000000000000;0000000000000;00000000;00000000;00000000;00000000;00000000;0000033865800;0000034133980;0000000000000;00268180;
20170531;DOL;*;H18 ;0000000000000;0000000000000;00000000;00000000;00000000;00000000;00000000;0000034029650;0000034297110;0000000000000;00267460;
20170531;DOL;*;J18 ;0000000000000;0000000000000;00000180;00000000;00000000;00000000;00000000;0000034174310;0000034446900;0000000136295;00272590;
20170531;DOL;*;J19 ;0000000000000;0000000000000;00000050;00000000;00000000;00000000;00000000;0000036436110;0000036752160;0000000158025;00316050;
20170531;DOL;*;J20 ;0000000000000;0000000000000;00000000;00000000;00000000;00000000;00000000;0000039074670;0000039449790;0000000000000;00375120;
20170531;DOL;*;J22 ;0000000000000;0000000000000;00000000;00000000;00000000;00000000;00000000;0000044644210;0000045164720;0000000000000;00520510;
20170531;DOL;*;K18 ;0000000000000;0000000000000;00000000;00000000;00000000;00000000;00000000;0000034352410;0000034621900;0000000000000;00269490;
20170531;DOL;*;M17 ;0002386743750;0000735809030;00378901;03257500;03237000;03257500;03244000;0000032437000;0000032615480;0000000089240;00178480;
20170531;DOL;*;N17 ;0061528717625;0018968683178;00409735;03280000;03248500;03281500;03249500;0000032610510;0000032852760;0000000121125;00242250;
20170531;DOL;*;N18 ;0000000000000;0000000000000;00000620;00000000;00000000;00000000;00000000;0000034722860;0000035004050;0000000140595;00281190;
20170531;DOL;*;N19 ;0000000000000;0000000000000;00000400;00000000;00000000;00000000;00000000;0000037069880;0000037424410;0000000177265;00354530;
20170531;DOL;*;N21 ;0000000000000;0000000000000;00000000;00000000;00000000;00000000;00000000;0000042624190;0000043006260;0000000000000;00382070;
20170531;DOL;*;Q17 ;0000231929750;0000071501603;00011705;03290000;03279500;03290000;03280000;0000032814410;0000033060880;0000000123235;00246470;
20170531;DOL;*;U17 ;0000000000000;0000000000000;00001595;00000000;00000000;00000000;00000000;0000033037660;0000033291610;0000000126975;00253950;
20170531;DOL;*;V17 ;0000000000000;0000000000000;00003940;00000000;00000000;00000000;00000000;0000033196250;0000033454210;0000000128980;00257960;
20170531;DOL;*;V18 ;0000000000000;0000000000000;00000035;00000000;00000000;00000000;00000000;0000035295710;0000035598000;0000000151145;00302290;
20170531;DOL;*;V19 ;0000000000000;0000000000000;00000000;00000000;00000000;00000000;00000000;0000037776570;0000038116560;0000000000000;00339990;
20170531;DOL;*;X17 ;0000000000000;0000000000000;00000230;00000000;00000000;00000000;00000000;0000033369970;0000033629570;0000000129800;00259600;
20170531;DOL;*;Z17 ;0000000000000;0000000000000;00000005;00000000;00000000;00000000;00000000;0000033534500;0000033793070;0000000129285;00258570;
20170531;DR1;*;M7N7;0000000000000;0000000000000;00000000;00023890;00019930;00026490;00024000;0000000000000;0000000000000;0000000000000;00000000;
20170531;ETH;*;F18 ;0000000000000;0000000000000;00000000;00000000;00000000;00000000;00000000;0000000168700;0000000168700;0000000000000;00000000;
20170531;ETH;*;K17 ;0000000000000;0000000000000;00000162;00000000;00000000;00000000;00000000;0000000144100;0000000144000;0000000003000;00000100;
20170531;ETH;*;K18 ;0000000000000;0000000000000;00000000;00000000;00000000;00000000;00000000;0000000150050;0000000150050;0000000000000;00000000;
20170531;ETH;*;M17 ;0000000000000;0000000000000;00000360;00000000;00000000;00000000;00000000;0000000139000;0000000139000;0000000000000;00000000;
20170531;ETH;*;N17 ;0000000000000;0000000000000;00000271;00000000;00000000;00000000;00000000;0000000139000;0000000140000;0000000030000;00001000;
20170531;ETH;*;Q17 ;0000000000000;0000000000000;00000550;00000000;00000000;00000000;00000000;0000000140000;0000000141500;0000000045000;00001500;
20170531;ETH;*;U17 ;0000000000000;0000000000000;00000000;00000000;00000000;00000000;00000000;0000000150000;0000000150000;0000000000000;00000000;
20170531;ETH;*;V17 ;0000000000000;0000000000000;00000330;00000000;00000000;00000000;00000000;0000000155000;0000000155000;0000000000000;00000000;
20170531;ETH;*;X17 ;0000000000000;0000000000000;00000102;00000000;00000000;00000000;00000000;0000000162000;0000000163000;0000000030000;00001000;
20170531;ETH;*;Z17 ;0000000000000;0000000000000;00000117;00000000;00000000;00000000;00000000;0000000165000;0000000165000;0000000000000;00000000;
20170531;EUR;*;M17 ;0000003647000;0000001124333;00000739;03647000;03647000;03647000;03647000;0000036475410;0000036496370;0000000010480;00020960;
20170531;EUR;*;N17 ;0000021113275;0000006509010;00014540;03668400;03655000;03678000;03655000;0000036722890;0000036809660;0000000043385;00086770;
20170531;EUR;*;Q17 ;0000001849975;0000000570329;00001750;03700300;03699600;03700300;03699600;0000036998640;0000037089920;0000000045640;00091280;
20170531;EUR;*;U17 ;0000000000000;0000000000000;00000130;00000000;00000000;00000000;00000000;0000037306570;0000037403900;0000000048665;00097330;
20170531;EUR;*;V17 ;0000000000000;0000000000000;00000000;00000000;00000000;00000000;00000000;0000037544700;0000037647610;0000000000000;00102910;
20170531;FRC;*;F18 ;0000000000000;0000000000000;00000000;00000210;00000210;00000219;00000219;0000000000219;0000000000215;0000000000002;00000004;
20170531;FRC;*;F19 ;0000000000000;0000000000000;00000000;00000247;00000247;00000247;00000247;0000000000247;0000000000246;0000000000000;00000001;
20170531;FRC;*;F20 ;0000000000000;0000000000000;00000000;00000285;00000284;00000285;00000284;0000000000285;0000000000285;0000000000000;00000000;
20170531;FRC;*;F21 ;0000000000000;0000000000000;00000000;00000326;00000321;00000326;00000325;0000000000325;0000000000326;0000000000000;00000001;
20170531;FRC;*;F22 ;0000000000000;0000000000000;00000000;00000361;00000361;00000361;00000361;0000000000361;0000000000362;0000000000000;00000001;
20170531;FRC;*;F23 ;0000000000000;0000000000000;00000000;00000399;00000399;00000399;00000399;0000000000399;0000000000401;0000000000001;00000002;
20170531;FRC;*;F24 ;0000000000000;0000000000000;00000000;00000435;00000435;00000436;00000435;0000000000435;0000000000437;0000000000001;00000002;
20170531;FRC;*;F25 ;0000000000000;0000000000000;00000000;00000472;00000472;00000472;00000472;0000000000472;0000000000474;0000000000001;00000002;
20170531;FRC;*;F26 ;0000000000000;0000000000000;00000000;00000000;00000000;00000000;00000000;0000000000512;0000000000514;0000000000000;00000002;
20170531;FRC;*;F27 ;0000000000000;0000000000000;00000000;00000000;00000000;00000000;00000000;0000000000546;0000000000548;0000000000000;00000002;
20170531;FRC;*;F28 ;0000000000000;0000000000000;00000000;00000000;00000000;00000000;00000000;0000000000576;0000000000578;0000000000000;00000002;
20170531;FRC;*;F29 ;0000000000000;0000000000000;00000000;00000000;00000000;00000000;00000000;0000000000606;0000000000608;0000000000000;00000002;
20170531;FRC;*;F30 ;0000000000000;0000000000000;00000000;00000000;00000000;00000000;00000000;0000000000635;0000000000637;0000000000000;00000002;
20170531;FRC;*;G18 ;0000000000000;0000000000000;00000000;00000000;00000000;00000000;00000000;0000000000215;0000000000212;0000000000000;00000003;
20170531;FRC;*;H18 ;0000000000000;0000000000000;00000000;00000000;00000000;00000000;00000000;0000000000217;0000000000215;0000000000000;00000002;
20170531;FRC;*;J18 ;0000000000000;0000000000000;00000000;00000224;00000224;00000224;00000224;0000000000224;0000000000223;0000000000000;00000001;
20170531;FRC;*;J19 ;0000000000000;0000000000000;00000000;00000257;00000257;00000257;00000257;0000000000257;0000000000256;0000000000000;00000001;
20170531;FRC;*;J20 ;0000000000000;0000000000000;00000000;00000000;00000000;00000000;00000000;0000000000299;0000000000299;0000000000000;00000000;
20170531;FRC;*;J21 ;0000000000000;0000000000000;00000000;00000000;00000000;00000000;00000000;0000000000332;0000000000333;0000000000000;00000001;
20170531;FRC;*;J22 ;0000000000000;0000000000000;00000000;00000000;00000000;00000000;00000000;0000000000371;0000000000372;0000000000000;00000001;
20170531;FRC;*;K18 ;0000000000000;0000000000000;00000000;00000000;00000000;00000000;00000000;0000000000227;0000000000226;0000000000000;00000001;
20170531;FRC;*;N18 ;0000000000000;0000000000000;00000000;00000230;00000230;00000230;00000230;0000000000230;0000000000230;0000000000000;00000000;
20170531;FRC;*;N19 ;0000000000000;0000000000000;00000000;00000266;00000266;00000266;00000266;0000000000266;0000000000261;0000000000002;00000005;
20170531;FRC;*;N20 ;0000000000000;0000000000000;00000000;00000305;00000305;00000305;00000305;0000000000305;0000000000306;0000000000000;00000001;
20170531;FRC;*;N21 ;0000000000000;0000000000000;00000000;00000338;00000338;00000338;00000338;0000000000342;0000000000343;0000000000000;00000001;
20170531;FRC;*;Q17 ;0000000000000;0000000000000;00000000;00000205;00000205;00000219;00000215;0000000000215;0000000000208;0000000000003;00000007;
20170531;FRC;*;U17 ;0000000000000;0000000000000;00000000;00000175;00000175;00000187;00000187;0000000000187;0000000000178;0000000000004;00000009;
20170531;FRC;*;V17 ;0000000000000;0000000000000;00000000;00000195;00000193;00000202;00000202;0000000000202;0000000000195;0000000000003;00000007;
20170531;FRC;*;V18 ;0000000000000;0000000000000;00000000;00000238;00000238;00000238;00000238;0000000000238;0000000000237;0000000000000;00000001;
20170531;FRC;*;V19 ;0000000000000;0000000000000;00000000;00000276;00000276;00000276;00000276;0000000000276;0000000000275;0000000000000;00000001;
20170531;FRC;*;V20 ;0000000000000;0000000000000;00000000;00000000;00000000;00000000;00000000;0000000000317;0000000000318;0000000000000;00000001;
20170531;FRC;*;V21 ;0000000000000;0000000000000;00000000;00000000;00000000;00000000;00000000;0000000000351;0000000000352;0000000000000;00000001;
20170531;FRC;*;X17 ;0000000000000;0000000000000;00000000;00000199;00000199;00000207;00000205;0000000000207;0000000000199;0000000000004;00000008;
20170531;FRC;*;Z17 ;0000000000000;0000000000000;00000000;00000209;00000209;00000209;00000209;0000000000209;0000000000205;0000000000002;00000004;
20170531;FRO;*;F18 ;0000000000000;0000000000000;00000000;00000000;00000000;00000000;00000000;0000000000221;0000000000217;0000000000000;00000004;
20170531;FRO;*;F19 ;0000000000000;0000000000000;00000000;00000000;00000000;00000000;00000000;0000000000249;0000000000248;0000000000000;00000001;
20170531;FRO;*;F20 ;0000000000000;0000000000000;00000000;00000000;00000000;00000000;00000000;0000000000287;0000000000287;0000000000000;00000000;
20170531;FRO;*;F21 ;0000000000000;0000000000000;00000000;00000000;00000000;00000000;00000000;0000000000327;0000000000328;0000000000000;00000001;
20170531;FRO;*;F22 ;0000000000000;0000000000000;00000000;00000000;00000000;00000000;00000000;0000000000363;0000000000364;0000000000000;00000001;
20170531;FRO;*;F23 ;0000000000000;0000000000000;00000000;00000000;00000000;00000000;00000000;0000000000401;0000000000403;0000000000000;00000002;
20170531;FRO;*;F24 ;0000000000000;0000000000000;00000000;00000000;00000000;00000000;00000000;0000000000437;0000000000439;0000000000000;00000002;
20170531;FRO;*;F25 ;0000000000000;0000000000000;00000000;00000000;00000000;00000000;00000000;0000000000474;0000000000476;0000000000000;00000002;
20170531;FRO;*;F26 ;0000000000000;0000000000000;00000000;00000000;00000000;00000000;00000000;0000000000515;0000000000517;0000000000000;00000002;
20170531;FRO;*;F27 ;0000000000000;0000000000000;00000000;00000000;00000000;00000000;00000000;0000000000549;0000000000551;0000000000000;00000002;
20170531;FRO;*;F28 ;0000000000000;0000000000000;00000000;00000000;00000000;00000000;00000000;0000000000579;0000000000581;0000000000000;00000002;
20170531;FRO;*;F29 ;0000000000000;0000000000000;00000000;00000000;00000000;00000000;00000000;0000000000609;0000000000611;0000000000000;00000002;
20170531;FRO;*;F30 ;0000000000000;0000000000000;00000000;00000000;00000000;00000000;00000000;0000000000638;0000000000640;0000000000000;00000002;
20170531;FRO;*;G18 ;0000000000000;0000000000000;00000000;00000000;00000000;00000000;00000000;0000000000217;0000000000214;0000000000000;00000003;
20170531;FRO;*;H18 ;0000000000000;0000000000000;00000000;00000000;00000000;00000000;00000000;0000000000219;0000000000217;0000000000000;00000002;
20170531;FRO;*;J18 ;0000000000000;0000000000000;00000000;00000000;00000000;00000000;00000000;0000000000225;0000000000225;0000000000000;00000000;
20170531;FRO;*;J19 ;0000000000000;0000000000000;00000000;00000000;00000000;00000000;00000000;0000000000259;0000000000258;0000000000000;00000001;
20170531;FRO;*;J20 ;0000000000000;0000000000000;00000000;00000000;00000000;00000000;00000000;0000000000301;0000000000301;0000000000000;00000000;
20170531;FRO;*;J21 ;0000000000000;0000000000000;00000000;00000000;00000000;00000000;00000000;0000000000334;0000000000335;0000000000000;00000001;
20170531;FRO;*;J22 ;0000000000000;0000000000000;00000000;00000000;00000000;00000000;00000000;0000000000373;0000000000374;0000000000000;00000001;
20170531;FRO;*;K18 ;0000000000000;0000000000000;00000000;00000000;00000000;00000000;00000000;0000000000228;0000000000228;0000000000000;00000000;
20170531;FRO;*;N18 ;0000000000000;0000000000000;00000000;00000000;00000000;00000000;00000000;0000000000231;0000000000232;0000000000000;00000001;
20170531;FRO;*;N19 ;0000000000000;0000000000000;00000000;00000000;00000000;00000000;00000000;0000000000268;0000000000263;0000000000000;00000005;
20170531;FRO;*;N20 ;0000000000000;0000000000000;00000000;00000000;00000000;00000000;00000000;0000000000307;0000000000308;0000000000000;00000001;
20170531;FRO;*;N21 ;0000000000000;0000000000000;00000000;00000000;00000000;00000000;00000000;0000000000344;0000000000345;0000000000000;00000001;
20170531;FRO;*;Q17 ;0000000000000;0000000000000;00000000;00000000;00000000;00000000;00000000;0000000000217;0000000000210;0000000000000;00000007;
20170531;FRO;*;U17 ;0000000000000;0000000000000;00000000;00000000;00000000;00000000;00000000;0000000000189;0000000000180;0000000000000;00000009;
20170531;FRO;*;V17 ;0000000000000;0000000000000;00000000;00000000;00000000;00000000;00000000;0000000000204;0000000000197;0000000000000;00000007;
20170531;FRO;*;V18 ;0000000000000;0000000000000;00000000;00000000;00000000;00000000;00000000;0000000000240;0000000000239;0000000000000;00000001;
20170531;FRO;*;V19 ;0000000000000;0000000000000;00000000;00000000;00000000;00000000;00000000;0000000000278;0000000000277;0000000000000;00000001;
20170531;FRO;*;V20 ;0000000000000;0000000000000;00000000;00000000;00000000;00000000;00000000;0000000000319;0000000000320;0000000000000;00000001;
20170531;FRO;*;V21 ;0000000000000;0000000000000;00000000;00000000;00000000;00000000;00000000;0000000000353;0000000000354;0000000000000;00000001;
20170531;FRO;*;X17 ;0000000000000;0000000000000;00000000;00000000;00000000;00000000;00000000;0000000000209;0000000000201;0000000000000;00000008;
20170531;FRO;*;Z17 ;0000000000000;0000000000000;00000000;00000000;00000000;00000000;00000000;0000000000211;0000000000207;0000000000000;00000004;
20170531;FRP;*;FRP0;0000000000000;0000000000000;00000000;00002390;00002360;00002410;00002360;0000000000000;0000000000000;0000000000000;00000000;
20170531;FRP;*;FRP1;0000000000000;0000000000000;00000000;00002360;00002330;00002360;00002330;0000000000000;0000000000000;0000000000000;00000000;
20170531;GBP;*;M17 ;0000000000000;0000000000000;00000220;00000000;00000000;00000000;00000000;0000041874550;0000041945340;0000000024776;00070790;
20170531;GBP;*;N17 ;0000015700527;0000004840314;00000610;04242400;04198000;04242400;04198000;0000042079200;0000042280540;0000000070469;00201340;
20170531;GBP;*;Q17 ;0000000000000;0000000000000;00000012;00000000;00000000;00000000;00000000;0000042372890;0000042579740;0000000072397;00206850;
20170531;GBP;*;U17 ;0000000000000;0000000000000;00000120;00000000;00000000;00000000;00000000;0000042699300;0000042914530;0000000075330;00215230;
20170531;HSI;*;M17 ;0000000000000;0000000000000;00000000;00000000;00000000;00000000;00000000;0000000025481;0000000025483;0000000000000;00000002;
20170531;HSI;*;N17 ;0000000000000;0000000000000;00000000;00000000;00000000;00000000;00000000;0000000025370;0000000025377;0000000000000;00000007;
20170531;IAP;*;K19 ;0000000000000;0000000000000;00000000;00000000;00000000;00000000;00000000;0000000526061;0000000525624;0000000000000;00000437;
20170531;IAP;*;K21 ;0000000000000;0000000000000;00000000;00000000;00000000;00000000;00000000;0000000579628;0000000579566;0000000000000;00000062;
20170531;IAP;*;M17 ;0000000000000;0000000000000;00000000;00000000;00000000;00000000;00000000;0000000485101;0000000485096;0000000000125;00000005;
20170531;IAP;*;N17 ;0000000000000;0000000000000;00000000;00000000;00000000;00000000;00000000;0000000485935;0000000485926;0000000000000;00000009;
20170531;IAP;*;Q17 ;0000000000000;0000000000000;00000000;00000000;00000000;00000000;00000000;0000000487023;0000000487007;0000000000000;00000016;
20170531;IAP;*;Q18 ;0000000000000;0000000000000;00000000;00000000;00000000;00000000;00000000;0000000507619;0000000507580;0000000000000;00000039;
20170531;IAP;*;Q20 ;0000000000000;0000000000000;00000000;00000000;00000000;00000000;00000000;0000000559929;0000000560211;0000000000000;00000282;
20170531;IAP;*;Q22 ;0000000000000;0000000000000;00000000;00000000;00000000;00000000;00000000;0000000616730;0000000617472;0000000000000;00000742;
20170531;ICF;*;H18 ;0000000000000;0000000000000;00000000;00000000;00000000;00000000;00000000;0000000016555;0000000016910;0000000000000;00000355;
20170531;ICF;*;N17 ;0000000000000;0000000000000;00000077;00000000;00000000;00000000;00000000;0000000015235;0000000015600;0000000118216;00000365;
20170531;ICF;*;U17 ;0000015215510;0000004697885;00005922;00016030;00015580;00016150;00015650;0000000015650;0000000016045;0000000127932;00000395;
20170531;ICF;*;U18 ;0000000055788;0000000017225;00001292;00017225;00017225;00017225;00017225;0000000016810;0000000017175;0000000118216;00000365;
20170531;ICF;*;U19 ;0000000000000;0000000000000;00000377;00000000;00000000;00000000;00000000;0000000017175;0000000017520;0000000111738;00000345;
20170531;ICF;*;Z17 ;0000001047217;0000000323335;00000282;00016105;00016100;00016180;00016180;0000000016105;0000000016460;0000000114977;00000355;
20170531;ICF;*;Z18 ;0000000000000;0000000000000;00000032;00000000;00000000;00000000;00000000;0000000016690;0000000017050;0000000116596;00000360;
20170531;IND;*;G18 ;0000000000000;0000000000000;00000000;00000000;00000000;00000000;00000000;0000000066250;0000000067649;0000000000000;00001399;
20170531;IND;*;G19 ;0000000000000;0000000000000;00000000;00000000;00000000;00000000;00000000;0000000071856;0000000073419;0000000000000;00001563;
20170531;IND;*;J18 ;0000000000000;0000000000000;00000000;00000000;00000000;00000000;00000000;0000000067135;0000000068557;0000000000000;00001422;
20170531;IND;*;M17 ;0005208604000;0001605760089;00265337;00064005;00062770;00064175;00062950;0000000062921;0000000064229;0000000130800;00001308;
20170531;IND;*;M18 ;0000030184000;0000009305423;00001080;00068600;00068600;00068600;00068600;0000000067942;0000000069392;0000000145000;00001450;
20170531;IND;*;Q17 ;0000023828000;0000007345932;00032550;00064400;00064400;00064400;00064400;0000000063869;0000000065211;0000000134200;00001342;
20170531;IND;*;Q18 ;0000000000000;0000000000000;00000000;00000000;00000000;00000000;00000000;0000000068931;0000000070421;0000000000000;00001490;
20170531;IND;*;V17 ;0000000000000;0000000000000;00001880;00000000;00000000;00000000;00000000;0000000064754;0000000066109;0000000135500;00001355;
20170531;IND;*;V18 ;0000000000000;0000000000000;00000000;00000000;00000000;00000000;00000000;0000000069901;0000000071424;0000000000000;00001523;
20170531;IND;*;Z17 ;0000012157500;0000003748035;00015935;00066000;00065700;00066000;00065700;0000000065473;0000000066845;0000000137200;00001372;
20170531;IND;*;Z18 ;0000000000000;0000000000000;00000150;00000000;00000000;00000000;00000000;0000000070789;0000000072322;0000000153300;00001533;
20170531;IR1;*;M7Q7;0000000000000;0000000000000;00000000;00000950;00000950;00000950;00000950;0000000000000;0000000000000;0000000000000;00000000;
20170531;ISP;*;M17 ;0000193884485;0000059863062;00004043;00241500;00240300;00241675;00241550;0000000241400;0000000241175;0000000036436;00000225;
20170531;ISP;*;M18 ;0000000000000;0000000000000;00000000;00000000;00000000;00000000;00000000;0000000240725;0000000240475;0000000000000;00000250;
20170531;ISP;*;U17 ;0000000389628;0000000120300;00000012;00240600;00240600;00240600;00240600;0000000241150;0000000240900;0000000040485;00000250;
20170531;ISP;*;Z17 ;0000000000000;0000000000000;00000000;00000000;00000000;00000000;00000000;0000000240850;0000000240600;0000000000000;00000250;
20170531;JPY;*;M17 ;0000010108500;0000003116349;00000528;02930000;02930000;02930000;02930000;0000029332190;0000029440700;0000000054255;00108510;
20170531;JPY;*;N17 ;0000010181985;0000003139003;00000571;02951300;02951300;02951300;02951300;0000029527900;0000029683400;0000000077750;00155500;
20170531;JPY;*;Q17 ;0000000000000;0000000000000;00001679;00000000;00000000;00000000;00000000;0000029740700;0000029900200;0000000079750;00159500;
20170531;JPY;*;U17 ;0000000000000;0000000000000;00000000;00000000;00000000;00000000;00000000;0000029980200;0000030145800;0000000000000;00165600;
20170531;JSE;*;M17 ;0000000000000;0000000000000;00000000;00000000;00000000;00000000;00000000;0000000047309;0000000047881;0000000000000;00000572;
20170531;JSE;*;U17 ;0000000000000;0000000000000;00000000;00000000;00000000;00000000;00000000;0000000047739;0000000048311;0000000000000;00000572;
20170531;MIX;*;M17 ;0000000000000;0000000000000;00000000;00000000;00000000;00000000;00000000;0000000001899;0000000001938;0000000000000;00000039;
20170531;MIX;*;U17 ;0000000000000;0000000000000;00000000;00000000;00000000;00000000;00000000;0000000001889;0000000001929;0000000000000;00000040;
20170531;MXN;*;M17 ;0000000000000;0000000000000;00000242;00000000;00000000;00000000;00000000;0000017346170;0000017437850;0000000068760;00091680;
20170531;MXN;*;N17 ;0000000000000;0000000000000;00000319;00000000;00000000;00000000;00000000;0000017385860;0000017470000;0000000063105;00084140;
20170531;MXN;*;Q17 ;0000000000000;0000000000000;00000144;00000000;00000000;00000000;00000000;0000017409200;0000017495260;0000000064545;00086060;
20170531;NZD;*;M17 ;0000000000000;0000000000000;00000000;00000000;00000000;00000000;00000000;0000023022160;0000023156170;0000000000000;00134010;
20170531;NZD;*;N17 ;0000011380200;0000003508401;00000000;02334400;02334400;02334400;02334400;0000023126730;0000023307810;0000000135810;00181080;
20170531;NZD;*;Q17 ;0000000000000;0000000000000;00000000;00000000;00000000;00000000;00000000;0000023258210;0000023442870;0000000000000;00184660;
20170531;OC1;*;F18 ;0000000000000;0000000000000;00000000;00000000;00000000;00000000;00000000;0000009496161;0000009493743;0000000000000;00002418;
20170531;OC1;*;F19 ;0000000000000;0000000000000;00000000;00000000;00000000;00000000;00000000;0000008690635;0000008683679;0000000000000;00006956;
20170531;OC1;*;F20 ;0000000000000;0000000000000;00000000;00000000;00000000;00000000;00000000;0000007846576;0000007828517;0000000000000;00018059;
20170531;OC1;*;F21 ;0000000000000;0000000000000;00000000;00000000;00000000;00000000;00000000;0000007038955;0000007011825;0000000000000;00027130;
20170531;OC1;*;F22 ;0000000000000;0000000000000;00000000;00000000;00000000;00000000;00000000;0000006306886;0000006278390;0000000000000;00028496;
20170531;OC1;*;F23 ;0000000000000;0000000000000;00000000;00000000;00000000;00000000;00000000;0000005658525;0000005627114;0000000000000;00031411;
20170531;OC1;*;F24 ;0000000000000;0000000000000;00000000;00000000;00000000;00000000;00000000;0000005079651;0000005049751;0000000000000;00029900;
20170531;OC1;*;F25 ;0000000000000;0000000000000;00000000;00000000;00000000;00000000;00000000;0000004547701;0000004519916;0000000000000;00027785;
20170531;OC1;*;F26 ;0000000000000;0000000000000;00000000;00000000;00000000;00000000;00000000;0000004083446;0000004048949;0000000000000;00034497;
20170531;OC1;*;F27 ;0000000000000;0000000000000;00000000;00000000;00000000;00000000;00000000;0000003659056;0000003621479;0000000000000;00037577;
20170531;OC1;*;F28 ;0000000000000;0000000000000;00000000;00000000;00000000;00000000;00000000;0000003297344;0000003255332;0000000000000;00042012;
20170531;OC1;*;F29 ;0000000000000;0000000000000;00000000;00000000;00000000;00000000;00000000;0000002970842;0000002924914;0000000000000;00045928;
20170531;OC1;*;F30 ;0000000000000;0000000000000;00000000;00000000;00000000;00000000;00000000;0000002660614;0000002611577;0000000000000;00049037;
20170531;OC1;*;G18 ;0000000000000;0000000000000;00000000;00000000;00000000;00000000;00000000;0000009426849;0000009423902;0000000000000;00002947;
20170531;OC1;*;H18 ;0000000000000;0000000000000;00000000;00000000;00000000;00000000;00000000;0000009365164;0000009361780;0000000000000;00003384;
20170531;OC1;*;J18 ;0000000000000;0000000000000;00000000;00000000;00000000;00000000;00000000;0000009302413;0000009298418;0000000000000;00003995;
20170531;OC1;*;J19 ;0000000000000;0000000000000;00000000;00000000;00000000;00000000;00000000;0000008485480;0000008476120;0000000000000;00009360;
20170531;OC1;*;J20 ;0000000000000;0000000000000;00000000;00000000;00000000;00000000;00000000;0000007635693;0000007619335;0000000000000;00016358;
20170531;OC1;*;J21 ;0000000000000;0000000000000;00000000;00000000;00000000;00000000;00000000;0000006851285;0000006830638;0000000000000;00020647;
20170531;OC1;*;J22 ;0000000000000;0000000000000;00000000;00000000;00000000;00000000;00000000;0000006140575;0000006111337;0000000000000;00029238;
20170531;OC1;*;K18 ;0000000000000;0000000000000;00000000;00000000;00000000;00000000;00000000;0000009235131;0000009231473;0000000000000;00003658;
20170531;OC1;*;M17 ;0000000000000;0000000000000;00000000;00000000;00000000;00000000;00000000;0000009995806;0000009995803;0000000000000;00000003;
20170531;OC1;*;N17 ;0000000000000;0000000000000;00000000;00000000;00000000;00000000;00000000;0000009915424;0000009915221;0000000000000;00000203;
20170531;OC1;*;N18 ;0000000000000;0000000000000;00000000;00000000;00000000;00000000;00000000;0000009099094;0000009093357;0000000000000;00005737;
20170531;OC1;*;N19 ;0000000000000;0000000000000;00000000;00000000;00000000;00000000;00000000;0000008275495;0000008265038;0000000000000;00010457;
20170531;OC1;*;N20 ;0000000000000;0000000000000;00000000;00000000;00000000;00000000;00000000;0000007438413;0000007415911;0000000000000;00022502;
20170531;OC1;*;N21 ;0000000000000;0000000000000;00000000;00000000;00000000;00000000;00000000;0000006657860;0000006644548;0000000000000;00013312;
20170531;OC1;*;N22 ;0000000000000;0000000000000;00000000;00000000;00000000;00000000;00000000;0000005979672;0000005949748;0000000000000;00029924;
20170531;OC1;*;N23 ;0000000000000;0000000000000;00000000;00000000;00000000;00000000;00000000;0000005365517;0000005334565;0000000000000;00030952;
20170531;OC1;*;N24 ;0000000000000;0000000000000;00000000;00000000;00000000;00000000;00000000;0000004814980;0000004786040;0000000000000;00028940;
20170531;OC1;*;Q17 ;0000000000000;0000000000000;00000000;00000000;00000000;00000000;00000000;0000009836654;0000009836156;0000000000000;00000498;
20170531;OC1;*;U17 ;0000000000000;0000000000000;00000000;00000000;00000000;00000000;00000000;0000009756419;0000009755332;0000000000000;00001087;
20170531;OC1;*;V17 ;0000000000000;0000000000000;00000000;00000000;00000000;00000000;00000000;0000009690441;0000009688980;0000000000000;00001461;
20170531;OC1;*;V18 ;0000000000000;0000000000000;00000000;00000000;00000000;00000000;00000000;0000008891859;0000008882712;0000000000000;00009147;
20170531;OC1;*;V19 ;0000000000000;0000000000000;00000000;00000000;00000000;00000000;00000000;0000008050666;0000008039970;0000000000000;00010696;
20170531;OC1;*;V20 ;0000000000000;0000000000000;00000000;00000000;00000000;00000000;00000000;0000007225012;0000007204337;0000000000000;00020675;
20170531;OC1;*;V21 ;0000000000000;0000000000000;00000000;00000000;00000000;00000000;00000000;0000006478261;0000006457655;0000000000000;00020606;
20170531;OC1;*;X17 ;0000000000000;0000000000000;00000000;00000000;00000000;00000000;00000000;0000009622469;0000009621161;0000000000000;00001308;
20170531;OC1;*;Z17 ;0000000000000;0000000000000;00000000;00000000;00000000;00000000;00000000;0000009557901;0000009556776;0000000000000;00001125;
20170531;OZ1;*;0000;0000000556767;0000000171646;00000000;00132000;00131000;00132000;00131000;0000000131135;0000000131611;0000000000000;00000000;
20170531;OZ1;*;M17 ;0000000000000;0000000000000;00000000;00000000;00000000;00000000;00000000;0000000131000;0000000131055;0000000000000;00000055;
20170531;OZ1;*;N17 ;0000000000000;0000000000000;00000000;00000000;00000000;00000000;00000000;0000000132065;0000000132123;0000000000000;00000058;
20170531;OZ2;*;0000;0000000026223;0000000008084;00000000;00131000;00131000;00131500;00131500;0000000131250;0000000131521;0000000000000;00000500;
20170531;SCS;*;F802;0000000000000;0000000000000;00077520;00000000;00000000;00000000;00000000;0000000000000;0000000000000;0000000000000;00000000;
20170531;SCS;*;M701;0000000000000;0000000000000;00088700;00000000;00000000;00000000;00000000;0000000000000;0000000000000;0000000000000;00000000;
20170531;SCS;*;N703;0000000000000;0000000000000;00138770;00000000;00000000;00000000;00000000;0000000000000;0000000000000;0000000000000;00000000;
20170531;SCS;*;Q701;0000000000000;0000000000000;00123620;00000000;00000000;00000000;00000000;0000000000000;0000000000000;0000000000000;00000000;
20170531;SCS;*;V702;0000000000000;0000000000000;00126645;00000000;00000000;00000000;00000000;0000000000000;0000000000000;0000000000000;00000000;
20170531;SFI;*;K18 ;0000000000000;0000000000000;00000000;00000000;00000000;00000000;00000000;0000000001998;0000000002002;0000000000000;00000004;
20170531;SFI;*;N17 ;0000000000000;0000000000000;00000000;00000000;00000000;00000000;00000000;0000000001959;0000000001952;0000000000000;00000007;
20170531;SFI;*;X17 ;0000000000000;0000000000000;00000000;00000000;00000000;00000000;00000000;0000000001957;0000000001960;0000000000000;00000003;
20170531;SJC;*;F18 ;0000000000000;0000000000000;00000000;00000000;00000000;00000000;00000000;0000000204200;0000000204530;0000000000000;00000330;
20170531;SJC;*;H18 ;0000000000000;0000000000000;00000000;00000000;00000000;00000000;00000000;0000000205633;0000000205963;0000000000000;00000330;
20170531;SJC;*;K18 ;0000000000000;0000000000000;00000000;00000000;00000000;00000000;00000000;0000000206955;0000000207396;0000000000000;00000441;
20170531;SJC;*;N17 ;0000001441661;0000000445122;00002041;00002019;00002010;00002020;00002017;0000000201940;0000000201224;0000000010435;00000716;
20170531;SJC;*;N18 ;0000000000000;0000000000000;00000000;00000000;00000000;00000000;00000000;0000000208499;0000000208940;0000000000000;00000441;
20170531;SJC;*;Q17 ;0000000088539;0000000027337;00000106;00002025;00002025;00002025;00002025;0000000202436;0000000201940;0000000007229;00000496;
20170531;SJC;*;U17 ;0000000000000;0000000000000;00000011;00000000;00000000;00000000;00000000;0000000202160;0000000202050;0000000001603;00000110;
20170531;SJC;*;X17 ;0000000503028;0000000155313;00001238;00002034;00002025;00002034;00002033;0000000202436;0000000202767;0000000004824;00000331;
20170531;TRY;*;M17 ;0000000000000;0000000000000;00000000;00000000;00000000;00000000;00000000;0000009172060;0000009175050;0000000000000;00002990;
20170531;TRY;*;N17 ;0000000000000;0000000000000;00000066;00000000;00000000;00000000;00000000;0000009156650;0000009155260;0000000001042;00001390;
20170531;TRY;*;Q17 ;0000000000000;0000000000000;00000000;00000000;00000000;00000000;00000000;0000009138970;0000009136400;0000000000000;00002570;
20170531;T10;*;M17 ;0000000000000;0000000000000;00000086;00000000;00000000;00000000;00000000;0000001264687;0000001264375;0000000010120;00000312;
20170531;T10;*;U17 ;0000017614987;0000005430523;00001462;00126266;00126266;00126328;00126297;0000001262968;0000001261562;0000000045606;00001406;
20170531;WDO;*;F18 ;0000000000000;0000000000000;00000000;00000000;00000000;00000000;00000000;0000033673450;0000033936750;0000000000000;00263300;
20170531;WDO;*;F19 ;0000000000000;0000000000000;00000000;00000000;00000000;00000000;00000000;0000035851860;0000036148480;0000000000000;00296620;
20170531;WDO;*;F20 ;0000000000000;0000000000000;00000000;00000000;00000000;00000000;00000000;0000038414530;0000038791820;0000000000000;00377290;
20170531;WDO;*;F21 ;0000000000000;0000000000000;00000000;00000000;00000000;00000000;00000000;0000041156300;0000041608430;0000000000000;00452130;
20170531;WDO;*;F25 ;0000000000000;0000000000000;00000000;00000000;00000000;00000000;00000000;0000052240470;0000052896530;0000000000000;00656060;
20170531;WDO;*;G18 ;0000000000000;0000000000000;00000000;00000000;00000000;00000000;00000000;0000033865800;0000034133980;0000000000000;00268180;
20170531;WDO;*;H18 ;0000000000000;0000000000000;00000000;00000000;00000000;00000000;00000000;0000034029650;0000034297110;0000000000000;00267460;
20170531;WDO;*;J18 ;0000000000000;0000000000000;00000000;00000000;00000000;00000000;00000000;0000034174310;0000034446900;0000000000000;00272590;
20170531;WDO;*;J19 ;0000000000000;0000000000000;00000000;00000000;00000000;00000000;00000000;0000036436110;0000036752160;0000000000000;00316050;
20170531;WDO;*;J20 ;0000000000000;0000000000000;00000000;00000000;00000000;00000000;00000000;0000039074670;0000039449790;0000000000000;00375120;
20170531;WDO;*;J22 ;0000000000000;0000000000000;00000000;00000000;00000000;00000000;00000000;0000044644210;0000045164720;0000000000000;00520510;
20170531;WDO;*;K18 ;0000000000000;0000000000000;00000000;00000000;00000000;00000000;00000000;0000034352410;0000034621900;0000000000000;00269490;
20170531;WDO;*;M17 ;0001414216050;0000435988547;00031179;03258000;03237000;03258000;03244000;0000032437000;0000032615480;0000000017848;00178480;
20170531;WDO;*;N17 ;0018297445115;0005640917815;00006843;03281500;03247500;03282500;03249500;0000032610510;0000032852760;0000000024225;00242250;
20170531;WDO;*;N18 ;0000000000000;0000000000000;00000000;00000000;00000000;00000000;00000000;0000034722860;0000035004050;0000000000000;00281190;
20170531;WDO;*;N19 ;0000000000000;0000000000000;00000000;00000000;00000000;00000000;00000000;0000037069880;0000037424410;0000000000000;00354530;
20170531;WDO;*;N21 ;0000000000000;0000000000000;00000000;00000000;00000000;00000000;00000000;0000042624190;0000043006260;0000000000000;00382070;
20170531;WDO;*;Q17 ;0000000098610;0000000030400;00000037;03289500;03282000;03289500;03282000;0000032814410;0000033060880;0000000024647;00246470;
20170531;WDO;*;U17 ;0000000000000;0000000000000;00000079;00000000;00000000;00000000;00000000;0000033037660;0000033291610;0000000025395;00253950;
20170531;WDO;*;V17 ;0000000000000;0000000000000;00000000;00000000;00000000;00000000;00000000;0000033196250;0000033454210;0000000000000;00257960;
20170531;WDO;*;V18 ;0000000000000;0000000000000;00000000;00000000;00000000;00000000;00000000;0000035295710;0000035598000;0000000000000;00302290;
20170531;WDO;*;V19 ;0000000000000;0000000000000;00000000;00000000;00000000;00000000;00000000;0000037776570;0000038116560;0000000000000;00339990;
20170531;WDO;*;X17 ;0000000000000;0000000000000;00000024;00000000;00000000;00000000;00000000;0000033369970;0000033629570;0000000025960;00259600;
20170531;WDO;*;Z17 ;0000000000000;0000000000000;00000012;00000000;00000000;00000000;00000000;0000033534500;0000033793070;0000000025857;00258570;
20170531;WD1;*;M7N7;0000000000000;0000000000000;00000000;00024000;00022000;00024150;00023000;0000000000000;0000000000000;0000000000000;00000000;
20170531;WEU;*;M17 ;0000000000000;0000000000000;00000004;00000000;00000000;00000000;00000000;0000036475410;0000036496370;0000000002096;00020960;
20170531;WEU;*;N17 ;0000000550800;0000000169806;00000000;03672000;03672000;03672000;03672000;0000036722890;0000036809660;0000000008677;00086770;
20170531;WEU;*;Q17 ;0000000000000;0000000000000;00000000;00000000;00000000;00000000;00000000;0000036998640;0000037089920;0000000000000;00091280;
20170531;WEU;*;U17 ;0000000000000;0000000000000;00000000;00000000;00000000;00000000;00000000;0000037306570;0000037403900;0000000000000;00097330;
20170531;WEU;*;V17 ;0000000000000;0000000000000;00000000;00000000;00000000;00000000;00000000;0000037544700;0000037647610;0000000000000;00102910;
20170531;WIN;*;G18 ;0000000000000;0000000000000;00000000;00000000;00000000;00000000;00000000;0000000066250;0000000067649;0000000000000;00001399;
20170531;WIN;*;G19 ;0000000000000;0000000000000;00000000;00000000;00000000;00000000;00000000;0000000071856;0000000073419;0000000000000;00001563;
20170531;WIN;*;J18 ;0000000000000;0000000000000;00000000;00000000;00000000;00000000;00000000;0000000067135;0000000068557;0000000000000;00001422;
20170531;WIN;*;M17 ;0012955715831;0003994116543;00111355;00063930;00062760;00064175;00062915;0000000062921;0000000064229;0000000026160;00001308;
20170531;WIN;*;M18 ;0000000000000;0000000000000;00000000;00000000;00000000;00000000;00000000;0000000067942;0000000069392;0000000000000;00001450;
20170531;WIN;*;Q17 ;0000000038688;0000000011927;00000018;00065400;00064020;00065400;00064020;0000000063869;0000000065211;0000000026840;00001342;
20170531;WIN;*;Q18 ;0000000000000;0000000000000;00000000;00000000;00000000;00000000;00000000;0000000068931;0000000070421;0000000000000;00001490;
20170531;WIN;*;V17 ;0000000000000;0000000000000;00000000;00000000;00000000;00000000;00000000;0000000064754;0000000066109;0000000000000;00001355;
20170531;WIN;*;V18 ;0000000000000;0000000000000;00000000;00000000;00000000;00000000;00000000;0000000069901;0000000071424;0000000000000;00001523;
20170531;WIN;*;Z17 ;0000000000000;0000000000000;00000000;00000000;00000000;00000000;00000000;0000000065473;0000000066845;0000000000000;00001372;
20170531;WIN;*;Z18 ;0000000000000;0000000000000;00000000;00000000;00000000;00000000;00000000;0000000070789;0000000072322;0000000000000;00001533;
20170531;WTI;*;N17 ;0000000000000;0000000000000;00000639;00000000;00000000;00000000;00000000;0000000004832;0000000004966;0000000043399;00000134;
20170531;WTI;*;Q17 ;0000000141536;0000000043700;00000003;00004888;00004818;00004888;00004818;0000000004856;0000000004991;0000000043723;00000135;
20170531;ZAR;*;M17 ;0000000000000;0000000000000;00000131;00000000;00000000;00000000;00000000;0000024599110;0000024818680;0000000076849;00219570;
20170531;ZAR;*;N17 ;0000000000000;0000000000000;00000287;00000000;00000000;00000000;00000000;0000024712770;0000024848130;0000000047376;00135360;
20170531;ZAR;*;Q17 ;0000000000000;0000000000000;00000030;00000000;00000000;00000000;00000000;0000024741110;0000024888370;0000000051541;00147260;
