Data;Código do Contrato;Pregão;Vencimento;Volume(R$);Volume(U$);Número de contas em Aberto;Preço de Abertura;Preço Mínimo;Preço Máximo;Último Preço;Preço de Ajuste Atual; Preço de Ajuste Anterior;Valor de Ajuste por Contrato;Variação
20170331;AUD;*;J17 ;0000000000000;0000000000000;00000226;00000000;00000000;00000000;00000000;0000024170140;0000024028870;0000000084762;00141270;
20170331;AUD;*;K17 ;0000009250200;0000002919518;00001591;02410000;02400000;02410000;02400000;0000024065680;0000024139270;0000000044154;00073590;
20170331;AUD;*;M17 ;0000028315170;0000008936741;00000640;02420100;02420100;02420100;02420100;0000024231050;0000024305230;0000000044508;00074180;
20170331;BGI;*;F18 ;0000000000000;0000000000000;00000000;00000000;00000000;00000000;00000000;0000000013890;0000000013953;0000000000000;00000063;
20170331;BGI;*;H17 ;0000018050241;0000005764456;00001081;00014125;00014071;00014125;00014090;0000000014092;0000000014075;0000000005610;00000017;
20170331;BGI;*;J17 ;0000002761836;0000000882009;00000233;00013540;00013440;00013540;00013440;0000000013571;0000000013648;0000000025410;00000077;
20170331;BGI;*;K17 ;0000086350931;0000027576703;00004276;00013411;00013302;00013494;00013315;0000000013320;0000000013396;0000000025080;00000076;
20170331;BGI;*;M17 ;0000000000000;0000000000000;00000004;00000000;00000000;00000000;00000000;0000000013456;0000000013529;0000000024090;00000073;
20170331;BGI;*;N17 ;0000000000000;0000000000000;00000011;00000000;00000000;00000000;00000000;0000000013580;0000000013651;0000000023430;00000071;
20170331;BGI;*;Q17 ;0000000000000;0000000000000;00000000;00000000;00000000;00000000;00000000;0000000013710;0000000013779;0000000000000;00000069;
20170331;BGI;*;U17 ;0000000000000;0000000000000;00000000;00000000;00000000;00000000;00000000;0000000013827;0000000013893;0000000000000;00000066;
20170331;BGI;*;V17 ;0000018814979;0000006008680;00001724;00014050;00013910;00014075;00013910;0000000013950;0000000014013;0000000020790;00000063;
20170331;BGI;*;X17 ;0000000000000;0000000000000;00000011;00000000;00000000;00000000;00000000;0000000013945;0000000014008;0000000020790;00000063;
20170331;BGI;*;Z17 ;0000000000000;0000000000000;00000038;00000000;00000000;00000000;00000000;0000000013962;0000000014025;0000000020790;00000063;
20170331;BRI;*;J17 ;0000000000000;0000000000000;00000090;00000000;00000000;00000000;00000000;0000000010854;0000000010907;0000000053000;00000053;
20170331;BRI;*;M17 ;0000000330870;0000000104428;00000688;00011029;00011029;00011029;00011029;0000000011034;0000000011087;0000000053000;00000053;
20170331;BRI;*;Q17 ;0000000000000;0000000000000;00000000;00000000;00000000;00000000;00000000;0000000011206;0000000011259;0000000000000;00000053;
20170331;BSE;*;J17 ;0000000000000;0000000000000;00000000;00000000;00000000;00000000;00000000;0000000029818;0000000029853;0000000000000;00000035;
20170331;BSE;*;K17 ;0000000000000;0000000000000;00000000;00000000;00000000;00000000;00000000;0000000030025;0000000030059;0000000000000;00000034;
20170331;CAD;*;J17 ;0000000000000;0000000000000;00000089;00000000;00000000;00000000;00000000;0000023757360;0000023561100;0000000117756;00196260;
20170331;CAD;*;K17 ;0000009256944;0000002921646;00001738;02374200;02369000;02374200;02369000;0000023698610;0000023700780;0000000001302;00002170;
20170331;CAD;*;M17 ;0000023630310;0000007458121;00000400;02386900;02386900;02386900;02386900;0000023888290;0000023892970;0000000002808;00004680;
20170331;CCM;*;F18 ;0000000013275;0000000004239;00000138;00002950;00002950;00002950;00002950;0000000002934;0000000002922;0000000005400;00000012;
20170331;CCM;*;F19 ;0000000000000;0000000000000;00000000;00000000;00000000;00000000;00000000;0000000002777;0000000002764;0000000000000;00000013;
20170331;CCM;*;H18 ;0000000013414;0000000004284;00000115;00002981;00002981;00002981;00002981;0000000002934;0000000002922;0000000005400;00000012;
20170331;CCM;*;H19 ;0000000000000;0000000000000;00000000;00000000;00000000;00000000;00000000;0000000002658;0000000002646;0000000000000;00000012;
20170331;CCM;*;K17 ;0000034388104;0000010982053;00007425;00002827;00002825;00002920;00002855;0000000002853;0000000002839;0000000006300;00000014;
20170331;CCM;*;K18 ;0000000000000;0000000000000;00000000;00000000;00000000;00000000;00000000;0000000002672;0000000002661;0000000000000;00000011;
20170331;CCM;*;K19 ;0000000000000;0000000000000;00000000;00000000;00000000;00000000;00000000;0000000002544;0000000002533;0000000000000;00000011;
20170331;CCM;*;N17 ;0000000000000;0000000000000;00000000;00000000;00000000;00000000;00000000;0000000002817;0000000002805;0000000000000;00000012;
20170331;CCM;*;N18 ;0000000000000;0000000000000;00000000;00000000;00000000;00000000;00000000;0000000002654;0000000002643;0000000000000;00000011;
20170331;CCM;*;U17 ;0000014203116;0000004535853;00015240;00002760;00002757;00002800;00002779;0000000002779;0000000002768;0000000004950;00000011;
20170331;CCM;*;U18 ;0000000000000;0000000000000;00000000;00000000;00000000;00000000;00000000;0000000002636;0000000002625;0000000000000;00000011;
20170331;CCM;*;X17 ;0000000463846;0000000148132;00000543;00002829;00002829;00002870;00002870;0000000002832;0000000002820;0000000005400;00000012;
20170331;CCM;*;X18 ;0000000000000;0000000000000;00000000;00000000;00000000;00000000;00000000;0000000002705;0000000002693;0000000000000;00000012;
20170331;CHF;*;J17 ;0000000000000;0000000000000;00000100;00000000;00000000;00000000;00000000;0000031653930;0000031377500;0000000138215;00276430;
20170331;CHF;*;K17 ;0000000000000;0000000000000;00000204;00000000;00000000;00000000;00000000;0000031533300;0000031601040;0000000033870;00067740;
20170331;CHF;*;M17 ;0000000000000;0000000000000;00000210;00000000;00000000;00000000;00000000;0000031839300;0000031914410;0000000037555;00075110;
20170331;CLP;*;J17 ;0000000000000;0000000000000;00000000;00000000;00000000;00000000;00000000;0000047853440;0000047281000;0000000000000;00572440;
20170331;CLP;*;K17 ;0000000000000;0000000000000;00000067;00000000;00000000;00000000;00000000;0000047638000;0000047272000;0000000091500;00366000;
20170331;CLP;*;M17 ;0000000000000;0000000000000;00000775;00000000;00000000;00000000;00000000;0000047929000;0000047554000;0000000093750;00375000;
20170331;CNY;*;J17 ;0000000000000;0000000000000;00000085;00000000;00000000;00000000;00000000;0000045973480;0000045527230;0000000156187;00446250;
20170331;CNY;*;K17 ;0000000000000;0000000000000;00000000;00000000;00000000;00000000;00000000;0000045611870;0000045638020;0000000000000;00026150;
20170331;CNY;*;M17 ;0000000000000;0000000000000;00000000;00000000;00000000;00000000;00000000;0000045832830;0000045851860;0000000000000;00019030;
20170331;CNY;*;N17 ;0000000000000;0000000000000;00000090;00000000;00000000;00000000;00000000;0000046020340;0000046071500;0000000017906;00051160;
20170331;DAP;*;F18 ;0000000000000;0000000000000;00000000;00000000;00000000;00000000;00000000;0000009574481;0000009527812;0000000000000;00046669;
20170331;DAP;*;J17 ;0000000000000;0000000000000;00000085;00000000;00000000;00000000;00000000;0000009957748;0000009957059;0000000000829;00000689;
20170331;DAP;*;K17 ;0000304294182;0000096040330;00038455;00000855;00000830;00000855;00000840;0000009910780;0000009909990;0000000000951;00000790;
20170331;DAP;*;K19 ;0000030980131;0000009777847;00045680;00000498;00000498;00000500;00000500;0000009028246;0000009022408;0000000007028;00005838;
20170331;DAP;*;K21 ;0000004895210;0000001545010;00011696;00000518;00000518;00000518;00000518;0000008131646;0000008129664;0000000002386;00001982;
20170331;DAP;*;K23 ;0000000000000;0000000000000;00011765;00000000;00000000;00000000;00000000;0000007316671;0000007309257;0000000008926;00007414;
20170331;DAP;*;M17 ;0000000000000;0000000000000;00000000;00000000;00000000;00000000;00000000;0000009832771;0000009831992;0000000000000;00000779;
20170331;DAP;*;Q18 ;0001125964434;0000355373196;00044245;00000520;00000520;00000520;00000520;0000009333276;0000009329789;0000000004198;00003487;
20170331;DAP;*;Q20 ;0000000000000;0000000000000;00003010;00000000;00000000;00000000;00000000;0000008464773;0000008463331;0000000001736;00001442;
20170331;DAP;*;Q22 ;0000416508695;0000131457106;00023555;00000527;00000525;00000527;00000525;0000007607073;0000007596573;0000000012641;00010500;
20170331;DAP;*;Q24 ;0000000000000;0000000000000;00005853;00000000;00000000;00000000;00000000;0000006874680;0000006861296;0000000016114;00013384;
20170331;DAP;*;Q26 ;0000000000000;0000000000000;00001345;00000000;00000000;00000000;00000000;0000006178397;0000006173791;0000000005545;00004606;
20170331;DAP;*;Q30 ;0000000000000;0000000000000;00000235;00000000;00000000;00000000;00000000;0000005104967;0000005112181;0000000008685;00007214;
20170331;DCO;*;F18 ;0000000000000;0000000000000;00000000;00000000;00000000;00000000;00000000;0000009859651;0000009873742;0000000000000;00014091;
20170331;DCO;*;F19 ;0000000000000;0000000000000;00000000;00000000;00000000;00000000;00000000;0000009596131;0000009609186;0000000000000;00013055;
20170331;DCO;*;F20 ;0000000000000;0000000000000;00000000;00000000;00000000;00000000;00000000;0000009252066;0000009267061;0000000000000;00014995;
20170331;DCO;*;F21 ;0000000000000;0000000000000;00000000;00000000;00000000;00000000;00000000;0000008862629;0000008866829;0000000000000;00004200;
20170331;DCO;*;F22 ;0000000000000;0000000000000;00000000;00000000;00000000;00000000;00000000;0000008459436;0000008468048;0000000000000;00008612;
20170331;DCO;*;F23 ;0000000000000;0000000000000;00000000;00000000;00000000;00000000;00000000;0000008048749;0000008058397;0000000000000;00009648;
20170331;DCO;*;F24 ;0000000000000;0000000000000;00000000;00000000;00000000;00000000;00000000;0000007658388;0000007660757;0000000000000;00002369;
20170331;DCO;*;F25 ;0000000000000;0000000000000;00000000;00000000;00000000;00000000;00000000;0000007232802;0000007247730;0000000000000;00014928;
20170331;DCO;*;F26 ;0000000000000;0000000000000;00000000;00000000;00000000;00000000;00000000;0000006814731;0000006846401;0000000000000;00031670;
20170331;DCO;*;F27 ;0000000000000;0000000000000;00000000;00000000;00000000;00000000;00000000;0000006423877;0000006455322;0000000000000;00031445;
20170331;DCO;*;F28 ;0000000000000;0000000000000;00000000;00000000;00000000;00000000;00000000;0000006066305;0000006097270;0000000000000;00030965;
20170331;DCO;*;F29 ;0000000000000;0000000000000;00000000;00000000;00000000;00000000;00000000;0000005724581;0000005754764;0000000000000;00030183;
20170331;DCO;*;F30 ;0000000000000;0000000000000;00000000;00000000;00000000;00000000;00000000;0000005411662;0000005440968;0000000000000;00029306;
20170331;DCO;*;G18 ;0000000000000;0000000000000;00000000;00000000;00000000;00000000;00000000;0000009839730;0000009854615;0000000000000;00014885;
20170331;DCO;*;H18 ;0000000000000;0000000000000;00000000;00000000;00000000;00000000;00000000;0000009823571;0000009838099;0000000000000;00014528;
20170331;DCO;*;J17 ;0000000000000;0000000000000;00000000;00000000;00000000;00000000;00000000;0000010135238;0000010035194;0000000000000;00100044;
20170331;DCO;*;J18 ;0000000000000;0000000000000;00000000;00000000;00000000;00000000;00000000;0000009802144;0000009817149;0000000000000;00015005;
20170331;DCO;*;J19 ;0000000000000;0000000000000;00000000;00000000;00000000;00000000;00000000;0000009522406;0000009535399;0000000000000;00012993;
20170331;DCO;*;J20 ;0000000000000;0000000000000;00000000;00000000;00000000;00000000;00000000;0000009162404;0000009175978;0000000000000;00013574;
20170331;DCO;*;J21 ;0000000000000;0000000000000;00000000;00000000;00000000;00000000;00000000;0000008767973;0000008766171;0000000000000;00001802;
20170331;DCO;*;K17 ;0000000000000;0000000000000;00000000;00000000;00000000;00000000;00000000;0000009996357;0000010013566;0000000000000;00017209;
20170331;DCO;*;K18 ;0000000000000;0000000000000;00000000;00000000;00000000;00000000;00000000;0000009782093;0000009797322;0000000000000;00015229;
20170331;DCO;*;M17 ;0000000000000;0000000000000;00000000;00000000;00000000;00000000;00000000;0000009979547;0000009996863;0000000000000;00017316;
20170331;DCO;*;N17 ;0000000000000;0000000000000;00000000;00000000;00000000;00000000;00000000;0000009966430;0000009984034;0000000000000;00017604;
20170331;DCO;*;N18 ;0000000000000;0000000000000;00000000;00000000;00000000;00000000;00000000;0000009739785;0000009755011;0000000000000;00015226;
20170331;DCO;*;N19 ;0000000000000;0000000000000;00000000;00000000;00000000;00000000;00000000;0000009437568;0000009450050;0000000000000;00012482;
20170331;DCO;*;N20 ;0000000000000;0000000000000;00000000;00000000;00000000;00000000;00000000;0000009066512;0000009075571;0000000000000;00009059;
20170331;DCO;*;N21 ;0000000000000;0000000000000;00000000;00000000;00000000;00000000;00000000;0000008668708;0000008673405;0000000000000;00004697;
20170331;DCO;*;Q17 ;0000000000000;0000000000000;00000000;00000000;00000000;00000000;00000000;0000009948335;0000009965834;0000000000000;00017499;
20170331;DCO;*;U17 ;0000000000000;0000000000000;00000000;00000000;00000000;00000000;00000000;0000009934976;0000009950803;0000000000000;00015827;
20170331;DCO;*;V17 ;0000000000000;0000000000000;00000000;00000000;00000000;00000000;00000000;0000009916427;0000009931568;0000000000000;00015141;
20170331;DCO;*;V18 ;0000000000000;0000000000000;00000000;00000000;00000000;00000000;00000000;0000009673963;0000009690834;0000000000000;00016871;
20170331;DCO;*;V19 ;0000000000000;0000000000000;00000000;00000000;00000000;00000000;00000000;0000009351810;0000009358912;0000000000000;00007102;
20170331;DCO;*;V20 ;0000000000000;0000000000000;00000000;00000000;00000000;00000000;00000000;0000008967001;0000008973780;0000000000000;00006779;
20170331;DCO;*;V21 ;0000000000000;0000000000000;00000000;00000000;00000000;00000000;00000000;0000008573919;0000008578862;0000000000000;00004943;
20170331;DCO;*;X17 ;0000000000000;0000000000000;00000000;00000000;00000000;00000000;00000000;0000009899493;0000009914908;0000000000000;00015415;
20170331;DCO;*;Z17 ;0000000000000;0000000000000;00000000;00000000;00000000;00000000;00000000;0000009880311;0000009894664;0000000000000;00014353;
20170331;DDI;*;F18 ;0000000000000;0000000000000;00274217;00000000;00000000;00000000;00000000;0000009860399;0000009874488;0000000022011;00014089;
20170331;DDI;*;F19 ;0000000000000;0000000000000;00118707;00000000;00000000;00000000;00000000;0000009597773;0000009610829;0000000020398;00013056;
20170331;DDI;*;F20 ;0000101237150;0000031952137;00095145;00000287;00000287;00000287;00000287;0000009256857;0000009271867;0000000023450;00015010;
20170331;DDI;*;F21 ;0000000000000;0000000000000;00102261;00000000;00000000;00000000;00000000;0000008868633;0000008872837;0000000006568;00004204;
20170331;DDI;*;F22 ;0000000000000;0000000000000;00039154;00000000;00000000;00000000;00000000;0000008466355;0000008474980;0000000013475;00008625;
20170331;DDI;*;F23 ;0000000000000;0000000000000;00030976;00000000;00000000;00000000;00000000;0000008056324;0000008065991;0000000015103;00009667;
20170331;DDI;*;F24 ;0000000000000;0000000000000;00029075;00000000;00000000;00000000;00000000;0000007666438;0000007668811;0000000003707;00002373;
20170331;DDI;*;F25 ;0000000000000;0000000000000;00018425;00000000;00000000;00000000;00000000;0000007241048;0000007256009;0000000023374;00014961;
20170331;DDI;*;F26 ;0000000000000;0000000000000;00014530;00000000;00000000;00000000;00000000;0000006822994;0000006854740;0000000049598;00031746;
20170331;DDI;*;F27 ;0000000000000;0000000000000;00010850;00000000;00000000;00000000;00000000;0000006432063;0000006463587;0000000049251;00031524;
20170331;DDI;*;F28 ;0000000000000;0000000000000;00000110;00000000;00000000;00000000;00000000;0000006074350;0000006105397;0000000048506;00031047;
20170331;DDI;*;F29 ;0000000000000;0000000000000;00000000;00000000;00000000;00000000;00000000;0000005736334;0000005766642;0000000000000;00030308;
20170331;DDI;*;F30 ;0000000000000;0000000000000;00000500;00000000;00000000;00000000;00000000;0000005423059;0000005452489;0000000045979;00029430;
20170331;DDI;*;G18 ;0000000000000;0000000000000;00023860;00000000;00000000;00000000;00000000;0000009840556;0000009855439;0000000023252;00014883;
20170331;DDI;*;H18 ;0000000000000;0000000000000;00005530;00000000;00000000;00000000;00000000;0000009824469;0000009838995;0000000022694;00014526;
20170331;DDI;*;J17 ;0000000000000;0000000000000;00338532;00000000;00000000;00000000;00000000;0000010135246;0000010035198;0000000156309;00100048;
20170331;DDI;*;J18 ;0000000000000;0000000000000;00074624;00000000;00000000;00000000;00000000;0000009803123;0000009818127;0000000023441;00015004;
20170331;DDI;*;J19 ;0000000000000;0000000000000;00044289;00000000;00000000;00000000;00000000;0000009524248;0000009537242;0000000020301;00012994;
20170331;DDI;*;J20 ;0000000000000;0000000000000;00025375;00000000;00000000;00000000;00000000;0000009167523;0000009181112;0000000021230;00013589;
20170331;DDI;*;J21 ;0000000000000;0000000000000;00005397;00000000;00000000;00000000;00000000;0000008774222;0000008772417;0000000002820;00001805;
20170331;DDI;*;K17 ;0002825333102;0000891722353;00663764;00000331;00000331;00000040;00000040;0000009996446;0000010013743;0000000027023;00017297;
20170331;DDI;*;K18 ;0000000000000;0000000000000;00000000;00000000;00000000;00000000;00000000;0000009783148;0000009798377;0000000000000;00015229;
20170331;DDI;*;M17 ;0004213786855;0001329941565;00212103;00000118;00000118;00000211;00000211;0000009979891;0000009997206;0000000027052;00017315;
20170331;DDI;*;N17 ;0000000000000;0000000000000;00367414;00000000;00000000;00000000;00000000;0000009966689;0000009984553;0000000027909;00017864;
20170331;DDI;*;N18 ;0000000000000;0000000000000;00045349;00000000;00000000;00000000;00000000;0000009740992;0000009756217;0000000023786;00015225;
20170331;DDI;*;N19 ;0000000000000;0000000000000;00056504;00000000;00000000;00000000;00000000;0000009441637;0000009454128;0000000019515;00012491;
20170331;DDI;*;N20 ;0000000000000;0000000000000;00036625;00000000;00000000;00000000;00000000;0000009071940;0000009081009;0000000014168;00009069;
20170331;DDI;*;N21 ;0000000000000;0000000000000;00004357;00000000;00000000;00000000;00000000;0000008675196;0000008679899;0000000007347;00004703;
20170331;DDI;*;Q17 ;0000000000000;0000000000000;00115694;00000000;00000000;00000000;00000000;0000009949011;0000009966512;0000000027342;00017501;
20170331;DDI;*;U17 ;0000000000000;0000000000000;00066870;00000000;00000000;00000000;00000000;0000009935820;0000009951649;0000000024730;00015829;
20170331;DDI;*;V17 ;0000000000000;0000000000000;00137267;00000000;00000000;00000000;00000000;0000009917437;0000009932580;0000000023658;00015143;
20170331;DDI;*;V18 ;0000000000000;0000000000000;00052258;00000000;00000000;00000000;00000000;0000009675391;0000009692263;0000000026359;00016872;
20170331;DDI;*;V19 ;0000102324187;0000032295224;00032414;00000271;00000271;00000271;00000271;0000009356253;0000009363360;0000000011103;00007107;
20170331;DDI;*;V20 ;0000000000000;0000000000000;00023940;00000000;00000000;00000000;00000000;0000008972723;0000008979509;0000000010602;00006786;
20170331;DDI;*;V21 ;0000000000000;0000000000000;00002072;00000000;00000000;00000000;00000000;0000008580643;0000008585592;0000000007732;00004949;
20170331;DDI;*;X17 ;0000000000000;0000000000000;00040679;00000000;00000000;00000000;00000000;0000009900663;0000009916081;0000000024088;00015418;
20170331;DDI;*;Z17 ;0000000000000;0000000000000;00036970;00000000;00000000;00000000;00000000;0000009880975;0000009895326;0000000022421;00014351;
20170331;DDM;*;K17 ;0000000000000;0000000000000;00000000;00000000;00000000;00000000;00000000;0000009924799;0000009928319;0000000000000;00003520;
20170331;DDM;*;K19 ;0000000000000;0000000000000;00000000;00000000;00000000;00000000;00000000;0000008929768;0000008928349;0000000000000;00001419;
20170331;DDM;*;K21 ;0000000000000;0000000000000;00000000;00000000;00000000;00000000;00000000;0000008054383;0000008034632;0000000000000;00019751;
20170331;DDM;*;K25 ;0000000000000;0000000000000;00000000;00000000;00000000;00000000;00000000;0000006540565;0000006527174;0000000000000;00013391;
20170331;DDM;*;Q18 ;0000000000000;0000000000000;00000000;00000000;00000000;00000000;00000000;0000009271627;0000009247060;0000000000000;00024567;
20170331;DDM;*;Q20 ;0000000000000;0000000000000;00000000;00000000;00000000;00000000;00000000;0000008369978;0000008358797;0000000000000;00011181;
20170331;DI1;*;F18 ;0019646350627;0006200716648;02827448;00009895;00009865;00009900;00009885;0000009325349;0000009325470;0000000000121;00000121;
20170331;DI1;*;F19 ;0015936995715;0005029982236;01695663;00009540;00009460;00009540;00009520;0000008543797;0000008544601;0000000000804;00000804;
20170331;DI1;*;F20 ;0006020081450;0001900038332;01218386;00009710;00009650;00009730;00009710;0000007762808;0000007763485;0000000000677;00000677;
20170331;DI1;*;F21 ;0008702263130;0002746579703;01498544;00009900;00009830;00009920;00009900;0000007034036;0000007034601;0000000000565;00000565;
20170331;DI1;*;F22 ;0000342513032;0000108102838;00086861;00010030;00009980;00010050;00010040;0000006368238;0000006365980;0000000002258;00002258;
20170331;DI1;*;F23 ;0002215995199;0000699405125;00681268;00010140;00010060;00010150;00010130;0000005760922;0000005761338;0000000000416;00000416;
20170331;DI1;*;F24 ;0000001567564;0000000494749;00047195;00010150;00010150;00010150;00010150;0000005223621;0000005220805;0000000002816;00002816;
20170331;DI1;*;F25 ;0001389865874;0000438664902;00539889;00010230;00010150;00010240;00010230;0000004720196;0000004720519;0000000000323;00000323;
20170331;DI1;*;F26 ;0000074088067;0000023383432;00061648;00010200;00010170;00010230;00010230;0000004274485;0000004274775;0000000000290;00000290;
20170331;DI1;*;F27 ;0000943061182;0000297645872;00338305;00010290;00010240;00010320;00010310;0000003860317;0000003860570;0000000000253;00000253;
20170331;DI1;*;F28 ;0000000000000;0000000000000;00000010;00000000;00000000;00000000;00000000;0000003496075;0000003493925;0000000002150;00002150;
20170331;DI1;*;F29 ;0000006357054;0000002006393;00003310;00010290;00010290;00010290;00010290;0000003167083;0000003162921;0000000004162;00004162;
20170331;DI1;*;F30 ;0000002867666;0000000905083;00000170;00010340;00010340;00010340;00010340;0000002867666;0000002861257;0000000006409;00006409;
20170331;DI1;*;G18 ;0000186011390;0000058708304;00018825;00009795;00009775;00009795;00009775;0000009255880;0000009255957;0000000000077;00000077;
20170331;DI1;*;H18 ;0000031730255;0000010014599;00009225;00009740;00009720;00009740;00009720;0000009198142;0000009198176;0000000000034;00000034;
20170331;DI1;*;J17 ;0005823853585;0001838105537;01912664;00012130;00012129;00012132;00012130;0000009995458;0000009995458;0000000000000;00000000;
20170331;DI1;*;J18 ;0001688465369;0000532907893;00618235;00009680;00009650;00009680;00009680;0000009132453;0000009132437;0000000000016;00000016;
20170331;DI1;*;J19 ;0003269069249;0001031772898;00362356;00009560;00009520;00009580;00009560;0000008352120;0000008351385;0000000000735;00000735;
20170331;DI1;*;J20 ;0000006437667;0000002031835;00074288;00009760;00009760;00009760;00009760;0000007575787;0000007577464;0000000001677;00001677;
20170331;DI1;*;J21 ;0000003089467;0000000975087;00029900;00009920;00009920;00009920;00009920;0000006864242;0000006867269;0000000003027;00003027;
20170331;DI1;*;K17 ;0005850816405;0001846615454;00512091;00011625;00011605;00011625;00011620;0000009917559;0000009917426;0000000000133;00000133;
20170331;DI1;*;K18 ;0000000000000;0000000000000;00000000;00000000;00000000;00000000;00000000;0000009065985;0000009066179;0000000000000;00000194;
20170331;DI1;*;M17 ;0004949643585;0001562190249;00283527;00011355;00011350;00011355;00011350;0000009826607;0000009826481;0000000000126;00000126;
20170331;DI1;*;N17 ;0022010462323;0006946869815;03100954;00010955;00010950;00010975;00010960;0000009747374;0000009747120;0000000000254;00000254;
20170331;DI1;*;N18 ;0002891571103;0000912628173;00705681;00009590;00009550;00009590;00009580;0000008934379;0000008935200;0000000000821;00000821;
20170331;DI1;*;N19 ;0000562505740;0000177536214;00454396;00009620;00009550;00009620;00009610;0000008160340;0000008159427;0000000000913;00000913;
20170331;DI1;*;N20 ;0003584618915;0001131365647;01020812;00009820;00009770;00009850;00009840;0000007396208;0000007394649;0000000001559;00001559;
20170331;DI1;*;N21 ;0000220948239;0000069734957;00055889;00009980;00009920;00009990;00009960;0000006694699;0000006695216;0000000000517;00000517;
20170331;DI1;*;N22 ;0000001815091;0000000572873;00004140;00010100;00010100;00010100;00010100;0000006060072;0000006059081;0000000000991;00000991;
20170331;DI1;*;N23 ;0000000000000;0000000000000;00003120;00000000;00000000;00000000;00000000;0000005487146;0000005485988;0000000001158;00001158;
20170331;DI1;*;N24 ;0000000000000;0000000000000;00001535;00000000;00000000;00000000;00000000;0000004971405;0000004970123;0000000001282;00001282;
20170331;DI1;*;Q17 ;0000055600162;0000017548340;00120023;00010750;00010730;00010750;00010740;0000009669581;0000009669186;0000000000395;00000395;
20170331;DI1;*;U17 ;0000148151382;0000046759053;00055448;00010480;00010480;00010490;00010490;0000009589078;0000009589639;0000000000561;00000561;
20170331;DI1;*;V17 ;0009985772853;0003151676825;00805957;00010305;00010280;00010305;00010285;0000009521866;0000009522272;0000000000406;00000406;
20170331;DI1;*;V18 ;0000862094553;0000272091451;00608255;00009540;00009500;00009540;00009540;0000008735525;0000008736345;0000000000820;00000820;
20170331;DI1;*;V19 ;0000010741022;0000003390046;00060248;00009640;00009640;00009640;00009640;0000007956313;0000007956119;0000000000194;00000194;
20170331;DI1;*;V20 ;0000193126520;0000060953958;00046913;00009870;00009850;00009890;00009860;0000007208542;0000007205697;0000000002845;00002845;
20170331;DI1;*;V21 ;0000001958445;0000000618118;00011952;00010000;00009960;00010000;00009990;0000006525933;0000006532288;0000000006355;00006355;
20170331;DI1;*;X17 ;0000048208678;0000015215465;00034512;00010130;00010130;00010130;00010130;0000009452682;0000009453105;0000000000423;00000423;
20170331;DI1;*;Z17 ;0000246945578;0000077940152;00043810;00009980;00009970;00009980;00009980;0000009389046;0000009389369;0000000000323;00000323;
20170331;DOL;*;F18 ;0000000000000;0000000000000;00007825;00000000;00000000;00000000;00000000;0000033039820;0000033086610;0000000023395;00046790;
20170331;DOL;*;F19 ;0000000000000;0000000000000;00000000;00000000;00000000;00000000;00000000;0000035101680;0000035146120;0000000000000;00044440;
20170331;DOL;*;F20 ;0000000000000;0000000000000;00000000;00000000;00000000;00000000;00000000;0000037260880;0000037318030;0000000000000;00057150;
20170331;DOL;*;F21 ;0000000000000;0000000000000;00003100;00000000;00000000;00000000;00000000;0000039396760;0000039412260;0000000007750;00015500;
20170331;DOL;*;F25 ;0000000000000;0000000000000;00000000;00000000;00000000;00000000;00000000;0000047934670;0000048030420;0000000000000;00095750;
20170331;DOL;*;G18 ;0000000000000;0000000000000;00000000;00000000;00000000;00000000;00000000;0000033220810;0000033270780;0000000000000;00049970;
20170331;DOL;*;H18 ;0000000000000;0000000000000;00000000;00000000;00000000;00000000;00000000;0000033374700;0000033423920;0000000000000;00049220;
20170331;DOL;*;J17 ;0003096432000;0000977285696;00382267;03156500;03149500;03173000;03168000;0000031684000;0000031371240;0000000156380;00312760;
20170331;DOL;*;J18 ;0000000000000;0000000000000;00000000;00000000;00000000;00000000;00000000;0000033541720;0000033593120;0000000000000;00051400;
20170331;DOL;*;J19 ;0000000000000;0000000000000;00000050;00000000;00000000;00000000;00000000;0000035632170;0000035683930;0000000025880;00051760;
20170331;DOL;*;K17 ;0073864152625;0023312761212;00495530;03175000;03141500;03197500;03142000;0000031495560;0000031550400;0000000027420;00054840;
20170331;DOL;*;K18 ;0000000000000;0000000000000;00000000;00000000;00000000;00000000;00000000;0000033718790;0000033770550;0000000000000;00051760;
20170331;DOL;*;M17 ;0000038988250;0000012305343;00006903;03202500;03170500;03214000;03175000;0000031734420;0000031789880;0000000027730;00055460;
20170331;DOL;*;N17 ;0000326989625;0000103203391;00032775;03222500;03194000;03239000;03194000;0000031950060;0000032008150;0000000029045;00058090;
20170331;DOL;*;N18 ;0000000000000;0000000000000;00000650;00000000;00000000;00000000;00000000;0000034068040;0000034118150;0000000025055;00050110;
20170331;DOL;*;N19 ;0000000000000;0000000000000;00000400;00000000;00000000;00000000;00000000;0000036153260;0000036205140;0000000025940;00051880;
20170331;DOL;*;N21 ;0000000000000;0000000000000;00000000;00000000;00000000;00000000;00000000;0000040490820;0000040509650;0000000000000;00018830;
20170331;DOL;*;Q17 ;0000000000000;0000000000000;00002905;00000000;00000000;00000000;00000000;0000032149970;0000032207840;0000000028935;00057870;
20170331;DOL;*;U17 ;0000000000000;0000000000000;00000855;00000000;00000000;00000000;00000000;0000032376900;0000032426580;0000000024840;00049680;
20170331;DOL;*;V17 ;0000000820375;0000000258924;00003905;03281500;03281500;03281500;03281500;0000032545110;0000032593410;0000000024150;00048300;
20170331;DOL;*;V18 ;0000000000000;0000000000000;00000005;00000000;00000000;00000000;00000000;0000034608900;0000034666000;0000000028550;00057100;
20170331;DOL;*;V19 ;0000000000000;0000000000000;00000000;00000000;00000000;00000000;00000000;0000036745020;0000036773820;0000000000000;00028800;
20170331;DOL;*;X17 ;0000000000000;0000000000000;00000090;00000000;00000000;00000000;00000000;0000032727860;0000032777360;0000000024750;00049500;
20170331;DOL;*;Z17 ;0000000000000;0000000000000;00000005;00000000;00000000;00000000;00000000;0000032884150;0000032930780;0000000023315;00046630;
20170331;DR1;*;J7K7;0000000000000;0000000000000;00000000;00018000;00012010;00022250;00012500;0000000000000;0000000000000;0000000000000;00000000;
20170331;ETH;*;F18 ;0000000000000;0000000000000;00000000;00000000;00000000;00000000;00000000;0000000168700;0000000168700;0000000000000;00000000;
20170331;ETH;*;H17 ;0000000000000;0000000000000;00000726;00000000;00000000;00000000;00000000;0000000154400;0000000158500;0000000123000;00004100;
20170331;ETH;*;J17 ;0000000000000;0000000000000;00000050;00000000;00000000;00000000;00000000;0000000148000;0000000148000;0000000000000;00000000;
20170331;ETH;*;K17 ;0000000000000;0000000000000;00000150;00000000;00000000;00000000;00000000;0000000148000;0000000148000;0000000000000;00000000;
20170331;ETH;*;M17 ;0000000000000;0000000000000;00000205;00000000;00000000;00000000;00000000;0000000152500;0000000152500;0000000000000;00000000;
20170331;ETH;*;N17 ;0000000000000;0000000000000;00000190;00000000;00000000;00000000;00000000;0000000156000;0000000156000;0000000000000;00000000;
20170331;ETH;*;Q17 ;0000000000000;0000000000000;00000185;00000000;00000000;00000000;00000000;0000000157000;0000000157000;0000000000000;00000000;
20170331;ETH;*;U17 ;0000000000000;0000000000000;00000000;00000000;00000000;00000000;00000000;0000000163000;0000000163000;0000000000000;00000000;
20170331;ETH;*;V17 ;0000000000000;0000000000000;00000000;00000000;00000000;00000000;00000000;0000000163000;0000000163000;0000000000000;00000000;
20170331;ETH;*;X17 ;0000000000000;0000000000000;00000000;00000000;00000000;00000000;00000000;0000000163000;0000000163000;0000000000000;00000000;
20170331;ETH;*;Z17 ;0000000000000;0000000000000;00000000;00000000;00000000;00000000;00000000;0000000165000;0000000165000;0000000000000;00000000;
20170331;EUR;*;J17 ;0000000846750;0000000267248;00001729;03387000;03387000;03387000;03387000;0000033887620;0000033540980;0000000173320;00346640;
20170331;EUR;*;K17 ;0000017755700;0000005603996;00011769;03400600;03358800;03410000;03358800;0000033687920;0000033770180;0000000041130;00082260;
20170331;EUR;*;M17 ;0000000848675;0000000267856;00001095;03394700;03394700;03394700;03394700;0000033983610;0000034067510;0000000041950;00083900;
20170331;EUR;*;N17 ;0000000000000;0000000000000;00003190;00000000;00000000;00000000;00000000;0000034266970;0000034354930;0000000043980;00087960;
20170331;EUR;*;V17 ;0000000000000;0000000000000;00000000;00000000;00000000;00000000;00000000;0000035070510;0000035148800;0000000000000;00078290;
20170331;FRC;*;F18 ;0000000000000;0000000000000;00000000;00000205;00000203;00000205;00000203;0000000000203;0000000000207;0000000000002;00000004;
20170331;FRC;*;F19 ;0000000000000;0000000000000;00000000;00000246;00000245;00000246;00000245;0000000000245;0000000000247;0000000000001;00000002;
20170331;FRC;*;F20 ;0000000000000;0000000000000;00000000;00000292;00000292;00000295;00000295;0000000000295;0000000000295;0000000000000;00000000;
20170331;FRC;*;F21 ;0000000000000;0000000000000;00000000;00000345;00000341;00000345;00000341;0000000000341;0000000000345;0000000000002;00000004;
20170331;FRC;*;F22 ;0000000000000;0000000000000;00000000;00000381;00000381;00000381;00000381;0000000000381;0000000000383;0000000000001;00000002;
20170331;FRC;*;F23 ;0000000000000;0000000000000;00000000;00000419;00000419;00000419;00000419;0000000000419;0000000000420;0000000000000;00000001;
20170331;FRC;*;F24 ;0000000000000;0000000000000;00000000;00000449;00000449;00000449;00000449;0000000000449;0000000000452;0000000000001;00000003;
20170331;FRC;*;F25 ;0000000000000;0000000000000;00000000;00000489;00000489;00000489;00000489;0000000000489;0000000000488;0000000000000;00000001;
20170331;FRC;*;F26 ;0000000000000;0000000000000;00000000;00000529;00000529;00000529;00000529;0000000000529;0000000000524;0000000000002;00000005;
20170331;FRC;*;F27 ;0000000000000;0000000000000;00000000;00000000;00000000;00000000;00000000;0000000000565;0000000000560;0000000000000;00000005;
20170331;FRC;*;F28 ;0000000000000;0000000000000;00000000;00000000;00000000;00000000;00000000;0000000000596;0000000000591;0000000000000;00000005;
20170331;FRC;*;F29 ;0000000000000;0000000000000;00000000;00000000;00000000;00000000;00000000;0000000000627;0000000000622;0000000000000;00000005;
20170331;FRC;*;F30 ;0000000000000;0000000000000;00000000;00000000;00000000;00000000;00000000;0000000000656;0000000000651;0000000000000;00000005;
20170331;FRC;*;G18 ;0000000000000;0000000000000;00000000;00000000;00000000;00000000;00000000;0000000000207;0000000000210;0000000000000;00000003;
20170331;FRC;*;H18 ;0000000000000;0000000000000;00000000;00000208;00000208;00000208;00000208;0000000000208;0000000000211;0000000000001;00000003;
20170331;FRC;*;J18 ;0000000000000;0000000000000;00000000;00000212;00000212;00000212;00000212;0000000000212;0000000000214;0000000000001;00000002;
20170331;FRC;*;J19 ;0000000000000;0000000000000;00000000;00000000;00000000;00000000;00000000;0000000000255;0000000000257;0000000000000;00000002;
20170331;FRC;*;J20 ;0000000000000;0000000000000;00000000;00000306;00000306;00000306;00000306;0000000000306;0000000000307;0000000000000;00000001;
20170331;FRC;*;J21 ;0000000000000;0000000000000;00000000;00000351;00000351;00000351;00000351;0000000000351;0000000000356;0000000000002;00000005;
20170331;FRC;*;K18 ;0000000000000;0000000000000;00000000;00000000;00000000;00000000;00000000;0000000000215;0000000000217;0000000000000;00000002;
20170331;FRC;*;M17 ;0000000000000;0000000000000;00000000;00000189;00000189;00000200;00000199;0000000000200;0000000000199;0000000000000;00000001;
20170331;FRC;*;N17 ;0000000000000;0000000000000;00000000;00000165;00000160;00000173;00000173;0000000000173;0000000000170;0000000000001;00000003;
20170331;FRC;*;N18 ;0000000000000;0000000000000;00000000;00000222;00000222;00000222;00000222;0000000000222;0000000000223;0000000000000;00000001;
20170331;FRC;*;N19 ;0000000000000;0000000000000;00000000;00000000;00000000;00000000;00000000;0000000000268;0000000000270;0000000000000;00000002;
20170331;FRC;*;N20 ;0000000000000;0000000000000;00000000;00000317;00000317;00000317;00000317;0000000000317;0000000000320;0000000000001;00000003;
20170331;FRC;*;N21 ;0000000000000;0000000000000;00000000;00000000;00000000;00000000;00000000;0000000000360;0000000000364;0000000000000;00000004;
20170331;FRC;*;Q17 ;0000000000000;0000000000000;00000000;00000185;00000185;00000189;00000189;0000000000189;0000000000188;0000000000000;00000001;
20170331;FRC;*;U17 ;0000000000000;0000000000000;00000000;00000182;00000180;00000182;00000180;0000000000180;0000000000184;0000000000002;00000004;
20170331;FRC;*;V17 ;0000000000000;0000000000000;00000000;00000000;00000000;00000000;00000000;0000000000188;0000000000192;0000000000000;00000004;
20170331;FRC;*;V18 ;0000000000000;0000000000000;00000000;00000000;00000000;00000000;00000000;0000000000231;0000000000231;0000000000000;00000000;
20170331;FRC;*;V19 ;0000000000000;0000000000000;00000000;00000279;00000279;00000279;00000279;0000000000279;0000000000283;0000000000002;00000004;
20170331;FRC;*;V20 ;0000000000000;0000000000000;00000000;00000329;00000329;00000329;00000329;0000000000329;0000000000332;0000000000001;00000003;
20170331;FRC;*;V21 ;0000000000000;0000000000000;00000000;00000000;00000000;00000000;00000000;0000000000368;0000000000371;0000000000000;00000003;
20170331;FRC;*;X17 ;0000000000000;0000000000000;00000000;00000000;00000000;00000000;00000000;0000000000190;0000000000194;0000000000000;00000004;
20170331;FRC;*;Z17 ;0000000000000;0000000000000;00000000;00000198;00000198;00000198;00000198;0000000000198;0000000000202;0000000000002;00000004;
20170331;FRO;*;F18 ;0000000000000;0000000000000;00000000;00000000;00000000;00000000;00000000;0000000000204;0000000000208;0000000000000;00000004;
20170331;FRO;*;F19 ;0000000000000;0000000000000;00000000;00000000;00000000;00000000;00000000;0000000000246;0000000000248;0000000000000;00000002;
20170331;FRO;*;F20 ;0000000000000;0000000000000;00000000;00000000;00000000;00000000;00000000;0000000000297;0000000000297;0000000000000;00000000;
20170331;FRO;*;F21 ;0000000000000;0000000000000;00000000;00000000;00000000;00000000;00000000;0000000000343;0000000000347;0000000000000;00000004;
20170331;FRO;*;F22 ;0000000000000;0000000000000;00000000;00000000;00000000;00000000;00000000;0000000000383;0000000000385;0000000000000;00000002;
20170331;FRO;*;F23 ;0000000000000;0000000000000;00000000;00000000;00000000;00000000;00000000;0000000000421;0000000000422;0000000000000;00000001;
20170331;FRO;*;F24 ;0000000000000;0000000000000;00000000;00000000;00000000;00000000;00000000;0000000000451;0000000000454;0000000000000;00000003;
20170331;FRO;*;F25 ;0000000000000;0000000000000;00000000;00000000;00000000;00000000;00000000;0000000000491;0000000000490;0000000000000;00000001;
20170331;FRO;*;F26 ;0000000000000;0000000000000;00000000;00000000;00000000;00000000;00000000;0000000000531;0000000000526;0000000000000;00000005;
20170331;FRO;*;F27 ;0000000000000;0000000000000;00000000;00000000;00000000;00000000;00000000;0000000000567;0000000000562;0000000000000;00000005;
20170331;FRO;*;F28 ;0000000000000;0000000000000;00000000;00000000;00000000;00000000;00000000;0000000000598;0000000000593;0000000000000;00000005;
20170331;FRO;*;F29 ;0000000000000;0000000000000;00000000;00000000;00000000;00000000;00000000;0000000000630;0000000000625;0000000000000;00000005;
20170331;FRO;*;F30 ;0000000000000;0000000000000;00000000;00000000;00000000;00000000;00000000;0000000000659;0000000000654;0000000000000;00000005;
20170331;FRO;*;G18 ;0000000000000;0000000000000;00000000;00000000;00000000;00000000;00000000;0000000000208;0000000000211;0000000000000;00000003;
20170331;FRO;*;H18 ;0000000000000;0000000000000;00000000;00000000;00000000;00000000;00000000;0000000000209;0000000000212;0000000000000;00000003;
20170331;FRO;*;J18 ;0000000000000;0000000000000;00000000;00000000;00000000;00000000;00000000;0000000000213;0000000000215;0000000000000;00000002;
20170331;FRO;*;J19 ;0000000000000;0000000000000;00000000;00000000;00000000;00000000;00000000;0000000000256;0000000000258;0000000000000;00000002;
20170331;FRO;*;J20 ;0000000000000;0000000000000;00000000;00000000;00000000;00000000;00000000;0000000000308;0000000000309;0000000000000;00000001;
20170331;FRO;*;J21 ;0000000000000;0000000000000;00000000;00000000;00000000;00000000;00000000;0000000000353;0000000000358;0000000000000;00000005;
20170331;FRO;*;K18 ;0000000000000;0000000000000;00000000;00000000;00000000;00000000;00000000;0000000000216;0000000000218;0000000000000;00000002;
20170331;FRO;*;M17 ;0000000000000;0000000000000;00000000;00000000;00000000;00000000;00000000;0000000000202;0000000000201;0000000000000;00000001;
20170331;FRO;*;N17 ;0000000000000;0000000000000;00000000;00000000;00000000;00000000;00000000;0000000000175;0000000000172;0000000000000;00000003;
20170331;FRO;*;N18 ;0000000000000;0000000000000;00000000;00000000;00000000;00000000;00000000;0000000000223;0000000000224;0000000000000;00000001;
20170331;FRO;*;N19 ;0000000000000;0000000000000;00000000;00000000;00000000;00000000;00000000;0000000000270;0000000000272;0000000000000;00000002;
20170331;FRO;*;N20 ;0000000000000;0000000000000;00000000;00000000;00000000;00000000;00000000;0000000000319;0000000000322;0000000000000;00000003;
20170331;FRO;*;N21 ;0000000000000;0000000000000;00000000;00000000;00000000;00000000;00000000;0000000000362;0000000000366;0000000000000;00000004;
20170331;FRO;*;Q17 ;0000000000000;0000000000000;00000000;00000000;00000000;00000000;00000000;0000000000191;0000000000190;0000000000000;00000001;
20170331;FRO;*;U17 ;0000000000000;0000000000000;00000000;00000000;00000000;00000000;00000000;0000000000182;0000000000186;0000000000000;00000004;
20170331;FRO;*;V17 ;0000000000000;0000000000000;00000000;00000000;00000000;00000000;00000000;0000000000190;0000000000194;0000000000000;00000004;
20170331;FRO;*;V18 ;0000000000000;0000000000000;00000000;00000000;00000000;00000000;00000000;0000000000232;0000000000232;0000000000000;00000000;
20170331;FRO;*;V19 ;0000000000000;0000000000000;00000000;00000000;00000000;00000000;00000000;0000000000281;0000000000285;0000000000000;00000004;
20170331;FRO;*;V20 ;0000000000000;0000000000000;00000000;00000000;00000000;00000000;00000000;0000000000331;0000000000334;0000000000000;00000003;
20170331;FRO;*;V21 ;0000000000000;0000000000000;00000000;00000000;00000000;00000000;00000000;0000000000370;0000000000373;0000000000000;00000003;
20170331;FRO;*;X17 ;0000000000000;0000000000000;00000000;00000000;00000000;00000000;00000000;0000000000192;0000000000196;0000000000000;00000004;
20170331;FRO;*;Z17 ;0000000000000;0000000000000;00000000;00000000;00000000;00000000;00000000;0000000000199;0000000000203;0000000000000;00000004;
20170331;FRP;*;FRP0;0000000000000;0000000000000;00000000;00001810;00001750;00001840;00001800;0000000000000;0000000000000;0000000000000;00000000;
20170331;FRP;*;FRP1;0000000000000;0000000000000;00000000;00001760;00001760;00001760;00001760;0000000000000;0000000000000;0000000000000;00000000;
20170331;GBP;*;J17 ;0000001381660;0000000436075;00000252;03947600;03947600;03947600;03947600;0000039619260;0000039154470;0000000162676;00464790;
20170331;GBP;*;K17 ;0000000967260;0000000305283;00000686;03948000;03948000;03948000;03948000;0000039498880;0000039401360;0000000034132;00097520;
20170331;GBP;*;M17 ;0000006957825;0000002196006;00000477;03975900;03975900;03975900;03975900;0000039822570;0000039724590;0000000034293;00097980;
20170331;HSI;*;J17 ;0000000000000;0000000000000;00000000;00000000;00000000;00000000;00000000;0000000024131;0000000024313;0000000000000;00000182;
20170331;HSI;*;K17 ;0000000000000;0000000000000;00000000;00000000;00000000;00000000;00000000;0000000024023;0000000024127;0000000000000;00000104;
20170331;IAP;*;J17 ;0000000000000;0000000000000;00000000;00000000;00000000;00000000;00000000;0000000481668;0000000481639;0000000000725;00000029;
20170331;IAP;*;K17 ;0000000000000;0000000000000;00000000;00000000;00000000;00000000;00000000;0000000483114;0000000483083;0000000000000;00000031;
20170331;IAP;*;K19 ;0000000000000;0000000000000;00000000;00000000;00000000;00000000;00000000;0000000527208;0000000527026;0000000000000;00000182;
20170331;IAP;*;K21 ;0000000000000;0000000000000;00000000;00000000;00000000;00000000;00000000;0000000577678;0000000577160;0000000000000;00000518;
20170331;IAP;*;M17 ;0000000000000;0000000000000;00000000;00000000;00000000;00000000;00000000;0000000483822;0000000483795;0000000000000;00000027;
20170331;IAP;*;Q18 ;0000000000000;0000000000000;00000000;00000000;00000000;00000000;00000000;0000000509321;0000000509283;0000000000000;00000038;
20170331;IAP;*;Q20 ;0000000000000;0000000000000;00000000;00000000;00000000;00000000;00000000;0000000559122;0000000558846;0000000000000;00000276;
20170331;IAP;*;Q22 ;0000000000000;0000000000000;00000000;00000000;00000000;00000000;00000000;0000000611136;0000000610647;0000000000000;00000489;
20170331;ICF;*;H18 ;0000000000000;0000000000000;00000000;00000000;00000000;00000000;00000000;0000000018120;0000000018140;0000000000000;00000020;
20170331;ICF;*;K17 ;0000000000000;0000000000000;00000102;00000000;00000000;00000000;00000000;0000000016630;0000000016630;0000000000000;00000000;
20170331;ICF;*;N17 ;0000000000000;0000000000000;00000133;00000000;00000000;00000000;00000000;0000000016865;0000000016870;0000000001565;00000005;
20170331;ICF;*;U17 ;0000011488505;0000003668925;00004639;00017150;00017025;00017200;00017115;0000000017100;0000000017190;0000000028181;00000090;
20170331;ICF;*;U18 ;0000000283696;0000000090600;00000405;00018120;00018120;00018120;00018120;0000000017940;0000000017970;0000000009393;00000030;
20170331;ICF;*;U19 ;0000000000000;0000000000000;00000250;00000000;00000000;00000000;00000000;0000000018590;0000000018595;0000000001565;00000005;
20170331;ICF;*;Z17 ;0000000000000;0000000000000;00000199;00000000;00000000;00000000;00000000;0000000017705;0000000017710;0000000001565;00000005;
20170331;ICF;*;Z18 ;0000000000000;0000000000000;00000029;00000000;00000000;00000000;00000000;0000000018095;0000000018115;0000000006262;00000020;
20170331;IGM;*;K17 ;0000000000000;0000000000000;00000000;00000000;00000000;00000000;00000000;0000000666649;0000000666895;0000000004920;00000246;
20170331;IGM;*;K19 ;0000000000000;0000000000000;00000000;00000000;00000000;00000000;00000000;0000000717867;0000000717822;0000000000000;00000045;
20170331;IGM;*;K21 ;0000000000000;0000000000000;00000000;00000000;00000000;00000000;00000000;0000000787993;0000000785796;0000000000000;00002197;
20170331;IGM;*;Q18 ;0000000000000;0000000000000;00000000;00000000;00000000;00000000;00000000;0000000696681;0000000694771;0000000000000;00001910;
20170331;IGM;*;Q20 ;0000000000000;0000000000000;00000000;00000000;00000000;00000000;00000000;0000000760765;0000000759939;0000000000000;00000826;
20170331;IND;*;G18 ;0000000000000;0000000000000;00000000;00000000;00000000;00000000;00000000;0000000069876;0000000070128;0000000000000;00000252;
20170331;IND;*;J17 ;0004049402700;0001278059178;00272511;00065290;00065040;00065850;00065120;0000000065237;0000000065473;0000000023600;00000236;
20170331;IND;*;J18 ;0000000000000;0000000000000;00000000;00000000;00000000;00000000;00000000;0000000070831;0000000071086;0000000000000;00000255;
20170331;IND;*;M17 ;0000112361500;0000035463168;00043055;00066400;00066350;00066800;00066800;0000000066277;0000000066529;0000000025200;00000252;
20170331;IND;*;M18 ;0000000000000;0000000000000;00001080;00000000;00000000;00000000;00000000;0000000071675;0000000071928;0000000025300;00000253;
20170331;IND;*;Q17 ;0000000000000;0000000000000;00003190;00000000;00000000;00000000;00000000;0000000067283;0000000067525;0000000024200;00000242;
20170331;IND;*;Q18 ;0000000000000;0000000000000;00000000;00000000;00000000;00000000;00000000;0000000072696;0000000072951;0000000000000;00000255;
20170331;IND;*;V17 ;0000000000000;0000000000000;00001600;00000000;00000000;00000000;00000000;0000000068187;0000000068437;0000000025000;00000250;
20170331;IND;*;V18 ;0000000000000;0000000000000;00000000;00000000;00000000;00000000;00000000;0000000073693;0000000073952;0000000000000;00000259;
20170331;IND;*;Z17 ;0000010402000;0000003283045;00014310;00069300;00069300;00069500;00069500;0000000069008;0000000069256;0000000024800;00000248;
20170331;IND;*;Z18 ;0000000000000;0000000000000;00000150;00000000;00000000;00000000;00000000;0000000074599;0000000074862;0000000026300;00000263;
20170331;IR1;*;J7M7;0000000000000;0000000000000;00000000;00000000;00000000;00000000;00000000;0000000000000;0000000000000;0000000000000;00000000;
20170331;IR1;*;J7V7;0000000000000;0000000000000;00000000;00002950;00002950;00002950;00002950;0000000000000;0000000000000;0000000000000;00000000;
20170331;ISP;*;M17 ;0000155682835;0000049718275;00003064;00236125;00235900;00236650;00235900;0000000235925;0000000236450;0000000082196;00000525;
20170331;ISP;*;U17 ;0000000000000;0000000000000;00000003;00000000;00000000;00000000;00000000;0000000235625;0000000236175;0000000086110;00000550;
20170331;ISP;*;Z17 ;0000000000000;0000000000000;00000000;00000000;00000000;00000000;00000000;0000000235425;0000000235950;0000000000000;00000525;
20170331;JPY;*;J17 ;0000000000000;0000000000000;00000483;00000000;00000000;00000000;00000000;0000028433990;0000028113500;0000000160245;00320490;
20170331;JPY;*;K17 ;0000005692800;0000001796743;00000550;02843500;02843500;02849300;02849300;0000028325000;0000028296200;0000000014400;00028800;
20170331;JPY;*;M17 ;0000001426100;0000000450101;00001114;02852200;02852200;02852200;02852200;0000028565000;0000028537100;0000000013950;00027900;
20170331;JPY;*;N17 ;0000000000000;0000000000000;00000218;00000000;00000000;00000000;00000000;0000028794900;0000028768800;0000000013050;00026100;
20170331;JSE;*;M17 ;0000000000000;0000000000000;00000000;00000000;00000000;00000000;00000000;0000000045768;0000000045826;0000000000000;00000058;
20170331;JSE;*;U17 ;0000000000000;0000000000000;00000000;00000000;00000000;00000000;00000000;0000000046095;0000000046156;0000000000000;00000061;
20170331;MIX;*;M17 ;0000000000000;0000000000000;00000000;00000000;00000000;00000000;00000000;0000000002023;0000000002053;0000000000000;00000030;
20170331;MIX;*;U17 ;0000000000000;0000000000000;00000000;00000000;00000000;00000000;00000000;0000000002025;0000000002050;0000000000000;00000025;
20170331;MXN;*;J17 ;0000000000000;0000000000000;00000560;00000000;00000000;00000000;00000000;0000016822630;0000016786350;0000000027210;00036280;
20170331;MXN;*;K17 ;0000000000000;0000000000000;00000432;00000000;00000000;00000000;00000000;0000016723530;0000016805150;0000000061215;00081620;
20170331;MXN;*;M17 ;0000000000000;0000000000000;00000144;00000000;00000000;00000000;00000000;0000016769840;0000016852190;0000000061762;00082350;
20170331;NZD;*;J17 ;0000000000000;0000000000000;00000000;00000000;00000000;00000000;00000000;0000022148700;0000021986440;0000000000000;00162260;
20170331;NZD;*;K17 ;0000000000000;0000000000000;00000000;00000000;00000000;00000000;00000000;0000022062570;0000022082180;0000000000000;00019610;
20170331;NZD;*;M17 ;0000026631600;0000008405378;00000030;02219300;02219300;02219300;02219300;0000022209270;0000022228440;0000000014377;00019170;
20170331;OC1;*;F18 ;0000000000000;0000000000000;00000000;00000000;00000000;00000000;00000000;0000009324341;0000009324463;0000000000000;00000122;
20170331;OC1;*;F19 ;0000000000000;0000000000000;00000000;00000000;00000000;00000000;00000000;0000008541632;0000008542438;0000000000000;00000806;
20170331;OC1;*;F20 ;0000000000000;0000000000000;00000000;00000000;00000000;00000000;00000000;0000007759708;0000007760386;0000000000000;00000678;
20170331;OC1;*;F21 ;0000000000000;0000000000000;00000000;00000000;00000000;00000000;00000000;0000007030212;0000007030778;0000000000000;00000566;
20170331;OC1;*;F22 ;0000000000000;0000000000000;00000000;00000000;00000000;00000000;00000000;0000006363859;0000006361604;0000000000000;00002255;
20170331;OC1;*;F23 ;0000000000000;0000000000000;00000000;00000000;00000000;00000000;00000000;0000005755832;0000005756247;0000000000000;00000415;
20170331;OC1;*;F24 ;0000000000000;0000000000000;00000000;00000000;00000000;00000000;00000000;0000005218212;0000005215399;0000000000000;00002813;
20170331;OC1;*;F25 ;0000000000000;0000000000000;00000000;00000000;00000000;00000000;00000000;0000004714577;0000004714901;0000000000000;00000324;
20170331;OC1;*;F26 ;0000000000000;0000000000000;00000000;00000000;00000000;00000000;00000000;0000004268737;0000004269027;0000000000000;00000290;
20170331;OC1;*;F27 ;0000000000000;0000000000000;00000000;00000000;00000000;00000000;00000000;0000003854540;0000003854793;0000000000000;00000253;
20170331;OC1;*;F28 ;0000000000000;0000000000000;00000000;00000000;00000000;00000000;00000000;0000003490307;0000003488162;0000000000000;00002145;
20170331;OC1;*;F29 ;0000000000000;0000000000000;00000000;00000000;00000000;00000000;00000000;0000003161377;0000003157224;0000000000000;00004153;
20170331;OC1;*;F30 ;0000000000000;0000000000000;00000000;00000000;00000000;00000000;00000000;0000002862063;0000002855667;0000000000000;00006396;
20170331;OC1;*;G18 ;0000000000000;0000000000000;00000000;00000000;00000000;00000000;00000000;0000009254761;0000009254840;0000000000000;00000079;
20170331;OC1;*;H18 ;0000000000000;0000000000000;00000000;00000000;00000000;00000000;00000000;0000009196934;0000009196969;0000000000000;00000035;
20170331;OC1;*;J17 ;0000000000000;0000000000000;00029800;00000000;00000000;00000000;00000000;0000009995451;0000009995451;0000000000000;00000000;
20170331;OC1;*;J18 ;0000000000000;0000000000000;00000000;00000000;00000000;00000000;00000000;0000009131142;0000009131128;0000000000000;00000014;
20170331;OC1;*;J19 ;0000000000000;0000000000000;00000000;00000000;00000000;00000000;00000000;0000008349710;0000008348976;0000000000000;00000734;
20170331;OC1;*;J20 ;0000000000000;0000000000000;00000000;00000000;00000000;00000000;00000000;0000007572492;0000007574168;0000000000000;00001676;
20170331;OC1;*;J21 ;0000000000000;0000000000000;00000000;00000000;00000000;00000000;00000000;0000006860271;0000006863296;0000000000000;00003025;
20170331;OC1;*;K17 ;0000000000000;0000000000000;00000000;00000000;00000000;00000000;00000000;0000009917432;0000009917299;0000000000000;00000133;
20170331;OC1;*;K18 ;0000000000000;0000000000000;00000000;00000000;00000000;00000000;00000000;0000009064573;0000009064767;0000000000000;00000194;
20170331;OC1;*;M17 ;0000000000000;0000000000000;00000000;00000000;00000000;00000000;00000000;0000009826334;0000009826209;0000000000000;00000125;
20170331;OC1;*;N17 ;0000000000000;0000000000000;00000000;00000000;00000000;00000000;00000000;0000009746985;0000009746732;0000000000000;00000253;
20170331;OC1;*;N18 ;0000000000000;0000000000000;00000000;00000000;00000000;00000000;00000000;0000008932769;0000008933592;0000000000000;00000823;
20170331;OC1;*;N19 ;0000000000000;0000000000000;00000000;00000000;00000000;00000000;00000000;0000008157692;0000008156780;0000000000000;00000912;
20170331;OC1;*;N20 ;0000000000000;0000000000000;00000000;00000000;00000000;00000000;00000000;0000007392732;0000007391174;0000000000000;00001558;
20170331;OC1;*;N21 ;0000000000000;0000000000000;00000000;00000000;00000000;00000000;00000000;0000006690588;0000006691105;0000000000000;00000517;
20170331;OC1;*;N22 ;0000000000000;0000000000000;00000000;00000000;00000000;00000000;00000000;0000006055474;0000006054196;0000000000000;00001278;
20170331;OC1;*;N23 ;0000000000000;0000000000000;00000000;00000000;00000000;00000000;00000000;0000005481882;0000005480725;0000000000000;00001157;
20170331;OC1;*;N24 ;0000000000000;0000000000000;00000000;00000000;00000000;00000000;00000000;0000004965881;0000004964602;0000000000000;00001279;
20170331;OC1;*;Q17 ;0000000000000;0000000000000;00000000;00000000;00000000;00000000;00000000;0000009669063;0000009668669;0000000000000;00000394;
20170331;OC1;*;U17 ;0000000000000;0000000000000;00000000;00000000;00000000;00000000;00000000;0000009588457;0000009589019;0000000000000;00000562;
20170331;OC1;*;V17 ;0000000000000;0000000000000;00000000;00000000;00000000;00000000;00000000;0000009521133;0000009521539;0000000000000;00000406;
20170331;OC1;*;V18 ;0000000000000;0000000000000;00000000;00000000;00000000;00000000;00000000;0000008733626;0000008734446;0000000000000;00000820;
20170331;OC1;*;V19 ;0000000000000;0000000000000;00000000;00000000;00000000;00000000;00000000;0000007953429;0000007953237;0000000000000;00000192;
20170331;OC1;*;V20 ;0000000000000;0000000000000;00000000;00000000;00000000;00000000;00000000;0000007204885;0000007202042;0000000000000;00002843;
20170331;OC1;*;V21 ;0000000000000;0000000000000;00000000;00000000;00000000;00000000;00000000;0000006521682;0000006528033;0000000000000;00006351;
20170331;OC1;*;X17 ;0000000000000;0000000000000;00000000;00000000;00000000;00000000;00000000;0000009451831;0000009452255;0000000000000;00000424;
20170331;OC1;*;Z17 ;0000000000000;0000000000000;00000000;00000000;00000000;00000000;00000000;0000009388141;0000009388465;0000000000000;00000324;
20170331;OZ1;*;0000;0000000627734;0000000198123;00000000;00125960;00125000;00126000;00125000;0000000125672;0000000124500;0000000000000;00000500;
20170331;OZ1;*;J17 ;0000000000000;0000000000000;00000000;00000000;00000000;00000000;00000000;0000000125000;0000000124557;0000000000000;00000443;
20170331;OZ1;*;K17 ;0000000000000;0000000000000;00000000;00000000;00000000;00000000;00000000;0000000125984;0000000125539;0000000000000;00000445;
20170331;OZ2;*;0000;0000000122202;0000000038569;00000000;00125500;00124800;00125500;00124800;0000000124821;0000000124780;0000000000000;00000400;
20170331;OZ3;*;0000;0000000004747;0000000001498;00000000;00125000;00124000;00125000;00125000;0000000124109;0000000124038;0000000000000;00001000;
20170331;SCS;*;J703;0000000000000;0000000000000;00194220;00000000;00000000;00000000;00000000;0000000000000;0000000000000;0000000000000;00000000;
20170331;SCS;*;K702;0000000000000;0000000000000;00127785;00000000;00000000;00000000;00000000;0000000000000;0000000000000;0000000000000;00000000;
20170331;SCS;*;M701;0000000000000;0000000000000;00026000;00000000;00000000;00000000;00000000;0000000000000;0000000000000;0000000000000;00000000;
20170331;SCS;*;N703;0000000000000;0000000000000;00091470;00000000;00000000;00000000;00000000;0000000000000;0000000000000;0000000000000;00000000;
20170331;SFI;*;K17 ;0000000000000;0000000000000;00000000;00000000;00000000;00000000;00000000;0000000002023;0000000002059;0000000000000;00000036;
20170331;SFI;*;N17 ;0000000000000;0000000000000;00000000;00000000;00000000;00000000;00000000;0000000002046;0000000002081;0000000000000;00000035;
20170331;SFI;*;X17 ;0000000000000;0000000000000;00000000;00000000;00000000;00000000;00000000;0000000002035;0000000002055;0000000000000;00000020;
20170331;SJC;*;F18 ;0000000000000;0000000000000;00000000;00000000;00000000;00000000;00000000;0000000211585;0000000213569;0000000000000;00001984;
20170331;SJC;*;H18 ;0000000000000;0000000000000;00000000;00000000;00000000;00000000;00000000;0000000212191;0000000214065;0000000000000;00001874;
20170331;SJC;*;K17 ;0000015676027;0000005006236;00001182;00002120;00002085;00002120;00002085;0000000208554;0000000212302;0000000052812;00003748;
20170331;SJC;*;K18 ;0000000000000;0000000000000;00000000;00000000;00000000;00000000;00000000;0000000213073;0000000214892;0000000000000;00001819;
20170331;SJC;*;N17 ;0000006302709;0000002012809;00000712;00002144;00002108;00002144;00002110;0000000210979;0000000214561;0000000050473;00003582;
20170331;SJC;*;Q17 ;0000000000000;0000000000000;00000000;00000000;00000000;00000000;00000000;0000000211530;0000000215002;0000000000000;00003472;
20170331;SJC;*;U17 ;0000000000000;0000000000000;00000000;00000000;00000000;00000000;00000000;0000000210869;0000000213459;0000000000000;00002590;
20170331;SJC;*;X17 ;0000000089167;0000000028476;00001033;00002117;00002101;00002117;00002101;0000000210317;0000000212357;0000000028745;00002040;
20170331;TRY;*;J17 ;0000000000000;0000000000000;00000000;00000000;00000000;00000000;00000000;0000008700450;0000008630800;0000000000000;00069650;
20170331;TRY;*;K17 ;0000000000000;0000000000000;00000106;00000000;00000000;00000000;00000000;0000008583970;0000008613760;0000000022342;00029790;
20170331;TRY;*;M17 ;0000000000000;0000000000000;00000000;00000000;00000000;00000000;00000000;0000008563160;0000008587930;0000000000000;00024770;
20170331;T10;*;M17 ;0000003154941;0000000995752;00002636;00124469;00124469;00124469;00124469;0000001245625;0000001243437;0000000069324;00002188;
20170331;T10;*;U17 ;0000000000000;0000000000000;00000000;00000000;00000000;00000000;00000000;0000001240468;0000001238281;0000000000000;00002187;
20170331;WDO;*;F18 ;0000000000000;0000000000000;00000000;00000000;00000000;00000000;00000000;0000033039820;0000033086610;0000000000000;00046790;
20170331;WDO;*;F19 ;0000000000000;0000000000000;00000000;00000000;00000000;00000000;00000000;0000035101680;0000035146120;0000000000000;00044440;
20170331;WDO;*;F20 ;0000000000000;0000000000000;00000000;00000000;00000000;00000000;00000000;0000037260880;0000037318030;0000000000000;00057150;
20170331;WDO;*;F21 ;0000000000000;0000000000000;00000000;00000000;00000000;00000000;00000000;0000039396760;0000039412260;0000000000000;00015500;
20170331;WDO;*;F25 ;0000000000000;0000000000000;00000000;00000000;00000000;00000000;00000000;0000047934670;0000048030420;0000000000000;00095750;
20170331;WDO;*;G18 ;0000000000000;0000000000000;00000000;00000000;00000000;00000000;00000000;0000033220810;0000033270780;0000000000000;00049970;
20170331;WDO;*;H18 ;0000000000000;0000000000000;00000000;00000000;00000000;00000000;00000000;0000033374700;0000033423920;0000000000000;00049220;
20170331;WDO;*;J17 ;0001387183345;0000437818251;00033418;03155000;03149500;03174500;03168000;0000031684000;0000031371240;0000000031276;00312760;
20170331;WDO;*;J18 ;0000000000000;0000000000000;00000000;00000000;00000000;00000000;00000000;0000033541720;0000033593120;0000000000000;00051400;
20170331;WDO;*;J19 ;0000000000000;0000000000000;00000000;00000000;00000000;00000000;00000000;0000035632170;0000035683930;0000000000000;00051760;
20170331;WDO;*;K17 ;0018751498665;0005918286411;00010523;03172000;03140500;03197500;03140500;0000031495560;0000031550400;0000000005484;00054840;
20170331;WDO;*;K18 ;0000000000000;0000000000000;00000000;00000000;00000000;00000000;00000000;0000033718790;0000033770550;0000000000000;00051760;
20170331;WDO;*;M17 ;0000000254210;0000000080233;00000030;03184000;03170000;03184000;03176000;0000031734420;0000031789880;0000000005546;00055460;
20170331;WDO;*;N17 ;0000000000000;0000000000000;00000006;00000000;00000000;00000000;00000000;0000031950060;0000032008150;0000000005809;00058090;
20170331;WDO;*;N18 ;0000000000000;0000000000000;00000000;00000000;00000000;00000000;00000000;0000034068040;0000034118150;0000000000000;00050110;
20170331;WDO;*;N19 ;0000000000000;0000000000000;00000000;00000000;00000000;00000000;00000000;0000036153260;0000036205140;0000000000000;00051880;
20170331;WDO;*;N21 ;0000000000000;0000000000000;00000000;00000000;00000000;00000000;00000000;0000040490820;0000040509650;0000000000000;00018830;
20170331;WDO;*;Q17 ;0000000000000;0000000000000;00000000;00000000;00000000;00000000;00000000;0000032149970;0000032207840;0000000000000;00057870;
20170331;WDO;*;U17 ;0000000000000;0000000000000;00000063;00000000;00000000;00000000;00000000;0000032376900;0000032426580;0000000004968;00049680;
20170331;WDO;*;V17 ;0000000000000;0000000000000;00000000;00000000;00000000;00000000;00000000;0000032545110;0000032593410;0000000000000;00048300;
20170331;WDO;*;V18 ;0000000000000;0000000000000;00000000;00000000;00000000;00000000;00000000;0000034608900;0000034666000;0000000000000;00057100;
20170331;WDO;*;V19 ;0000000000000;0000000000000;00000000;00000000;00000000;00000000;00000000;0000036745020;0000036773820;0000000000000;00028800;
20170331;WDO;*;X17 ;0000000000000;0000000000000;00000000;00000000;00000000;00000000;00000000;0000032727860;0000032777360;0000000000000;00049500;
20170331;WDO;*;Z17 ;0000000000000;0000000000000;00000000;00000000;00000000;00000000;00000000;0000032884150;0000032930780;0000000000000;00046630;
20170331;WD1;*;J7K7;0000000000000;0000000000000;00000000;00018000;00014990;00018350;00014990;0000000000000;0000000000000;0000000000000;00000000;
20170331;WEU;*;J17 ;0000000000000;0000000000000;00000000;00000000;00000000;00000000;00000000;0000033887620;0000033540980;0000000000000;00346640;
20170331;WEU;*;K17 ;0000000000000;0000000000000;00000000;00000000;00000000;00000000;00000000;0000033687920;0000033770180;0000000000000;00082260;
20170331;WEU;*;M17 ;0000000000000;0000000000000;00000000;00000000;00000000;00000000;00000000;0000033983610;0000034067510;0000000000000;00083900;
20170331;WEU;*;N17 ;0000000000000;0000000000000;00000000;00000000;00000000;00000000;00000000;0000034266970;0000034354930;0000000000000;00087960;
20170331;WEU;*;V17 ;0000000000000;0000000000000;00000000;00000000;00000000;00000000;00000000;0000035070510;0000035148800;0000000000000;00078290;
20170331;WIN;*;G18 ;0000000000000;0000000000000;00000000;00000000;00000000;00000000;00000000;0000000069876;0000000070128;0000000000000;00000252;
20170331;WIN;*;J17 ;0010434781522;0003293391466;00086796;00065275;00065045;00065850;00065135;0000000065237;0000000065473;0000000004720;00000236;
20170331;WIN;*;J18 ;0000000000000;0000000000000;00000000;00000000;00000000;00000000;00000000;0000000070831;0000000071086;0000000000000;00000255;
20170331;WIN;*;M17 ;0000000079706;0000000025157;00000022;00066500;00066350;00066500;00066350;0000000066277;0000000066529;0000000005040;00000252;
20170331;WIN;*;M18 ;0000000000000;0000000000000;00000000;00000000;00000000;00000000;00000000;0000000071675;0000000071928;0000000000000;00000253;
20170331;WIN;*;Q17 ;0000000000000;0000000000000;00000000;00000000;00000000;00000000;00000000;0000000067283;0000000067525;0000000000000;00000242;
20170331;WIN;*;Q18 ;0000000000000;0000000000000;00000000;00000000;00000000;00000000;00000000;0000000072696;0000000072951;0000000000000;00000255;
20170331;WIN;*;V17 ;0000000000000;0000000000000;00000000;00000000;00000000;00000000;00000000;0000000068187;0000000068437;0000000000000;00000250;
20170331;WIN;*;V18 ;0000000000000;0000000000000;00000000;00000000;00000000;00000000;00000000;0000000073693;0000000073952;0000000000000;00000259;
20170331;WIN;*;Z17 ;0000000000000;0000000000000;00000000;00000000;00000000;00000000;00000000;0000000069008;0000000069256;0000000000000;00000248;
20170331;WIN;*;Z18 ;0000000000000;0000000000000;00000000;00000000;00000000;00000000;00000000;0000000074599;0000000074862;0000000000000;00000263;
20170331;WTI;*;K17 ;0000000000000;0000000000000;00000690;00000000;00000000;00000000;00000000;0000000005060;0000000005035;0000000007828;00000025;
20170331;WTI;*;M17 ;0000000000000;0000000000000;00000100;00000000;00000000;00000000;00000000;0000000005107;0000000005078;0000000009080;00000029;
20170331;ZAR;*;J17 ;0000000000000;0000000000000;00000123;00000000;00000000;00000000;00000000;0000023629350;0000024231440;0000000210731;00602090;
20170331;ZAR;*;K17 ;0000000000000;0000000000000;00000013;00000000;00000000;00000000;00000000;0000023298730;0000024235300;0000000327799;00936570;
20170331;ZAR;*;M17 ;0000000833136;0000000262952;00000010;02380300;02380300;02380400;02380400;0000023335880;0000024267130;0000000325937;00931250;
