2017-08-03;ICF;H18 ;0.0;0.0;0;0.0;0.0;0.0;0.0;177.05;177.15;0.0;0.1
2017-08-03;ICF;U17 ;81632.8;26184.5;2887;167.4;166.1;169.0;167.05;168.3;168.5;62.35;0.2
2017-08-03;ICF;U18 ;2239.37;718.3;1884;179.8;179.5;179.8;179.5;179.45;179.55;31.17;0.1
2017-08-03;ICF;U19 ;0.0;0.0;461;0.0;0.0;0.0;0.0;189.15;189.15;0.0;0.0
2017-08-03;ICF;Z17 ;65720.57;21080.5;4066;172.1;171.6;174.4;172.7;173.3;173.5;62.35;0.2
2017-08-03;ICF;Z18 ;5767.56;1850.0;402;185.0;185.0;185.0;185.0;184.6;184.6;0.0;0.0
2017-08-21;ICF;H18 ;0.0;0.0;169;0.0;0.0;0.0;0.0;159.0;161.1;664.23;2.1
2017-08-21;ICF;U17 ;58530.05;18504.6;1149;155.0;151.8;155.05;152.85;152.25;153.75;474.45;1.5
2017-08-21;ICF;U18 ;7322.82;2315.15;1981;165.65;164.85;165.65;164.85;164.75;166.8;648.41;2.05
2017-08-21;ICF;U19 ;0.0;0.0;461;0.0;0.0;0.0;0.0;176.15;177.85;537.71;1.7
2017-08-21;ICF;Z17 ;157727.58;49866.45;5793;160.0;157.05;160.4;157.4;157.5;159.1;506.08;1.6
2017-08-21;ICF;Z18 ;0.0;0.0;412;0.0;0.0;0.0;0.0;167.55;169.45;600.97;1.9
2017-02-08;ICF;H17 ;35703.34;11457.7;2674;171.35;169.55;172.5;170.7;170.9;171.5;186.96;0.6
2017-02-08;ICF;K17 ;0.0;0.0;100;0.0;0.0;0.0;0.0;174.25;173.9;109.06;0.35
2017-02-08;ICF;N17 ;0.0;0.0;0;0.0;0.0;0.0;0.0;176.5;176.3;0.0;0.2
2017-02-08;ICF;U17 ;16310.91;5234.4;2620;180.85;179.5;182.0;181.3;179.5;179.35;46.74;0.15
2017-02-08;ICF;U18 ;1151.71;369.6;294;184.6;184.6;185.0;185.0;184.65;184.6;15.58;0.05
2017-02-08;ICF;Z17 ;0.0;0.0;192;0.0;0.0;0.0;0.0;184.55;184.55;0.0;0.0
2017-02-08;ICF;Z18 ;0.0;0.0;29;0.0;0.0;0.0;0.0;187.5;187.45;15.58;0.05
2017-08-08;ICF;H18 ;56420.69;18050.0;0;180.5;180.5;180.5;180.5;180.3;179.35;296.95;0.95
2017-08-08;ICF;U17 ;48134.66;15399.15;2404;169.3;169.3;172.0;170.05;170.75;169.8;296.95;0.95
2017-08-08;ICF;U18 ;13808.22;4417.5;1888;183.45;183.4;184.55;184.55;182.8;181.8;312.58;1.0
2017-08-08;ICF;U19 ;0.0;0.0;461;0.0;0.0;0.0;0.0;192.8;191.55;390.72;1.25
2017-08-08;ICF;Z17 ;159184.33;50925.95;4335;174.6;174.1;177.05;175.0;176.65;175.65;312.58;1.0
2017-08-08;ICF;Z18 ;0.0;0.0;412;0.0;0.0;0.0;0.0;187.9;186.8;343.83;1.1
2017-01-27;ICF;H17 ;72566.17;23001.1;2842;182.0;180.25;183.65;183.1;183.5;182.3;378.58;1.2
2017-01-27;ICF;K17 ;59154.38;18750.0;100;187.5;187.5;187.5;187.5;186.95;185.7;394.36;1.25
2017-01-27;ICF;N17 ;0.0;0.0;0;0.0;0.0;0.0;0.0;189.2;188.0;0.0;1.2
2017-01-27;ICF;U17 ;23565.21;7469.4;2526;190.15;189.8;192.65;191.75;192.2;191.0;378.58;1.2
2017-01-27;ICF;U18 ;0.0;0.0;294;0.0;0.0;0.0;0.0;196.85;195.65;378.58;1.2
2017-01-27;ICF;Z17 ;0.0;0.0;192;0.0;0.0;0.0;0.0;197.15;195.9;394.36;1.25
2017-01-27;ICF;Z18 ;0.0;0.0;29;0.0;0.0;0.0;0.0;199.7;198.5;378.58;1.2
2017-05-03;ICF;H18 ;0.0;0.0;0;0.0;0.0;0.0;0.0;176.1;174.6;0.0;1.5
2017-05-03;ICF;K17 ;0.0;0.0;2;0.0;0.0;0.0;0.0;160.6;159.3;409.83;1.3
2017-05-03;ICF;N17 ;0.0;0.0;177;0.0;0.0;0.0;0.0;163.1;161.5;504.41;1.6
2017-05-03;ICF;U17 ;162924.32;51679.35;5311;165.0;164.45;167.5;166.8;166.95;165.0;614.75;1.95
2017-05-03;ICF;U18 ;3371.08;1069.3;828;177.5;176.35;179.6;179.5;178.5;176.9;504.41;1.6
2017-05-03;ICF;U19 ;0.0;0.0;334;0.0;0.0;0.0;0.0;182.3;180.6;535.94;1.7
2017-05-03;ICF;Z17 ;3766.41;1194.7;260;170.0;169.65;172.05;172.05;171.55;170.0;488.65;1.55
2017-05-03;ICF;Z18 ;0.0;0.0;32;0.0;0.0;0.0;0.0;177.25;175.6;520.17;1.65
2017-02-20;ICF;H17 ;41470.61;13437.0;1148;174.0;172.0;174.0;172.25;172.5;172.5;0.0;0.0
2017-02-20;ICF;H18 ;0.0;0.0;0;0.0;0.0;0.0;0.0;194.1;194.1;0.0;0.0
2017-02-20;ICF;K17 ;0.0;0.0;100;0.0;0.0;0.0;0.0;179.85;179.85;0.0;0.0
2017-02-20;ICF;N17 ;0.0;0.0;100;0.0;0.0;0.0;0.0;182.05;182.05;0.0;0.0
2017-02-20;ICF;U17 ;50034.48;16211.8;3971;185.1;183.75;185.1;184.0;185.1;185.1;0.0;0.0
2017-02-20;ICF;U18 ;0.0;0.0;294;0.0;0.0;0.0;0.0;190.0;190.0;0.0;0.0
2017-02-20;ICF;Z17 ;0.0;0.0;192;0.0;0.0;0.0;0.0;190.15;190.15;0.0;0.0
2017-02-20;ICF;Z18 ;0.0;0.0;29;0.0;0.0;0.0;0.0;192.75;192.75;0.0;0.0
2017-02-17;ICF;H17 ;91602.77;29601.8;1360;170.7;170.05;173.5;172.1;172.5;171.5;309.45;1.0
2017-02-17;ICF;H18 ;0.0;0.0;0;0.0;0.0;0.0;0.0;194.1;192.6;0.0;1.5
2017-02-17;ICF;K17 ;0.0;0.0;100;0.0;0.0;0.0;0.0;179.85;178.35;464.17;1.5
2017-02-17;ICF;N17 ;54679.82;17670.0;0;176.7;176.7;176.7;176.7;182.05;180.55;464.17;1.5
2017-02-17;ICF;U17 ;95142.57;30745.7;3833;183.5;182.25;185.6;184.0;185.1;183.6;464.17;1.5
2017-02-17;ICF;U18 ;0.0;0.0;294;0.0;0.0;0.0;0.0;190.0;188.65;417.75;1.35
2017-02-17;ICF;Z17 ;0.0;0.0;192;0.0;0.0;0.0;0.0;190.15;188.6;479.64;1.55
2017-02-17;ICF;Z18 ;0.0;0.0;29;0.0;0.0;0.0;0.0;192.75;191.55;371.34;1.2
2017-07-07;ICF;H18 ;0.0;0.0;0;0.0;0.0;0.0;0.0;161.75;162.1;0.0;0.35
2017-07-07;ICF;N17 ;0.0;0.0;0;0.0;0.0;0.0;0.0;148.65;148.9;81.86;0.25
2017-07-07;ICF;U17 ;97862.69;29886.3;3935;153.8;150.5;153.8;152.85;153.1;153.6;163.72;0.5
2017-07-07;ICF;U18 ;49795.32;15207.0;1704;165.0;164.0;166.1;166.1;164.6;164.85;81.86;0.25
2017-07-07;ICF;U19 ;0.0;0.0;461;0.0;0.0;0.0;0.0;174.2;174.0;65.49;0.2
2017-07-07;ICF;Z17 ;83595.37;25529.2;3202;158.8;156.2;158.8;158.1;158.25;158.5;81.86;0.25
2017-07-07;ICF;Z18 ;0.0;0.0;396;0.0;0.0;0.0;0.0;169.7;169.85;49.11;0.15
2017-01-10;ICF;H17 ;215022.92;67274.55;3437;174.0;174.0;178.45;178.25;178.2;174.0;1342.4;4.2
2017-01-10;ICF;K17 ;0.0;0.0;0;0.0;0.0;0.0;0.0;180.55;175.9;0.0;4.65
2017-01-10;ICF;N17 ;0.0;0.0;0;0.0;0.0;0.0;0.0;182.7;178.15;0.0;4.55
2017-01-10;ICF;U17 ;45681.37;14292.4;2249;184.5;183.5;186.5;186.5;185.55;180.95;1470.25;4.6
2017-01-10;ICF;U18 ;0.0;0.0;294;0.0;0.0;0.0;0.0;190.35;185.7;1486.23;4.65
2017-01-10;ICF;Z17 ;0.0;0.0;192;0.0;0.0;0.0;0.0;190.45;185.75;1502.21;4.7
2017-01-10;ICF;Z18 ;0.0;0.0;29;0.0;0.0;0.0;0.0;193.6;188.9;1502.21;4.7
2017-06-08;ICF;H18 ;0.0;0.0;0;0.0;0.0;0.0;0.0;161.6;160.75;0.0;0.85
2017-06-08;ICF;N17 ;0.0;0.0;87;0.0;0.0;0.0;0.0;148.4;147.6;261.64;0.8
2017-06-08;ICF;U17 ;64546.11;19735.25;6117;152.65;152.0;154.0;153.85;153.3;152.1;392.47;1.2
2017-06-08;ICF;U18 ;11882.09;3633.0;1312;165.25;164.25;165.5;165.5;164.45;163.55;294.35;0.9
2017-06-08;ICF;U19 ;0.0;0.0;377;0.0;0.0;0.0;0.0;168.3;167.55;245.29;0.75
2017-06-08;ICF;Z17 ;0.0;0.0;300;0.0;0.0;0.0;0.0;156.95;156.2;245.29;0.75
2017-06-08;ICF;Z18 ;0.0;0.0;32;0.0;0.0;0.0;0.0;163.3;162.45;278.0;0.85
2017-04-28;ICF;H18 ;0.0;0.0;0;0.0;0.0;0.0;0.0;170.95;165.85;0.0;5.1
2017-04-28;ICF;K17 ;0.0;0.0;2;0.0;0.0;0.0;0.0;155.4;150.15;1669.65;5.25
2017-04-28;ICF;N17 ;0.0;0.0;177;0.0;0.0;0.0;0.0;157.7;152.55;1637.85;5.15
2017-04-28;ICF;U17 ;243842.66;76672.85;5157;158.0;156.8;163.5;162.15;162.2;157.35;1542.44;4.85
2017-04-28;ICF;U18 ;3786.94;1190.75;758;169.7;169.0;173.25;173.25;173.25;165.05;2607.84;8.2
2017-04-28;ICF;U19 ;0.0;0.0;334;0.0;0.0;0.0;0.0;177.1;172.2;1558.34;4.9
2017-04-28;ICF;Z17 ;43028.35;13529.65;279;163.55;162.35;164.65;163.25;166.45;161.3;1637.85;5.15
2017-04-28;ICF;Z18 ;1631.49;513.0;29;171.0;171.0;171.0;171.0;171.95;166.9;1606.05;5.05
2017-03-22;ICF;H17 ;0.0;0.0;0;0.0;0.0;0.0;0.0;167.75;171.75;1233.96;4.0
2017-03-22;ICF;H18 ;0.0;0.0;0;0.0;0.0;0.0;0.0;184.4;188.35;0.0;3.95
2017-03-22;ICF;K17 ;0.0;0.0;102;0.0;0.0;0.0;0.0;169.5;173.5;1233.96;4.0
2017-03-22;ICF;N17 ;0.0;0.0;100;0.0;0.0;0.0;0.0;171.8;175.85;1249.38;4.05
2017-03-22;ICF;U17 ;186264.1;60379.3;4540;178.0;174.2;178.3;174.9;174.55;179.0;1372.78;4.45
2017-03-22;ICF;U18 ;25129.9;8146.1;396;186.5;183.3;186.5;183.3;182.6;186.5;1203.11;3.9
2017-03-22;ICF;U19 ;0.0;0.0;168;0.0;0.0;0.0;0.0;189.95;194.5;1403.62;4.55
2017-03-22;ICF;Z17 ;2207.25;715.5;192;178.5;178.5;180.0;180.0;180.15;184.2;1249.38;4.05
2017-03-22;ICF;Z18 ;0.0;0.0;29;0.0;0.0;0.0;0.0;184.05;188.05;1233.96;4.0
2017-05-17;ICF;H18 ;0.0;0.0;0;0.0;0.0;0.0;0.0;172.05;168.35;0.0;3.7
2017-05-17;ICF;K17 ;0.0;0.0;0;0.0;0.0;0.0;0.0;156.9;153.0;1217.5;3.9
2017-05-17;ICF;N17 ;0.0;0.0;177;0.0;0.0;0.0;0.0;159.05;155.15;1217.5;3.9
2017-05-17;ICF;U17 ;146086.35;46795.55;5968;159.8;158.3;164.6;163.3;163.5;160.35;983.36;3.15
2017-05-17;ICF;U18 ;24377.36;7808.75;917;171.25;169.25;175.2;174.9;174.4;170.8;1123.84;3.6
2017-05-17;ICF;U19 ;0.0;0.0;377;0.0;0.0;0.0;0.0;178.35;174.85;1092.63;3.5
2017-05-17;ICF;Z17 ;511.19;163.75;282;163.75;163.75;163.75;163.75;167.6;163.75;1201.89;3.85
2017-05-17;ICF;Z18 ;0.0;0.0;32;0.0;0.0;0.0;0.0;173.25;169.6;1139.45;3.65
2017-08-01;ICF;H18 ;0.0;0.0;0;0.0;0.0;0.0;0.0;173.85;175.65;0.0;1.8
2017-08-01;ICF;U17 ;153796.1;49356.9;2980;166.5;162.6;167.0;165.2;164.95;166.85;592.04;1.9
2017-08-01;ICF;U18 ;9375.58;3008.85;1868;177.05;176.85;177.05;177.0;176.25;178.15;592.04;1.9
2017-08-01;ICF;U19 ;0.0;0.0;461;0.0;0.0;0.0;0.0;185.85;187.75;592.04;1.9
2017-08-01;ICF;Z17 ;129929.57;41697.55;3994;170.25;168.0;172.0;170.55;169.95;171.55;498.56;1.6
2017-08-01;ICF;Z18 ;11843.92;3801.0;396;181.0;181.0;181.0;181.0;181.3;183.2;592.04;1.9
2017-05-12;ICF;H18 ;0.0;0.0;0;0.0;0.0;0.0;0.0;172.65;171.8;0.0;0.85
2017-05-12;ICF;K17 ;0.0;0.0;0;0.0;0.0;0.0;0.0;157.45;156.5;296.75;0.95
2017-05-12;ICF;N17 ;0.0;0.0;177;0.0;0.0;0.0;0.0;159.75;158.85;281.13;0.9
2017-05-12;ICF;U17 ;47260.49;15129.65;5933;164.0;163.7;165.0;164.2;164.2;163.95;78.09;0.25
2017-05-12;ICF;U18 ;8185.97;2620.6;918;174.0;174.0;175.5;174.65;174.95;174.05;281.13;0.9
2017-05-12;ICF;U19 ;0.0;0.0;377;0.0;0.0;0.0;0.0;178.95;178.0;296.75;0.95
2017-05-12;ICF;Z17 ;525.25;168.15;261;168.15;168.15;168.15;168.15;168.15;167.25;281.13;0.9
2017-05-12;ICF;Z18 ;0.0;0.0;32;0.0;0.0;0.0;0.0;173.8;172.9;281.13;0.9
2017-08-11;ICF;H18 ;34007.36;10759.1;136;173.5;172.85;176.95;176.95;177.1;174.65;774.39;2.45
2017-08-11;ICF;U17 ;96261.06;30454.65;2184;166.0;164.0;168.0;167.35;167.0;165.95;331.88;1.05
2017-08-11;ICF;U18 ;19509.72;6172.4;1962;179.05;179.05;182.25;182.25;182.45;180.1;742.78;2.35
2017-08-11;ICF;U19 ;0.0;0.0;461;0.0;0.0;0.0;0.0;190.0;187.55;774.39;2.45
2017-08-11;ICF;Z17 ;169588.61;53653.7;4428;170.5;168.5;173.4;173.0;172.8;170.95;584.74;1.85
2017-08-11;ICF;Z18 ;0.0;0.0;412;0.0;0.0;0.0;0.0;184.95;182.5;774.39;2.45
2017-01-30;ICF;H17 ;123203.8;39536.55;2857;183.0;180.1;183.0;181.15;181.9;183.5;498.59;1.6
2017-01-30;ICF;K17 ;0.0;0.0;100;0.0;0.0;0.0;0.0;185.35;186.95;498.59;1.6
2017-01-30;ICF;N17 ;0.0;0.0;0;0.0;0.0;0.0;0.0;187.7;189.2;0.0;1.5
2017-01-30;ICF;U17 ;51138.56;16410.55;2529;190.0;189.95;191.0;190.95;190.65;192.2;483.01;1.55
2017-01-30;ICF;U18 ;0.0;0.0;294;0.0;0.0;0.0;0.0;195.25;196.85;498.59;1.6
2017-01-30;ICF;Z17 ;0.0;0.0;192;0.0;0.0;0.0;0.0;195.6;197.15;483.01;1.55
2017-01-30;ICF;Z18 ;0.0;0.0;29;0.0;0.0;0.0;0.0;198.15;199.7;483.01;1.55
2017-06-28;ICF;H18 ;0.0;0.0;0;0.0;0.0;0.0;0.0;155.85;157.15;0.0;1.3
2017-06-28;ICF;N17 ;0.0;0.0;10;0.0;0.0;0.0;0.0;143.65;143.65;0.0;0.0
2017-06-28;ICF;U17 ;137461.39;41789.2;4697;148.5;145.9;148.8;147.45;147.65;148.45;263.15;0.8
2017-06-28;ICF;U18 ;6292.62;1913.0;1703;160.0;159.25;160.5;160.5;158.65;160.0;444.06;1.35
2017-06-28;ICF;U19 ;31267.23;9505.45;405;169.7;169.7;169.75;169.7;165.2;166.8;526.3;1.6
2017-06-28;ICF;Z17 ;68184.82;20728.65;1953;153.55;151.2;154.15;152.0;151.25;152.5;411.17;1.25
2017-06-28;ICF;Z18 ;0.0;0.0;32;0.0;0.0;0.0;0.0;157.95;159.4;476.96;1.45
2017-01-20;ICF;H17 ;165942.33;52125.75;2861;181.2;181.05;184.45;183.9;184.1;181.0;986.88;3.1
2017-01-20;ICF;K17 ;0.0;0.0;0;0.0;0.0;0.0;0.0;187.85;184.65;0.0;3.2
2017-01-20;ICF;N17 ;0.0;0.0;0;0.0;0.0;0.0;0.0;190.15;186.9;0.0;3.25
2017-01-20;ICF;U17 ;47081.74;14789.3;2383;190.2;190.2;193.25;192.65;193.05;189.8;1034.63;3.25
2017-01-20;ICF;U18 ;0.0;0.0;294;0.0;0.0;0.0;0.0;197.35;194.3;970.96;3.05
2017-01-20;ICF;Z17 ;0.0;0.0;192;0.0;0.0;0.0;0.0;197.8;194.7;986.88;3.1
2017-01-20;ICF;Z18 ;0.0;0.0;29;0.0;0.0;0.0;0.0;200.1;197.15;939.13;2.95
2017-07-10;ICF;H18 ;0.0;0.0;0;0.0;0.0;0.0;0.0;161.45;161.75;0.0;0.3
2017-07-10;ICF;N17 ;0.0;0.0;0;0.0;0.0;0.0;0.0;148.25;148.65;130.49;0.4
2017-07-10;ICF;U17 ;65089.9;19952.15;3883;153.4;150.8;153.5;153.0;152.1;153.1;326.23;1.0
2017-07-10;ICF;U18 ;5406.61;1657.3;1743;165.8;164.5;166.0;166.0;164.2;164.6;130.49;0.4
2017-07-10;ICF;U19 ;0.0;0.0;461;0.0;0.0;0.0;0.0;173.9;174.2;97.86;0.3
2017-07-10;ICF;Z17 ;74301.0;22775.65;3319;158.35;156.8;158.8;158.45;157.85;158.25;130.49;0.4
2017-07-10;ICF;Z18 ;0.0;0.0;396;0.0;0.0;0.0;0.0;169.4;169.7;97.86;0.3
2017-04-19;ICF;H18 ;0.0;0.0;0;0.0;0.0;0.0;0.0;180.35;186.75;0.0;6.4
2017-04-19;ICF;K17 ;0.0;0.0;102;0.0;0.0;0.0;0.0;164.6;171.05;2022.07;6.45
2017-04-19;ICF;N17 ;540.79;172.5;177;172.5;172.5;172.5;172.5;167.3;173.8;2037.75;6.5
2017-04-19;ICF;U17 ;139200.58;44402.1;4956;176.65;170.6;177.7;171.5;170.9;176.25;1677.22;5.35
2017-04-19;ICF;U18 ;37577.68;11986.5;411;187.9;181.0;187.9;181.0;178.8;185.05;1959.37;6.25
2017-04-19;ICF;U19 ;0.0;0.0;334;0.0;0.0;0.0;0.0;184.25;190.15;1849.65;5.9
2017-04-19;ICF;Z17 ;575.27;183.5;238;183.5;183.5;183.5;183.5;175.85;182.25;2006.4;6.4
2017-04-19;ICF;Z18 ;0.0;0.0;29;0.0;0.0;0.0;0.0;180.65;186.7;1896.67;6.05
2017-03-29;ICF;H18 ;0.0;0.0;0;0.0;0.0;0.0;0.0;181.35;180.6;0.0;0.75
2017-03-29;ICF;K17 ;0.0;0.0;102;0.0;0.0;0.0;0.0;166.3;165.7;187.13;0.6
2017-03-29;ICF;N17 ;17342.64;5560.5;133;168.5;168.5;168.5;168.5;168.7;168.05;202.72;0.65
2017-03-29;ICF;U17 ;83067.85;26633.7;4624;171.5;169.95;172.8;171.8;171.8;171.45;109.16;0.35
2017-03-29;ICF;U18 ;10253.23;3287.45;403;180.8;180.8;183.9;183.9;179.7;178.9;249.51;0.8
2017-03-29;ICF;U19 ;16116.76;5167.45;222;184.6;184.55;184.6;184.55;185.75;185.5;77.97;0.25
2017-03-29;ICF;Z17 ;0.0;0.0;199;0.0;0.0;0.0;0.0;177.05;176.35;218.32;0.7
2017-03-29;ICF;Z18 ;0.0;0.0;29;0.0;0.0;0.0;0.0;181.15;180.3;265.1;0.85
2017-01-02;ICF;H17 ;1584.87;484.15;3790;160.15;160.15;162.0;162.0;159.85;159.85;0.0;0.0
2017-01-02;ICF;U17 ;56140.53;17150.0;2236;171.5;171.5;171.5;171.5;169.25;169.25;0.0;0.0
2017-01-02;ICF;U18 ;0.0;0.0;294;0.0;0.0;0.0;0.0;174.25;174.25;0.0;0.0
2017-01-02;ICF;Z17 ;0.0;0.0;192;0.0;0.0;0.0;0.0;174.05;174.05;0.0;0.0
2017-01-02;ICF;Z18 ;0.0;0.0;29;0.0;0.0;0.0;0.0;177.6;177.6;0.0;0.0
2017-04-05;ICF;H18 ;0.0;0.0;0;0.0;0.0;0.0;0.0;178.5;179.2;0.0;0.7
2017-04-05;ICF;K17 ;0.0;0.0;102;0.0;0.0;0.0;0.0;163.65;164.25;185.26;0.6
2017-04-05;ICF;N17 ;0.0;0.0;133;0.0;0.0;0.0;0.0;165.9;166.5;185.26;0.6
2017-04-05;ICF;U17 ;101692.52;32933.65;4656;170.0;168.8;170.6;168.8;168.8;169.75;293.34;0.95
2017-04-05;ICF;U18 ;0.0;0.0;413;0.0;0.0;0.0;0.0;176.65;177.3;200.7;0.65
2017-04-05;ICF;U19 ;0.0;0.0;250;0.0;0.0;0.0;0.0;182.85;183.8;293.34;0.95
2017-04-05;ICF;Z17 ;0.0;0.0;202;0.0;0.0;0.0;0.0;174.3;175.0;216.14;0.7
2017-04-05;ICF;Z18 ;0.0;0.0;29;0.0;0.0;0.0;0.0;178.25;178.9;200.7;0.65
2017-03-01;ICF;H17 ;27502.18;8881.7;590;161.8;159.0;161.8;160.0;163.2;170.6;2291.41;7.4
2017-03-01;ICF;H18 ;0.0;0.0;0;0.0;0.0;0.0;0.0;187.95;189.75;0.0;1.8
2017-03-01;ICF;K17 ;0.0;0.0;100;0.0;0.0;0.0;0.0;173.6;175.5;588.33;1.9
2017-03-01;ICF;N17 ;0.0;0.0;100;0.0;0.0;0.0;0.0;175.9;177.7;557.37;1.8
2017-03-01;ICF;U17 ;68150.25;22008.8;4504;180.9;174.5;180.9;179.0;179.25;180.75;464.47;1.5
2017-03-01;ICF;U18 ;0.0;0.0;301;0.0;0.0;0.0;0.0;184.15;185.85;526.4;1.7
2017-03-01;ICF;Z17 ;0.0;0.0;192;0.0;0.0;0.0;0.0;183.9;185.75;572.85;1.85
2017-03-01;ICF;Z18 ;0.0;0.0;29;0.0;0.0;0.0;0.0;187.0;188.7;526.4;1.7
2017-05-19;ICF;H18 ;0.0;0.0;0;0.0;0.0;0.0;0.0;168.95;165.85;0.0;3.1
2017-05-19;ICF;K17 ;0.0;0.0;0;0.0;0.0;0.0;0.0;153.75;150.55;1041.56;3.2
2017-05-19;ICF;N17 ;0.0;0.0;77;0.0;0.0;0.0;0.0;156.0;152.75;1057.84;3.25
2017-05-19;ICF;U17 ;220669.85;67796.2;5931;158.0;157.5;161.95;159.5;159.75;157.25;813.72;2.5
2017-05-19;ICF;U18 ;557.24;171.2;900;171.2;171.2;171.2;171.2;171.25;168.2;992.74;3.05
2017-05-19;ICF;U19 ;0.0;0.0;377;0.0;0.0;0.0;0.0;175.25;172.2;992.74;3.05
2017-05-19;ICF;Z17 ;0.0;0.0;282;0.0;0.0;0.0;0.0;164.55;161.35;1041.56;3.2
2017-05-19;ICF;Z18 ;0.0;0.0;32;0.0;0.0;0.0;0.0;170.05;167.1;960.19;2.95
2017-05-08;ICF;H18 ;0.0;0.0;0;0.0;0.0;0.0;0.0;175.4;173.95;0.0;1.45
2017-05-08;ICF;K17 ;0.0;0.0;0;0.0;0.0;0.0;0.0;160.0;158.1;606.89;1.9
2017-05-08;ICF;N17 ;0.0;0.0;177;0.0;0.0;0.0;0.0;162.35;160.75;511.07;1.6
2017-05-08;ICF;U17 ;68986.73;21597.5;5606;165.65;164.25;167.1;166.6;167.0;165.45;495.1;1.55
2017-05-08;ICF;U18 ;3387.45;1060.5;819;176.0;176.0;177.5;177.5;177.7;176.1;511.07;1.6
2017-05-08;ICF;U19 ;0.0;0.0;362;0.0;0.0;0.0;0.0;181.6;180.35;399.27;1.25
2017-05-08;ICF;Z17 ;1086.99;340.3;262;170.15;170.15;170.15;170.15;170.8;169.3;479.13;1.5
2017-05-08;ICF;Z18 ;0.0;0.0;32;0.0;0.0;0.0;0.0;176.45;174.95;479.13;1.5
2017-02-01;ICF;H17 ;99526.56;31583.7;2718;179.5;177.05;181.25;180.0;180.05;179.85;63.02;0.2
2017-02-01;ICF;K17 ;0.0;0.0;100;0.0;0.0;0.0;0.0;183.85;183.1;236.34;0.75
2017-02-01;ICF;N17 ;0.0;0.0;0;0.0;0.0;0.0;0.0;186.1;185.45;0.0;0.65
2017-02-01;ICF;U17 ;18448.54;5854.45;2546;188.0;187.0;190.0;190.0;189.05;188.35;220.58;0.7
2017-02-01;ICF;U18 ;0.0;0.0;294;0.0;0.0;0.0;0.0;193.8;192.95;267.85;0.85
2017-02-01;ICF;Z17 ;0.0;0.0;192;0.0;0.0;0.0;0.0;194.05;193.25;252.09;0.8
2017-02-01;ICF;Z18 ;0.0;0.0;29;0.0;0.0;0.0;0.0;196.65;195.85;252.09;0.8
2017-07-25;ICF;H18 ;0.0;0.0;0;0.0;0.0;0.0;0.0;164.35;166.85;0.0;2.5
2017-07-25;ICF;U17 ;92001.96;29087.85;3272;158.0;153.6;159.4;155.8;154.9;157.85;933.05;2.95
2017-07-25;ICF;U18 ;0.0;0.0;1860;0.0;0.0;0.0;0.0;166.95;169.55;822.35;2.6
2017-07-25;ICF;U19 ;0.0;0.0;461;0.0;0.0;0.0;0.0;176.7;179.3;822.35;2.6
2017-07-25;ICF;Z17 ;122902.07;38857.4;3888;163.0;159.25;163.0;161.15;160.5;163.1;822.35;2.6
2017-07-25;ICF;Z18 ;0.0;0.0;396;0.0;0.0;0.0;0.0;172.05;174.6;806.53;2.55
2017-01-17;ICF;H17 ;274169.63;85384.5;2903;178.2;178.2;182.0;181.25;181.35;178.7;850.91;2.65
2017-01-17;ICF;K17 ;0.0;0.0;0;0.0;0.0;0.0;0.0;183.5;182.7;0.0;0.8
2017-01-17;ICF;N17 ;0.0;0.0;0;0.0;0.0;0.0;0.0;185.75;184.95;0.0;0.8
2017-01-17;ICF;U17 ;27193.16;8468.75;2373;188.05;187.0;189.5;189.15;188.7;187.95;240.82;0.75
2017-01-17;ICF;U18 ;0.0;0.0;294;0.0;0.0;0.0;0.0;193.3;192.6;224.77;0.7
2017-01-17;ICF;Z17 ;0.0;0.0;192;0.0;0.0;0.0;0.0;193.55;192.85;224.77;0.7
2017-01-17;ICF;Z18 ;0.0;0.0;29;0.0;0.0;0.0;0.0;196.45;195.8;208.71;0.65
2017-03-27;ICF;H18 ;0.0;0.0;0;0.0;0.0;0.0;0.0;181.05;179.1;0.0;1.95
2017-03-27;ICF;K17 ;504.04;160.8;102;160.8;160.8;160.8;160.8;166.15;164.05;658.26;2.1
2017-03-27;ICF;N17 ;0.0;0.0;133;0.0;0.0;0.0;0.0;168.5;166.45;642.59;2.05
2017-03-27;ICF;U17 ;188696.81;60198.05;4645;169.0;168.0;171.55;171.55;171.25;169.2;642.59;2.05
2017-03-27;ICF;U18 ;23966.52;7645.8;329;182.0;182.0;182.25;182.05;179.35;177.15;689.61;2.2
2017-03-27;ICF;U19 ;0.0;0.0;222;0.0;0.0;0.0;0.0;186.55;184.25;720.95;2.3
2017-03-27;ICF;Z17 ;2724.59;869.2;195;173.2;173.2;174.0;174.0;176.85;174.85;626.92;2.0
2017-03-27;ICF;Z18 ;0.0;0.0;29;0.0;0.0;0.0;0.0;180.85;178.65;689.61;2.2
2017-03-02;ICF;H17 ;2472.05;786.4;535;158.0;156.2;158.0;156.2;162.6;163.2;188.61;0.6
2017-03-02;ICF;H18 ;0.0;0.0;0;0.0;0.0;0.0;0.0;187.5;187.95;0.0;0.45
2017-03-02;ICF;K17 ;0.0;0.0;100;0.0;0.0;0.0;0.0;173.0;173.6;188.61;0.6
2017-03-02;ICF;N17 ;0.0;0.0;100;0.0;0.0;0.0;0.0;175.3;175.9;188.61;0.6
2017-03-02;ICF;U17 ;95488.37;30376.45;4527;179.5;176.5;180.65;178.9;178.5;179.25;235.76;0.75
2017-03-02;ICF;U18 ;33832.55;10762.7;301;185.2;185.0;186.05;185.7;183.75;184.15;125.74;0.4
2017-03-02;ICF;Z17 ;0.0;0.0;192;0.0;0.0;0.0;0.0;183.4;183.9;157.17;0.5
2017-03-02;ICF;Z18 ;0.0;0.0;29;0.0;0.0;0.0;0.0;186.6;187.0;125.74;0.4
2017-08-07;ICF;H18 ;0.0;0.0;0;0.0;0.0;0.0;0.0;179.35;176.9;0.0;2.45
2017-08-07;ICF;U17 ;123058.65;39369.95;2504;168.65;168.65;170.35;169.25;169.8;168.25;484.48;1.55
2017-08-07;ICF;U18 ;9642.0;3084.75;1881;182.0;180.8;182.65;182.65;181.8;179.35;765.79;2.45
2017-08-07;ICF;U19 ;0.0;0.0;461;0.0;0.0;0.0;0.0;191.55;189.0;797.05;2.55
2017-08-07;ICF;Z17 ;76982.08;24628.75;4360;173.0;173.0;175.5;174.5;175.65;173.2;765.79;2.45
2017-08-07;ICF;Z18 ;0.0;0.0;412;0.0;0.0;0.0;0.0;186.8;184.45;734.53;2.35
2017-05-24;ICF;H18 ;0.0;0.0;0;0.0;0.0;0.0;0.0;164.6;166.7;0.0;2.1
2017-05-24;ICF;N17 ;0.0;0.0;77;0.0;0.0;0.0;0.0;151.3;153.55;733.59;2.25
2017-05-24;ICF;U17 ;101772.57;31214.75;5861;158.0;155.3;158.5;155.8;155.75;158.0;733.59;2.25
2017-05-24;ICF;U18 ;17036.24;5225.2;1251;169.2;167.4;169.5;167.5;167.25;169.2;635.77;1.95
2017-05-24;ICF;U19 ;0.0;0.0;377;0.0;0.0;0.0;0.0;170.9;173.05;700.98;2.15
2017-05-24;ICF;Z17 ;0.0;0.0;282;0.0;0.0;0.0;0.0;160.05;162.2;700.98;2.15
2017-05-24;ICF;Z18 ;0.0;0.0;32;0.0;0.0;0.0;0.0;166.1;167.95;603.17;1.85
2017-05-29;ICF;H18 ;0.0;0.0;0;0.0;0.0;0.0;0.0;167.9;167.9;0.0;0.0
2017-05-29;ICF;N17 ;0.0;0.0;77;0.0;0.0;0.0;0.0;154.8;154.8;0.0;0.0
2017-05-29;ICF;U17 ;10935.15;3344.9;5873;159.25;159.0;160.0;159.3;159.0;159.0;0.0;0.0
2017-05-29;ICF;U18 ;0.0;0.0;1292;0.0;0.0;0.0;0.0;170.35;170.35;0.0;0.0
2017-05-29;ICF;U19 ;0.0;0.0;377;0.0;0.0;0.0;0.0;174.0;174.0;0.0;0.0
2017-05-29;ICF;Z17 ;0.0;0.0;282;0.0;0.0;0.0;0.0;163.4;163.4;0.0;0.0
2017-05-29;ICF;Z18 ;0.0;0.0;32;0.0;0.0;0.0;0.0;169.2;169.2;0.0;0.0
2017-06-21;ICF;H18 ;0.0;0.0;0;0.0;0.0;0.0;0.0;152.9;156.15;0.0;3.25
2017-06-21;ICF;N17 ;0.0;0.0;10;0.0;0.0;0.0;0.0;139.15;142.6;1149.95;3.45
2017-06-21;ICF;U17 ;148657.39;44599.0;5712;147.25;144.5;147.5;144.6;144.5;147.25;916.63;2.75
2017-06-21;ICF;U18 ;0.0;0.0;1672;0.0;0.0;0.0;0.0;156.0;159.05;1016.62;3.05
2017-06-21;ICF;U19 ;0.0;0.0;405;0.0;0.0;0.0;0.0;162.55;165.4;949.96;2.85
2017-06-21;ICF;Z17 ;55445.45;16634.3;682;150.6;149.4;150.75;149.4;148.25;151.55;1099.95;3.3
2017-06-21;ICF;Z18 ;0.0;0.0;32;0.0;0.0;0.0;0.0;155.25;158.4;1049.95;3.15
2017-03-03;ICF;H17 ;2492.88;796.55;256;158.5;158.5;159.85;159.85;161.35;162.6;391.2;1.25
2017-03-03;ICF;H18 ;0.0;0.0;0;0.0;0.0;0.0;0.0;186.1;187.5;0.0;1.4
2017-03-03;ICF;K17 ;0.0;0.0;100;0.0;0.0;0.0;0.0;171.6;173.0;438.14;1.4
2017-03-03;ICF;N17 ;0.0;0.0;100;0.0;0.0;0.0;0.0;173.85;175.3;453.79;1.45
2017-03-03;ICF;U17 ;41147.82;13147.95;4518;177.6;176.7;178.65;178.0;177.15;178.5;422.49;1.35
2017-03-03;ICF;U18 ;6921.42;2211.6;344;184.7;184.0;184.7;184.0;182.55;183.75;375.55;1.2
2017-03-03;ICF;Z17 ;0.0;0.0;192;0.0;0.0;0.0;0.0;181.95;183.4;453.79;1.45
2017-03-03;ICF;Z18 ;0.0;0.0;29;0.0;0.0;0.0;0.0;185.55;186.6;328.6;1.05
2017-07-20;ICF;H18 ;0.0;0.0;0;0.0;0.0;0.0;0.0;169.95;171.0;0.0;1.05
2017-07-20;ICF;N17 ;0.0;0.0;0;0.0;0.0;0.0;0.0;153.8;154.8;312.98;1.0
2017-07-20;ICF;U17 ;46306.96;14795.5;3390;161.1;160.3;161.65;160.5;160.6;161.65;328.62;1.05
2017-07-20;ICF;U18 ;19067.52;6092.25;1840;174.0;173.15;174.9;173.15;172.45;173.5;328.62;1.05
2017-07-20;ICF;U19 ;0.0;0.0;461;0.0;0.0;0.0;0.0;182.15;183.2;328.62;1.05
2017-07-20;ICF;Z17 ;46313.84;14797.7;3865;166.5;165.85;167.0;165.85;166.75;167.85;344.27;1.1
2017-07-20;ICF;Z18 ;0.0;0.0;396;0.0;0.0;0.0;0.0;177.5;178.6;344.27;1.1
2017-06-23;ICF;H18 ;0.0;0.0;0;0.0;0.0;0.0;0.0;154.15;145.55;0.0;8.6
2017-06-23;ICF;N17 ;0.0;0.0;10;0.0;0.0;0.0;0.0;139.95;131.35;2867.67;8.6
2017-06-23;ICF;U17 ;483453.15;144985.2;5753;139.0;138.4;146.35;146.35;146.05;137.7;2784.3;8.35
2017-06-23;ICF;U18 ;64266.15;19273.1;1658;155.05;154.7;159.0;159.0;157.2;148.85;2784.3;8.35
2017-06-23;ICF;U19 ;0.0;0.0;405;0.0;0.0;0.0;0.0;163.85;155.6;2750.96;8.25
2017-06-23;ICF;Z17 ;342434.14;102694.3;835;145.5;145.5;151.2;150.8;149.5;140.9;2867.67;8.6
2017-06-23;ICF;Z18 ;0.0;0.0;32;0.0;0.0;0.0;0.0;156.5;148.1;2800.98;8.4
2017-02-14;ICF;H17 ;163318.66;52536.0;1996;170.55;168.3;172.75;169.5;170.1;171.5;435.21;1.4
2017-02-14;ICF;H18 ;0.0;0.0;0;0.0;0.0;0.0;0.0;189.15;190.15;0.0;1.0
2017-02-14;ICF;K17 ;0.0;0.0;100;0.0;0.0;0.0;0.0;175.1;175.9;248.69;0.8
2017-02-14;ICF;N17 ;0.0;0.0;0;0.0;0.0;0.0;0.0;177.35;178.15;0.0;0.8
2017-02-14;ICF;U17 ;181984.23;58540.3;3252;182.0;180.05;183.6;181.5;180.3;181.05;233.15;0.75
2017-02-14;ICF;U18 ;0.0;0.0;294;0.0;0.0;0.0;0.0;185.1;186.1;310.87;1.0
2017-02-14;ICF;Z17 ;0.0;0.0;192;0.0;0.0;0.0;0.0;185.25;186.3;326.41;1.05
2017-02-14;ICF;Z18 ;0.0;0.0;29;0.0;0.0;0.0;0.0;188.05;189.05;310.87;1.0
2017-03-13;ICF;H17 ;0.0;0.0;127;0.0;0.0;0.0;0.0;160.35;159.2;362.35;1.15
2017-03-13;ICF;H18 ;0.0;0.0;0;0.0;0.0;0.0;0.0;185.25;183.9;0.0;1.35
2017-03-13;ICF;K17 ;1015.38;322.25;100;161.15;161.1;161.15;161.1;170.35;169.0;425.37;1.35
2017-03-13;ICF;N17 ;0.0;0.0;100;0.0;0.0;0.0;0.0;172.65;171.35;409.61;1.3
2017-03-13;ICF;U17 ;137063.83;43499.9;4246;174.5;171.1;176.5;175.95;175.55;174.5;330.84;1.05
2017-03-13;ICF;U18 ;35540.73;11279.55;386;181.85;181.6;182.25;181.6;183.45;182.05;441.12;1.4
2017-03-13;ICF;Z17 ;0.0;0.0;192;0.0;0.0;0.0;0.0;180.85;179.6;393.86;1.25
2017-03-13;ICF;Z18 ;0.0;0.0;29;0.0;0.0;0.0;0.0;185.15;183.8;425.37;1.35
2017-04-04;ICF;H18 ;0.0;0.0;0;0.0;0.0;0.0;0.0;179.2;179.35;0.0;0.15
2017-04-04;ICF;K17 ;0.0;0.0;102;0.0;0.0;0.0;0.0;164.25;164.4;46.5;0.15
2017-04-04;ICF;N17 ;0.0;0.0;133;0.0;0.0;0.0;0.0;166.5;166.8;93.0;0.3
2017-04-04;ICF;U17 ;130188.25;41993.5;4651;169.45;167.5;170.25;169.3;169.75;169.5;77.5;0.25
2017-04-04;ICF;U18 ;554.78;178.95;413;178.95;178.95;178.95;178.95;177.3;177.35;15.5;0.05
2017-04-04;ICF;U19 ;0.0;0.0;250;0.0;0.0;0.0;0.0;183.8;183.85;15.5;0.05
2017-04-04;ICF;Z17 ;538.81;173.8;202;173.8;173.8;173.8;173.8;175.0;175.2;62.0;0.2
2017-04-04;ICF;Z18 ;0.0;0.0;29;0.0;0.0;0.0;0.0;178.9;178.9;0.0;0.0
2017-07-19;ICF;H18 ;0.0;0.0;0;0.0;0.0;0.0;0.0;171.0;169.85;0.0;1.15
2017-07-19;ICF;N17 ;0.0;0.0;0;0.0;0.0;0.0;0.0;154.8;155.75;299.27;0.95
2017-07-19;ICF;U17 ;132266.45;41985.35;3471;160.5;160.0;161.95;161.7;161.65;161.0;204.76;0.65
2017-07-19;ICF;U18 ;56399.51;17902.9;1747;173.85;172.15;174.0;172.15;173.5;172.45;330.78;1.05
2017-07-19;ICF;U19 ;0.0;0.0;461;0.0;0.0;0.0;0.0;183.2;181.95;393.78;1.25
2017-07-19;ICF;Z17 ;122847.05;38995.35;3772;165.65;165.5;167.7;167.0;167.85;166.65;378.03;1.2
2017-07-19;ICF;Z18 ;0.0;0.0;396;0.0;0.0;0.0;0.0;178.6;177.5;346.53;1.1
2017-05-16;ICF;H18 ;0.0;0.0;0;0.0;0.0;0.0;0.0;168.35;170.8;0.0;2.45
2017-05-16;ICF;K17 ;0.0;0.0;0;0.0;0.0;0.0;0.0;153.0;155.65;819.96;2.65
2017-05-16;ICF;N17 ;489.19;158.1;177;158.1;158.1;158.1;158.1;155.15;157.8;819.96;2.65
2017-05-16;ICF;U17 ;50589.86;16349.9;5973;162.7;160.0;163.5;160.5;160.35;162.85;773.55;2.5
2017-05-16;ICF;U18 ;6927.91;2239.0;914;172.95;171.1;172.95;171.1;170.8;173.1;711.66;2.3
2017-05-16;ICF;U19 ;0.0;0.0;377;0.0;0.0;0.0;0.0;174.85;177.1;696.19;2.25
2017-05-16;ICF;Z17 ;17700.37;5720.5;267;167.95;166.95;168.55;167.5;163.75;166.25;773.55;2.5
2017-05-16;ICF;Z18 ;542.88;175.45;32;175.45;175.45;175.45;175.45;169.6;171.95;727.13;2.35
2017-06-01;ICF;H18 ;0.0;0.0;0;0.0;0.0;0.0;0.0;163.35;165.55;0.0;2.2
2017-06-01;ICF;N17 ;2463.65;758.7;77;152.15;151.25;152.15;151.25;150.2;152.35;698.14;2.15
2017-06-01;ICF;U17 ;128720.79;39640.55;5866;157.25;154.6;157.5;155.0;154.6;156.5;616.96;1.9
2017-06-01;ICF;U18 ;19143.06;5895.25;1292;168.5;167.9;169.05;168.1;165.9;168.1;714.38;2.2
2017-06-01;ICF;U19 ;0.0;0.0;377;0.0;0.0;0.0;0.0;169.55;171.75;714.38;2.2
2017-06-01;ICF;Z17 ;1047.55;322.6;300;162.35;160.25;162.35;160.25;158.8;161.05;730.62;2.25
2017-06-01;ICF;Z18 ;0.0;0.0;32;0.0;0.0;0.0;0.0;164.75;166.9;698.14;2.15
2017-01-23;ICF;H17 ;230942.74;72731.0;2847;184.8;184.65;188.5;186.5;186.25;184.1;682.68;2.15
2017-01-23;ICF;K17 ;0.0;0.0;0;0.0;0.0;0.0;0.0;190.8;187.85;0.0;2.95
2017-01-23;ICF;N17 ;0.0;0.0;0;0.0;0.0;0.0;0.0;193.05;190.15;0.0;2.9
2017-01-23;ICF;U17 ;18552.96;5842.9;2403;193.75;193.75;197.3;196.7;195.95;193.05;920.83;2.9
2017-01-23;ICF;U18 ;0.0;0.0;294;0.0;0.0;0.0;0.0;200.2;197.35;904.96;2.85
2017-01-23;ICF;Z17 ;0.0;0.0;192;0.0;0.0;0.0;0.0;200.7;197.8;920.83;2.9
2017-01-23;ICF;Z18 ;0.0;0.0;29;0.0;0.0;0.0;0.0;202.9;200.1;889.08;2.8
2017-02-09;ICF;H17 ;56362.84;18009.6;2625;172.3;171.4;174.4;173.75;173.8;170.9;907.58;2.9
2017-02-09;ICF;H18 ;0.0;0.0;0;0.0;0.0;0.0;0.0;191.45;184.3;0.0;7.15
2017-02-09;ICF;K17 ;0.0;0.0;100;0.0;0.0;0.0;0.0;177.3;174.25;954.52;3.05
2017-02-09;ICF;N17 ;0.0;0.0;0;0.0;0.0;0.0;0.0;179.4;176.5;0.0;2.9
2017-02-09;ICF;U17 ;71946.22;22988.95;2656;181.5;180.9;183.65;183.05;182.35;179.5;891.93;2.85
2017-02-09;ICF;U18 ;0.0;0.0;294;0.0;0.0;0.0;0.0;187.45;184.65;876.28;2.8
2017-02-09;ICF;Z17 ;0.0;0.0;192;0.0;0.0;0.0;0.0;187.5;184.55;923.23;2.95
2017-02-09;ICF;Z18 ;0.0;0.0;29;0.0;0.0;0.0;0.0;190.35;187.5;891.93;2.85
2017-01-09;ICF;H17 ;421974.98;132085.95;3509;170.85;169.6;175.3;174.5;174.0;171.0;958.41;3.0
2017-01-09;ICF;K17 ;0.0;0.0;0;0.0;0.0;0.0;0.0;175.9;174.05;0.0;1.85
2017-01-09;ICF;N17 ;0.0;0.0;0;0.0;0.0;0.0;0.0;178.15;176.3;0.0;1.85
2017-01-09;ICF;U17 ;8111.02;2538.9;2248;179.8;179.8;183.7;183.7;180.95;179.0;622.96;1.95
2017-01-09;ICF;U18 ;0.0;0.0;294;0.0;0.0;0.0;0.0;185.7;183.65;654.91;2.05
2017-01-09;ICF;Z17 ;0.0;0.0;192;0.0;0.0;0.0;0.0;185.75;183.8;622.96;1.95
2017-01-09;ICF;Z18 ;0.0;0.0;29;0.0;0.0;0.0;0.0;188.9;186.9;638.94;2.0
2017-06-30;ICF;H18 ;0.0;0.0;0;0.0;0.0;0.0;0.0;157.7;158.5;0.0;0.8
2017-06-30;ICF;N17 ;0.0;0.0;10;0.0;0.0;0.0;0.0;145.35;146.3;314.21;0.95
2017-06-30;ICF;U17 ;34334.5;10380.8;4536;150.0;148.6;152.5;150.0;149.05;149.75;231.52;0.7
2017-06-30;ICF;U18 ;1607.78;486.1;1703;162.05;162.0;162.05;162.0;160.5;161.15;214.98;0.65
2017-06-30;ICF;U19 ;0.0;0.0;461;0.0;0.0;0.0;0.0;170.3;167.7;859.95;2.6
2017-06-30;ICF;Z17 ;203849.16;61632.4;2391;154.15;154.0;155.65;154.75;154.0;153.9;33.07;0.1
2017-06-30;ICF;Z18 ;156020.89;47171.85;32;166.65;166.35;166.85;166.35;165.55;160.45;1686.82;5.1
2017-04-17;ICF;H18 ;0.0;0.0;0;0.0;0.0;0.0;0.0;184.0;181.0;0.0;3.0
2017-04-17;ICF;K17 ;0.0;0.0;102;0.0;0.0;0.0;0.0;168.7;165.8;899.31;2.9
2017-04-17;ICF;N17 ;22455.69;7241.2;177;168.4;168.4;168.4;168.4;171.1;168.1;930.33;3.0
2017-04-17;ICF;U17 ;128668.36;41491.2;4857;172.0;171.5;174.7;174.7;174.3;171.7;806.28;2.6
2017-04-17;ICF;U18 ;3989.72;1286.55;407;183.1;183.1;184.5;183.8;182.35;179.35;930.33;3.0
2017-04-17;ICF;U19 ;0.0;0.0;334;0.0;0.0;0.0;0.0;186.95;184.75;682.24;2.2
2017-04-17;ICF;Z17 ;555.1;179.0;238;179.0;179.0;179.0;179.0;179.5;176.55;914.82;2.95
2017-04-17;ICF;Z18 ;0.0;0.0;29;0.0;0.0;0.0;0.0;183.95;181.05;899.31;2.9
2017-06-09;ICF;H18 ;0.0;0.0;0;0.0;0.0;0.0;0.0;161.9;161.6;0.0;0.3
2017-06-09;ICF;N17 ;0.0;0.0;87;0.0;0.0;0.0;0.0;148.65;148.4;82.0;0.25
2017-06-09;ICF;U17 ;59307.0;18080.85;6190;153.7;153.35;155.7;153.5;153.5;153.3;65.6;0.2
2017-06-09;ICF;U18 ;0.0;0.0;1312;0.0;0.0;0.0;0.0;164.8;164.45;114.8;0.35
2017-06-09;ICF;U19 ;0.0;0.0;377;0.0;0.0;0.0;0.0;168.65;168.3;114.8;0.35
2017-06-09;ICF;Z17 ;0.0;0.0;300;0.0;0.0;0.0;0.0;157.2;156.95;82.0;0.25
2017-06-09;ICF;Z18 ;0.0;0.0;32;0.0;0.0;0.0;0.0;163.65;163.3;114.8;0.35
2017-05-25;ICF;H18 ;0.0;0.0;0;0.0;0.0;0.0;0.0;165.45;164.6;0.0;0.85
2017-05-25;ICF;N17 ;0.0;0.0;77;0.0;0.0;0.0;0.0;152.3;151.3;328.61;1.0
2017-05-25;ICF;U17 ;95141.14;28952.6;5872;156.0;154.45;157.3;156.2;156.5;155.75;246.45;0.75
2017-05-25;ICF;U18 ;18188.23;5534.9;1264;166.8;166.8;168.3;167.9;167.85;167.25;197.16;0.6
2017-05-25;ICF;U19 ;0.0;0.0;377;0.0;0.0;0.0;0.0;171.3;170.9;131.44;0.4
2017-05-25;ICF;Z17 ;0.0;0.0;282;0.0;0.0;0.0;0.0;160.95;160.05;295.74;0.9
2017-05-25;ICF;Z18 ;0.0;0.0;32;0.0;0.0;0.0;0.0;166.6;166.1;164.3;0.5
2017-04-03;ICF;H18 ;0.0;0.0;0;0.0;0.0;0.0;0.0;179.35;181.2;0.0;1.85
2017-04-03;ICF;K17 ;0.0;0.0;102;0.0;0.0;0.0;0.0;164.4;166.3;591.33;1.9
2017-04-03;ICF;N17 ;0.0;0.0;133;0.0;0.0;0.0;0.0;166.8;168.65;575.77;1.85
2017-04-03;ICF;U17 ;330256.73;106113.4;4619;170.5;169.05;175.85;169.05;169.5;171.0;466.84;1.5
2017-04-03;ICF;U18 ;3456.21;1110.5;408;185.5;183.0;185.5;183.0;177.35;179.4;638.02;2.05
2017-04-03;ICF;U19 ;0.0;0.0;250;0.0;0.0;0.0;0.0;183.85;185.9;638.02;2.05
2017-04-03;ICF;Z17 ;5023.41;1614.05;199;180.75;176.55;180.75;176.55;175.2;177.05;575.77;1.85
2017-04-03;ICF;Z18 ;0.0;0.0;29;0.0;0.0;0.0;0.0;178.9;180.95;638.02;2.05
2017-06-29;ICF;H18 ;0.0;0.0;0;0.0;0.0;0.0;0.0;158.5;155.85;0.0;2.65
2017-06-29;ICF;N17 ;0.0;0.0;10;0.0;0.0;0.0;0.0;146.3;143.65;875.13;2.65
2017-06-29;ICF;U17 ;171005.54;51782.2;4586;147.4;147.4;151.4;149.6;149.75;147.65;693.5;2.1
2017-06-29;ICF;U18 ;537.96;162.9;1703;162.9;162.9;162.9;162.9;161.15;158.65;825.6;2.5
2017-06-29;ICF;U19 ;0.0;0.0;461;0.0;0.0;0.0;0.0;167.7;165.2;825.6;2.5
2017-06-29;ICF;Z17 ;213164.97;64548.5;2065;153.8;152.95;156.8;154.9;153.9;151.25;875.13;2.65
2017-06-29;ICF;Z18 ;0.0;0.0;32;0.0;0.0;0.0;0.0;160.45;157.95;825.6;2.5
2017-03-30;ICF;H18 ;0.0;0.0;0;0.0;0.0;0.0;0.0;181.4;181.35;0.0;0.05
2017-03-30;ICF;K17 ;0.0;0.0;102;0.0;0.0;0.0;0.0;166.3;166.3;0.0;0.0
2017-03-30;ICF;N17 ;0.0;0.0;133;0.0;0.0;0.0;0.0;168.7;168.7;0.0;0.0
2017-03-30;ICF;U17 ;67269.62;21458.3;4626;171.5;170.6;172.2;171.75;171.9;171.8;31.34;0.1
2017-03-30;ICF;U18 ;0.0;0.0;405;0.0;0.0;0.0;0.0;179.7;179.7;0.0;0.0
2017-03-30;ICF;U19 ;0.0;0.0;250;0.0;0.0;0.0;0.0;185.95;185.75;62.69;0.2
2017-03-30;ICF;Z17 ;0.0;0.0;199;0.0;0.0;0.0;0.0;177.1;177.05;15.67;0.05
2017-03-30;ICF;Z18 ;0.0;0.0;29;0.0;0.0;0.0;0.0;181.15;181.15;0.0;0.0
2017-07-17;ICF;H18 ;0.0;0.0;0;0.0;0.0;0.0;0.0;168.1;168.3;0.0;0.2
2017-07-17;ICF;N17 ;0.0;0.0;0;0.0;0.0;0.0;0.0;155.25;155.45;63.64;0.2
2017-07-17;ICF;U17 ;97634.28;30679.45;3594;159.3;157.0;161.1;158.75;158.9;159.1;63.64;0.2
2017-07-17;ICF;U18 ;2180.58;685.2;1745;171.1;171.1;171.5;171.5;170.75;170.95;63.64;0.2
2017-07-17;ICF;U19 ;0.0;0.0;461;0.0;0.0;0.0;0.0;180.3;180.4;31.82;0.1
2017-07-17;ICF;Z17 ;34966.94;10987.6;3681;165.55;162.2;166.0;164.2;164.4;164.6;63.64;0.2
2017-07-17;ICF;Z18 ;0.0;0.0;396;0.0;0.0;0.0;0.0;175.8;176.0;63.64;0.2
2017-08-24;ICF;H18 ;0.0;0.0;169;0.0;0.0;0.0;0.0;156.0;157.15;360.97;1.15
2017-08-24;ICF;U17 ;79506.45;25329.4;782;153.4;149.85;153.4;150.0;150.5;152.05;486.52;1.55
2017-08-24;ICF;U18 ;10702.08;3409.5;1984;162.1;162.1;163.0;163.0;161.9;163.15;392.36;1.25
2017-08-24;ICF;U19 ;0.0;0.0;461;0.0;0.0;0.0;0.0;174.55;175.9;423.75;1.35
2017-08-24;ICF;Z17 ;131954.65;42038.5;6179;157.4;154.75;158.0;155.0;155.75;156.95;376.66;1.2
2017-08-24;ICF;Z18 ;1582.01;504.0;412;168.0;168.0;168.0;168.0;164.9;166.15;392.36;1.25
2017-01-13;ICF;H17 ;246853.95;77009.5;2995;181.75;176.95;181.75;178.7;178.7;181.3;833.43;2.6
2017-01-13;ICF;K17 ;0.0;0.0;0;0.0;0.0;0.0;0.0;182.7;183.1;0.0;0.4
2017-01-13;ICF;N17 ;0.0;0.0;0;0.0;0.0;0.0;0.0;184.95;185.35;0.0;0.4
2017-01-13;ICF;U17 ;6019.61;1877.9;2365;188.05;187.0;188.05;188.0;187.95;188.3;112.19;0.35
2017-01-13;ICF;U18 ;0.0;0.0;294;0.0;0.0;0.0;0.0;192.6;193.1;160.27;0.5
2017-01-13;ICF;Z17 ;0.0;0.0;192;0.0;0.0;0.0;0.0;192.85;193.15;96.16;0.3
2017-01-13;ICF;Z18 ;0.0;0.0;29;0.0;0.0;0.0;0.0;195.8;196.4;192.33;0.6
2017-03-08;ICF;H17 ;0.0;0.0;167;0.0;0.0;0.0;0.0;159.75;158.35;441.93;1.4
2017-03-08;ICF;H18 ;0.0;0.0;0;0.0;0.0;0.0;0.0;184.25;182.85;0.0;1.4
2017-03-08;ICF;K17 ;0.0;0.0;100;0.0;0.0;0.0;0.0;169.55;168.15;441.93;1.4
2017-03-08;ICF;N17 ;0.0;0.0;100;0.0;0.0;0.0;0.0;171.8;170.4;441.93;1.4
2017-03-08;ICF;U17 ;198962.7;63028.7;4196;173.9;172.15;176.0;173.9;175.05;173.65;441.93;1.4
2017-03-08;ICF;U18 ;36189.99;11464.5;324;181.25;181.25;182.0;182.0;182.0;179.5;789.17;2.5
2017-03-08;ICF;Z17 ;0.0;0.0;192;0.0;0.0;0.0;0.0;179.95;178.6;426.15;1.35
2017-03-08;ICF;Z18 ;581.94;184.35;29;184.35;184.35;184.35;184.35;183.7;182.4;410.37;1.3
2017-03-24;ICF;H18 ;0.0;0.0;0;0.0;0.0;0.0;0.0;179.1;182.9;0.0;3.8
2017-03-24;ICF;K17 ;0.0;0.0;102;0.0;0.0;0.0;0.0;164.05;167.9;1197.0;3.85
2017-03-24;ICF;N17 ;17544.65;5643.0;100;171.0;171.0;171.0;171.0;166.45;170.3;1197.0;3.85
2017-03-24;ICF;U17 ;224052.94;72063.6;4581;174.0;169.0;174.0;169.05;169.2;173.2;1243.64;4.0
2017-03-24;ICF;U18 ;221915.28;71376.05;379;182.9;180.7;182.9;181.2;177.15;181.05;1212.54;3.9
2017-03-24;ICF;U19 ;31127.22;10011.65;168;185.45;185.4;185.45;185.4;184.25;188.6;1352.45;4.35
2017-03-24;ICF;Z17 ;0.0;0.0;195;0.0;0.0;0.0;0.0;174.85;178.6;1165.91;3.75
2017-03-24;ICF;Z18 ;0.0;0.0;29;0.0;0.0;0.0;0.0;178.65;182.6;1228.09;3.95
2017-03-16;ICF;H17 ;0.0;0.0;127;0.0;0.0;0.0;0.0;159.35;158.6;233.6;0.75
2017-03-16;ICF;H18 ;0.0;0.0;0;0.0;0.0;0.0;0.0;183.85;183.3;0.0;0.55
2017-03-16;ICF;K17 ;0.0;0.0;102;0.0;0.0;0.0;0.0;169.15;168.4;233.6;0.75
2017-03-16;ICF;N17 ;0.0;0.0;100;0.0;0.0;0.0;0.0;171.4;170.7;218.02;0.7
2017-03-16;ICF;U17 ;124879.69;40093.65;4399;174.0;173.65;177.35;174.5;173.95;173.3;202.45;0.65
2017-03-16;ICF;U18 ;579.33;186.0;357;186.0;186.0;186.0;186.0;182.0;181.65;109.01;0.35
2017-03-16;ICF;Z17 ;0.0;0.0;192;0.0;0.0;0.0;0.0;179.6;178.95;202.45;0.65
2017-03-16;ICF;Z18 ;0.0;0.0;29;0.0;0.0;0.0;0.0;183.55;183.35;62.29;0.2
2017-04-27;ICF;H18 ;0.0;0.0;0;0.0;0.0;0.0;0.0;165.85;167.45;0.0;1.6
2017-04-27;ICF;K17 ;48865.74;15400.0;102;154.0;154.0;154.0;154.0;150.15;151.55;444.23;1.4
2017-04-27;ICF;N17 ;0.0;0.0;177;0.0;0.0;0.0;0.0;152.55;154.15;507.69;1.6
2017-04-27;ICF;U17 ;139567.22;43984.5;5137;157.6;156.5;159.45;157.4;157.35;157.85;158.65;0.5
2017-04-27;ICF;U18 ;167329.3;52733.7;586;168.9;167.5;168.9;168.5;165.05;166.5;460.09;1.45
2017-04-27;ICF;U19 ;0.0;0.0;334;0.0;0.0;0.0;0.0;172.2;173.6;444.23;1.4
2017-04-27;ICF;Z17 ;17005.75;5359.35;252;162.7;162.25;163.25;162.8;161.3;162.95;523.56;1.65
2017-04-27;ICF;Z18 ;0.0;0.0;29;0.0;0.0;0.0;0.0;166.9;168.55;523.56;1.65
2017-07-28;ICF;H18 ;0.0;0.0;0;0.0;0.0;0.0;0.0;173.85;171.35;0.0;2.5
2017-07-28;ICF;U17 ;193002.38;61471.6;3079;161.6;161.0;165.6;164.55;164.85;162.2;832.02;2.65
2017-07-28;ICF;U18 ;7823.66;2491.85;1861;176.95;176.95;178.15;178.0;176.35;173.85;784.92;2.5
2017-07-28;ICF;U19 ;0.0;0.0;461;0.0;0.0;0.0;0.0;185.9;183.55;737.82;2.35
2017-07-28;ICF;Z17 ;109493.58;34873.9;3930;167.0;166.7;171.5;170.25;170.2;167.5;847.71;2.7
2017-07-28;ICF;Z18 ;569.54;181.4;396;181.4;181.4;181.4;181.4;181.4;178.95;769.22;2.45
2017-01-05;ICF;H17 ;114838.04;35938.55;3645;170.9;169.0;172.95;171.25;170.9;168.95;623.1;1.95
2017-01-05;ICF;U17 ;22016.31;6890.0;2276;180.0;180.0;182.0;182.0;180.15;177.65;798.85;2.5
2017-01-05;ICF;U18 ;0.0;0.0;294;0.0;0.0;0.0;0.0;184.8;182.35;782.87;2.45
2017-01-05;ICF;Z17 ;0.0;0.0;192;0.0;0.0;0.0;0.0;184.9;182.4;798.85;2.5
2017-01-05;ICF;Z18 ;0.0;0.0;29;0.0;0.0;0.0;0.0;188.05;185.45;830.8;2.6
2017-02-15;ICF;H17 ;131795.1;43080.15;1743;169.9;167.0;170.0;168.9;168.8;170.1;397.7;1.3
2017-02-15;ICF;H18 ;0.0;0.0;0;0.0;0.0;0.0;0.0;190.6;189.15;0.0;1.45
2017-02-15;ICF;K17 ;0.0;0.0;100;0.0;0.0;0.0;0.0;176.45;175.1;413.0;1.35
2017-02-15;ICF;N17 ;0.0;0.0;0;0.0;0.0;0.0;0.0;178.6;177.35;0.0;1.25
2017-02-15;ICF;U17 ;164383.68;53732.45;3709;181.5;179.5;182.75;182.0;181.65;180.3;413.0;1.35
2017-02-15;ICF;U18 ;0.0;0.0;294;0.0;0.0;0.0;0.0;186.5;185.1;428.3;1.4
2017-02-15;ICF;Z17 ;0.0;0.0;192;0.0;0.0;0.0;0.0;186.7;185.25;443.59;1.45
2017-02-15;ICF;Z18 ;0.0;0.0;29;0.0;0.0;0.0;0.0;189.45;188.05;428.3;1.4
2017-02-13;ICF;H17 ;27816.54;8940.2;2011;173.15;170.5;173.5;170.5;171.5;174.0;777.85;2.5
2017-02-13;ICF;H18 ;0.0;0.0;0;0.0;0.0;0.0;0.0;190.15;192.2;0.0;2.05
2017-02-13;ICF;K17 ;0.0;0.0;100;0.0;0.0;0.0;0.0;175.9;178.0;653.39;2.1
2017-02-13;ICF;N17 ;0.0;0.0;0;0.0;0.0;0.0;0.0;178.15;180.3;0.0;2.15
2017-02-13;ICF;U17 ;30142.31;9687.7;3244;183.65;181.65;184.1;183.2;181.05;183.2;668.95;2.15
2017-02-13;ICF;U18 ;0.0;0.0;294;0.0;0.0;0.0;0.0;186.1;188.15;637.83;2.05
2017-02-13;ICF;Z17 ;0.0;0.0;192;0.0;0.0;0.0;0.0;186.3;188.35;637.83;2.05
2017-02-13;ICF;Z18 ;0.0;0.0;29;0.0;0.0;0.0;0.0;189.05;191.1;637.83;2.05
2017-04-07;ICF;H18 ;0.0;0.0;0;0.0;0.0;0.0;0.0;182.35;179.3;0.0;3.05
2017-04-07;ICF;K17 ;0.0;0.0;102;0.0;0.0;0.0;0.0;167.3;164.25;960.17;3.05
2017-04-07;ICF;N17 ;0.0;0.0;133;0.0;0.0;0.0;0.0;169.65;166.6;960.17;3.05
2017-04-07;ICF;U17 ;160291.02;50916.75;4685;169.0;168.0;172.25;172.1;172.1;169.15;928.68;2.95
2017-04-07;ICF;U18 ;569.81;181.0;413;181.0;181.0;181.0;181.0;180.4;177.55;897.2;2.85
2017-04-07;ICF;U19 ;0.0;0.0;334;0.0;0.0;0.0;0.0;185.65;183.45;692.58;2.2
2017-04-07;ICF;Z17 ;0.0;0.0;202;0.0;0.0;0.0;0.0;178.1;175.05;960.17;3.05
2017-04-07;ICF;Z18 ;0.0;0.0;29;0.0;0.0;0.0;0.0;181.95;179.1;897.2;2.85
2017-03-20;ICF;H17 ;0.0;0.0;107;0.0;0.0;0.0;0.0;172.4;168.2;1289.23;4.2
2017-03-20;ICF;H18 ;0.0;0.0;0;0.0;0.0;0.0;0.0;188.95;184.65;0.0;4.3
2017-03-20;ICF;K17 ;0.0;0.0;102;0.0;0.0;0.0;0.0;174.2;169.95;1304.58;4.25
2017-03-20;ICF;N17 ;0.0;0.0;100;0.0;0.0;0.0;0.0;176.5;172.2;1319.92;4.3
2017-03-20;ICF;U17 ;101473.46;33057.55;4470;174.3;173.8;179.0;178.5;178.95;174.8;1273.88;4.15
2017-03-20;ICF;U18 ;9133.9;2975.6;382;184.95;184.75;186.8;186.8;187.1;182.85;1304.58;4.25
2017-03-20;ICF;U19 ;0.0;0.0;168;0.0;0.0;0.0;0.0;194.95;190.7;1304.58;4.25
2017-03-20;ICF;Z17 ;0.0;0.0;192;0.0;0.0;0.0;0.0;184.7;180.4;1319.92;4.3
2017-03-20;ICF;Z18 ;0.0;0.0;29;0.0;0.0;0.0;0.0;188.55;184.35;1289.23;4.2
2017-04-11;ICF;H18 ;0.0;0.0;0;0.0;0.0;0.0;0.0;182.45;182.15;0.0;0.3
2017-04-11;ICF;K17 ;1549.09;494.0;102;168.0;163.0;168.0;163.0;167.5;167.05;141.11;0.45
2017-04-11;ICF;N17 ;0.0;0.0;133;0.0;0.0;0.0;0.0;169.65;169.3;109.75;0.35
2017-04-11;ICF;U17 ;43159.9;13763.6;4735;172.05;171.5;172.5;172.15;172.15;172.25;31.35;0.1
2017-04-11;ICF;U18 ;573.85;183.0;407;183.0;183.0;183.0;183.0;180.75;180.5;78.39;0.25
2017-04-11;ICF;U19 ;0.0;0.0;334;0.0;0.0;0.0;0.0;185.85;185.55;94.07;0.3
2017-04-11;ICF;Z17 ;0.0;0.0;203;0.0;0.0;0.0;0.0;178.1;177.75;109.75;0.35
2017-04-11;ICF;Z18 ;0.0;0.0;29;0.0;0.0;0.0;0.0;182.35;182.1;78.39;0.25
2017-02-03;ICF;H17 ;109660.12;35206.15;2791;176.0;173.8;177.0;176.25;175.5;176.7;373.77;1.2
2017-02-03;ICF;K17 ;0.0;0.0;100;0.0;0.0;0.0;0.0;178.75;178.5;77.87;0.25
2017-02-03;ICF;N17 ;0.0;0.0;0;0.0;0.0;0.0;0.0;181.05;180.75;0.0;0.3
2017-02-03;ICF;U17 ;12685.02;4072.5;2545;183.0;183.0;185.4;185.1;184.1;183.8;93.44;0.3
2017-02-03;ICF;U18 ;0.0;0.0;294;0.0;0.0;0.0;0.0;188.9;188.5;124.59;0.4
2017-02-03;ICF;Z17 ;0.0;0.0;192;0.0;0.0;0.0;0.0;189.2;188.8;124.59;0.4
2017-02-03;ICF;Z18 ;0.0;0.0;29;0.0;0.0;0.0;0.0;191.8;191.35;140.16;0.45
2017-07-31;ICF;H18 ;0.0;0.0;0;0.0;0.0;0.0;0.0;175.65;173.85;0.0;1.8
2017-07-31;ICF;U17 ;148594.09;47611.05;3066;164.7;163.85;167.1;165.7;166.85;164.85;624.2;2.0
2017-07-31;ICF;U18 ;5000.0;1602.05;1867;177.1;177.1;179.0;179.0;178.15;176.35;561.78;1.8
2017-07-31;ICF;U19 ;0.0;0.0;461;0.0;0.0;0.0;0.0;187.75;185.9;577.38;1.85
2017-07-31;ICF;Z17 ;92186.54;29537.5;3954;170.3;169.5;171.7;171.0;171.55;170.2;421.33;1.35
2017-07-31;ICF;Z18 ;1701.73;545.25;397;181.4;181.4;182.0;181.85;183.2;181.4;561.78;1.8
2017-05-10;ICF;H18 ;0.0;0.0;0;0.0;0.0;0.0;0.0;174.8;172.95;0.0;1.85
2017-05-10;ICF;K17 ;0.0;0.0;0;0.0;0.0;0.0;0.0;159.7;157.7;631.96;2.0
2017-05-10;ICF;N17 ;0.0;0.0;177;0.0;0.0;0.0;0.0;162.0;160.05;616.16;1.95
2017-05-10;ICF;U17 ;104396.95;33039.1;5807;164.75;164.5;166.85;166.0;166.35;164.7;521.36;1.65
2017-05-10;ICF;U18 ;16187.02;5122.8;820;176.5;176.5;177.0;177.0;177.0;175.1;600.36;1.9
2017-05-10;ICF;U19 ;0.0;0.0;377;0.0;0.0;0.0;0.0;180.85;178.75;663.55;2.1
2017-05-10;ICF;Z17 ;540.33;171.0;261;171.0;171.0;171.0;171.0;170.35;168.45;600.36;1.9
2017-05-10;ICF;Z18 ;0.0;0.0;32;0.0;0.0;0.0;0.0;175.8;173.9;600.36;1.9
2017-08-23;ICF;H18 ;0.0;0.0;169;0.0;0.0;0.0;0.0;157.15;157.65;157.4;0.5
2017-08-23;ICF;U17 ;12479.23;3964.05;828;152.2;152.0;153.8;152.0;152.05;151.5;173.14;0.55
2017-08-23;ICF;U18 ;517.08;164.25;1984;164.25;164.25;164.25;164.25;163.15;163.5;110.18;0.35
2017-08-23;ICF;U19 ;0.0;0.0;461;0.0;0.0;0.0;0.0;175.9;175.15;236.1;0.75
2017-08-23;ICF;Z17 ;71846.73;22822.25;6117;157.0;156.7;158.75;156.9;156.95;156.45;157.4;0.5
2017-08-23;ICF;Z18 ;0.0;0.0;412;0.0;0.0;0.0;0.0;166.15;166.25;31.48;0.1
2017-08-18;ICF;H18 ;0.0;0.0;169;0.0;0.0;0.0;0.0;161.1;161.5;125.87;0.4
2017-08-18;ICF;U17 ;25251.18;8024.4;1151;155.85;152.8;155.85;154.5;153.75;154.3;173.07;0.55
2017-08-18;ICF;U18 ;6818.96;2166.95;1971;166.75;165.55;167.05;167.0;166.8;167.15;110.13;0.35
2017-08-18;ICF;U19 ;0.0;0.0;461;0.0;0.0;0.0;0.0;177.85;178.0;47.2;0.15
2017-08-18;ICF;Z17 ;98970.79;31451.25;5753;160.3;157.3;160.5;159.4;159.1;159.55;141.6;0.45
2017-08-18;ICF;Z18 ;0.0;0.0;412;0.0;0.0;0.0;0.0;169.45;169.85;125.87;0.4
2017-08-15;ICF;H18 ;3812.93;1195.2;170;171.6;168.0;171.75;168.0;166.1;172.6;2073.63;6.5
2017-08-15;ICF;U17 ;301044.02;94365.25;2109;164.3;157.0;164.3;158.95;157.9;162.55;1483.44;4.65
2017-08-15;ICF;U18 ;46346.43;14527.75;1962;174.5;171.05;174.5;171.05;171.7;178.05;2025.77;6.35
2017-08-15;ICF;U19 ;1159.16;363.35;461;180.85;180.85;182.5;182.5;179.75;185.65;1882.21;5.9
2017-08-15;ICF;Z17 ;428653.46;134365.7;4497;169.2;162.3;169.2;163.6;162.75;168.65;1882.21;5.9
2017-08-15;ICF;Z18 ;567.86;178.0;412;178.0;178.0;178.0;178.0;174.35;180.55;1977.92;6.2
2017-01-24;ICF;H17 ;230821.59;72862.65;2901;186.9;182.8;188.4;182.8;183.25;186.25;950.37;3.0
2017-01-24;ICF;K17 ;0.0;0.0;0;0.0;0.0;0.0;0.0;186.8;190.8;0.0;4.0
2017-01-24;ICF;N17 ;0.0;0.0;0;0.0;0.0;0.0;0.0;189.05;193.05;0.0;4.0
2017-01-24;ICF;U17 ;68923.84;21756.95;2412;196.0;191.8;197.5;192.0;192.05;195.95;1235.48;3.9
2017-01-24;ICF;U18 ;0.0;0.0;294;0.0;0.0;0.0;0.0;196.65;200.2;1124.6;3.55
2017-01-24;ICF;Z17 ;0.0;0.0;192;0.0;0.0;0.0;0.0;196.95;200.7;1187.96;3.75
2017-01-24;ICF;Z18 ;0.0;0.0;29;0.0;0.0;0.0;0.0;199.5;202.9;1077.08;3.4
2017-06-06;ICF;H18 ;0.0;0.0;0;0.0;0.0;0.0;0.0;160.55;164.4;0.0;3.85
2017-06-06;ICF;N17 ;0.0;0.0;87;0.0;0.0;0.0;0.0;147.35;151.15;1247.04;3.8
2017-06-06;ICF;U17 ;64935.49;19787.15;6090;155.5;151.65;155.75;152.3;152.0;155.2;1050.14;3.2
2017-06-06;ICF;U18 ;38248.87;11655.2;1311;167.0;164.05;167.5;165.15;163.15;166.95;1247.04;3.8
2017-06-06;ICF;U19 ;24172.67;7365.9;377;171.3;171.3;171.3;171.3;167.1;170.9;1247.04;3.8
2017-06-06;ICF;Z17 ;0.0;0.0;300;0.0;0.0;0.0;0.0;156.0;159.75;1230.63;3.75
2017-06-06;ICF;Z18 ;0.0;0.0;32;0.0;0.0;0.0;0.0;162.05;165.9;1263.45;3.85
2017-07-13;ICF;H18 ;0.0;0.0;0;0.0;0.0;0.0;0.0;165.0;160.15;0.0;4.85
2017-07-13;ICF;N17 ;0.0;0.0;0;0.0;0.0;0.0;0.0;152.35;147.95;1411.78;4.4
2017-07-13;ICF;U17 ;194268.86;60546.3;3705;151.5;151.5;156.9;155.4;156.0;150.8;1668.47;5.2
2017-07-13;ICF;U18 ;4814.5;1500.5;1746;166.5;166.5;168.1;168.1;167.7;163.0;1508.04;4.7
2017-07-13;ICF;U19 ;0.0;0.0;461;0.0;0.0;0.0;0.0;177.3;172.6;1508.04;4.7
2017-07-13;ICF;Z17 ;51826.43;16152.35;3683;157.0;156.6;162.25;161.2;161.3;156.45;1556.17;4.85
2017-07-13;ICF;Z18 ;0.0;0.0;396;0.0;0.0;0.0;0.0;172.8;168.15;1491.99;4.65
2017-05-22;ICF;H18 ;0.0;0.0;0;0.0;0.0;0.0;0.0;167.1;168.95;0.0;1.85
2017-05-22;ICF;K17 ;0.0;0.0;0;0.0;0.0;0.0;0.0;151.8;153.75;637.8;1.95
2017-05-22;ICF;N17 ;0.0;0.0;77;0.0;0.0;0.0;0.0;154.0;156.0;654.16;2.0
2017-05-22;ICF;U17 ;65728.03;20095.4;5875;159.55;157.0;159.55;158.8;158.4;159.75;441.55;1.35
2017-05-22;ICF;U18 ;66528.24;20340.05;900;171.25;168.0;171.25;170.3;169.55;171.25;556.03;1.7
2017-05-22;ICF;U19 ;0.0;0.0;377;0.0;0.0;0.0;0.0;173.0;175.25;735.93;2.25
2017-05-22;ICF;Z17 ;2154.15;658.6;282;164.65;164.65;164.65;164.65;162.6;164.55;637.8;1.95
2017-05-22;ICF;Z18 ;0.0;0.0;32;0.0;0.0;0.0;0.0;168.35;170.05;556.03;1.7
2017-04-24;ICF;H18 ;0.0;0.0;0;0.0;0.0;0.0;0.0;169.05;172.15;0.0;3.1
2017-04-24;ICF;K17 ;0.0;0.0;102;0.0;0.0;0.0;0.0;153.35;156.2;892.27;2.85
2017-04-24;ICF;N17 ;0.0;0.0;177;0.0;0.0;0.0;0.0;155.75;158.9;986.2;3.15
2017-04-24;ICF;U17 ;123741.27;39523.85;4984;163.0;159.7;165.45;160.3;160.1;163.25;986.2;3.15
2017-04-24;ICF;U18 ;112649.78;35981.15;432;172.15;171.55;173.2;171.55;168.25;171.1;892.27;2.85
2017-04-24;ICF;U19 ;0.0;0.0;334;0.0;0.0;0.0;0.0;175.1;177.05;610.5;1.95
2017-04-24;ICF;Z17 ;3704.68;1183.3;248;169.2;167.0;170.95;167.75;164.45;167.65;1001.85;3.2
2017-04-24;ICF;Z18 ;0.0;0.0;29;0.0;0.0;0.0;0.0;170.1;172.9;876.62;2.8
2017-05-26;ICF;H18 ;0.0;0.0;0;0.0;0.0;0.0;0.0;167.9;165.45;0.0;2.45
2017-05-26;ICF;N17 ;0.0;0.0;77;0.0;0.0;0.0;0.0;154.8;152.3;814.65;2.5
2017-05-26;ICF;U17 ;111715.89;34283.4;5890;156.2;156.2;160.2;159.4;159.0;156.5;814.65;2.5
2017-05-26;ICF;U18 ;10538.48;3234.05;1290;169.85;169.05;171.5;171.0;170.35;167.85;814.65;2.5
2017-05-26;ICF;U19 ;0.0;0.0;377;0.0;0.0;0.0;0.0;174.0;171.3;879.82;2.7
2017-05-26;ICF;Z17 ;0.0;0.0;282;0.0;0.0;0.0;0.0;163.4;160.95;798.35;2.45
2017-05-26;ICF;Z18 ;0.0;0.0;32;0.0;0.0;0.0;0.0;169.2;166.6;847.23;2.6
2017-07-04;ICF;H18 ;0.0;0.0;0;0.0;0.0;0.0;0.0;160.15;160.15;0.0;0.0
2017-07-04;ICF;N17 ;0.0;0.0;10;0.0;0.0;0.0;0.0;147.75;147.75;0.0;0.0
2017-07-04;ICF;U17 ;35861.53;10849.05;4302;152.0;152.0;153.2;152.4;151.25;151.25;0.0;0.0
2017-07-04;ICF;U18 ;0.0;0.0;1704;0.0;0.0;0.0;0.0;162.85;162.85;0.0;0.0
2017-07-04;ICF;U19 ;0.0;0.0;461;0.0;0.0;0.0;0.0;172.55;172.55;0.0;0.0
2017-07-04;ICF;Z17 ;16152.82;4886.65;2877;157.5;157.2;158.1;157.6;156.5;156.5;0.0;0.0
2017-07-04;ICF;Z18 ;0.0;0.0;387;0.0;0.0;0.0;0.0;168.0;168.0;0.0;0.0
2017-07-06;ICF;H18 ;0.0;0.0;0;0.0;0.0;0.0;0.0;162.1;163.1;0.0;1.0
2017-07-06;ICF;N17 ;0.0;0.0;0;0.0;0.0;0.0;0.0;148.9;150.1;395.91;1.2
2017-07-06;ICF;U17 ;140927.78;42714.45;4300;154.85;151.35;155.9;153.1;153.6;154.65;346.42;1.05
2017-07-06;ICF;U18 ;1100.32;333.5;1704;168.0;165.5;168.0;165.5;164.85;165.85;329.93;1.0
2017-07-06;ICF;U19 ;0.0;0.0;461;0.0;0.0;0.0;0.0;174.0;175.25;412.41;1.25
2017-07-06;ICF;Z17 ;205295.97;62224.1;2908;159.5;156.9;160.8;159.0;158.5;159.55;346.42;1.05
2017-07-06;ICF;Z18 ;5584.23;1692.55;387;169.3;169.25;169.3;169.25;169.85;170.85;329.93;1.0
2017-08-16;ICF;H18 ;530.15;167.95;169;167.95;167.95;167.95;167.95;164.8;166.1;410.35;1.3
2017-08-16;ICF;U17 ;202240.05;64068.95;1821;159.35;155.6;159.45;157.8;157.6;157.9;94.69;0.3
2017-08-16;ICF;U18 ;15524.16;4918.0;1968;170.0;169.1;170.8;169.85;170.35;171.7;426.14;1.35
2017-08-16;ICF;U19 ;0.0;0.0;461;0.0;0.0;0.0;0.0;178.35;179.75;441.92;1.4
2017-08-16;ICF;Z17 ;346448.69;109753.75;4847;164.0;160.75;164.5;162.5;162.15;162.75;189.39;0.6
2017-08-16;ICF;Z18 ;0.0;0.0;412;0.0;0.0;0.0;0.0;172.95;174.35;441.92;1.4
2017-08-22;ICF;H18 ;0.0;0.0;169;0.0;0.0;0.0;0.0;157.65;159.0;426.72;1.35
2017-08-22;ICF;U17 ;39018.62;12344.15;1062;152.95;151.5;153.2;152.0;151.5;152.25;237.06;0.75
2017-08-22;ICF;U18 ;66361.36;20994.45;1981;164.1;163.4;164.65;164.25;163.5;164.75;395.11;1.25
2017-08-22;ICF;U19 ;0.0;0.0;461;0.0;0.0;0.0;0.0;175.15;176.15;316.09;1.0
2017-08-22;ICF;Z17 ;168519.75;53313.85;5896;157.5;155.85;157.5;157.05;156.45;157.5;331.89;1.05
2017-08-22;ICF;Z18 ;0.0;0.0;412;0.0;0.0;0.0;0.0;166.25;167.55;410.91;1.3
2017-05-23;ICF;H18 ;0.0;0.0;0;0.0;0.0;0.0;0.0;166.7;167.1;0.0;0.4
2017-05-23;ICF;K17 ;0.0;0.0;0;0.0;0.0;0.0;0.0;151.35;151.8;147.15;0.45
2017-05-23;ICF;N17 ;0.0;0.0;77;0.0;0.0;0.0;0.0;153.55;154.0;147.15;0.45
2017-05-23;ICF;U17 ;61712.67;18871.8;5896;158.75;157.8;159.5;158.3;158.0;158.4;130.8;0.4
2017-05-23;ICF;U18 ;162654.94;49740.05;1016;170.0;169.15;171.2;170.25;169.2;169.55;114.45;0.35
2017-05-23;ICF;U19 ;0.0;0.0;377;0.0;0.0;0.0;0.0;173.05;173.0;16.35;0.05
2017-05-23;ICF;Z17 ;10725.93;3280.0;282;164.0;164.0;164.0;164.0;162.2;162.6;130.8;0.4
2017-05-23;ICF;Z18 ;0.0;0.0;32;0.0;0.0;0.0;0.0;167.95;168.35;130.8;0.4
2017-06-14;ICF;H18 ;0.0;0.0;0;0.0;0.0;0.0;0.0;160.25;161.45;0.0;1.2
2017-06-14;ICF;N17 ;0.0;0.0;87;0.0;0.0;0.0;0.0;147.35;148.45;360.18;1.1
2017-06-14;ICF;U17 ;163414.33;49906.65;6190;152.7;152.0;154.5;152.5;151.6;152.7;360.18;1.1
2017-06-14;ICF;U18 ;122112.04;37292.95;1475;165.15;164.5;166.5;165.35;163.15;164.2;343.81;1.05
2017-06-14;ICF;U19 ;0.0;0.0;405;0.0;0.0;0.0;0.0;167.65;168.5;278.32;0.85
2017-06-14;ICF;Z17 ;516.21;157.65;300;157.65;157.65;157.65;157.65;155.6;156.85;409.3;1.25
2017-06-14;ICF;Z18 ;0.0;0.0;32;0.0;0.0;0.0;0.0;162.2;163.25;343.81;1.05
2017-03-09;ICF;H17 ;0.0;0.0;127;0.0;0.0;0.0;0.0;158.05;159.75;541.22;1.7
2017-03-09;ICF;H18 ;0.0;0.0;0;0.0;0.0;0.0;0.0;182.6;184.25;0.0;1.65
2017-03-09;ICF;K17 ;0.0;0.0;100;0.0;0.0;0.0;0.0;167.85;169.55;541.22;1.7
2017-03-09;ICF;N17 ;0.0;0.0;100;0.0;0.0;0.0;0.0;170.15;171.8;525.31;1.65
2017-03-09;ICF;U17 ;159586.31;50126.05;4188;174.25;172.55;175.85;172.55;173.1;175.05;620.82;1.95
2017-03-09;ICF;U18 ;6388.09;2006.5;386;182.5;182.0;182.8;182.8;180.6;182.0;445.71;1.4
2017-03-09;ICF;Z17 ;569.88;179.0;192;179.0;179.0;179.0;179.0;178.3;179.95;525.31;1.65
2017-03-09;ICF;Z18 ;0.0;0.0;29;0.0;0.0;0.0;0.0;182.2;183.7;477.55;1.5
2017-07-11;ICF;H18 ;0.0;0.0;0;0.0;0.0;0.0;0.0;159.2;161.45;0.0;2.25
2017-07-11;ICF;N17 ;0.0;0.0;0;0.0;0.0;0.0;0.0;145.9;148.25;763.77;2.35
2017-07-11;ICF;U17 ;184018.22;56619.25;3858;153.0;149.7;154.05;150.4;149.85;152.1;731.27;2.25
2017-07-11;ICF;U18 ;0.0;0.0;1746;0.0;0.0;0.0;0.0;162.0;164.2;715.02;2.2
2017-07-11;ICF;U19 ;0.0;0.0;461;0.0;0.0;0.0;0.0;171.7;173.9;715.02;2.2
2017-07-11;ICF;Z17 ;173805.27;53476.9;3404;158.8;154.8;159.1;155.5;155.55;157.85;747.52;2.3
2017-07-11;ICF;Z18 ;0.0;0.0;396;0.0;0.0;0.0;0.0;167.15;169.4;731.27;2.25
2017-02-22;ICF;H17 ;24271.7;7881.7;747;175.5;173.5;177.25;174.0;174.35;175.35;307.95;1.0
2017-02-22;ICF;H18 ;0.0;0.0;0;0.0;0.0;0.0;0.0;195.7;197.0;0.0;1.3
2017-02-22;ICF;K17 ;0.0;0.0;100;0.0;0.0;0.0;0.0;181.65;182.9;384.93;1.25
2017-02-22;ICF;N17 ;0.0;0.0;100;0.0;0.0;0.0;0.0;183.9;185.1;369.54;1.2
2017-02-22;ICF;U17 ;124002.07;40266.95;4440;187.0;185.5;189.25;186.25;186.9;188.15;384.93;1.25
2017-02-22;ICF;U18 ;7686.43;2496.0;294;192.0;192.0;192.0;192.0;191.6;192.65;323.34;1.05
2017-02-22;ICF;Z17 ;0.0;0.0;192;0.0;0.0;0.0;0.0;191.8;193.1;400.33;1.3
2017-02-22;ICF;Z18 ;0.0;0.0;29;0.0;0.0;0.0;0.0;194.4;195.4;307.95;1.0
2017-02-02;ICF;H17 ;149284.87;47884.55;2715;180.5;175.95;181.45;176.9;176.7;180.05;1044.39;3.35
2017-02-02;ICF;K17 ;0.0;0.0;100;0.0;0.0;0.0;0.0;178.5;183.85;1667.91;5.35
2017-02-02;ICF;N17 ;0.0;0.0;0;0.0;0.0;0.0;0.0;180.75;186.1;0.0;5.35
2017-02-02;ICF;U17 ;11654.84;3738.4;2542;189.55;185.0;189.7;185.85;183.8;189.05;1636.74;5.25
2017-02-02;ICF;U18 ;0.0;0.0;294;0.0;0.0;0.0;0.0;188.5;193.8;1652.32;5.3
2017-02-02;ICF;Z17 ;0.0;0.0;192;0.0;0.0;0.0;0.0;188.8;194.05;1636.74;5.25
2017-02-02;ICF;Z18 ;0.0;0.0;29;0.0;0.0;0.0;0.0;191.35;196.65;1652.32;5.3
2017-07-18;ICF;H18 ;0.0;0.0;0;0.0;0.0;0.0;0.0;169.85;168.1;0.0;1.75
2017-07-18;ICF;N17 ;0.0;0.0;0;0.0;0.0;0.0;0.0;155.75;155.25;157.96;0.5
2017-07-18;ICF;U17 ;148463.25;46992.45;3581;158.75;158.2;161.5;160.4;161.0;158.9;663.45;2.1
2017-07-18;ICF;U18 ;547.98;173.45;1747;173.45;173.45;173.45;173.45;172.45;170.75;537.08;1.7
2017-07-18;ICF;U19 ;0.0;0.0;461;0.0;0.0;0.0;0.0;181.95;180.3;521.28;1.65
2017-07-18;ICF;Z17 ;55950.89;17709.9;3694;164.0;163.8;166.85;166.1;166.65;164.4;710.84;2.25
2017-07-18;ICF;Z18 ;0.0;0.0;396;0.0;0.0;0.0;0.0;177.5;175.8;537.08;1.7
2017-03-14;ICF;H17 ;0.0;0.0;127;0.0;0.0;0.0;0.0;159.15;160.35;380.84;1.2
2017-03-14;ICF;H18 ;0.0;0.0;0;0.0;0.0;0.0;0.0;183.7;185.25;0.0;1.55
2017-03-14;ICF;K17 ;0.0;0.0;102;0.0;0.0;0.0;0.0;168.9;170.35;460.18;1.45
2017-03-14;ICF;N17 ;0.0;0.0;100;0.0;0.0;0.0;0.0;171.2;172.65;460.18;1.45
2017-03-14;ICF;U17 ;211100.88;66515.7;4264;175.75;173.55;176.75;173.6;173.8;175.55;555.39;1.75
2017-03-14;ICF;U18 ;3540.42;1115.55;362;185.75;185.75;186.15;186.15;181.95;183.45;476.05;1.5
2017-03-14;ICF;Z17 ;0.0;0.0;192;0.0;0.0;0.0;0.0;179.4;180.85;460.18;1.45
2017-03-14;ICF;Z18 ;0.0;0.0;29;0.0;0.0;0.0;0.0;183.6;185.15;491.92;1.55
2017-01-03;ICF;H17 ;290835.97;89523.8;3792;163.7;160.5;165.35;163.45;163.3;159.85;1120.8;3.45
2017-01-03;ICF;U17 ;182099.71;56053.1;2236;173.65;169.5;173.65;172.0;171.7;169.25;795.93;2.45
2017-01-03;ICF;U18 ;0.0;0.0;294;0.0;0.0;0.0;0.0;176.6;174.25;763.44;2.35
2017-01-03;ICF;Z17 ;0.0;0.0;192;0.0;0.0;0.0;0.0;176.35;174.05;747.2;2.3
2017-01-03;ICF;Z18 ;0.0;0.0;29;0.0;0.0;0.0;0.0;179.85;177.6;730.95;2.25
2017-05-05;ICF;H18 ;0.0;0.0;0;0.0;0.0;0.0;0.0;173.95;172.95;0.0;1.0
2017-05-05;ICF;K17 ;0.0;0.0;2;0.0;0.0;0.0;0.0;158.1;157.6;158.77;0.5
2017-05-05;ICF;N17 ;0.0;0.0;177;0.0;0.0;0.0;0.0;160.75;159.75;317.55;1.0
2017-05-05;ICF;U17 ;109648.43;34529.5;5509;164.0;163.15;165.65;165.65;165.45;163.7;555.71;1.75
2017-05-05;ICF;U18 ;558.89;176.0;819;176.0;176.0;176.0;176.0;176.1;175.3;254.04;0.8
2017-05-05;ICF;U19 ;0.0;0.0;362;0.0;0.0;0.0;0.0;180.35;179.35;317.55;1.0
2017-05-05;ICF;Z17 ;536.66;169.0;262;169.0;169.0;169.0;169.0;169.3;168.35;301.67;0.95
2017-05-05;ICF;Z18 ;0.0;0.0;32;0.0;0.0;0.0;0.0;174.95;174.0;301.67;0.95
2017-04-06;ICF;H18 ;0.0;0.0;0;0.0;0.0;0.0;0.0;179.3;178.5;0.0;0.8
2017-04-06;ICF;K17 ;0.0;0.0;102;0.0;0.0;0.0;0.0;164.25;163.65;188.03;0.6
2017-04-06;ICF;N17 ;0.0;0.0;133;0.0;0.0;0.0;0.0;166.6;165.9;219.37;0.7
2017-04-06;ICF;U17 ;67916.0;21671.4;4697;168.8;168.5;169.9;169.25;169.15;168.8;109.68;0.35
2017-04-06;ICF;U18 ;561.44;179.15;413;179.15;179.15;179.15;179.15;177.55;176.65;282.05;0.9
2017-04-06;ICF;U19 ;48599.89;15507.8;250;184.75;184.35;184.75;184.35;183.45;182.85;188.03;0.6
2017-04-06;ICF;Z17 ;0.0;0.0;202;0.0;0.0;0.0;0.0;175.05;174.3;235.04;0.75
2017-04-06;ICF;Z18 ;0.0;0.0;29;0.0;0.0;0.0;0.0;179.1;178.25;266.38;0.85
2017-03-28;ICF;H18 ;0.0;0.0;0;0.0;0.0;0.0;0.0;180.6;181.05;0.0;0.45
2017-03-28;ICF;K17 ;0.0;0.0;102;0.0;0.0;0.0;0.0;165.7;166.15;141.15;0.45
2017-03-28;ICF;N17 ;0.0;0.0;133;0.0;0.0;0.0;0.0;168.05;168.5;141.15;0.45
2017-03-28;ICF;U17 ;170737.01;54432.05;4570;171.5;169.6;172.0;171.8;171.45;171.25;62.73;0.2
2017-03-28;ICF;U18 ;50414.3;16072.4;362;181.0;180.45;181.0;180.5;178.9;179.35;141.15;0.45
2017-03-28;ICF;U19 ;0.0;0.0;222;0.0;0.0;0.0;0.0;185.5;186.55;329.35;1.05
2017-03-28;ICF;Z17 ;0.0;0.0;199;0.0;0.0;0.0;0.0;176.35;176.85;156.83;0.5
2017-03-28;ICF;Z18 ;0.0;0.0;29;0.0;0.0;0.0;0.0;180.3;180.85;172.51;0.55
2017-02-21;ICF;H17 ;52961.75;17130.3;1142;172.95;172.8;176.3;175.3;175.35;172.5;881.13;2.85
2017-02-21;ICF;H18 ;0.0;0.0;0;0.0;0.0;0.0;0.0;197.0;194.1;0.0;2.9
2017-02-21;ICF;K17 ;0.0;0.0;100;0.0;0.0;0.0;0.0;182.9;179.85;942.96;3.05
2017-02-21;ICF;N17 ;0.0;0.0;100;0.0;0.0;0.0;0.0;185.1;182.05;942.96;3.05
2017-02-21;ICF;U17 ;167886.58;54302.35;4063;184.5;183.1;188.1;187.5;188.15;185.1;942.96;3.05
2017-02-21;ICF;U18 ;0.0;0.0;294;0.0;0.0;0.0;0.0;192.65;190.0;819.3;2.65
2017-02-21;ICF;Z17 ;0.0;0.0;192;0.0;0.0;0.0;0.0;193.1;190.15;912.05;2.95
2017-02-21;ICF;Z18 ;0.0;0.0;29;0.0;0.0;0.0;0.0;195.4;192.75;819.3;2.65
2017-07-24;ICF;H18 ;0.0;0.0;0;0.0;0.0;0.0;0.0;166.85;172.05;0.0;5.2
2017-07-24;ICF;U17 ;89144.57;28340.35;3310;161.5;157.5;161.75;158.0;157.85;162.75;1541.29;4.9
2017-07-24;ICF;U18 ;0.0;0.0;1860;0.0;0.0;0.0;0.0;169.55;174.65;1604.2;5.1
2017-07-24;ICF;U19 ;0.0;0.0;461;0.0;0.0;0.0;0.0;179.3;184.35;1588.47;5.05
2017-07-24;ICF;Z17 ;73562.08;23386.45;3858;167.45;163.0;167.45;163.3;163.1;168.3;1635.66;5.2
2017-07-24;ICF;Z18 ;0.0;0.0;396;0.0;0.0;0.0;0.0;174.6;179.7;1604.2;5.1
2017-01-18;ICF;H17 ;203968.25;63297.0;2886;181.25;177.75;182.0;180.0;179.9;181.35;467.24;1.45
2017-01-18;ICF;K17 ;0.0;0.0;0;0.0;0.0;0.0;0.0;182.5;183.5;0.0;1.0
2017-01-18;ICF;N17 ;0.0;0.0;0;0.0;0.0;0.0;0.0;184.85;185.75;0.0;0.9
2017-01-18;ICF;U17 ;14536.25;4511.0;2404;188.4;186.5;189.5;186.5;187.75;188.7;306.12;0.95
2017-01-18;ICF;U18 ;0.0;0.0;294;0.0;0.0;0.0;0.0;192.4;193.3;290.01;0.9
2017-01-18;ICF;Z17 ;0.0;0.0;192;0.0;0.0;0.0;0.0;192.65;193.55;290.01;0.9
2017-01-18;ICF;Z18 ;0.0;0.0;29;0.0;0.0;0.0;0.0;195.5;196.45;306.12;0.95
2017-08-02;ICF;H18 ;0.0;0.0;0;0.0;0.0;0.0;0.0;177.15;173.85;0.0;3.3
2017-08-02;ICF;U17 ;113370.78;36397.45;2916;165.05;165.05;168.5;167.7;168.5;164.95;1105.75;3.55
2017-08-02;ICF;U18 ;560.66;180.0;1883;180.0;180.0;180.0;180.0;179.55;176.25;1027.88;3.3
2017-08-02;ICF;U19 ;0.0;0.0;461;0.0;0.0;0.0;0.0;189.15;185.85;1027.88;3.3
2017-08-02;ICF;Z17 ;159235.43;51122.2;4053;171.1;170.6;174.0;173.05;173.5;169.95;1105.75;3.55
2017-08-02;ICF;Z18 ;0.0;0.0;402;0.0;0.0;0.0;0.0;184.6;181.3;1027.88;3.3
2017-03-10;ICF;H17 ;0.0;0.0;127;0.0;0.0;0.0;0.0;159.2;158.05;361.89;1.15
2017-03-10;ICF;H18 ;0.0;0.0;0;0.0;0.0;0.0;0.0;183.9;182.6;0.0;1.3
2017-03-10;ICF;K17 ;0.0;0.0;100;0.0;0.0;0.0;0.0;169.0;167.85;361.89;1.15
2017-03-10;ICF;N17 ;0.0;0.0;100;0.0;0.0;0.0;0.0;171.35;170.15;377.62;1.2
2017-03-10;ICF;U17 ;151744.78;48220.4;4215;172.7;172.7;175.0;174.5;174.5;173.1;440.56;1.4
2017-03-10;ICF;U18 ;17827.98;5665.25;386;182.75;182.75;182.75;182.75;182.05;180.6;456.3;1.45
2017-03-10;ICF;Z17 ;0.0;0.0;192;0.0;0.0;0.0;0.0;179.6;178.3;409.09;1.3
2017-03-10;ICF;Z18 ;0.0;0.0;29;0.0;0.0;0.0;0.0;183.8;182.2;503.5;1.6
2017-06-07;ICF;H18 ;0.0;0.0;0;0.0;0.0;0.0;0.0;160.75;160.55;0.0;0.2
2017-06-07;ICF;N17 ;0.0;0.0;87;0.0;0.0;0.0;0.0;147.6;147.35;81.89;0.25
2017-06-07;ICF;U17 ;96824.13;29557.4;6094;152.0;151.8;153.2;152.5;152.1;152.0;32.75;0.1
2017-06-07;ICF;U18 ;0.0;0.0;1312;0.0;0.0;0.0;0.0;163.55;163.15;131.03;0.4
2017-06-07;ICF;U19 ;0.0;0.0;377;0.0;0.0;0.0;0.0;167.55;167.1;147.41;0.45
2017-06-07;ICF;Z17 ;0.0;0.0;300;0.0;0.0;0.0;0.0;156.2;156.0;65.51;0.2
2017-06-07;ICF;Z18 ;0.0;0.0;32;0.0;0.0;0.0;0.0;162.45;162.05;131.03;0.4
2017-05-04;ICF;H18 ;0.0;0.0;0;0.0;0.0;0.0;0.0;172.95;176.1;0.0;3.15
2017-05-04;ICF;K17 ;0.0;0.0;2;0.0;0.0;0.0;0.0;157.6;160.6;956.07;3.0
2017-05-04;ICF;N17 ;0.0;0.0;177;0.0;0.0;0.0;0.0;159.75;163.1;1067.61;3.35
2017-05-04;ICF;U17 ;200264.96;62840.05;5410;166.8;161.4;166.8;163.7;163.7;166.95;1035.74;3.25
2017-05-04;ICF;U18 ;13852.98;4346.85;827;176.3;173.0;176.3;174.0;175.3;178.5;1019.8;3.2
2017-05-04;ICF;U19 ;16001.11;5020.9;334;179.0;179.0;179.4;179.3;179.35;182.3;940.13;2.95
2017-05-04;ICF;Z17 ;0.0;0.0;262;0.0;0.0;0.0;0.0;168.35;171.55;1019.8;3.2
2017-05-04;ICF;Z18 ;0.0;0.0;32;0.0;0.0;0.0;0.0;174.0;177.25;1035.74;3.25
2017-05-30;ICF;H18 ;0.0;0.0;0;0.0;0.0;0.0;0.0;169.1;167.9;0.0;1.2
2017-05-30;ICF;N17 ;0.0;0.0;77;0.0;0.0;0.0;0.0;156.0;154.8;391.57;1.2
2017-05-30;ICF;U17 ;92023.01;28201.1;5870;160.0;159.1;161.0;160.05;160.45;159.0;473.14;1.45
2017-05-30;ICF;U18 ;0.0;0.0;1292;0.0;0.0;0.0;0.0;171.75;170.35;456.83;1.4
2017-05-30;ICF;U19 ;0.0;0.0;377;0.0;0.0;0.0;0.0;175.2;174.0;391.57;1.2
2017-05-30;ICF;Z17 ;0.0;0.0;282;0.0;0.0;0.0;0.0;164.6;163.4;391.57;1.2
2017-05-30;ICF;Z18 ;0.0;0.0;32;0.0;0.0;0.0;0.0;170.5;169.2;424.2;1.3
2017-07-05;ICF;H18 ;0.0;0.0;0;0.0;0.0;0.0;0.0;163.1;160.15;0.0;2.95
2017-07-05;ICF;N17 ;0.0;0.0;0;0.0;0.0;0.0;0.0;150.1;147.75;775.03;2.35
2017-07-05;ICF;U17 ;97149.85;29457.2;4323;152.75;152.4;156.0;154.75;154.65;151.25;1121.32;3.4
2017-07-05;ICF;U18 ;1097.41;332.75;1704;165.95;165.95;166.8;166.8;165.85;162.85;989.4;3.0
2017-07-05;ICF;U19 ;0.0;0.0;461;0.0;0.0;0.0;0.0;175.25;172.55;890.46;2.7
2017-07-05;ICF;Z17 ;15748.11;4775.05;2894;158.5;158.2;161.0;159.8;159.55;156.5;1005.89;3.05
2017-07-05;ICF;Z18 ;0.0;0.0;387;0.0;0.0;0.0;0.0;170.85;168.0;939.93;2.85
2017-02-07;ICF;H17 ;60650.35;19444.2;2708;172.6;171.25;173.0;171.35;171.5;172.95;452.28;1.45
2017-02-07;ICF;K17 ;0.0;0.0;100;0.0;0.0;0.0;0.0;173.9;175.9;623.84;2.0
2017-02-07;ICF;N17 ;0.0;0.0;0;0.0;0.0;0.0;0.0;176.3;178.15;0.0;1.85
2017-02-07;ICF;U17 ;48129.88;15430.2;2581;182.35;180.8;182.4;180.85;179.35;181.25;592.64;1.9
2017-02-07;ICF;U18 ;0.0;0.0;294;0.0;0.0;0.0;0.0;184.6;186.4;561.45;1.8
2017-02-07;ICF;Z17 ;0.0;0.0;192;0.0;0.0;0.0;0.0;184.55;186.45;592.64;1.9
2017-02-07;ICF;Z18 ;0.0;0.0;29;0.0;0.0;0.0;0.0;187.45;189.1;514.66;1.65
2017-07-12;ICF;H18 ;0.0;0.0;0;0.0;0.0;0.0;0.0;160.15;159.2;0.0;0.95
2017-07-12;ICF;N17 ;0.0;0.0;0;0.0;0.0;0.0;0.0;147.95;145.9;658.05;2.05
2017-07-12;ICF;U17 ;54861.95;17090.95;3711;150.3;149.95;152.0;151.95;150.8;149.85;304.95;0.95
2017-07-12;ICF;U18 ;528.05;164.5;1746;164.5;164.5;164.5;164.5;163.0;162.0;321.0;1.0
2017-07-12;ICF;U19 ;0.0;0.0;461;0.0;0.0;0.0;0.0;172.6;171.7;288.9;0.9
2017-07-12;ICF;Z17 ;27171.37;8464.6;3660;155.25;155.25;157.5;157.3;156.45;155.55;288.9;0.9
2017-07-12;ICF;Z18 ;0.0;0.0;396;0.0;0.0;0.0;0.0;168.15;167.15;321.0;1.0
2017-07-03;ICF;H18 ;0.0;0.0;0;0.0;0.0;0.0;0.0;160.15;157.7;0.0;2.45
2017-07-03;ICF;N17 ;9533.88;2893.0;10;144.0;144.0;145.3;145.3;147.75;145.35;790.92;2.4
2017-07-03;ICF;U17 ;152352.61;46230.5;4372;150.3;150.0;153.5;152.0;151.25;149.05;725.01;2.2
2017-07-03;ICF;U18 ;3233.54;981.2;1704;163.25;163.15;165.15;165.15;162.85;160.5;774.44;2.35
2017-07-03;ICF;U19 ;0.0;0.0;461;0.0;0.0;0.0;0.0;172.55;170.3;741.48;2.25
2017-07-03;ICF;Z17 ;124523.6;37785.95;2720;156.8;155.05;158.85;156.65;156.5;154.0;823.87;2.5
2017-07-03;ICF;Z18 ;39909.66;12110.35;315;168.2;168.15;168.2;168.2;168.0;165.55;807.39;2.45
2017-05-31;ICF;H18 ;0.0;0.0;0;0.0;0.0;0.0;0.0;165.55;169.1;0.0;3.55
2017-05-31;ICF;N17 ;0.0;0.0;77;0.0;0.0;0.0;0.0;152.35;156.0;1182.16;3.65
2017-05-31;ICF;U17 ;152155.1;46978.85;5922;160.3;155.8;161.5;156.5;156.5;160.45;1279.32;3.95
2017-05-31;ICF;U18 ;557.88;172.25;1292;172.25;172.25;172.25;172.25;168.1;171.75;1182.16;3.65
2017-05-31;ICF;U19 ;0.0;0.0;377;0.0;0.0;0.0;0.0;171.75;175.2;1117.38;3.45
2017-05-31;ICF;Z17 ;10472.17;3233.35;282;161.05;161.0;161.8;161.8;161.05;164.6;1149.77;3.55
2017-05-31;ICF;Z18 ;0.0;0.0;32;0.0;0.0;0.0;0.0;166.9;170.5;1165.96;3.6
2017-02-24;ICF;H17 ;40888.95;13147.15;601;176.0;169.0;176.0;169.15;170.6;176.5;1834.95;5.9
2017-02-24;ICF;H18 ;0.0;0.0;0;0.0;0.0;0.0;0.0;189.75;194.45;0.0;4.7
2017-02-24;ICF;K17 ;0.0;0.0;100;0.0;0.0;0.0;0.0;175.5;180.4;1523.94;4.9
2017-02-24;ICF;N17 ;0.0;0.0;100;0.0;0.0;0.0;0.0;177.7;182.6;1523.94;4.9
2017-02-24;ICF;U17 ;178441.21;57374.75;4491;185.4;180.45;185.85;181.5;180.75;185.55;1492.84;4.8
2017-02-24;ICF;U18 ;0.0;0.0;301;0.0;0.0;0.0;0.0;185.85;190.5;1446.19;4.65
2017-02-24;ICF;Z17 ;0.0;0.0;192;0.0;0.0;0.0;0.0;185.75;190.55;1492.84;4.8
2017-02-24;ICF;Z18 ;0.0;0.0;29;0.0;0.0;0.0;0.0;188.7;193.35;1446.19;4.65
2017-01-06;ICF;H17 ;260383.42;80882.0;3561;170.95;170.0;173.1;171.0;171.0;170.9;32.19;0.1
2017-01-06;ICF;K17 ;0.0;0.0;0;0.0;0.0;0.0;0.0;174.05;173.0;0.0;1.05
2017-01-06;ICF;N17 ;0.0;0.0;0;0.0;0.0;0.0;0.0;176.3;176.0;0.0;0.3
2017-01-06;ICF;U17 ;0.0;0.0;2248;0.0;0.0;0.0;0.0;179.0;180.15;370.21;1.15
2017-01-06;ICF;U18 ;0.0;0.0;294;0.0;0.0;0.0;0.0;183.65;184.8;370.21;1.15
2017-01-06;ICF;Z17 ;0.0;0.0;192;0.0;0.0;0.0;0.0;183.8;184.9;354.12;1.1
2017-01-06;ICF;Z18 ;0.0;0.0;29;0.0;0.0;0.0;0.0;186.9;188.05;370.21;1.15
2017-03-21;ICF;H17 ;0.0;0.0;107;0.0;0.0;0.0;0.0;171.75;172.4;200.38;0.65
2017-03-21;ICF;H18 ;0.0;0.0;0;0.0;0.0;0.0;0.0;188.35;188.95;0.0;0.6
2017-03-21;ICF;K17 ;0.0;0.0;102;0.0;0.0;0.0;0.0;173.5;174.2;215.8;0.7
2017-03-21;ICF;N17 ;0.0;0.0;100;0.0;0.0;0.0;0.0;175.85;176.5;200.38;0.65
2017-03-21;ICF;U17 ;119697.91;38826.4;4485;179.2;177.75;180.0;178.2;179.0;178.95;15.41;0.05
2017-03-21;ICF;U18 ;578.04;187.5;396;187.5;187.5;187.5;187.5;186.5;187.1;184.97;0.6
2017-03-21;ICF;U19 ;0.0;0.0;168;0.0;0.0;0.0;0.0;194.5;194.95;138.73;0.45
2017-03-21;ICF;Z17 ;0.0;0.0;192;0.0;0.0;0.0;0.0;184.2;184.7;154.14;0.5
2017-03-21;ICF;Z18 ;0.0;0.0;29;0.0;0.0;0.0;0.0;188.05;188.55;154.14;0.5
2017-08-17;ICF;H18 ;13096.27;4126.5;169;164.7;164.25;165.5;165.35;161.5;164.8;1047.32;3.3
2017-08-17;ICF;U17 ;73190.76;23061.65;1229;158.5;153.75;158.65;155.75;154.3;157.6;1047.32;3.3
2017-08-17;ICF;U18 ;31735.41;9999.5;1948;167.25;166.5;167.25;167.05;167.15;170.35;1015.58;3.2
2017-08-17;ICF;U19 ;0.0;0.0;461;0.0;0.0;0.0;0.0;178.0;178.35;111.07;0.35
2017-08-17;ICF;Z17 ;246856.89;77782.05;5638;163.0;158.15;166.4;159.5;159.55;162.15;825.16;2.6
2017-08-17;ICF;Z18 ;0.0;0.0;412;0.0;0.0;0.0;0.0;169.85;172.95;983.84;3.1
2017-08-14;ICF;H18 ;0.0;0.0;170;0.0;0.0;0.0;0.0;172.6;177.1;1431.49;4.5
2017-08-14;ICF;U17 ;168887.46;53090.9;2153;167.5;163.2;168.5;164.0;162.55;167.0;1415.58;4.45
2017-08-14;ICF;U18 ;19189.67;6032.4;1965;178.5;177.0;179.35;177.2;178.05;182.45;1399.68;4.4
2017-08-14;ICF;U19 ;0.0;0.0;461;0.0;0.0;0.0;0.0;185.65;190.0;1383.77;4.35
2017-08-14;ICF;Z17 ;192973.96;60662.65;4427;173.05;168.25;173.7;169.15;168.65;172.8;1320.15;4.15
2017-08-14;ICF;Z18 ;0.0;0.0;412;0.0;0.0;0.0;0.0;180.55;184.95;1399.68;4.4
2017-06-27;ICF;H18 ;0.0;0.0;0;0.0;0.0;0.0;0.0;157.15;156.05;0.0;1.1
2017-06-27;ICF;N17 ;0.0;0.0;10;0.0;0.0;0.0;0.0;143.65;142.6;349.0;1.05
2017-06-27;ICF;U17 ;259040.0;77932.55;4893;147.75;146.15;149.4;149.0;148.45;147.25;398.86;1.2
2017-06-27;ICF;U18 ;1063.65;320.0;1702;160.0;160.0;160.0;160.0;160.0;159.05;315.77;0.95
2017-06-27;ICF;U19 ;0.0;0.0;405;0.0;0.0;0.0;0.0;166.8;165.7;365.62;1.1
2017-06-27;ICF;Z17 ;209182.17;62932.75;1666;152.5;152.3;154.5;153.65;152.5;151.5;332.39;1.0
2017-06-27;ICF;Z18 ;0.0;0.0;32;0.0;0.0;0.0;0.0;159.4;158.35;349.0;1.05
2017-02-10;ICF;H17 ;122022.92;39244.5;2060;173.5;173.0;175.75;174.05;174.0;173.8;62.18;0.2
2017-02-10;ICF;H18 ;0.0;0.0;0;0.0;0.0;0.0;0.0;192.2;191.45;0.0;0.75
2017-02-10;ICF;K17 ;0.0;0.0;100;0.0;0.0;0.0;0.0;178.0;177.3;217.65;0.7
2017-02-10;ICF;N17 ;0.0;0.0;0;0.0;0.0;0.0;0.0;180.3;179.4;0.0;0.9
2017-02-10;ICF;U17 ;64890.94;20869.95;3220;183.5;183.5;185.5;184.5;183.2;182.35;264.29;0.85
2017-02-10;ICF;U18 ;0.0;0.0;294;0.0;0.0;0.0;0.0;188.15;187.45;217.65;0.7
2017-02-10;ICF;Z17 ;0.0;0.0;192;0.0;0.0;0.0;0.0;188.35;187.5;264.29;0.85
2017-02-10;ICF;Z18 ;0.0;0.0;29;0.0;0.0;0.0;0.0;191.1;190.35;233.19;0.75
2017-06-13;ICF;H18 ;0.0;0.0;0;0.0;0.0;0.0;0.0;161.45;163.1;0.0;1.65
2017-06-13;ICF;N17 ;0.0;0.0;87;0.0;0.0;0.0;0.0;148.45;150.05;528.99;1.6
2017-06-13;ICF;U17 ;141021.66;42653.7;6196;154.1;151.65;155.0;153.0;152.7;154.1;462.86;1.4
2017-06-13;ICF;U18 ;111304.71;33665.45;1312;164.5;164.5;165.75;165.45;164.2;165.85;545.52;1.65
2017-06-13;ICF;U19 ;15958.37;4826.8;377;172.0;172.0;172.95;172.95;168.5;169.95;479.39;1.45
2017-06-13;ICF;Z17 ;1032.2;312.2;300;156.7;155.5;156.7;155.5;156.85;158.45;528.99;1.6
2017-06-13;ICF;Z18 ;0.0;0.0;32;0.0;0.0;0.0;0.0;163.25;164.85;528.99;1.6
2017-06-20;ICF;H18 ;0.0;0.0;0;0.0;0.0;0.0;0.0;156.15;158.7;0.0;2.55
2017-06-20;ICF;N17 ;0.0;0.0;10;0.0;0.0;0.0;0.0;142.6;145.55;980.99;2.95
2017-06-20;ICF;U17 ;141850.59;42656.7;5838;150.0;146.0;150.0;147.5;147.25;149.85;864.6;2.6
2017-06-20;ICF;U18 ;2123.77;638.65;1675;160.0;159.55;160.0;159.55;159.05;161.7;881.23;2.65
2017-06-20;ICF;U19 ;0.0;0.0;405;0.0;0.0;0.0;0.0;165.4;166.6;399.04;1.2
2017-06-20;ICF;Z17 ;11641.56;3500.8;659;153.7;151.35;153.7;152.5;151.55;154.15;864.6;2.6
2017-06-20;ICF;Z18 ;0.0;0.0;32;0.0;0.0;0.0;0.0;158.4;160.85;814.72;2.45
2017-05-02;ICF;H18 ;0.0;0.0;0;0.0;0.0;0.0;0.0;174.6;170.95;0.0;3.65
2017-05-02;ICF;K17 ;0.0;0.0;2;0.0;0.0;0.0;0.0;159.3;155.4;1228.81;3.9
2017-05-02;ICF;N17 ;0.0;0.0;177;0.0;0.0;0.0;0.0;161.5;157.7;1197.3;3.8
2017-05-02;ICF;U17 ;100201.11;31801.8;5305;162.45;162.35;165.4;164.85;165.0;162.2;882.22;2.8
2017-05-02;ICF;U18 ;41465.32;13160.25;762;176.5;174.5;176.5;175.35;176.9;173.25;1150.04;3.65
2017-05-02;ICF;U19 ;0.0;0.0;334;0.0;0.0;0.0;0.0;180.6;177.1;1102.78;3.5
2017-05-02;ICF;Z17 ;3201.37;1016.05;257;169.8;168.7;169.8;169.0;170.0;166.45;1118.53;3.55
2017-05-02;ICF;Z18 ;0.0;0.0;32;0.0;0.0;0.0;0.0;175.6;171.95;1150.04;3.65
2017-02-06;ICF;H17 ;54645.61;17518.55;2741;175.5;172.3;175.5;173.0;172.95;175.5;795.42;2.55
2017-02-06;ICF;K17 ;0.0;0.0;100;0.0;0.0;0.0;0.0;175.9;178.75;889.0;2.85
2017-02-06;ICF;N17 ;0.0;0.0;0;0.0;0.0;0.0;0.0;178.15;181.05;0.0;2.9
2017-02-06;ICF;U17 ;32546.46;10433.9;2561;185.0;182.0;185.0;182.55;181.25;184.1;889.0;2.85
2017-02-06;ICF;U18 ;0.0;0.0;294;0.0;0.0;0.0;0.0;186.4;188.9;779.82;2.5
2017-02-06;ICF;Z17 ;0.0;0.0;192;0.0;0.0;0.0;0.0;186.45;189.2;857.8;2.75
2017-02-06;ICF;Z18 ;0.0;0.0;29;0.0;0.0;0.0;0.0;189.1;191.8;842.21;2.7
2017-03-17;ICF;H17 ;56128.04;18114.0;108;172.0;166.0;172.0;172.0;168.2;159.35;2742.26;8.85
2017-03-17;ICF;H18 ;0.0;0.0;0;0.0;0.0;0.0;0.0;184.65;183.85;0.0;0.8
2017-03-17;ICF;K17 ;0.0;0.0;102;0.0;0.0;0.0;0.0;169.95;169.15;247.88;0.8
2017-03-17;ICF;N17 ;0.0;0.0;100;0.0;0.0;0.0;0.0;172.2;171.4;247.88;0.8
2017-03-17;ICF;U17 ;54479.74;17582.05;4468;174.25;173.6;174.8;174.4;174.8;173.95;263.38;0.85
2017-03-17;ICF;U18 ;23372.43;7542.9;357;183.0;183.0;184.5;183.5;182.85;182.0;263.38;0.85
2017-03-17;ICF;U19 ;115075.19;37137.8;0;188.7;188.7;190.05;190.05;190.7;184.0;2076.06;6.7
2017-03-17;ICF;Z17 ;0.0;0.0;192;0.0;0.0;0.0;0.0;180.4;179.6;247.88;0.8
2017-03-17;ICF;Z18 ;0.0;0.0;29;0.0;0.0;0.0;0.0;184.35;183.55;247.88;0.8
2017-03-23;ICF;H17 ;0.0;0.0;0;0.0;0.0;0.0;0.0;166.15;167.75;500.92;1.6
2017-03-23;ICF;H18 ;0.0;0.0;0;0.0;0.0;0.0;0.0;182.9;184.4;0.0;1.5
2017-03-23;ICF;K17 ;0.0;0.0;102;0.0;0.0;0.0;0.0;167.9;169.5;500.92;1.6
2017-03-23;ICF;N17 ;0.0;0.0;100;0.0;0.0;0.0;0.0;170.3;171.8;469.62;1.5
2017-03-23;ICF;U17 ;72816.3;23258.05;4571;174.85;172.3;175.0;173.8;173.2;174.55;422.65;1.35
2017-03-23;ICF;U18 ;51588.54;16477.75;404;184.25;182.2;184.3;183.25;181.05;182.6;485.27;1.55
2017-03-23;ICF;U19 ;0.0;0.0;168;0.0;0.0;0.0;0.0;188.6;189.95;422.65;1.35
2017-03-23;ICF;Z17 ;0.0;0.0;195;0.0;0.0;0.0;0.0;178.6;180.15;485.27;1.55
2017-03-23;ICF;Z18 ;0.0;0.0;29;0.0;0.0;0.0;0.0;182.6;184.05;453.96;1.45
2017-06-22;ICF;H18 ;0.0;0.0;0;0.0;0.0;0.0;0.0;145.55;152.9;0.0;7.35
2017-06-22;ICF;N17 ;0.0;0.0;10;0.0;0.0;0.0;0.0;131.35;139.15;2593.81;7.8
2017-06-22;ICF;U17 ;169900.17;51091.65;5746;145.0;136.65;145.5;139.15;137.7;144.5;2261.27;6.8
2017-06-22;ICF;U18 ;7156.93;2152.2;1672;154.3;152.3;154.3;152.3;148.85;156.0;2377.66;7.15
2017-06-22;ICF;U19 ;0.0;0.0;405;0.0;0.0;0.0;0.0;155.6;162.55;2311.15;6.95
2017-06-22;ICF;Z17 ;36267.64;10906.25;788;148.65;141.9;148.75;142.7;140.9;148.25;2444.16;7.35
2017-06-22;ICF;Z18 ;0.0;0.0;32;0.0;0.0;0.0;0.0;148.1;155.25;2377.66;7.15
2017-08-10;ICF;H18 ;20983.82;6635.2;100;174.6;174.6;175.0;175.0;174.65;180.15;1739.37;5.5
2017-08-10;ICF;U17 ;123970.79;39200.25;2310;171.0;165.0;171.5;165.9;165.95;170.75;1518.0;4.8
2017-08-10;ICF;U18 ;14974.44;4735.0;1950;184.8;178.9;185.15;179.05;180.1;184.8;1486.37;4.7
2017-08-10;ICF;U19 ;0.0;0.0;461;0.0;0.0;0.0;0.0;187.55;193.05;1739.37;5.5
2017-08-10;ICF;Z17 ;196004.48;61977.7;4434;175.8;170.0;176.5;170.9;170.95;176.45;1739.37;5.5
2017-08-10;ICF;Z18 ;0.0;0.0;412;0.0;0.0;0.0;0.0;182.5;187.9;1707.75;5.4
2017-01-04;ICF;H17 ;219048.15;68023.15;3737;163.7;163.55;170.0;169.0;168.95;163.3;1819.41;5.65
2017-01-04;ICF;U17 ;27807.88;8635.45;2288;174.35;174.35;180.0;178.7;177.65;171.7;1916.01;5.95
2017-01-04;ICF;U18 ;0.0;0.0;294;0.0;0.0;0.0;0.0;182.35;176.6;1851.61;5.75
2017-01-04;ICF;Z17 ;0.0;0.0;192;0.0;0.0;0.0;0.0;182.4;176.35;1948.22;6.05
2017-01-04;ICF;Z18 ;0.0;0.0;29;0.0;0.0;0.0;0.0;185.45;179.85;1803.31;5.6
2017-05-09;ICF;H18 ;0.0;0.0;0;0.0;0.0;0.0;0.0;172.95;175.4;0.0;2.45
2017-05-09;ICF;K17 ;0.0;0.0;0;0.0;0.0;0.0;0.0;157.7;160.0;732.87;2.3
2017-05-09;ICF;N17 ;0.0;0.0;177;0.0;0.0;0.0;0.0;160.05;162.35;732.87;2.3
2017-05-09;ICF;U17 ;154039.98;48342.95;5635;167.0;164.3;167.5;165.0;164.7;167.0;732.87;2.3
2017-05-09;ICF;U18 ;42268.07;13265.15;823;176.9;175.75;177.5;175.75;175.1;177.7;828.46;2.6
2017-05-09;ICF;U19 ;9269.87;2909.2;362;182.2;181.75;182.2;181.75;178.75;181.6;908.12;2.85
2017-05-09;ICF;Z17 ;0.0;0.0;261;0.0;0.0;0.0;0.0;168.45;170.8;748.8;2.35
2017-05-09;ICF;Z18 ;0.0;0.0;32;0.0;0.0;0.0;0.0;173.9;176.45;812.53;2.55
2017-08-25;ICF;H18 ;0.0;0.0;169;0.0;0.0;0.0;0.0;160.55;156.0;1436.11;4.55
2017-08-25;ICF;U17 ;78819.44;24972.1;729;151.2;150.5;155.9;155.05;155.1;150.5;1451.89;4.6
2017-08-25;ICF;U18 ;8909.92;2822.9;1966;164.75;164.75;168.0;168.0;168.0;161.9;1925.34;6.1
2017-08-25;ICF;U19 ;0.0;0.0;461;0.0;0.0;0.0;0.0;178.85;174.55;1357.2;4.3
2017-08-25;ICF;Z17 ;119952.97;38004.3;6281;155.3;155.05;160.6;160.35;160.1;155.75;1372.99;4.35
2017-08-25;ICF;Z18 ;0.0;0.0;412;0.0;0.0;0.0;0.0;169.4;164.9;1420.33;4.5
2017-06-26;ICF;H18 ;0.0;0.0;0;0.0;0.0;0.0;0.0;156.05;154.15;0.0;1.9
2017-06-26;ICF;N17 ;0.0;0.0;10;0.0;0.0;0.0;0.0;142.6;139.95;875.26;2.65
2017-06-26;ICF;U17 ;195846.12;59295.2;5074;144.05;144.05;150.45;147.4;147.25;146.05;396.34;1.2
2017-06-26;ICF;U18 ;535.07;162.0;1702;162.0;162.0;162.0;162.0;159.05;157.2;611.03;1.85
2017-06-26;ICF;U19 ;0.0;0.0;405;0.0;0.0;0.0;0.0;165.7;163.85;611.03;1.85
2017-06-26;ICF;Z17 ;99884.32;30241.4;1504;152.8;150.85;155.5;152.2;151.5;149.5;660.58;2.0
2017-06-26;ICF;Z18 ;0.0;0.0;32;0.0;0.0;0.0;0.0;158.35;156.5;611.03;1.85
2017-08-04;ICF;H18 ;0.0;0.0;0;0.0;0.0;0.0;0.0;176.9;177.05;0.0;0.15
2017-08-04;ICF;U17 ;64636.88;20702.35;2516;167.0;166.15;169.5;168.0;168.25;168.3;15.61;0.05
2017-08-04;ICF;U18 ;563.56;180.5;1881;180.5;180.5;180.5;180.5;179.35;179.45;31.22;0.1
2017-08-04;ICF;U19 ;0.0;0.0;461;0.0;0.0;0.0;0.0;189.0;189.15;46.83;0.15
2017-08-04;ICF;Z17 ;97884.25;31351.05;4382;172.25;171.15;174.5;172.75;173.2;173.3;31.22;0.1
2017-08-04;ICF;Z18 ;0.0;0.0;412;0.0;0.0;0.0;0.0;184.45;184.6;46.83;0.15
2017-03-15;ICF;H17 ;0.0;0.0;127;0.0;0.0;0.0;0.0;158.6;159.15;171.91;0.55
2017-03-15;ICF;H18 ;0.0;0.0;0;0.0;0.0;0.0;0.0;183.3;183.7;0.0;0.4
2017-03-15;ICF;K17 ;1028.51;329.05;102;164.5;164.5;164.55;164.55;168.4;168.9;156.28;0.5
2017-03-15;ICF;N17 ;0.0;0.0;100;0.0;0.0;0.0;0.0;170.7;171.2;156.28;0.5
2017-03-15;ICF;U17 ;86991.98;27831.2;4370;174.0;172.45;175.1;173.35;173.3;173.8;156.28;0.5
2017-03-15;ICF;U18 ;6315.32;2020.45;356;184.05;183.6;184.05;183.6;181.65;181.95;93.77;0.3
2017-03-15;ICF;Z17 ;0.0;0.0;192;0.0;0.0;0.0;0.0;178.95;179.4;140.65;0.45
2017-03-15;ICF;Z18 ;0.0;0.0;29;0.0;0.0;0.0;0.0;183.35;183.6;78.14;0.25
2017-05-15;ICF;H18 ;0.0;0.0;0;0.0;0.0;0.0;0.0;170.8;172.65;0.0;1.85
2017-05-15;ICF;K17 ;0.0;0.0;0;0.0;0.0;0.0;0.0;155.65;157.45;558.1;1.8
2017-05-15;ICF;N17 ;0.0;0.0;177;0.0;0.0;0.0;0.0;157.8;159.75;604.61;1.95
2017-05-15;ICF;U17 ;100133.26;32294.8;5928;164.2;162.6;165.0;163.0;162.85;164.2;418.58;1.35
2017-05-15;ICF;U18 ;10316.32;3327.2;928;174.8;174.1;175.4;174.4;173.1;174.95;573.61;1.85
2017-05-15;ICF;U19 ;0.0;0.0;377;0.0;0.0;0.0;0.0;177.1;178.95;573.61;1.85
2017-05-15;ICF;Z17 ;4698.03;1515.2;261;168.5;168.15;168.5;168.5;166.25;168.15;589.11;1.9
2017-05-15;ICF;Z18 ;0.0;0.0;32;0.0;0.0;0.0;0.0;171.95;173.8;573.61;1.85
2017-02-16;ICF;H17 ;146113.95;47552.3;1385;168.5;168.5;171.7;170.7;171.5;168.8;829.62;2.7
2017-02-16;ICF;H18 ;0.0;0.0;0;0.0;0.0;0.0;0.0;192.6;190.6;0.0;2.0
2017-02-16;ICF;K17 ;0.0;0.0;100;0.0;0.0;0.0;0.0;178.35;176.45;583.81;1.9
2017-02-16;ICF;N17 ;0.0;0.0;0;0.0;0.0;0.0;0.0;180.55;178.6;0.0;1.95
2017-02-16;ICF;U17 ;187714.93;61091.2;3735;181.5;181.0;184.2;183.5;183.6;181.65;599.17;1.95
2017-02-16;ICF;U18 ;0.0;0.0;294;0.0;0.0;0.0;0.0;188.65;186.5;660.63;2.15
2017-02-16;ICF;Z17 ;0.0;0.0;192;0.0;0.0;0.0;0.0;188.6;186.7;583.81;1.9
2017-02-16;ICF;Z18 ;0.0;0.0;29;0.0;0.0;0.0;0.0;191.55;189.45;645.26;2.1
2017-06-16;ICF;H18 ;0.0;0.0;0;0.0;0.0;0.0;0.0;157.8;160.25;0.0;2.45
2017-06-16;ICF;N17 ;0.0;0.0;87;0.0;0.0;0.0;0.0;144.7;147.35;869.54;2.65
2017-06-16;ICF;U17 ;322323.58;98230.45;6194;152.7;148.85;153.8;150.6;149.85;151.6;574.22;1.75
2017-06-16;ICF;U18 ;5335.39;1626.0;1685;162.6;162.6;162.6;162.6;160.6;163.15;836.73;2.55
2017-06-16;ICF;U19 ;0.0;0.0;405;0.0;0.0;0.0;0.0;165.2;167.65;803.91;2.45
2017-06-16;ICF;Z17 ;174412.42;53153.45;300;158.25;154.3;158.25;154.3;153.2;155.6;787.51;2.4
2017-06-16;ICF;Z18 ;0.0;0.0;32;0.0;0.0;0.0;0.0;159.75;162.2;803.91;2.45
2017-04-10;ICF;H18 ;0.0;0.0;0;0.0;0.0;0.0;0.0;182.15;182.35;0.0;0.2
2017-04-10;ICF;K17 ;0.0;0.0;102;0.0;0.0;0.0;0.0;167.05;167.3;78.32;0.25
2017-04-10;ICF;N17 ;0.0;0.0;133;0.0;0.0;0.0;0.0;169.3;169.65;109.65;0.35
2017-04-10;ICF;U17 ;101333.7;32342.95;4699;172.0;171.0;173.25;172.3;172.25;172.1;46.99;0.15
2017-04-10;ICF;U18 ;3437.79;1097.25;413;182.2;182.2;183.6;183.45;180.5;180.4;31.33;0.1
2017-04-10;ICF;U19 ;0.0;0.0;334;0.0;0.0;0.0;0.0;185.55;185.65;31.33;0.1
2017-04-10;ICF;Z17 ;1658.04;529.2;202;175.95;175.95;176.75;176.5;177.75;178.1;109.65;0.35
2017-04-10;ICF;Z18 ;0.0;0.0;29;0.0;0.0;0.0;0.0;182.1;181.95;46.99;0.15
2017-03-06;ICF;H17 ;0.0;0.0;170;0.0;0.0;0.0;0.0;159.2;161.35;671.05;2.15
2017-03-06;ICF;H18 ;0.0;0.0;0;0.0;0.0;0.0;0.0;183.8;186.1;0.0;2.3
2017-03-06;ICF;K17 ;0.0;0.0;100;0.0;0.0;0.0;0.0;169.15;171.6;764.69;2.45
2017-03-06;ICF;N17 ;0.0;0.0;100;0.0;0.0;0.0;0.0;171.4;173.85;764.69;2.45
2017-03-06;ICF;U17 ;167028.36;53514.15;4508;178.0;175.0;178.45;175.4;175.05;177.15;655.45;2.1
2017-03-06;ICF;U18 ;22300.97;7145.0;350;183.5;183.0;183.5;183.05;180.35;182.55;686.66;2.2
2017-03-06;ICF;Z17 ;0.0;0.0;192;0.0;0.0;0.0;0.0;179.6;181.95;733.48;2.35
2017-03-06;ICF;Z18 ;0.0;0.0;29;0.0;0.0;0.0;0.0;183.35;185.55;686.66;2.2
2017-07-21;ICF;H18 ;0.0;0.0;0;0.0;0.0;0.0;0.0;172.05;169.95;0.0;2.1
2017-07-21;ICF;N17 ;0.0;0.0;0;0.0;0.0;0.0;0.0;155.75;153.8;611.79;1.95
2017-07-21;ICF;U17 ;61529.75;19611.7;3351;161.0;161.0;162.8;162.05;162.75;160.6;674.54;2.15
2017-07-21;ICF;U18 ;0.0;0.0;1860;0.0;0.0;0.0;0.0;174.65;172.45;690.22;2.2
2017-07-21;ICF;U19 ;0.0;0.0;461;0.0;0.0;0.0;0.0;184.35;182.15;690.22;2.2
2017-07-21;ICF;Z17 ;58225.59;18558.55;3864;165.85;165.4;168.5;167.7;168.3;166.75;486.29;1.55
2017-07-21;ICF;Z18 ;0.0;0.0;396;0.0;0.0;0.0;0.0;179.7;177.5;690.22;2.2
2017-06-12;ICF;H18 ;0.0;0.0;0;0.0;0.0;0.0;0.0;163.1;161.9;0.0;1.2
2017-06-12;ICF;N17 ;0.0;0.0;87;0.0;0.0;0.0;0.0;150.05;148.65;464.31;1.4
2017-06-12;ICF;U17 ;125767.32;37921.7;6186;153.85;152.8;156.1;154.1;154.1;153.5;198.99;0.6
2017-06-12;ICF;U18 ;549.38;165.65;1312;165.65;165.65;165.65;165.65;165.85;164.8;348.23;1.05
2017-06-12;ICF;U19 ;0.0;0.0;377;0.0;0.0;0.0;0.0;169.95;168.65;431.14;1.3
2017-06-12;ICF;Z17 ;523.51;157.85;300;157.85;157.85;157.85;157.85;158.45;157.2;414.56;1.25
2017-06-12;ICF;Z18 ;0.0;0.0;32;0.0;0.0;0.0;0.0;164.85;163.65;397.98;1.2
2017-04-13;ICF;H18 ;0.0;0.0;0;0.0;0.0;0.0;0.0;181.0;180.15;0.0;0.85
2017-04-13;ICF;K17 ;0.0;0.0;102;0.0;0.0;0.0;0.0;165.8;165.0;251.12;0.8
2017-04-13;ICF;N17 ;0.0;0.0;177;0.0;0.0;0.0;0.0;168.1;167.25;266.82;0.85
2017-04-13;ICF;U17 ;188370.8;60007.9;4781;170.0;170.0;172.75;172.0;171.7;170.0;533.64;1.7
2017-04-13;ICF;U18 ;0.0;0.0;407;0.0;0.0;0.0;0.0;179.35;178.4;298.21;0.95
2017-04-13;ICF;U19 ;0.0;0.0;334;0.0;0.0;0.0;0.0;184.75;183.6;360.99;1.15
2017-04-13;ICF;Z17 ;0.0;0.0;238;0.0;0.0;0.0;0.0;176.55;175.65;282.51;0.9
2017-04-13;ICF;Z18 ;0.0;0.0;29;0.0;0.0;0.0;0.0;181.05;180.05;313.91;1.0
2017-01-31;ICF;H17 ;257762.34;81852.7;2833;181.15;175.0;182.8;179.55;179.85;181.9;645.56;2.05
2017-01-31;ICF;K17 ;0.0;0.0;100;0.0;0.0;0.0;0.0;183.1;185.35;708.54;2.25
2017-01-31;ICF;N17 ;0.0;0.0;0;0.0;0.0;0.0;0.0;185.45;187.7;0.0;2.25
2017-01-31;ICF;U17 ;45186.12;14348.9;2565;190.0;186.0;192.0;189.0;188.35;190.65;724.29;2.3
2017-01-31;ICF;U18 ;0.0;0.0;294;0.0;0.0;0.0;0.0;192.95;195.25;724.29;2.3
2017-01-31;ICF;Z17 ;0.0;0.0;192;0.0;0.0;0.0;0.0;193.25;195.6;740.03;2.35
2017-01-31;ICF;Z18 ;0.0;0.0;29;0.0;0.0;0.0;0.0;195.85;198.15;724.29;2.3
2017-06-05;ICF;H18 ;0.0;0.0;0;0.0;0.0;0.0;0.0;164.4;160.55;0.0;3.85
2017-06-05;ICF;N17 ;0.0;0.0;87;0.0;0.0;0.0;0.0;151.15;147.35;1250.92;3.8
2017-06-05;ICF;U17 ;119266.03;36230.15;6108;152.5;152.15;156.7;155.2;155.2;151.85;1102.78;3.35
2017-06-05;ICF;U18 ;30919.99;9392.75;1311;164.25;164.25;168.65;167.85;166.95;163.25;1218.0;3.7
2017-06-05;ICF;U19 ;0.0;0.0;377;0.0;0.0;0.0;0.0;170.9;167.1;1250.92;3.8
2017-06-05;ICF;Z17 ;523.74;159.1;300;159.1;159.1;159.1;159.1;159.75;156.0;1234.46;3.75
2017-06-05;ICF;Z18 ;0.0;0.0;32;0.0;0.0;0.0;0.0;165.9;162.2;1218.0;3.7
2017-08-09;ICF;H18 ;56991.47;18100.0;100;181.0;181.0;181.0;181.0;180.15;180.3;47.23;0.15
2017-08-09;ICF;U17 ;80101.2;25439.45;2393;170.35;168.8;171.85;170.5;170.75;170.75;0.0;0.0
2017-08-09;ICF;U18 ;112104.43;35603.4;1898;182.95;182.95;185.75;184.5;184.8;182.8;629.74;2.0
2017-08-09;ICF;U19 ;0.0;0.0;461;0.0;0.0;0.0;0.0;193.05;192.8;78.71;0.25
2017-08-09;ICF;Z17 ;163369.51;51884.75;4312;175.5;174.0;176.8;175.5;176.45;176.65;62.97;0.2
2017-08-09;ICF;Z18 ;0.0;0.0;412;0.0;0.0;0.0;0.0;187.9;187.9;0.0;0.0
2017-06-19;ICF;H18 ;0.0;0.0;0;0.0;0.0;0.0;0.0;158.7;157.8;0.0;0.9
2017-06-19;ICF;N17 ;0.0;0.0;87;0.0;0.0;0.0;0.0;145.55;144.7;280.02;0.85
2017-06-19;ICF;U17 ;48377.61;14684.8;5830;150.0;149.0;151.25;149.95;149.85;149.85;0.0;0.0
2017-06-19;ICF;U18 ;0.0;0.0;1675;0.0;0.0;0.0;0.0;161.7;160.6;362.38;1.1
2017-06-19;ICF;U19 ;0.0;0.0;405;0.0;0.0;0.0;0.0;166.6;165.2;461.21;1.4
2017-06-19;ICF;Z17 ;13247.11;4021.1;635;155.1;154.3;155.45;154.6;154.15;153.2;312.96;0.95
2017-06-19;ICF;Z18 ;0.0;0.0;32;0.0;0.0;0.0;0.0;160.85;159.75;362.38;1.1
2017-07-27;ICF;H18 ;0.0;0.0;0;0.0;0.0;0.0;0.0;171.35;169.85;0.0;1.5
2017-07-27;ICF;U17 ;121396.34;38534.85;3091;160.25;159.6;162.7;161.6;162.2;160.45;551.3;1.75
2017-07-27;ICF;U18 ;548.47;174.1;1860;174.1;174.1;174.1;174.1;173.85;172.35;472.54;1.5
2017-07-27;ICF;U19 ;0.0;0.0;461;0.0;0.0;0.0;0.0;183.55;182.15;441.04;1.4
2017-07-27;ICF;Z17 ;107237.16;34040.3;3933;166.3;165.35;168.05;166.95;167.5;166.0;472.54;1.5
2017-07-27;ICF;Z18 ;0.0;0.0;396;0.0;0.0;0.0;0.0;178.95;177.45;472.54;1.5
2017-05-11;ICF;H18 ;0.0;0.0;0;0.0;0.0;0.0;0.0;171.8;174.8;0.0;3.0
2017-05-11;ICF;K17 ;0.0;0.0;0;0.0;0.0;0.0;0.0;156.5;159.7;1007.04;3.2
2017-05-11;ICF;N17 ;0.0;0.0;177;0.0;0.0;0.0;0.0;158.85;162.0;991.3;3.15
2017-05-11;ICF;U17 ;143976.82;45750.5;5830;166.0;163.0;166.7;163.7;163.95;166.35;755.28;2.4
2017-05-11;ICF;U18 ;116474.56;37011.3;843;177.0;172.95;177.0;173.7;174.05;177.0;928.36;2.95
2017-05-11;ICF;U19 ;0.0;0.0;377;0.0;0.0;0.0;0.0;178.0;180.85;896.89;2.85
2017-05-11;ICF;Z17 ;0.0;0.0;261;0.0;0.0;0.0;0.0;167.25;170.35;975.57;3.1
2017-05-11;ICF;Z18 ;0.0;0.0;32;0.0;0.0;0.0;0.0;172.9;175.8;912.63;2.9
2017-01-12;ICF;H17 ;284366.71;89502.3;3104;178.5;178.5;182.2;181.9;181.3;178.75;810.18;2.55
2017-01-12;ICF;K17 ;0.0;0.0;0;0.0;0.0;0.0;0.0;183.1;182.3;0.0;0.8
2017-01-12;ICF;N17 ;0.0;0.0;0;0.0;0.0;0.0;0.0;185.35;184.5;0.0;0.85
2017-01-12;ICF;U17 ;31527.04;9922.9;2351;189.05;189.05;191.55;190.3;188.3;187.4;285.94;0.9
2017-01-12;ICF;U18 ;0.0;0.0;294;0.0;0.0;0.0;0.0;193.1;192.25;270.06;0.85
2017-01-12;ICF;Z17 ;0.0;0.0;192;0.0;0.0;0.0;0.0;193.15;192.3;270.06;0.85
2017-01-12;ICF;Z18 ;0.0;0.0;29;0.0;0.0;0.0;0.0;196.4;195.4;317.72;1.0
2017-01-26;ICF;H17 ;169958.27;53335.3;2866;183.0;180.5;184.95;182.0;182.3;183.25;302.72;0.95
2017-01-26;ICF;K17 ;58633.44;18400.0;0;184.0;184.0;184.0;184.0;185.7;186.8;350.52;1.1
2017-01-26;ICF;N17 ;0.0;0.0;0;0.0;0.0;0.0;0.0;188.0;189.05;0.0;1.05
2017-01-26;ICF;U17 ;25015.45;7850.2;2507;193.8;190.5;193.8;191.0;191.0;192.05;334.59;1.05
2017-01-26;ICF;U18 ;0.0;0.0;294;0.0;0.0;0.0;0.0;195.65;196.65;318.66;1.0
2017-01-26;ICF;Z17 ;0.0;0.0;192;0.0;0.0;0.0;0.0;195.9;196.95;334.59;1.05
2017-01-26;ICF;Z18 ;0.0;0.0;29;0.0;0.0;0.0;0.0;198.5;199.5;318.66;1.0
2017-07-14;ICF;H18 ;0.0;0.0;0;0.0;0.0;0.0;0.0;168.3;165.0;0.0;3.3
2017-07-14;ICF;N17 ;0.0;0.0;0;0.0;0.0;0.0;0.0;155.45;152.35;985.86;3.1
2017-07-14;ICF;U17 ;143371.68;45082.6;3640;155.4;155.0;159.5;159.25;159.1;156.0;985.86;3.1
2017-07-14;ICF;U18 ;546.99;172.0;1745;172.0;172.0;172.0;172.0;170.95;167.7;1033.56;3.25
2017-07-14;ICF;U19 ;0.0;0.0;461;0.0;0.0;0.0;0.0;180.4;177.3;985.86;3.1
2017-07-14;ICF;Z17 ;111894.7;35184.8;3690;160.9;160.9;164.5;164.4;164.6;161.3;1049.46;3.3
2017-07-14;ICF;Z18 ;0.0;0.0;396;0.0;0.0;0.0;0.0;176.0;172.8;1017.66;3.2
2017-04-12;ICF;H18 ;0.0;0.0;0;0.0;0.0;0.0;0.0;180.15;182.45;0.0;2.3
2017-04-12;ICF;K17 ;0.0;0.0;102;0.0;0.0;0.0;0.0;165.0;167.5;787.42;2.5
2017-04-12;ICF;N17 ;23379.59;7422.8;133;168.7;168.7;168.7;168.7;167.25;169.65;755.92;2.4
2017-04-12;ICF;U17 ;244345.22;77577.3;4746;172.5;169.8;174.5;169.95;170.0;172.15;677.18;2.15
2017-04-12;ICF;U18 ;17868.25;5673.0;407;183.0;182.5;183.5;183.5;178.4;180.75;740.17;2.35
2017-04-12;ICF;U19 ;0.0;0.0;334;0.0;0.0;0.0;0.0;183.6;185.85;708.68;2.25
2017-04-12;ICF;Z17 ;5034.95;1598.55;203;177.25;177.25;178.15;177.5;175.65;178.1;771.67;2.45
2017-04-12;ICF;Z18 ;0.0;0.0;29;0.0;0.0;0.0;0.0;180.05;182.35;724.43;2.3
2017-07-26;ICF;H18 ;0.0;0.0;0;0.0;0.0;0.0;0.0;169.85;164.35;0.0;5.5
2017-07-26;ICF;U17 ;197697.21;62858.8;3229;155.85;154.2;160.7;160.65;160.45;154.9;1745.53;5.55
2017-07-26;ICF;U18 ;0.0;0.0;1860;0.0;0.0;0.0;0.0;172.35;166.95;1698.35;5.4
2017-07-26;ICF;U19 ;0.0;0.0;461;0.0;0.0;0.0;0.0;182.15;176.7;1714.07;5.45
2017-07-26;ICF;Z17 ;95157.52;30255.8;3950;160.35;160.35;166.0;165.8;166.0;160.5;1729.8;5.5
2017-07-26;ICF;Z18 ;0.0;0.0;396;0.0;0.0;0.0;0.0;177.45;172.05;1698.35;5.4
2017-02-23;ICF;H17 ;33049.79;10802.35;700;173.3;173.3;176.5;176.5;176.5;174.35;657.79;2.15
2017-02-23;ICF;H18 ;0.0;0.0;0;0.0;0.0;0.0;0.0;194.45;195.7;0.0;1.25
2017-02-23;ICF;K17 ;0.0;0.0;100;0.0;0.0;0.0;0.0;180.4;181.65;382.43;1.25
2017-02-23;ICF;N17 ;0.0;0.0;100;0.0;0.0;0.0;0.0;182.6;183.9;397.73;1.3
2017-02-23;ICF;U17 ;74298.58;24284.55;4474;185.6;185.5;188.25;185.5;185.55;186.9;413.03;1.35
2017-02-23;ICF;U18 ;0.0;0.0;301;0.0;0.0;0.0;0.0;190.5;191.6;336.54;1.1
2017-02-23;ICF;Z17 ;0.0;0.0;192;0.0;0.0;0.0;0.0;190.55;191.8;382.43;1.25
2017-02-23;ICF;Z18 ;0.0;0.0;29;0.0;0.0;0.0;0.0;193.35;194.4;321.24;1.05
2017-01-19;ICF;H17 ;200983.2;62773.9;2882;179.85;179.0;182.0;181.1;181.0;179.9;352.18;1.1
2017-01-19;ICF;K17 ;0.0;0.0;0;0.0;0.0;0.0;0.0;184.65;182.5;0.0;2.15
2017-01-19;ICF;N17 ;0.0;0.0;0;0.0;0.0;0.0;0.0;186.9;184.85;0.0;2.05
2017-01-19;ICF;U17 ;33892.24;10585.7;2408;187.55;187.0;190.25;189.1;189.8;187.75;656.34;2.05
2017-01-19;ICF;U18 ;0.0;0.0;294;0.0;0.0;0.0;0.0;194.3;192.4;608.32;1.9
2017-01-19;ICF;Z17 ;0.0;0.0;192;0.0;0.0;0.0;0.0;194.7;192.65;656.34;2.05
2017-01-19;ICF;Z18 ;0.0;0.0;29;0.0;0.0;0.0;0.0;197.15;195.5;528.28;1.65
2017-03-31;ICF;H18 ;0.0;0.0;0;0.0;0.0;0.0;0.0;181.2;181.4;0.0;0.2
2017-03-31;ICF;K17 ;0.0;0.0;102;0.0;0.0;0.0;0.0;166.3;166.3;0.0;0.0
2017-03-31;ICF;N17 ;0.0;0.0;133;0.0;0.0;0.0;0.0;168.65;168.7;15.65;0.05
2017-03-31;ICF;U17 ;114885.05;36689.25;4639;171.5;170.25;172.0;171.15;171.0;171.9;281.81;0.9
2017-03-31;ICF;U18 ;2836.96;906.0;405;181.2;181.2;181.2;181.2;179.4;179.7;93.93;0.3
2017-03-31;ICF;U19 ;0.0;0.0;250;0.0;0.0;0.0;0.0;185.9;185.95;15.65;0.05
2017-03-31;ICF;Z17 ;0.0;0.0;199;0.0;0.0;0.0;0.0;177.05;177.1;15.65;0.05
2017-03-31;ICF;Z18 ;0.0;0.0;29;0.0;0.0;0.0;0.0;180.95;181.15;62.62;0.2
2017-01-16;ICF;H17 ;11500.99;3564.65;2898;179.0;177.65;179.0;178.5;178.7;178.7;0.0;0.0
2017-01-16;ICF;K17 ;0.0;0.0;0;0.0;0.0;0.0;0.0;182.7;182.7;0.0;0.0
2017-01-16;ICF;N17 ;0.0;0.0;0;0.0;0.0;0.0;0.0;184.95;184.95;0.0;0.0
2017-01-16;ICF;U17 ;602.85;186.85;2373;186.85;186.85;186.85;186.85;187.95;187.95;0.0;0.0
2017-01-16;ICF;U18 ;0.0;0.0;294;0.0;0.0;0.0;0.0;192.6;192.6;0.0;0.0
2017-01-16;ICF;Z17 ;0.0;0.0;192;0.0;0.0;0.0;0.0;192.85;192.85;0.0;0.0
2017-01-16;ICF;Z18 ;0.0;0.0;29;0.0;0.0;0.0;0.0;195.8;195.8;0.0;0.0
2017-01-11;ICF;H17 ;280488.7;87721.25;3094;178.0;177.25;180.6;178.0;178.75;178.2;175.86;0.55
2017-01-11;ICF;K17 ;0.0;0.0;0;0.0;0.0;0.0;0.0;182.3;180.55;0.0;1.75
2017-01-11;ICF;N17 ;0.0;0.0;0;0.0;0.0;0.0;0.0;184.5;182.7;0.0;1.8
2017-01-11;ICF;U17 ;45420.01;14204.85;2295;187.15;187.15;190.0;188.35;187.4;185.55;591.53;1.85
2017-01-11;ICF;U18 ;0.0;0.0;294;0.0;0.0;0.0;0.0;192.25;190.35;607.52;1.9
2017-01-11;ICF;Z17 ;0.0;0.0;192;0.0;0.0;0.0;0.0;192.3;190.45;591.53;1.85
2017-01-11;ICF;Z18 ;0.0;0.0;29;0.0;0.0;0.0;0.0;195.4;193.6;575.55;1.8
2017-05-18;ICF;H18 ;0.0;0.0;0;0.0;0.0;0.0;0.0;165.85;172.05;0.0;6.2
2017-05-18;ICF;K17 ;0.0;0.0;0;0.0;0.0;0.0;0.0;150.55;156.9;2108.32;6.35
2017-05-18;ICF;N17 ;51131.08;15400.0;177;154.0;154.0;154.0;154.0;152.75;159.05;2091.72;6.3
2017-05-18;ICF;U17 ;283244.27;85309.4;5920;163.3;156.85;163.3;158.2;157.25;163.5;2075.12;6.25
2017-05-18;ICF;U18 ;90023.24;27113.8;917;170.95;169.0;172.0;169.0;168.2;174.4;2058.52;6.2
2017-05-18;ICF;U19 ;0.0;0.0;377;0.0;0.0;0.0;0.0;172.2;178.35;2041.92;6.15
2017-05-18;ICF;Z17 ;544.35;163.95;282;163.95;163.95;163.95;163.95;161.35;167.6;2075.12;6.25
2017-05-18;ICF;Z18 ;0.0;0.0;32;0.0;0.0;0.0;0.0;167.1;173.25;2041.92;6.15
2017-03-07;ICF;H17 ;0.0;0.0;167;0.0;0.0;0.0;0.0;158.35;159.2;264.77;0.85
2017-03-07;ICF;H18 ;0.0;0.0;0;0.0;0.0;0.0;0.0;182.85;183.8;0.0;0.95
2017-03-07;ICF;K17 ;0.0;0.0;100;0.0;0.0;0.0;0.0;168.15;169.15;311.5;1.0
2017-03-07;ICF;N17 ;0.0;0.0;100;0.0;0.0;0.0;0.0;170.4;171.4;311.5;1.0
2017-03-07;ICF;U17 ;246182.81;79031.4;4432;175.0;173.2;175.5;173.6;173.65;175.05;436.1;1.4
2017-03-07;ICF;U18 ;27326.49;8772.55;341;183.75;182.0;183.75;182.0;179.5;180.35;264.77;0.85
2017-03-07;ICF;Z17 ;0.0;0.0;192;0.0;0.0;0.0;0.0;178.6;179.6;311.5;1.0
2017-03-07;ICF;Z18 ;0.0;0.0;29;0.0;0.0;0.0;0.0;182.4;183.35;295.92;0.95
2017-06-02;ICF;H18 ;0.0;0.0;0;0.0;0.0;0.0;0.0;160.55;163.35;0.0;2.8
2017-06-02;ICF;N17 ;39017.88;12000.7;82;150.0;146.8;150.0;146.8;147.35;150.2;926.62;2.85
2017-06-02;ICF;U17 ;253060.22;77833.55;5906;154.85;151.6;155.4;152.25;151.85;154.6;894.1;2.75
2017-06-02;ICF;U18 ;46738.41;14375.3;1292;166.35;163.65;166.5;163.65;163.25;165.9;861.59;2.65
2017-06-02;ICF;U19 ;0.0;0.0;377;0.0;0.0;0.0;0.0;167.1;169.55;796.56;2.45
2017-06-02;ICF;Z17 ;0.0;0.0;300;0.0;0.0;0.0;0.0;156.0;158.8;910.36;2.8
2017-06-02;ICF;Z18 ;0.0;0.0;32;0.0;0.0;0.0;0.0;162.2;164.75;829.08;2.55
